STRUCTURE,STRUCTURE_ID,STRUCTURE_NAME,freq,Time frequency,wst_oper,Waste management operations,unit,Unit of measure,geo,Geopolitical entity (reporting),TIME_PERIOD,Time,OBS_VALUE,Observation value,OBS_FLAG,Observation status (Flag) V2 structure,CONF_STATUS,Confidentiality status (flag)
dataflow,ESTAT:ENV_WASMUN(1.0),Municipal waste by waste management operations,A,Annual,DSP_I,Disposal - incineration (D10),KG_HAB,Kilograms per capita,AL,Albania,2013,,29,,,,,
dataflow,ESTAT:ENV_WASMUN(1.0),Municipal waste by waste management operations,A,Annual,DSP_I,Disposal - incineration (D10),KG_HAB,Kilograms per capita,AL,Albania,2014,,13,,,,,
dataflow,ESTAT:ENV_WASMUN(1.0),Municipal waste by waste management operations,A,Annual,DSP_I,Disposal - incineration (D10),KG_HAB,Kilograms per capita,AL,Albania,2015,,12,,,,,
dataflow,ESTAT:ENV_WASMUN(1.0),Municipal waste by waste management operations,A,Annual,DSP_I,Disposal - incineration (D10),KG_HAB,Kilograms per capita,AL,Albania,2016,,14,,,,,
dataflow,ESTAT:ENV_WASMUN(1.0),Municipal waste by waste management operations,A,Annual,DSP_I,Disposal - incineration (D10),KG_HAB,Kilograms per capita,AL,Albania,2017,,7,,,,,
dataflow,ESTAT:ENV_WASMUN(1.0),Municipal waste by waste management operations,A,Annual,DSP_I,Disposal - incineration (D10),KG_HAB,Kilograms per capita,AL,Albania,2018,,9,,,,,
dataflow,ESTAT:ENV_WASMUN(1.0),Municipal waste by waste management operations,A,Annual,DSP_I,Disposal - incineration (D10),KG_HAB,Kilograms per capita,AL,Albania,2019,,1,,,,,
dataflow,ESTAT:ENV_WASMUN(1.0),Municipal waste by waste management operations,A,Annual,DSP_I,Disposal - incineration (D10),KG_HAB,Kilograms per capita,AL,Albania,2020,,0,,,,,
dataflow,ESTAT:ENV_WASMUN(1.0),Municipal waste by waste management operations,A,Annual,DSP_I,Disposal - incineration (D10),KG_HAB,Kilograms per capita,AL,Albania,2021,,0,,,,,
dataflow,ESTAT:ENV_WASMUN(1.0),Municipal waste by waste management operations,A,Annual,DSP_I,Disposal - incineration (D10),KG_HAB,Kilograms per capita,AL,Albania,2022,,0,,,,,
dataflow,ESTAT:ENV_WASMUN(1.0),Municipal waste by waste management operations,A,Annual,DSP_I,Disposal - incineration (D10),KG_HAB,Kilograms per capita,AL,Albania,2023,,0,,,,,
dataflow,ESTAT:ENV_WASMUN(1.0),Municipal waste by waste management operations,A,Annual,DSP_I,Disposal - incineration (D10),KG_HAB,Kilograms per capita,AT,Austria,1995,,0,,,,,
dataflow,ESTAT:ENV_WASMUN(1.0),Municipal waste by waste management operations,A,Annual,DSP_I,Disposal - incineration (D10),KG_HAB,Kilograms per capita,AT,Austria,1996,,0,,,,,
dataflow,ESTAT:ENV_WASMUN(1.0),Municipal waste by waste management operations,A,Annual,DSP_I,Disposal - incineration (D10),KG_HAB,Kilograms per capita,AT,Austria,1997,,0,,,,,
dataflow,ESTAT:ENV_WASMUN(1.0),Municipal waste by waste management operations,A,Annual,DSP_I,Disposal - incineration (D10),KG_HAB,Kilograms per capita,AT,Austria,1998,,0,,,,,
dataflow,ESTAT:ENV_WASMUN(1.0),Municipal waste by waste management operations,A,Annual,DSP_I,Disposal - incineration (D10),KG_HAB,Kilograms per capita,AT,Austria,1999,,0,,,,,
dataflow,ESTAT:ENV_WASMUN(1.0),Municipal waste by waste management operations,A,Annual,DSP_I,Disposal - incineration (D10),KG_HAB,Kilograms per capita,AT,Austria,2000,,0,,,,,
dataflow,ESTAT:ENV_WASMUN(1.0),Municipal waste by waste management operations,A,Annual,DSP_I,Disposal - incineration (D10),KG_HAB,Kilograms per capita,AT,Austria,2001,,0,,,,,
dataflow,ESTAT:ENV_WASMUN(1.0),Municipal waste by waste management operations,A,Annual,DSP_I,Disposal - incineration (D10),KG_HAB,Kilograms per capita,AT,Austria,2002,,0,,,,,
dataflow,ESTAT:ENV_WASMUN(1.0),Municipal waste by waste management operations,A,Annual,DSP_I,Disposal - incineration (D10),KG_HAB,Kilograms per capita,AT,Austria,2003,,0,,,,,
dataflow,ESTAT:ENV_WASMUN(1.0),Municipal waste by waste management operations,A,Annual,DSP_I,Disposal - incineration (D10),KG_HAB,Kilograms per capita,AT,Austria,2004,,0,,,,,
dataflow,ESTAT:ENV_WASMUN(1.0),Municipal waste by waste management operations,A,Annual,DSP_I,Disposal - incineration (D10),KG_HAB,Kilograms per capita,AT,Austria,2005,,0,,,,,
dataflow,ESTAT:ENV_WASMUN(1.0),Municipal waste by waste management operations,A,Annual,DSP_I,Disposal - incineration (D10),KG_HAB,Kilograms per capita,AT,Austria,2006,,0,,,,,
dataflow,ESTAT:ENV_WASMUN(1.0),Municipal waste by waste management operations,A,Annual,DSP_I,Disposal - incineration (D10),KG_HAB,Kilograms per capita,AT,Austria,2007,,0,,,,,
dataflow,ESTAT:ENV_WASMUN(1.0),Municipal waste by waste management operations,A,Annual,DSP_I,Disposal - incineration (D10),KG_HAB,Kilograms per capita,AT,Austria,2008,,0,,,,,
dataflow,ESTAT:ENV_WASMUN(1.0),Municipal waste by waste management operations,A,Annual,DSP_I,Disposal - incineration (D10),KG_HAB,Kilograms per capita,AT,Austria,2009,,0,,,,,
dataflow,ESTAT:ENV_WASMUN(1.0),Municipal waste by waste management operations,A,Annual,DSP_I,Disposal - incineration (D10),KG_HAB,Kilograms per capita,AT,Austria,2010,,0,,,,,
dataflow,ESTAT:ENV_WASMUN(1.0),Municipal waste by waste management operations,A,Annual,DSP_I,Disposal - incineration (D10),KG_HAB,Kilograms per capita,AT,Austria,2011,,0,,,,,
dataflow,ESTAT:ENV_WASMUN(1.0),Municipal waste by waste management operations,A,Annual,DSP_I,Disposal - incineration (D10),KG_HAB,Kilograms per capita,AT,Austria,2012,,0,,,,,
dataflow,ESTAT:ENV_WASMUN(1.0),Municipal waste by waste management operations,A,Annual,DSP_I,Disposal - incineration (D10),KG_HAB,Kilograms per capita,AT,Austria,2013,,0,,,,,
dataflow,ESTAT:ENV_WASMUN(1.0),Municipal waste by waste management operations,A,Annual,DSP_I,Disposal - incineration (D10),KG_HAB,Kilograms per capita,AT,Austria,2014,,0,,,,,
dataflow,ESTAT:ENV_WASMUN(1.0),Municipal waste by waste management operations,A,Annual,DSP_I,Disposal - incineration (D10),KG_HAB,Kilograms per capita,AT,Austria,2015,,0,,,,,
dataflow,ESTAT:ENV_WASMUN(1.0),Municipal waste by waste management operations,A,Annual,DSP_I,Disposal - incineration (D10),KG_HAB,Kilograms per capita,AT,Austria,2016,,0,,,,,
dataflow,ESTAT:ENV_WASMUN(1.0),Municipal waste by waste management operations,A,Annual,DSP_I,Disposal - incineration (D10),KG_HAB,Kilograms per capita,AT,Austria,2017,,0,,,,,
dataflow,ESTAT:ENV_WASMUN(1.0),Municipal waste by waste management operations,A,Annual,DSP_I,Disposal - incineration (D10),KG_HAB,Kilograms per capita,AT,Austria,2018,,0,,,,,
dataflow,ESTAT:ENV_WASMUN(1.0),Municipal waste by waste management operations,A,Annual,DSP_I,Disposal - incineration (D10),KG_HAB,Kilograms per capita,AT,Austria,2019,,0,,i,value imputed by Eurostat or other receiving agencies,,
dataflow,ESTAT:ENV_WASMUN(1.0),Municipal waste by waste management operations,A,Annual,DSP_I,Disposal - incineration (D10),KG_HAB,Kilograms per capita,AT,Austria,2020,,1,,b,break in time series,,
dataflow,ESTAT:ENV_WASMUN(1.0),Municipal waste by waste management operations,A,Annual,DSP_I,Disposal - incineration (D10),KG_HAB,Kilograms per capita,AT,Austria,2021,,1,,,,,
dataflow,ESTAT:ENV_WASMUN(1.0),Municipal waste by waste management operations,A,Annual,DSP_I,Disposal - incineration (D10),KG_HAB,Kilograms per capita,AT,Austria,2022,,0,,,,,
dataflow,ESTAT:ENV_WASMUN(1.0),Municipal waste by waste management operations,A,Annual,DSP_I,Disposal - incineration (D10),KG_HAB,Kilograms per capita,BA,Bosnia and Herzegovina,2008,,0,,,,,
dataflow,ESTAT:ENV_WASMUN(1.0),Municipal waste by waste management operations,A,Annual,DSP_I,Disposal - incineration (D10),KG_HAB,Kilograms per capita,BA,Bosnia and Herzegovina,2009,,0,,,,,
dataflow,ESTAT:ENV_WASMUN(1.0),Municipal waste by waste management operations,A,Annual,DSP_I,Disposal - incineration (D10),KG_HAB,Kilograms per capita,BA,Bosnia and Herzegovina,2010,,0,,,,,
dataflow,ESTAT:ENV_WASMUN(1.0),Municipal waste by waste management operations,A,Annual,DSP_I,Disposal - incineration (D10),KG_HAB,Kilograms per capita,BA,Bosnia and Herzegovina,2011,,0,,,,,
dataflow,ESTAT:ENV_WASMUN(1.0),Municipal waste by waste management operations,A,Annual,DSP_I,Disposal - incineration (D10),KG_HAB,Kilograms per capita,BA,Bosnia and Herzegovina,2012,,0,,,,,
dataflow,ESTAT:ENV_WASMUN(1.0),Municipal waste by waste management operations,A,Annual,DSP_I,Disposal - incineration (D10),KG_HAB,Kilograms per capita,BA,Bosnia and Herzegovina,2013,,0,,,,,
dataflow,ESTAT:ENV_WASMUN(1.0),Municipal waste by waste management operations,A,Annual,DSP_I,Disposal - incineration (D10),KG_HAB,Kilograms per capita,BA,Bosnia and Herzegovina,2014,,0,,,,,
dataflow,ESTAT:ENV_WASMUN(1.0),Municipal waste by waste management operations,A,Annual,DSP_I,Disposal - incineration (D10),KG_HAB,Kilograms per capita,BA,Bosnia and Herzegovina,2015,,0,,,,,
dataflow,ESTAT:ENV_WASMUN(1.0),Municipal waste by waste management operations,A,Annual,DSP_I,Disposal - incineration (D10),KG_HAB,Kilograms per capita,BA,Bosnia and Herzegovina,2016,,0,,,,,
dataflow,ESTAT:ENV_WASMUN(1.0),Municipal waste by waste management operations,A,Annual,DSP_I,Disposal - incineration (D10),KG_HAB,Kilograms per capita,BA,Bosnia and Herzegovina,2017,,0,,,,,
dataflow,ESTAT:ENV_WASMUN(1.0),Municipal waste by waste management operations,A,Annual,DSP_I,Disposal - incineration (D10),KG_HAB,Kilograms per capita,BA,Bosnia and Herzegovina,2018,,0,,,,,
dataflow,ESTAT:ENV_WASMUN(1.0),Municipal waste by waste management operations,A,Annual,DSP_I,Disposal - incineration (D10),KG_HAB,Kilograms per capita,BA,Bosnia and Herzegovina,2019,,0,,i,value imputed by Eurostat or other receiving agencies,,
dataflow,ESTAT:ENV_WASMUN(1.0),Municipal waste by waste management operations,A,Annual,DSP_I,Disposal - incineration (D10),KG_HAB,Kilograms per capita,BA,Bosnia and Herzegovina,2020,,0,,,,,
dataflow,ESTAT:ENV_WASMUN(1.0),Municipal waste by waste management operations,A,Annual,DSP_I,Disposal - incineration (D10),KG_HAB,Kilograms per capita,BE,Belgium,1995,,92,,,,,
dataflow,ESTAT:ENV_WASMUN(1.0),Municipal waste by waste management operations,A,Annual,DSP_I,Disposal - incineration (D10),KG_HAB,Kilograms per capita,BE,Belgium,1996,,83,,,,,
dataflow,ESTAT:ENV_WASMUN(1.0),Municipal waste by waste management operations,A,Annual,DSP_I,Disposal - incineration (D10),KG_HAB,Kilograms per capita,BE,Belgium,1997,,81,,,,,
dataflow,ESTAT:ENV_WASMUN(1.0),Municipal waste by waste management operations,A,Annual,DSP_I,Disposal - incineration (D10),KG_HAB,Kilograms per capita,BE,Belgium,1998,,71,,,,,
dataflow,ESTAT:ENV_WASMUN(1.0),Municipal waste by waste management operations,A,Annual,DSP_I,Disposal - incineration (D10),KG_HAB,Kilograms per capita,BE,Belgium,1999,,13,,,,,
dataflow,ESTAT:ENV_WASMUN(1.0),Municipal waste by waste management operations,A,Annual,DSP_I,Disposal - incineration (D10),KG_HAB,Kilograms per capita,BE,Belgium,2000,,14,,,,,
dataflow,ESTAT:ENV_WASMUN(1.0),Municipal waste by waste management operations,A,Annual,DSP_I,Disposal - incineration (D10),KG_HAB,Kilograms per capita,BE,Belgium,2001,,16,,,,,
dataflow,ESTAT:ENV_WASMUN(1.0),Municipal waste by waste management operations,A,Annual,DSP_I,Disposal - incineration (D10),KG_HAB,Kilograms per capita,BE,Belgium,2002,,19,,,,,
dataflow,ESTAT:ENV_WASMUN(1.0),Municipal waste by waste management operations,A,Annual,DSP_I,Disposal - incineration (D10),KG_HAB,Kilograms per capita,BE,Belgium,2003,,16,,,,,
dataflow,ESTAT:ENV_WASMUN(1.0),Municipal waste by waste management operations,A,Annual,DSP_I,Disposal - incineration (D10),KG_HAB,Kilograms per capita,BE,Belgium,2004,,12,,,,,
dataflow,ESTAT:ENV_WASMUN(1.0),Municipal waste by waste management operations,A,Annual,DSP_I,Disposal - incineration (D10),KG_HAB,Kilograms per capita,BE,Belgium,2005,,11,,,,,
dataflow,ESTAT:ENV_WASMUN(1.0),Municipal waste by waste management operations,A,Annual,DSP_I,Disposal - incineration (D10),KG_HAB,Kilograms per capita,BE,Belgium,2006,,2,,,,,
dataflow,ESTAT:ENV_WASMUN(1.0),Municipal waste by waste management operations,A,Annual,DSP_I,Disposal - incineration (D10),KG_HAB,Kilograms per capita,BE,Belgium,2007,,5,,,,,
dataflow,ESTAT:ENV_WASMUN(1.0),Municipal waste by waste management operations,A,Annual,DSP_I,Disposal - incineration (D10),KG_HAB,Kilograms per capita,BE,Belgium,2008,,10,,,,,
dataflow,ESTAT:ENV_WASMUN(1.0),Municipal waste by waste management operations,A,Annual,DSP_I,Disposal - incineration (D10),KG_HAB,Kilograms per capita,BE,Belgium,2009,,9,,,,,
dataflow,ESTAT:ENV_WASMUN(1.0),Municipal waste by waste management operations,A,Annual,DSP_I,Disposal - incineration (D10),KG_HAB,Kilograms per capita,BE,Belgium,2010,,8,,,,,
dataflow,ESTAT:ENV_WASMUN(1.0),Municipal waste by waste management operations,A,Annual,DSP_I,Disposal - incineration (D10),KG_HAB,Kilograms per capita,BE,Belgium,2011,,13,,,,,
dataflow,ESTAT:ENV_WASMUN(1.0),Municipal waste by waste management operations,A,Annual,DSP_I,Disposal - incineration (D10),KG_HAB,Kilograms per capita,BE,Belgium,2012,,12,,,,,
dataflow,ESTAT:ENV_WASMUN(1.0),Municipal waste by waste management operations,A,Annual,DSP_I,Disposal - incineration (D10),KG_HAB,Kilograms per capita,BE,Belgium,2013,,9,,,,,
dataflow,ESTAT:ENV_WASMUN(1.0),Municipal waste by waste management operations,A,Annual,DSP_I,Disposal - incineration (D10),KG_HAB,Kilograms per capita,BE,Belgium,2014,,3,,,,,
dataflow,ESTAT:ENV_WASMUN(1.0),Municipal waste by waste management operations,A,Annual,DSP_I,Disposal - incineration (D10),KG_HAB,Kilograms per capita,BE,Belgium,2015,,3,,,,,
dataflow,ESTAT:ENV_WASMUN(1.0),Municipal waste by waste management operations,A,Annual,DSP_I,Disposal - incineration (D10),KG_HAB,Kilograms per capita,BE,Belgium,2016,,4,,,,,
dataflow,ESTAT:ENV_WASMUN(1.0),Municipal waste by waste management operations,A,Annual,DSP_I,Disposal - incineration (D10),KG_HAB,Kilograms per capita,BE,Belgium,2017,,3,,,,,
dataflow,ESTAT:ENV_WASMUN(1.0),Municipal waste by waste management operations,A,Annual,DSP_I,Disposal - incineration (D10),KG_HAB,Kilograms per capita,BE,Belgium,2018,,3,,,,,
dataflow,ESTAT:ENV_WASMUN(1.0),Municipal waste by waste management operations,A,Annual,DSP_I,Disposal - incineration (D10),KG_HAB,Kilograms per capita,BE,Belgium,2019,,2,,,,,
dataflow,ESTAT:ENV_WASMUN(1.0),Municipal waste by waste management operations,A,Annual,DSP_I,Disposal - incineration (D10),KG_HAB,Kilograms per capita,BE,Belgium,2020,,0,,,,,
dataflow,ESTAT:ENV_WASMUN(1.0),Municipal waste by waste management operations,A,Annual,DSP_I,Disposal - incineration (D10),KG_HAB,Kilograms per capita,BE,Belgium,2021,,0,,,,,
dataflow,ESTAT:ENV_WASMUN(1.0),Municipal waste by waste management operations,A,Annual,DSP_I,Disposal - incineration (D10),KG_HAB,Kilograms per capita,BE,Belgium,2022,,0,,,,,
dataflow,ESTAT:ENV_WASMUN(1.0),Municipal waste by waste management operations,A,Annual,DSP_I,Disposal - incineration (D10),KG_HAB,Kilograms per capita,BE,Belgium,2023,,0,,,,,
dataflow,ESTAT:ENV_WASMUN(1.0),Municipal waste by waste management operations,A,Annual,DSP_I,Disposal - incineration (D10),KG_HAB,Kilograms per capita,BG,Bulgaria,1995,,0,,,,,
dataflow,ESTAT:ENV_WASMUN(1.0),Municipal waste by waste management operations,A,Annual,DSP_I,Disposal - incineration (D10),KG_HAB,Kilograms per capita,BG,Bulgaria,1996,,0,,,,,
dataflow,ESTAT:ENV_WASMUN(1.0),Municipal waste by waste management operations,A,Annual,DSP_I,Disposal - incineration (D10),KG_HAB,Kilograms per capita,BG,Bulgaria,1997,,0,,,,,
dataflow,ESTAT:ENV_WASMUN(1.0),Municipal waste by waste management operations,A,Annual,DSP_I,Disposal - incineration (D10),KG_HAB,Kilograms per capita,BG,Bulgaria,1998,,0,,,,,
dataflow,ESTAT:ENV_WASMUN(1.0),Municipal waste by waste management operations,A,Annual,DSP_I,Disposal - incineration (D10),KG_HAB,Kilograms per capita,BG,Bulgaria,1999,,0,,,,,
dataflow,ESTAT:ENV_WASMUN(1.0),Municipal waste by waste management operations,A,Annual,DSP_I,Disposal - incineration (D10),KG_HAB,Kilograms per capita,BG,Bulgaria,2000,,0,,,,,
dataflow,ESTAT:ENV_WASMUN(1.0),Municipal waste by waste management operations,A,Annual,DSP_I,Disposal - incineration (D10),KG_HAB,Kilograms per capita,BG,Bulgaria,2001,,0,,,,,
dataflow,ESTAT:ENV_WASMUN(1.0),Municipal waste by waste management operations,A,Annual,DSP_I,Disposal - incineration (D10),KG_HAB,Kilograms per capita,BG,Bulgaria,2002,,0,,,,,
dataflow,ESTAT:ENV_WASMUN(1.0),Municipal waste by waste management operations,A,Annual,DSP_I,Disposal - incineration (D10),KG_HAB,Kilograms per capita,BG,Bulgaria,2003,,0,,,,,
dataflow,ESTAT:ENV_WASMUN(1.0),Municipal waste by waste management operations,A,Annual,DSP_I,Disposal - incineration (D10),KG_HAB,Kilograms per capita,BG,Bulgaria,2004,,0,,,,,
dataflow,ESTAT:ENV_WASMUN(1.0),Municipal waste by waste management operations,A,Annual,DSP_I,Disposal - incineration (D10),KG_HAB,Kilograms per capita,BG,Bulgaria,2005,,0,,,,,
dataflow,ESTAT:ENV_WASMUN(1.0),Municipal waste by waste management operations,A,Annual,DSP_I,Disposal - incineration (D10),KG_HAB,Kilograms per capita,BG,Bulgaria,2006,,0,,,,,
dataflow,ESTAT:ENV_WASMUN(1.0),Municipal waste by waste management operations,A,Annual,DSP_I,Disposal - incineration (D10),KG_HAB,Kilograms per capita,BG,Bulgaria,2007,,0,,,,,
dataflow,ESTAT:ENV_WASMUN(1.0),Municipal waste by waste management operations,A,Annual,DSP_I,Disposal - incineration (D10),KG_HAB,Kilograms per capita,BG,Bulgaria,2008,,0,,,,,
dataflow,ESTAT:ENV_WASMUN(1.0),Municipal waste by waste management operations,A,Annual,DSP_I,Disposal - incineration (D10),KG_HAB,Kilograms per capita,BG,Bulgaria,2009,,0,,,,,
dataflow,ESTAT:ENV_WASMUN(1.0),Municipal waste by waste management operations,A,Annual,DSP_I,Disposal - incineration (D10),KG_HAB,Kilograms per capita,BG,Bulgaria,2010,,0,,,,,
dataflow,ESTAT:ENV_WASMUN(1.0),Municipal waste by waste management operations,A,Annual,DSP_I,Disposal - incineration (D10),KG_HAB,Kilograms per capita,BG,Bulgaria,2011,,0,,,,,
dataflow,ESTAT:ENV_WASMUN(1.0),Municipal waste by waste management operations,A,Annual,DSP_I,Disposal - incineration (D10),KG_HAB,Kilograms per capita,BG,Bulgaria,2012,,0,,,,,
dataflow,ESTAT:ENV_WASMUN(1.0),Municipal waste by waste management operations,A,Annual,DSP_I,Disposal - incineration (D10),KG_HAB,Kilograms per capita,BG,Bulgaria,2013,,0,,,,,
dataflow,ESTAT:ENV_WASMUN(1.0),Municipal waste by waste management operations,A,Annual,DSP_I,Disposal - incineration (D10),KG_HAB,Kilograms per capita,BG,Bulgaria,2014,,0,,,,,
dataflow,ESTAT:ENV_WASMUN(1.0),Municipal waste by waste management operations,A,Annual,DSP_I,Disposal - incineration (D10),KG_HAB,Kilograms per capita,BG,Bulgaria,2015,,0,,,,,
dataflow,ESTAT:ENV_WASMUN(1.0),Municipal waste by waste management operations,A,Annual,DSP_I,Disposal - incineration (D10),KG_HAB,Kilograms per capita,BG,Bulgaria,2016,,0,,,,,
dataflow,ESTAT:ENV_WASMUN(1.0),Municipal waste by waste management operations,A,Annual,DSP_I,Disposal - incineration (D10),KG_HAB,Kilograms per capita,BG,Bulgaria,2017,,0,,,,,
dataflow,ESTAT:ENV_WASMUN(1.0),Municipal waste by waste management operations,A,Annual,DSP_I,Disposal - incineration (D10),KG_HAB,Kilograms per capita,BG,Bulgaria,2018,,0,,,,,
dataflow,ESTAT:ENV_WASMUN(1.0),Municipal waste by waste management operations,A,Annual,DSP_I,Disposal - incineration (D10),KG_HAB,Kilograms per capita,BG,Bulgaria,2019,,0,,i,value imputed by Eurostat or other receiving agencies,,
dataflow,ESTAT:ENV_WASMUN(1.0),Municipal waste by waste management operations,A,Annual,DSP_I,Disposal - incineration (D10),KG_HAB,Kilograms per capita,BG,Bulgaria,2020,,0,,,,,
dataflow,ESTAT:ENV_WASMUN(1.0),Municipal waste by waste management operations,A,Annual,DSP_I,Disposal - incineration (D10),KG_HAB,Kilograms per capita,BG,Bulgaria,2021,,0,,,,,
dataflow,ESTAT:ENV_WASMUN(1.0),Municipal waste by waste management operations,A,Annual,DSP_I,Disposal - incineration (D10),KG_HAB,Kilograms per capita,BG,Bulgaria,2022,,0,,,,,
dataflow,ESTAT:ENV_WASMUN(1.0),Municipal waste by waste management operations,A,Annual,DSP_I,Disposal - incineration (D10),KG_HAB,Kilograms per capita,CH,Switzerland,1995,,0,,,,,
dataflow,ESTAT:ENV_WASMUN(1.0),Municipal waste by waste management operations,A,Annual,DSP_I,Disposal - incineration (D10),KG_HAB,Kilograms per capita,CH,Switzerland,1996,,0,,,,,
dataflow,ESTAT:ENV_WASMUN(1.0),Municipal waste by waste management operations,A,Annual,DSP_I,Disposal - incineration (D10),KG_HAB,Kilograms per capita,CH,Switzerland,1997,,0,,,,,
dataflow,ESTAT:ENV_WASMUN(1.0),Municipal waste by waste management operations,A,Annual,DSP_I,Disposal - incineration (D10),KG_HAB,Kilograms per capita,CH,Switzerland,1998,,0,,,,,
dataflow,ESTAT:ENV_WASMUN(1.0),Municipal waste by waste management operations,A,Annual,DSP_I,Disposal - incineration (D10),KG_HAB,Kilograms per capita,CH,Switzerland,1999,,0,,,,,
dataflow,ESTAT:ENV_WASMUN(1.0),Municipal waste by waste management operations,A,Annual,DSP_I,Disposal - incineration (D10),KG_HAB,Kilograms per capita,CH,Switzerland,2000,,0,,,,,
dataflow,ESTAT:ENV_WASMUN(1.0),Municipal waste by waste management operations,A,Annual,DSP_I,Disposal - incineration (D10),KG_HAB,Kilograms per capita,CH,Switzerland,2001,,0,,,,,
dataflow,ESTAT:ENV_WASMUN(1.0),Municipal waste by waste management operations,A,Annual,DSP_I,Disposal - incineration (D10),KG_HAB,Kilograms per capita,CH,Switzerland,2002,,0,,,,,
dataflow,ESTAT:ENV_WASMUN(1.0),Municipal waste by waste management operations,A,Annual,DSP_I,Disposal - incineration (D10),KG_HAB,Kilograms per capita,CH,Switzerland,2003,,0,,,,,
dataflow,ESTAT:ENV_WASMUN(1.0),Municipal waste by waste management operations,A,Annual,DSP_I,Disposal - incineration (D10),KG_HAB,Kilograms per capita,CH,Switzerland,2004,,0,,,,,
dataflow,ESTAT:ENV_WASMUN(1.0),Municipal waste by waste management operations,A,Annual,DSP_I,Disposal - incineration (D10),KG_HAB,Kilograms per capita,CH,Switzerland,2005,,0,,,,,
dataflow,ESTAT:ENV_WASMUN(1.0),Municipal waste by waste management operations,A,Annual,DSP_I,Disposal - incineration (D10),KG_HAB,Kilograms per capita,CH,Switzerland,2006,,0,,,,,
dataflow,ESTAT:ENV_WASMUN(1.0),Municipal waste by waste management operations,A,Annual,DSP_I,Disposal - incineration (D10),KG_HAB,Kilograms per capita,CH,Switzerland,2007,,0,,,,,
dataflow,ESTAT:ENV_WASMUN(1.0),Municipal waste by waste management operations,A,Annual,DSP_I,Disposal - incineration (D10),KG_HAB,Kilograms per capita,CH,Switzerland,2008,,0,,,,,
dataflow,ESTAT:ENV_WASMUN(1.0),Municipal waste by waste management operations,A,Annual,DSP_I,Disposal - incineration (D10),KG_HAB,Kilograms per capita,CH,Switzerland,2009,,0,,,,,
dataflow,ESTAT:ENV_WASMUN(1.0),Municipal waste by waste management operations,A,Annual,DSP_I,Disposal - incineration (D10),KG_HAB,Kilograms per capita,CH,Switzerland,2010,,0,,,,,
dataflow,ESTAT:ENV_WASMUN(1.0),Municipal waste by waste management operations,A,Annual,DSP_I,Disposal - incineration (D10),KG_HAB,Kilograms per capita,CH,Switzerland,2011,,0,,,,,
dataflow,ESTAT:ENV_WASMUN(1.0),Municipal waste by waste management operations,A,Annual,DSP_I,Disposal - incineration (D10),KG_HAB,Kilograms per capita,CH,Switzerland,2012,,0,,,,,
dataflow,ESTAT:ENV_WASMUN(1.0),Municipal waste by waste management operations,A,Annual,DSP_I,Disposal - incineration (D10),KG_HAB,Kilograms per capita,CH,Switzerland,2013,,0,,,,,
dataflow,ESTAT:ENV_WASMUN(1.0),Municipal waste by waste management operations,A,Annual,DSP_I,Disposal - incineration (D10),KG_HAB,Kilograms per capita,CH,Switzerland,2014,,0,,,,,
dataflow,ESTAT:ENV_WASMUN(1.0),Municipal waste by waste management operations,A,Annual,DSP_I,Disposal - incineration (D10),KG_HAB,Kilograms per capita,CH,Switzerland,2015,,0,,,,,
dataflow,ESTAT:ENV_WASMUN(1.0),Municipal waste by waste management operations,A,Annual,DSP_I,Disposal - incineration (D10),KG_HAB,Kilograms per capita,CH,Switzerland,2016,,0,,,,,
dataflow,ESTAT:ENV_WASMUN(1.0),Municipal waste by waste management operations,A,Annual,DSP_I,Disposal - incineration (D10),KG_HAB,Kilograms per capita,CH,Switzerland,2017,,0,,,,,
dataflow,ESTAT:ENV_WASMUN(1.0),Municipal waste by waste management operations,A,Annual,DSP_I,Disposal - incineration (D10),KG_HAB,Kilograms per capita,CH,Switzerland,2018,,0,,,,,
dataflow,ESTAT:ENV_WASMUN(1.0),Municipal waste by waste management operations,A,Annual,DSP_I,Disposal - incineration (D10),KG_HAB,Kilograms per capita,CH,Switzerland,2019,,0,,,,,
dataflow,ESTAT:ENV_WASMUN(1.0),Municipal waste by waste management operations,A,Annual,DSP_I,Disposal - incineration (D10),KG_HAB,Kilograms per capita,CH,Switzerland,2020,,0,,,,,
dataflow,ESTAT:ENV_WASMUN(1.0),Municipal waste by waste management operations,A,Annual,DSP_I,Disposal - incineration (D10),KG_HAB,Kilograms per capita,CH,Switzerland,2021,,0,,,,,
dataflow,ESTAT:ENV_WASMUN(1.0),Municipal waste by waste management operations,A,Annual,DSP_I,Disposal - incineration (D10),KG_HAB,Kilograms per capita,CH,Switzerland,2022,,0,,,,,
dataflow,ESTAT:ENV_WASMUN(1.0),Municipal waste by waste management operations,A,Annual,DSP_I,Disposal - incineration (D10),KG_HAB,Kilograms per capita,CY,Cyprus,1995,,0,,,,,
dataflow,ESTAT:ENV_WASMUN(1.0),Municipal waste by waste management operations,A,Annual,DSP_I,Disposal - incineration (D10),KG_HAB,Kilograms per capita,CY,Cyprus,1996,,0,,,,,
dataflow,ESTAT:ENV_WASMUN(1.0),Municipal waste by waste management operations,A,Annual,DSP_I,Disposal - incineration (D10),KG_HAB,Kilograms per capita,CY,Cyprus,1997,,0,,,,,
dataflow,ESTAT:ENV_WASMUN(1.0),Municipal waste by waste management operations,A,Annual,DSP_I,Disposal - incineration (D10),KG_HAB,Kilograms per capita,CY,Cyprus,1998,,0,,,,,
dataflow,ESTAT:ENV_WASMUN(1.0),Municipal waste by waste management operations,A,Annual,DSP_I,Disposal - incineration (D10),KG_HAB,Kilograms per capita,CY,Cyprus,1999,,0,,,,,
dataflow,ESTAT:ENV_WASMUN(1.0),Municipal waste by waste management operations,A,Annual,DSP_I,Disposal - incineration (D10),KG_HAB,Kilograms per capita,CY,Cyprus,2000,,0,,,,,
dataflow,ESTAT:ENV_WASMUN(1.0),Municipal waste by waste management operations,A,Annual,DSP_I,Disposal - incineration (D10),KG_HAB,Kilograms per capita,CY,Cyprus,2001,,0,,,,,
dataflow,ESTAT:ENV_WASMUN(1.0),Municipal waste by waste management operations,A,Annual,DSP_I,Disposal - incineration (D10),KG_HAB,Kilograms per capita,CY,Cyprus,2002,,0,,,,,
dataflow,ESTAT:ENV_WASMUN(1.0),Municipal waste by waste management operations,A,Annual,DSP_I,Disposal - incineration (D10),KG_HAB,Kilograms per capita,CY,Cyprus,2003,,0,,,,,
dataflow,ESTAT:ENV_WASMUN(1.0),Municipal waste by waste management operations,A,Annual,DSP_I,Disposal - incineration (D10),KG_HAB,Kilograms per capita,CY,Cyprus,2004,,0,,,,,
dataflow,ESTAT:ENV_WASMUN(1.0),Municipal waste by waste management operations,A,Annual,DSP_I,Disposal - incineration (D10),KG_HAB,Kilograms per capita,CY,Cyprus,2005,,0,,,,,
dataflow,ESTAT:ENV_WASMUN(1.0),Municipal waste by waste management operations,A,Annual,DSP_I,Disposal - incineration (D10),KG_HAB,Kilograms per capita,CY,Cyprus,2006,,0,,,,,
dataflow,ESTAT:ENV_WASMUN(1.0),Municipal waste by waste management operations,A,Annual,DSP_I,Disposal - incineration (D10),KG_HAB,Kilograms per capita,CY,Cyprus,2007,,0,,,,,
dataflow,ESTAT:ENV_WASMUN(1.0),Municipal waste by waste management operations,A,Annual,DSP_I,Disposal - incineration (D10),KG_HAB,Kilograms per capita,CY,Cyprus,2008,,0,,,,,
dataflow,ESTAT:ENV_WASMUN(1.0),Municipal waste by waste management operations,A,Annual,DSP_I,Disposal - incineration (D10),KG_HAB,Kilograms per capita,CY,Cyprus,2009,,0,,,,,
dataflow,ESTAT:ENV_WASMUN(1.0),Municipal waste by waste management operations,A,Annual,DSP_I,Disposal - incineration (D10),KG_HAB,Kilograms per capita,CY,Cyprus,2010,,0,,,,,
dataflow,ESTAT:ENV_WASMUN(1.0),Municipal waste by waste management operations,A,Annual,DSP_I,Disposal - incineration (D10),KG_HAB,Kilograms per capita,CY,Cyprus,2011,,0,,,,,
dataflow,ESTAT:ENV_WASMUN(1.0),Municipal waste by waste management operations,A,Annual,DSP_I,Disposal - incineration (D10),KG_HAB,Kilograms per capita,CY,Cyprus,2012,,0,,,,,
dataflow,ESTAT:ENV_WASMUN(1.0),Municipal waste by waste management operations,A,Annual,DSP_I,Disposal - incineration (D10),KG_HAB,Kilograms per capita,CY,Cyprus,2013,,0,,,,,
dataflow,ESTAT:ENV_WASMUN(1.0),Municipal waste by waste management operations,A,Annual,DSP_I,Disposal - incineration (D10),KG_HAB,Kilograms per capita,CY,Cyprus,2014,,0,,,,,
dataflow,ESTAT:ENV_WASMUN(1.0),Municipal waste by waste management operations,A,Annual,DSP_I,Disposal - incineration (D10),KG_HAB,Kilograms per capita,CY,Cyprus,2015,,0,,,,,
dataflow,ESTAT:ENV_WASMUN(1.0),Municipal waste by waste management operations,A,Annual,DSP_I,Disposal - incineration (D10),KG_HAB,Kilograms per capita,CY,Cyprus,2016,,0,,,,,
dataflow,ESTAT:ENV_WASMUN(1.0),Municipal waste by waste management operations,A,Annual,DSP_I,Disposal - incineration (D10),KG_HAB,Kilograms per capita,CY,Cyprus,2017,,0,,,,,
dataflow,ESTAT:ENV_WASMUN(1.0),Municipal waste by waste management operations,A,Annual,DSP_I,Disposal - incineration (D10),KG_HAB,Kilograms per capita,CY,Cyprus,2018,,0,,,,,
dataflow,ESTAT:ENV_WASMUN(1.0),Municipal waste by waste management operations,A,Annual,DSP_I,Disposal - incineration (D10),KG_HAB,Kilograms per capita,CY,Cyprus,2019,,0,,,,,
dataflow,ESTAT:ENV_WASMUN(1.0),Municipal waste by waste management operations,A,Annual,DSP_I,Disposal - incineration (D10),KG_HAB,Kilograms per capita,CY,Cyprus,2020,,0,,,,,
dataflow,ESTAT:ENV_WASMUN(1.0),Municipal waste by waste management operations,A,Annual,DSP_I,Disposal - incineration (D10),KG_HAB,Kilograms per capita,CY,Cyprus,2021,,0,,,,,
dataflow,ESTAT:ENV_WASMUN(1.0),Municipal waste by waste management operations,A,Annual,DSP_I,Disposal - incineration (D10),KG_HAB,Kilograms per capita,CY,Cyprus,2022,,0,,,,,
dataflow,ESTAT:ENV_WASMUN(1.0),Municipal waste by waste management operations,A,Annual,DSP_I,Disposal - incineration (D10),KG_HAB,Kilograms per capita,CY,Cyprus,2023,,0,,,,,
dataflow,ESTAT:ENV_WASMUN(1.0),Municipal waste by waste management operations,A,Annual,DSP_I,Disposal - incineration (D10),KG_HAB,Kilograms per capita,CZ,Czechia,1998,,0,,,,,
dataflow,ESTAT:ENV_WASMUN(1.0),Municipal waste by waste management operations,A,Annual,DSP_I,Disposal - incineration (D10),KG_HAB,Kilograms per capita,CZ,Czechia,1999,,0,,i,value imputed by Eurostat or other receiving agencies,,
dataflow,ESTAT:ENV_WASMUN(1.0),Municipal waste by waste management operations,A,Annual,DSP_I,Disposal - incineration (D10),KG_HAB,Kilograms per capita,CZ,Czechia,2000,,0,,i,value imputed by Eurostat or other receiving agencies,,
dataflow,ESTAT:ENV_WASMUN(1.0),Municipal waste by waste management operations,A,Annual,DSP_I,Disposal - incineration (D10),KG_HAB,Kilograms per capita,CZ,Czechia,2001,,0,,i,value imputed by Eurostat or other receiving agencies,,
dataflow,ESTAT:ENV_WASMUN(1.0),Municipal waste by waste management operations,A,Annual,DSP_I,Disposal - incineration (D10),KG_HAB,Kilograms per capita,CZ,Czechia,2002,,0,,,,,
dataflow,ESTAT:ENV_WASMUN(1.0),Municipal waste by waste management operations,A,Annual,DSP_I,Disposal - incineration (D10),KG_HAB,Kilograms per capita,CZ,Czechia,2003,,0,,,,,
dataflow,ESTAT:ENV_WASMUN(1.0),Municipal waste by waste management operations,A,Annual,DSP_I,Disposal - incineration (D10),KG_HAB,Kilograms per capita,CZ,Czechia,2004,,0,,b,break in time series,,
dataflow,ESTAT:ENV_WASMUN(1.0),Municipal waste by waste management operations,A,Annual,DSP_I,Disposal - incineration (D10),KG_HAB,Kilograms per capita,CZ,Czechia,2005,,0,,e,estimated,,
dataflow,ESTAT:ENV_WASMUN(1.0),Municipal waste by waste management operations,A,Annual,DSP_I,Disposal - incineration (D10),KG_HAB,Kilograms per capita,CZ,Czechia,2006,,0,,e,estimated,,
dataflow,ESTAT:ENV_WASMUN(1.0),Municipal waste by waste management operations,A,Annual,DSP_I,Disposal - incineration (D10),KG_HAB,Kilograms per capita,CZ,Czechia,2007,,0,,e,estimated,,
dataflow,ESTAT:ENV_WASMUN(1.0),Municipal waste by waste management operations,A,Annual,DSP_I,Disposal - incineration (D10),KG_HAB,Kilograms per capita,CZ,Czechia,2008,,0,,e,estimated,,
dataflow,ESTAT:ENV_WASMUN(1.0),Municipal waste by waste management operations,A,Annual,DSP_I,Disposal - incineration (D10),KG_HAB,Kilograms per capita,CZ,Czechia,2009,,0,,e,estimated,,
dataflow,ESTAT:ENV_WASMUN(1.0),Municipal waste by waste management operations,A,Annual,DSP_I,Disposal - incineration (D10),KG_HAB,Kilograms per capita,CZ,Czechia,2010,,0,,e,estimated,,
dataflow,ESTAT:ENV_WASMUN(1.0),Municipal waste by waste management operations,A,Annual,DSP_I,Disposal - incineration (D10),KG_HAB,Kilograms per capita,CZ,Czechia,2011,,0,,e,estimated,,
dataflow,ESTAT:ENV_WASMUN(1.0),Municipal waste by waste management operations,A,Annual,DSP_I,Disposal - incineration (D10),KG_HAB,Kilograms per capita,CZ,Czechia,2012,,0,,e,estimated,,
dataflow,ESTAT:ENV_WASMUN(1.0),Municipal waste by waste management operations,A,Annual,DSP_I,Disposal - incineration (D10),KG_HAB,Kilograms per capita,CZ,Czechia,2013,,0,,e,estimated,,
dataflow,ESTAT:ENV_WASMUN(1.0),Municipal waste by waste management operations,A,Annual,DSP_I,Disposal - incineration (D10),KG_HAB,Kilograms per capita,CZ,Czechia,2014,,0,,e,estimated,,
dataflow,ESTAT:ENV_WASMUN(1.0),Municipal waste by waste management operations,A,Annual,DSP_I,Disposal - incineration (D10),KG_HAB,Kilograms per capita,CZ,Czechia,2015,,0,,e,estimated,,
dataflow,ESTAT:ENV_WASMUN(1.0),Municipal waste by waste management operations,A,Annual,DSP_I,Disposal - incineration (D10),KG_HAB,Kilograms per capita,CZ,Czechia,2016,,0,,e,estimated,,
dataflow,ESTAT:ENV_WASMUN(1.0),Municipal waste by waste management operations,A,Annual,DSP_I,Disposal - incineration (D10),KG_HAB,Kilograms per capita,CZ,Czechia,2017,,0,,b,break in time series,,
dataflow,ESTAT:ENV_WASMUN(1.0),Municipal waste by waste management operations,A,Annual,DSP_I,Disposal - incineration (D10),KG_HAB,Kilograms per capita,CZ,Czechia,2018,,0,,,,,
dataflow,ESTAT:ENV_WASMUN(1.0),Municipal waste by waste management operations,A,Annual,DSP_I,Disposal - incineration (D10),KG_HAB,Kilograms per capita,CZ,Czechia,2019,,0,,,,,
dataflow,ESTAT:ENV_WASMUN(1.0),Municipal waste by waste management operations,A,Annual,DSP_I,Disposal - incineration (D10),KG_HAB,Kilograms per capita,CZ,Czechia,2020,,0,,,,,
dataflow,ESTAT:ENV_WASMUN(1.0),Municipal waste by waste management operations,A,Annual,DSP_I,Disposal - incineration (D10),KG_HAB,Kilograms per capita,CZ,Czechia,2021,,0,,,,,
dataflow,ESTAT:ENV_WASMUN(1.0),Municipal waste by waste management operations,A,Annual,DSP_I,Disposal - incineration (D10),KG_HAB,Kilograms per capita,DE,Germany,1995,,110,,i,value imputed by Eurostat or other receiving agencies,,
dataflow,ESTAT:ENV_WASMUN(1.0),Municipal waste by waste management operations,A,Annual,DSP_I,Disposal - incineration (D10),KG_HAB,Kilograms per capita,DE,Germany,1996,,120,,i,value imputed by Eurostat or other receiving agencies,,
dataflow,ESTAT:ENV_WASMUN(1.0),Municipal waste by waste management operations,A,Annual,DSP_I,Disposal - incineration (D10),KG_HAB,Kilograms per capita,DE,Germany,1997,,125,,i,value imputed by Eurostat or other receiving agencies,,
dataflow,ESTAT:ENV_WASMUN(1.0),Municipal waste by waste management operations,A,Annual,DSP_I,Disposal - incineration (D10),KG_HAB,Kilograms per capita,DE,Germany,1998,,126,,i,value imputed by Eurostat or other receiving agencies,,
dataflow,ESTAT:ENV_WASMUN(1.0),Municipal waste by waste management operations,A,Annual,DSP_I,Disposal - incineration (D10),KG_HAB,Kilograms per capita,DE,Germany,1999,,129,,i,value imputed by Eurostat or other receiving agencies,,
dataflow,ESTAT:ENV_WASMUN(1.0),Municipal waste by waste management operations,A,Annual,DSP_I,Disposal - incineration (D10),KG_HAB,Kilograms per capita,DE,Germany,2000,,137,,i,value imputed by Eurostat or other receiving agencies,,
dataflow,ESTAT:ENV_WASMUN(1.0),Municipal waste by waste management operations,A,Annual,DSP_I,Disposal - incineration (D10),KG_HAB,Kilograms per capita,DE,Germany,2001,,139,,i,value imputed by Eurostat or other receiving agencies,,
dataflow,ESTAT:ENV_WASMUN(1.0),Municipal waste by waste management operations,A,Annual,DSP_I,Disposal - incineration (D10),KG_HAB,Kilograms per capita,DE,Germany,2002,,143,,i,value imputed by Eurostat or other receiving agencies,,
dataflow,ESTAT:ENV_WASMUN(1.0),Municipal waste by waste management operations,A,Annual,DSP_I,Disposal - incineration (D10),KG_HAB,Kilograms per capita,DE,Germany,2003,,136,,i,value imputed by Eurostat or other receiving agencies,,
dataflow,ESTAT:ENV_WASMUN(1.0),Municipal waste by waste management operations,A,Annual,DSP_I,Disposal - incineration (D10),KG_HAB,Kilograms per capita,DE,Germany,2004,,147,,i,value imputed by Eurostat or other receiving agencies,,
dataflow,ESTAT:ENV_WASMUN(1.0),Municipal waste by waste management operations,A,Annual,DSP_I,Disposal - incineration (D10),KG_HAB,Kilograms per capita,DE,Germany,2005,,167,,i,value imputed by Eurostat or other receiving agencies,,
dataflow,ESTAT:ENV_WASMUN(1.0),Municipal waste by waste management operations,A,Annual,DSP_I,Disposal - incineration (D10),KG_HAB,Kilograms per capita,DE,Germany,2006,,163,,i,value imputed by Eurostat or other receiving agencies,,
dataflow,ESTAT:ENV_WASMUN(1.0),Municipal waste by waste management operations,A,Annual,DSP_I,Disposal - incineration (D10),KG_HAB,Kilograms per capita,DE,Germany,2007,,143,,i,value imputed by Eurostat or other receiving agencies,,
dataflow,ESTAT:ENV_WASMUN(1.0),Municipal waste by waste management operations,A,Annual,DSP_I,Disposal - incineration (D10),KG_HAB,Kilograms per capita,DE,Germany,2008,,134,,i,value imputed by Eurostat or other receiving agencies,,
dataflow,ESTAT:ENV_WASMUN(1.0),Municipal waste by waste management operations,A,Annual,DSP_I,Disposal - incineration (D10),KG_HAB,Kilograms per capita,DE,Germany,2009,,133,,i,value imputed by Eurostat or other receiving agencies,,
dataflow,ESTAT:ENV_WASMUN(1.0),Municipal waste by waste management operations,A,Annual,DSP_I,Disposal - incineration (D10),KG_HAB,Kilograms per capita,DE,Germany,2010,,129,,i,value imputed by Eurostat or other receiving agencies,,
dataflow,ESTAT:ENV_WASMUN(1.0),Municipal waste by waste management operations,A,Annual,DSP_I,Disposal - incineration (D10),KG_HAB,Kilograms per capita,DE,Germany,2011,,128,,i,value imputed by Eurostat or other receiving agencies,,
dataflow,ESTAT:ENV_WASMUN(1.0),Municipal waste by waste management operations,A,Annual,DSP_I,Disposal - incineration (D10),KG_HAB,Kilograms per capita,DE,Germany,2012,,104,,i,value imputed by Eurostat or other receiving agencies,,
dataflow,ESTAT:ENV_WASMUN(1.0),Municipal waste by waste management operations,A,Annual,DSP_I,Disposal - incineration (D10),KG_HAB,Kilograms per capita,DE,Germany,2013,,65,,i,value imputed by Eurostat or other receiving agencies,,
dataflow,ESTAT:ENV_WASMUN(1.0),Municipal waste by waste management operations,A,Annual,DSP_I,Disposal - incineration (D10),KG_HAB,Kilograms per capita,DE,Germany,2014,,66,,i,value imputed by Eurostat or other receiving agencies,,
dataflow,ESTAT:ENV_WASMUN(1.0),Municipal waste by waste management operations,A,Annual,DSP_I,Disposal - incineration (D10),KG_HAB,Kilograms per capita,DE,Germany,2015,,55,,i,value imputed by Eurostat or other receiving agencies,,
dataflow,ESTAT:ENV_WASMUN(1.0),Municipal waste by waste management operations,A,Annual,DSP_I,Disposal - incineration (D10),KG_HAB,Kilograms per capita,DE,Germany,2016,,29,,i,value imputed by Eurostat or other receiving agencies,,
dataflow,ESTAT:ENV_WASMUN(1.0),Municipal waste by waste management operations,A,Annual,DSP_I,Disposal - incineration (D10),KG_HAB,Kilograms per capita,DE,Germany,2017,,7,,i,value imputed by Eurostat or other receiving agencies,,
dataflow,ESTAT:ENV_WASMUN(1.0),Municipal waste by waste management operations,A,Annual,DSP_I,Disposal - incineration (D10),KG_HAB,Kilograms per capita,DE,Germany,2018,,6,,i,value imputed by Eurostat or other receiving agencies,,
dataflow,ESTAT:ENV_WASMUN(1.0),Municipal waste by waste management operations,A,Annual,DSP_I,Disposal - incineration (D10),KG_HAB,Kilograms per capita,DE,Germany,2019,,6,,i,value imputed by Eurostat or other receiving agencies,,
dataflow,ESTAT:ENV_WASMUN(1.0),Municipal waste by waste management operations,A,Annual,DSP_I,Disposal - incineration (D10),KG_HAB,Kilograms per capita,DE,Germany,2020,,7,,i,value imputed by Eurostat or other receiving agencies,,
dataflow,ESTAT:ENV_WASMUN(1.0),Municipal waste by waste management operations,A,Annual,DSP_I,Disposal - incineration (D10),KG_HAB,Kilograms per capita,DE,Germany,2021,,7,,i,value imputed by Eurostat or other receiving agencies,,
dataflow,ESTAT:ENV_WASMUN(1.0),Municipal waste by waste management operations,A,Annual,DSP_I,Disposal - incineration (D10),KG_HAB,Kilograms per capita,DE,Germany,2022,,7,,i,value imputed by Eurostat or other receiving agencies,,
dataflow,ESTAT:ENV_WASMUN(1.0),Municipal waste by waste management operations,A,Annual,DSP_I,Disposal - incineration (D10),KG_HAB,Kilograms per capita,DE,Germany,2023,,9,,i,value imputed by Eurostat or other receiving agencies,,
dataflow,ESTAT:ENV_WASMUN(1.0),Municipal waste by waste management operations,A,Annual,DSP_I,Disposal - incineration (D10),KG_HAB,Kilograms per capita,DK,Denmark,1995,,0,,,,,
dataflow,ESTAT:ENV_WASMUN(1.0),Municipal waste by waste management operations,A,Annual,DSP_I,Disposal - incineration (D10),KG_HAB,Kilograms per capita,DK,Denmark,1996,,0,,,,,
dataflow,ESTAT:ENV_WASMUN(1.0),Municipal waste by waste management operations,A,Annual,DSP_I,Disposal - incineration (D10),KG_HAB,Kilograms per capita,DK,Denmark,1997,,0,,,,,
dataflow,ESTAT:ENV_WASMUN(1.0),Municipal waste by waste management operations,A,Annual,DSP_I,Disposal - incineration (D10),KG_HAB,Kilograms per capita,DK,Denmark,1998,,0,,,,,
dataflow,ESTAT:ENV_WASMUN(1.0),Municipal waste by waste management operations,A,Annual,DSP_I,Disposal - incineration (D10),KG_HAB,Kilograms per capita,DK,Denmark,1999,,0,,,,,
dataflow,ESTAT:ENV_WASMUN(1.0),Municipal waste by waste management operations,A,Annual,DSP_I,Disposal - incineration (D10),KG_HAB,Kilograms per capita,DK,Denmark,2000,,0,,,,,
dataflow,ESTAT:ENV_WASMUN(1.0),Municipal waste by waste management operations,A,Annual,DSP_I,Disposal - incineration (D10),KG_HAB,Kilograms per capita,DK,Denmark,2001,,0,,,,,
dataflow,ESTAT:ENV_WASMUN(1.0),Municipal waste by waste management operations,A,Annual,DSP_I,Disposal - incineration (D10),KG_HAB,Kilograms per capita,DK,Denmark,2002,,0,,,,,
dataflow,ESTAT:ENV_WASMUN(1.0),Municipal waste by waste management operations,A,Annual,DSP_I,Disposal - incineration (D10),KG_HAB,Kilograms per capita,DK,Denmark,2003,,0,,,,,
dataflow,ESTAT:ENV_WASMUN(1.0),Municipal waste by waste management operations,A,Annual,DSP_I,Disposal - incineration (D10),KG_HAB,Kilograms per capita,DK,Denmark,2004,,0,,,,,
dataflow,ESTAT:ENV_WASMUN(1.0),Municipal waste by waste management operations,A,Annual,DSP_I,Disposal - incineration (D10),KG_HAB,Kilograms per capita,DK,Denmark,2005,,0,,,,,
dataflow,ESTAT:ENV_WASMUN(1.0),Municipal waste by waste management operations,A,Annual,DSP_I,Disposal - incineration (D10),KG_HAB,Kilograms per capita,DK,Denmark,2006,,0,,,,,
dataflow,ESTAT:ENV_WASMUN(1.0),Municipal waste by waste management operations,A,Annual,DSP_I,Disposal - incineration (D10),KG_HAB,Kilograms per capita,DK,Denmark,2007,,0,,,,,
dataflow,ESTAT:ENV_WASMUN(1.0),Municipal waste by waste management operations,A,Annual,DSP_I,Disposal - incineration (D10),KG_HAB,Kilograms per capita,DK,Denmark,2008,,0,,,,,
dataflow,ESTAT:ENV_WASMUN(1.0),Municipal waste by waste management operations,A,Annual,DSP_I,Disposal - incineration (D10),KG_HAB,Kilograms per capita,DK,Denmark,2009,,0,,,,,
dataflow,ESTAT:ENV_WASMUN(1.0),Municipal waste by waste management operations,A,Annual,DSP_I,Disposal - incineration (D10),KG_HAB,Kilograms per capita,DK,Denmark,2011,,0,,b,break in time series,,
dataflow,ESTAT:ENV_WASMUN(1.0),Municipal waste by waste management operations,A,Annual,DSP_I,Disposal - incineration (D10),KG_HAB,Kilograms per capita,DK,Denmark,2012,,0,,,,,
dataflow,ESTAT:ENV_WASMUN(1.0),Municipal waste by waste management operations,A,Annual,DSP_I,Disposal - incineration (D10),KG_HAB,Kilograms per capita,DK,Denmark,2013,,0,,,,,
dataflow,ESTAT:ENV_WASMUN(1.0),Municipal waste by waste management operations,A,Annual,DSP_I,Disposal - incineration (D10),KG_HAB,Kilograms per capita,DK,Denmark,2014,,0,,,,,
dataflow,ESTAT:ENV_WASMUN(1.0),Municipal waste by waste management operations,A,Annual,DSP_I,Disposal - incineration (D10),KG_HAB,Kilograms per capita,DK,Denmark,2015,,0,,,,,
dataflow,ESTAT:ENV_WASMUN(1.0),Municipal waste by waste management operations,A,Annual,DSP_I,Disposal - incineration (D10),KG_HAB,Kilograms per capita,DK,Denmark,2016,,0,,,,,
dataflow,ESTAT:ENV_WASMUN(1.0),Municipal waste by waste management operations,A,Annual,DSP_I,Disposal - incineration (D10),KG_HAB,Kilograms per capita,DK,Denmark,2017,,0,,,,,
dataflow,ESTAT:ENV_WASMUN(1.0),Municipal waste by waste management operations,A,Annual,DSP_I,Disposal - incineration (D10),KG_HAB,Kilograms per capita,DK,Denmark,2018,,0,,,,,
dataflow,ESTAT:ENV_WASMUN(1.0),Municipal waste by waste management operations,A,Annual,DSP_I,Disposal - incineration (D10),KG_HAB,Kilograms per capita,DK,Denmark,2019,,0,,,,,
dataflow,ESTAT:ENV_WASMUN(1.0),Municipal waste by waste management operations,A,Annual,DSP_I,Disposal - incineration (D10),KG_HAB,Kilograms per capita,DK,Denmark,2020,,0,,,,,
dataflow,ESTAT:ENV_WASMUN(1.0),Municipal waste by waste management operations,A,Annual,DSP_I,Disposal - incineration (D10),KG_HAB,Kilograms per capita,DK,Denmark,2021,,0,,,,,
dataflow,ESTAT:ENV_WASMUN(1.0),Municipal waste by waste management operations,A,Annual,DSP_I,Disposal - incineration (D10),KG_HAB,Kilograms per capita,DK,Denmark,2022,,0,,,,,
dataflow,ESTAT:ENV_WASMUN(1.0),Municipal waste by waste management operations,A,Annual,DSP_I,Disposal - incineration (D10),KG_HAB,Kilograms per capita,EE,Estonia,1995,,0,,,,,
dataflow,ESTAT:ENV_WASMUN(1.0),Municipal waste by waste management operations,A,Annual,DSP_I,Disposal - incineration (D10),KG_HAB,Kilograms per capita,EE,Estonia,1996,,0,,,,,
dataflow,ESTAT:ENV_WASMUN(1.0),Municipal waste by waste management operations,A,Annual,DSP_I,Disposal - incineration (D10),KG_HAB,Kilograms per capita,EE,Estonia,1997,,0,,,,,
dataflow,ESTAT:ENV_WASMUN(1.0),Municipal waste by waste management operations,A,Annual,DSP_I,Disposal - incineration (D10),KG_HAB,Kilograms per capita,EE,Estonia,1998,,0,,,,,
dataflow,ESTAT:ENV_WASMUN(1.0),Municipal waste by waste management operations,A,Annual,DSP_I,Disposal - incineration (D10),KG_HAB,Kilograms per capita,EE,Estonia,1999,,0,,,,,
dataflow,ESTAT:ENV_WASMUN(1.0),Municipal waste by waste management operations,A,Annual,DSP_I,Disposal - incineration (D10),KG_HAB,Kilograms per capita,EE,Estonia,2000,,0,,,,,
dataflow,ESTAT:ENV_WASMUN(1.0),Municipal waste by waste management operations,A,Annual,DSP_I,Disposal - incineration (D10),KG_HAB,Kilograms per capita,EE,Estonia,2001,,0,,,,,
dataflow,ESTAT:ENV_WASMUN(1.0),Municipal waste by waste management operations,A,Annual,DSP_I,Disposal - incineration (D10),KG_HAB,Kilograms per capita,EE,Estonia,2002,,0,,,,,
dataflow,ESTAT:ENV_WASMUN(1.0),Municipal waste by waste management operations,A,Annual,DSP_I,Disposal - incineration (D10),KG_HAB,Kilograms per capita,EE,Estonia,2003,,0,,,,,
dataflow,ESTAT:ENV_WASMUN(1.0),Municipal waste by waste management operations,A,Annual,DSP_I,Disposal - incineration (D10),KG_HAB,Kilograms per capita,EE,Estonia,2004,,0,,,,,
dataflow,ESTAT:ENV_WASMUN(1.0),Municipal waste by waste management operations,A,Annual,DSP_I,Disposal - incineration (D10),KG_HAB,Kilograms per capita,EE,Estonia,2005,,0,,,,,
dataflow,ESTAT:ENV_WASMUN(1.0),Municipal waste by waste management operations,A,Annual,DSP_I,Disposal - incineration (D10),KG_HAB,Kilograms per capita,EE,Estonia,2006,,0,,,,,
dataflow,ESTAT:ENV_WASMUN(1.0),Municipal waste by waste management operations,A,Annual,DSP_I,Disposal - incineration (D10),KG_HAB,Kilograms per capita,EE,Estonia,2007,,0,,,,,
dataflow,ESTAT:ENV_WASMUN(1.0),Municipal waste by waste management operations,A,Annual,DSP_I,Disposal - incineration (D10),KG_HAB,Kilograms per capita,EE,Estonia,2008,,0,,,,,
dataflow,ESTAT:ENV_WASMUN(1.0),Municipal waste by waste management operations,A,Annual,DSP_I,Disposal - incineration (D10),KG_HAB,Kilograms per capita,EE,Estonia,2009,,0,,,,,
dataflow,ESTAT:ENV_WASMUN(1.0),Municipal waste by waste management operations,A,Annual,DSP_I,Disposal - incineration (D10),KG_HAB,Kilograms per capita,EE,Estonia,2010,,0,,,,,
dataflow,ESTAT:ENV_WASMUN(1.0),Municipal waste by waste management operations,A,Annual,DSP_I,Disposal - incineration (D10),KG_HAB,Kilograms per capita,EE,Estonia,2011,,0,,,,,
dataflow,ESTAT:ENV_WASMUN(1.0),Municipal waste by waste management operations,A,Annual,DSP_I,Disposal - incineration (D10),KG_HAB,Kilograms per capita,EE,Estonia,2012,,0,,,,,
dataflow,ESTAT:ENV_WASMUN(1.0),Municipal waste by waste management operations,A,Annual,DSP_I,Disposal - incineration (D10),KG_HAB,Kilograms per capita,EE,Estonia,2013,,0,,,,,
dataflow,ESTAT:ENV_WASMUN(1.0),Municipal waste by waste management operations,A,Annual,DSP_I,Disposal - incineration (D10),KG_HAB,Kilograms per capita,EE,Estonia,2014,,0,,,,,
dataflow,ESTAT:ENV_WASMUN(1.0),Municipal waste by waste management operations,A,Annual,DSP_I,Disposal - incineration (D10),KG_HAB,Kilograms per capita,EE,Estonia,2015,,0,,,,,
dataflow,ESTAT:ENV_WASMUN(1.0),Municipal waste by waste management operations,A,Annual,DSP_I,Disposal - incineration (D10),KG_HAB,Kilograms per capita,EE,Estonia,2016,,0,,,,,
dataflow,ESTAT:ENV_WASMUN(1.0),Municipal waste by waste management operations,A,Annual,DSP_I,Disposal - incineration (D10),KG_HAB,Kilograms per capita,EE,Estonia,2017,,0,,,,,
dataflow,ESTAT:ENV_WASMUN(1.0),Municipal waste by waste management operations,A,Annual,DSP_I,Disposal - incineration (D10),KG_HAB,Kilograms per capita,EE,Estonia,2018,,0,,,,,
dataflow,ESTAT:ENV_WASMUN(1.0),Municipal waste by waste management operations,A,Annual,DSP_I,Disposal - incineration (D10),KG_HAB,Kilograms per capita,EE,Estonia,2019,,0,,,,,
dataflow,ESTAT:ENV_WASMUN(1.0),Municipal waste by waste management operations,A,Annual,DSP_I,Disposal - incineration (D10),KG_HAB,Kilograms per capita,EE,Estonia,2020,,0,,,,,
dataflow,ESTAT:ENV_WASMUN(1.0),Municipal waste by waste management operations,A,Annual,DSP_I,Disposal - incineration (D10),KG_HAB,Kilograms per capita,EE,Estonia,2021,,0,,,,,
dataflow,ESTAT:ENV_WASMUN(1.0),Municipal waste by waste management operations,A,Annual,DSP_I,Disposal - incineration (D10),KG_HAB,Kilograms per capita,EE,Estonia,2022,,0,,,,,
dataflow,ESTAT:ENV_WASMUN(1.0),Municipal waste by waste management operations,A,Annual,DSP_I,Disposal - incineration (D10),KG_HAB,Kilograms per capita,EE,Estonia,2023,,0,,,,,
dataflow,ESTAT:ENV_WASMUN(1.0),Municipal waste by waste management operations,A,Annual,DSP_I,Disposal - incineration (D10),KG_HAB,Kilograms per capita,EL,Greece,1997,,0,,,,,
dataflow,ESTAT:ENV_WASMUN(1.0),Municipal waste by waste management operations,A,Annual,DSP_I,Disposal - incineration (D10),KG_HAB,Kilograms per capita,EL,Greece,1998,,0,,,,,
dataflow,ESTAT:ENV_WASMUN(1.0),Municipal waste by waste management operations,A,Annual,DSP_I,Disposal - incineration (D10),KG_HAB,Kilograms per capita,EL,Greece,1999,,0,,,,,
dataflow,ESTAT:ENV_WASMUN(1.0),Municipal waste by waste management operations,A,Annual,DSP_I,Disposal - incineration (D10),KG_HAB,Kilograms per capita,EL,Greece,2000,,0,,,,,
dataflow,ESTAT:ENV_WASMUN(1.0),Municipal waste by waste management operations,A,Annual,DSP_I,Disposal - incineration (D10),KG_HAB,Kilograms per capita,EL,Greece,2001,,0,,,,,
dataflow,ESTAT:ENV_WASMUN(1.0),Municipal waste by waste management operations,A,Annual,DSP_I,Disposal - incineration (D10),KG_HAB,Kilograms per capita,EL,Greece,2002,,0,,,,,
dataflow,ESTAT:ENV_WASMUN(1.0),Municipal waste by waste management operations,A,Annual,DSP_I,Disposal - incineration (D10),KG_HAB,Kilograms per capita,EL,Greece,2003,,0,,,,,
dataflow,ESTAT:ENV_WASMUN(1.0),Municipal waste by waste management operations,A,Annual,DSP_I,Disposal - incineration (D10),KG_HAB,Kilograms per capita,EL,Greece,2004,,0,,,,,
dataflow,ESTAT:ENV_WASMUN(1.0),Municipal waste by waste management operations,A,Annual,DSP_I,Disposal - incineration (D10),KG_HAB,Kilograms per capita,EL,Greece,2005,,0,,,,,
dataflow,ESTAT:ENV_WASMUN(1.0),Municipal waste by waste management operations,A,Annual,DSP_I,Disposal - incineration (D10),KG_HAB,Kilograms per capita,EL,Greece,2006,,0,,,,,
dataflow,ESTAT:ENV_WASMUN(1.0),Municipal waste by waste management operations,A,Annual,DSP_I,Disposal - incineration (D10),KG_HAB,Kilograms per capita,EL,Greece,2007,,0,,,,,
dataflow,ESTAT:ENV_WASMUN(1.0),Municipal waste by waste management operations,A,Annual,DSP_I,Disposal - incineration (D10),KG_HAB,Kilograms per capita,EL,Greece,2008,,0,,,,,
dataflow,ESTAT:ENV_WASMUN(1.0),Municipal waste by waste management operations,A,Annual,DSP_I,Disposal - incineration (D10),KG_HAB,Kilograms per capita,EL,Greece,2009,,0,,,,,
dataflow,ESTAT:ENV_WASMUN(1.0),Municipal waste by waste management operations,A,Annual,DSP_I,Disposal - incineration (D10),KG_HAB,Kilograms per capita,EL,Greece,2010,,0,,,,,
dataflow,ESTAT:ENV_WASMUN(1.0),Municipal waste by waste management operations,A,Annual,DSP_I,Disposal - incineration (D10),KG_HAB,Kilograms per capita,EL,Greece,2011,,0,,,,,
dataflow,ESTAT:ENV_WASMUN(1.0),Municipal waste by waste management operations,A,Annual,DSP_I,Disposal - incineration (D10),KG_HAB,Kilograms per capita,EL,Greece,2012,,0,,,,,
dataflow,ESTAT:ENV_WASMUN(1.0),Municipal waste by waste management operations,A,Annual,DSP_I,Disposal - incineration (D10),KG_HAB,Kilograms per capita,EL,Greece,2016,,0,,i,value imputed by Eurostat or other receiving agencies,,
dataflow,ESTAT:ENV_WASMUN(1.0),Municipal waste by waste management operations,A,Annual,DSP_I,Disposal - incineration (D10),KG_HAB,Kilograms per capita,EL,Greece,2017,,0,,i,value imputed by Eurostat or other receiving agencies,,
dataflow,ESTAT:ENV_WASMUN(1.0),Municipal waste by waste management operations,A,Annual,DSP_I,Disposal - incineration (D10),KG_HAB,Kilograms per capita,EL,Greece,2018,,0,,i,value imputed by Eurostat or other receiving agencies,,
dataflow,ESTAT:ENV_WASMUN(1.0),Municipal waste by waste management operations,A,Annual,DSP_I,Disposal - incineration (D10),KG_HAB,Kilograms per capita,EL,Greece,2019,,0,,,,,
dataflow,ESTAT:ENV_WASMUN(1.0),Municipal waste by waste management operations,A,Annual,DSP_I,Disposal - incineration (D10),KG_HAB,Kilograms per capita,EL,Greece,2020,,0,,,,,
dataflow,ESTAT:ENV_WASMUN(1.0),Municipal waste by waste management operations,A,Annual,DSP_I,Disposal - incineration (D10),KG_HAB,Kilograms per capita,EL,Greece,2021,,0,,,,,
dataflow,ESTAT:ENV_WASMUN(1.0),Municipal waste by waste management operations,A,Annual,DSP_I,Disposal - incineration (D10),KG_HAB,Kilograms per capita,EL,Greece,2022,,0,,,,,
dataflow,ESTAT:ENV_WASMUN(1.0),Municipal waste by waste management operations,A,Annual,DSP_I,Disposal - incineration (D10),KG_HAB,Kilograms per capita,ES,Spain,1995,,0,,,,,
dataflow,ESTAT:ENV_WASMUN(1.0),Municipal waste by waste management operations,A,Annual,DSP_I,Disposal - incineration (D10),KG_HAB,Kilograms per capita,ES,Spain,1996,,0,,,,,
dataflow,ESTAT:ENV_WASMUN(1.0),Municipal waste by waste management operations,A,Annual,DSP_I,Disposal - incineration (D10),KG_HAB,Kilograms per capita,ES,Spain,1997,,0,,,,,
dataflow,ESTAT:ENV_WASMUN(1.0),Municipal waste by waste management operations,A,Annual,DSP_I,Disposal - incineration (D10),KG_HAB,Kilograms per capita,ES,Spain,1998,,0,,,,,
dataflow,ESTAT:ENV_WASMUN(1.0),Municipal waste by waste management operations,A,Annual,DSP_I,Disposal - incineration (D10),KG_HAB,Kilograms per capita,ES,Spain,1999,,0,,,,,
dataflow,ESTAT:ENV_WASMUN(1.0),Municipal waste by waste management operations,A,Annual,DSP_I,Disposal - incineration (D10),KG_HAB,Kilograms per capita,ES,Spain,2000,,0,,,,,
dataflow,ESTAT:ENV_WASMUN(1.0),Municipal waste by waste management operations,A,Annual,DSP_I,Disposal - incineration (D10),KG_HAB,Kilograms per capita,ES,Spain,2001,,0,,,,,
dataflow,ESTAT:ENV_WASMUN(1.0),Municipal waste by waste management operations,A,Annual,DSP_I,Disposal - incineration (D10),KG_HAB,Kilograms per capita,ES,Spain,2002,,0,,,,,
dataflow,ESTAT:ENV_WASMUN(1.0),Municipal waste by waste management operations,A,Annual,DSP_I,Disposal - incineration (D10),KG_HAB,Kilograms per capita,ES,Spain,2003,,0,,,,,
dataflow,ESTAT:ENV_WASMUN(1.0),Municipal waste by waste management operations,A,Annual,DSP_I,Disposal - incineration (D10),KG_HAB,Kilograms per capita,ES,Spain,2004,,0,,,,,
dataflow,ESTAT:ENV_WASMUN(1.0),Municipal waste by waste management operations,A,Annual,DSP_I,Disposal - incineration (D10),KG_HAB,Kilograms per capita,ES,Spain,2005,,0,,,,,
dataflow,ESTAT:ENV_WASMUN(1.0),Municipal waste by waste management operations,A,Annual,DSP_I,Disposal - incineration (D10),KG_HAB,Kilograms per capita,ES,Spain,2006,,8,,,,,
dataflow,ESTAT:ENV_WASMUN(1.0),Municipal waste by waste management operations,A,Annual,DSP_I,Disposal - incineration (D10),KG_HAB,Kilograms per capita,ES,Spain,2007,,9,,,,,
dataflow,ESTAT:ENV_WASMUN(1.0),Municipal waste by waste management operations,A,Annual,DSP_I,Disposal - incineration (D10),KG_HAB,Kilograms per capita,ES,Spain,2008,,0,,,,,
dataflow,ESTAT:ENV_WASMUN(1.0),Municipal waste by waste management operations,A,Annual,DSP_I,Disposal - incineration (D10),KG_HAB,Kilograms per capita,ES,Spain,2009,,0,,,,,
dataflow,ESTAT:ENV_WASMUN(1.0),Municipal waste by waste management operations,A,Annual,DSP_I,Disposal - incineration (D10),KG_HAB,Kilograms per capita,ES,Spain,2010,,0,,,,,
dataflow,ESTAT:ENV_WASMUN(1.0),Municipal waste by waste management operations,A,Annual,DSP_I,Disposal - incineration (D10),KG_HAB,Kilograms per capita,ES,Spain,2011,,0,,,,,
dataflow,ESTAT:ENV_WASMUN(1.0),Municipal waste by waste management operations,A,Annual,DSP_I,Disposal - incineration (D10),KG_HAB,Kilograms per capita,ES,Spain,2012,,0,,,,,
dataflow,ESTAT:ENV_WASMUN(1.0),Municipal waste by waste management operations,A,Annual,DSP_I,Disposal - incineration (D10),KG_HAB,Kilograms per capita,ES,Spain,2013,,0,,,,,
dataflow,ESTAT:ENV_WASMUN(1.0),Municipal waste by waste management operations,A,Annual,DSP_I,Disposal - incineration (D10),KG_HAB,Kilograms per capita,ES,Spain,2014,,0,,,,,
dataflow,ESTAT:ENV_WASMUN(1.0),Municipal waste by waste management operations,A,Annual,DSP_I,Disposal - incineration (D10),KG_HAB,Kilograms per capita,ES,Spain,2015,,0,,,,,
dataflow,ESTAT:ENV_WASMUN(1.0),Municipal waste by waste management operations,A,Annual,DSP_I,Disposal - incineration (D10),KG_HAB,Kilograms per capita,ES,Spain,2016,,0,,,,,
dataflow,ESTAT:ENV_WASMUN(1.0),Municipal waste by waste management operations,A,Annual,DSP_I,Disposal - incineration (D10),KG_HAB,Kilograms per capita,ES,Spain,2017,,0,,,,,
dataflow,ESTAT:ENV_WASMUN(1.0),Municipal waste by waste management operations,A,Annual,DSP_I,Disposal - incineration (D10),KG_HAB,Kilograms per capita,ES,Spain,2018,,0,,,,,
dataflow,ESTAT:ENV_WASMUN(1.0),Municipal waste by waste management operations,A,Annual,DSP_I,Disposal - incineration (D10),KG_HAB,Kilograms per capita,ES,Spain,2019,,0,,,,,
dataflow,ESTAT:ENV_WASMUN(1.0),Municipal waste by waste management operations,A,Annual,DSP_I,Disposal - incineration (D10),KG_HAB,Kilograms per capita,ES,Spain,2020,,0,,,,,
dataflow,ESTAT:ENV_WASMUN(1.0),Municipal waste by waste management operations,A,Annual,DSP_I,Disposal - incineration (D10),KG_HAB,Kilograms per capita,ES,Spain,2021,,0,,,,,
dataflow,ESTAT:ENV_WASMUN(1.0),Municipal waste by waste management operations,A,Annual,DSP_I,Disposal - incineration (D10),KG_HAB,Kilograms per capita,ES,Spain,2022,,0,,p,provisional,,
dataflow,ESTAT:ENV_WASMUN(1.0),Municipal waste by waste management operations,A,Annual,DSP_I,Disposal - incineration (D10),KG_HAB,Kilograms per capita,ES,Spain,2023,,0,,e,estimated,,
dataflow,ESTAT:ENV_WASMUN(1.0),Municipal waste by waste management operations,A,Annual,DSP_I,Disposal - incineration (D10),KG_HAB,Kilograms per capita,EU27_2020,European Union - 27 countries (from 2020),1995,,35,,i,value imputed by Eurostat or other receiving agencies,,
dataflow,ESTAT:ENV_WASMUN(1.0),Municipal waste by waste management operations,A,Annual,DSP_I,Disposal - incineration (D10),KG_HAB,Kilograms per capita,EU27_2020,European Union - 27 countries (from 2020),1996,,37,,i,value imputed by Eurostat or other receiving agencies,,
dataflow,ESTAT:ENV_WASMUN(1.0),Municipal waste by waste management operations,A,Annual,DSP_I,Disposal - incineration (D10),KG_HAB,Kilograms per capita,EU27_2020,European Union - 27 countries (from 2020),1997,,41,,i,value imputed by Eurostat or other receiving agencies,,
dataflow,ESTAT:ENV_WASMUN(1.0),Municipal waste by waste management operations,A,Annual,DSP_I,Disposal - incineration (D10),KG_HAB,Kilograms per capita,EU27_2020,European Union - 27 countries (from 2020),1998,,38,,i,value imputed by Eurostat or other receiving agencies,,
dataflow,ESTAT:ENV_WASMUN(1.0),Municipal waste by waste management operations,A,Annual,DSP_I,Disposal - incineration (D10),KG_HAB,Kilograms per capita,EU27_2020,European Union - 27 countries (from 2020),1999,,37,,i,value imputed by Eurostat or other receiving agencies,,
dataflow,ESTAT:ENV_WASMUN(1.0),Municipal waste by waste management operations,A,Annual,DSP_I,Disposal - incineration (D10),KG_HAB,Kilograms per capita,EU27_2020,European Union - 27 countries (from 2020),2000,,37,,i,value imputed by Eurostat or other receiving agencies,,
dataflow,ESTAT:ENV_WASMUN(1.0),Municipal waste by waste management operations,A,Annual,DSP_I,Disposal - incineration (D10),KG_HAB,Kilograms per capita,EU27_2020,European Union - 27 countries (from 2020),2001,,37,,i,value imputed by Eurostat or other receiving agencies,,
dataflow,ESTAT:ENV_WASMUN(1.0),Municipal waste by waste management operations,A,Annual,DSP_I,Disposal - incineration (D10),KG_HAB,Kilograms per capita,EU27_2020,European Union - 27 countries (from 2020),2002,,38,,i,value imputed by Eurostat or other receiving agencies,,
dataflow,ESTAT:ENV_WASMUN(1.0),Municipal waste by waste management operations,A,Annual,DSP_I,Disposal - incineration (D10),KG_HAB,Kilograms per capita,EU27_2020,European Union - 27 countries (from 2020),2003,,36,,i,value imputed by Eurostat or other receiving agencies,,
dataflow,ESTAT:ENV_WASMUN(1.0),Municipal waste by waste management operations,A,Annual,DSP_I,Disposal - incineration (D10),KG_HAB,Kilograms per capita,EU27_2020,European Union - 27 countries (from 2020),2004,,38,,i,value imputed by Eurostat or other receiving agencies,,
dataflow,ESTAT:ENV_WASMUN(1.0),Municipal waste by waste management operations,A,Annual,DSP_I,Disposal - incineration (D10),KG_HAB,Kilograms per capita,EU27_2020,European Union - 27 countries (from 2020),2005,,41,,i,value imputed by Eurostat or other receiving agencies,,
dataflow,ESTAT:ENV_WASMUN(1.0),Municipal waste by waste management operations,A,Annual,DSP_I,Disposal - incineration (D10),KG_HAB,Kilograms per capita,EU27_2020,European Union - 27 countries (from 2020),2006,,41,,i,value imputed by Eurostat or other receiving agencies,,
dataflow,ESTAT:ENV_WASMUN(1.0),Municipal waste by waste management operations,A,Annual,DSP_I,Disposal - incineration (D10),KG_HAB,Kilograms per capita,EU27_2020,European Union - 27 countries (from 2020),2007,,37,,i,value imputed by Eurostat or other receiving agencies,,
dataflow,ESTAT:ENV_WASMUN(1.0),Municipal waste by waste management operations,A,Annual,DSP_I,Disposal - incineration (D10),KG_HAB,Kilograms per capita,EU27_2020,European Union - 27 countries (from 2020),2008,,36,,i,value imputed by Eurostat or other receiving agencies,,
dataflow,ESTAT:ENV_WASMUN(1.0),Municipal waste by waste management operations,A,Annual,DSP_I,Disposal - incineration (D10),KG_HAB,Kilograms per capita,EU27_2020,European Union - 27 countries (from 2020),2009,,35,,i,value imputed by Eurostat or other receiving agencies,,
dataflow,ESTAT:ENV_WASMUN(1.0),Municipal waste by waste management operations,A,Annual,DSP_I,Disposal - incineration (D10),KG_HAB,Kilograms per capita,EU27_2020,European Union - 27 countries (from 2020),2010,,30,,i,value imputed by Eurostat or other receiving agencies,,
dataflow,ESTAT:ENV_WASMUN(1.0),Municipal waste by waste management operations,A,Annual,DSP_I,Disposal - incineration (D10),KG_HAB,Kilograms per capita,EU27_2020,European Union - 27 countries (from 2020),2011,,26,,i,value imputed by Eurostat or other receiving agencies,,
dataflow,ESTAT:ENV_WASMUN(1.0),Municipal waste by waste management operations,A,Annual,DSP_I,Disposal - incineration (D10),KG_HAB,Kilograms per capita,EU27_2020,European Union - 27 countries (from 2020),2012,,20,,i,value imputed by Eurostat or other receiving agencies,,
dataflow,ESTAT:ENV_WASMUN(1.0),Municipal waste by waste management operations,A,Annual,DSP_I,Disposal - incineration (D10),KG_HAB,Kilograms per capita,EU27_2020,European Union - 27 countries (from 2020),2013,,14,,i,value imputed by Eurostat or other receiving agencies,,
dataflow,ESTAT:ENV_WASMUN(1.0),Municipal waste by waste management operations,A,Annual,DSP_I,Disposal - incineration (D10),KG_HAB,Kilograms per capita,EU27_2020,European Union - 27 countries (from 2020),2014,,14,,i,value imputed by Eurostat or other receiving agencies,,
dataflow,ESTAT:ENV_WASMUN(1.0),Municipal waste by waste management operations,A,Annual,DSP_I,Disposal - incineration (D10),KG_HAB,Kilograms per capita,EU27_2020,European Union - 27 countries (from 2020),2015,,18,,i,value imputed by Eurostat or other receiving agencies,,
dataflow,ESTAT:ENV_WASMUN(1.0),Municipal waste by waste management operations,A,Annual,DSP_I,Disposal - incineration (D10),KG_HAB,Kilograms per capita,EU27_2020,European Union - 27 countries (from 2020),2016,,11,,i,value imputed by Eurostat or other receiving agencies,,
dataflow,ESTAT:ENV_WASMUN(1.0),Municipal waste by waste management operations,A,Annual,DSP_I,Disposal - incineration (D10),KG_HAB,Kilograms per capita,EU27_2020,European Union - 27 countries (from 2020),2017,,3,,i,value imputed by Eurostat or other receiving agencies,,
dataflow,ESTAT:ENV_WASMUN(1.0),Municipal waste by waste management operations,A,Annual,DSP_I,Disposal - incineration (D10),KG_HAB,Kilograms per capita,EU27_2020,European Union - 27 countries (from 2020),2018,,2,,i,value imputed by Eurostat or other receiving agencies,,
dataflow,ESTAT:ENV_WASMUN(1.0),Municipal waste by waste management operations,A,Annual,DSP_I,Disposal - incineration (D10),KG_HAB,Kilograms per capita,EU27_2020,European Union - 27 countries (from 2020),2019,,2,,i,value imputed by Eurostat or other receiving agencies,,
dataflow,ESTAT:ENV_WASMUN(1.0),Municipal waste by waste management operations,A,Annual,DSP_I,Disposal - incineration (D10),KG_HAB,Kilograms per capita,EU27_2020,European Union - 27 countries (from 2020),2020,,3,,i,value imputed by Eurostat or other receiving agencies,,
dataflow,ESTAT:ENV_WASMUN(1.0),Municipal waste by waste management operations,A,Annual,DSP_I,Disposal - incineration (D10),KG_HAB,Kilograms per capita,EU27_2020,European Union - 27 countries (from 2020),2021,,3,,i,value imputed by Eurostat or other receiving agencies,,
dataflow,ESTAT:ENV_WASMUN(1.0),Municipal waste by waste management operations,A,Annual,DSP_I,Disposal - incineration (D10),KG_HAB,Kilograms per capita,EU27_2020,European Union - 27 countries (from 2020),2022,,2,,i,value imputed by Eurostat or other receiving agencies,,
dataflow,ESTAT:ENV_WASMUN(1.0),Municipal waste by waste management operations,A,Annual,DSP_I,Disposal - incineration (D10),KG_HAB,Kilograms per capita,EU27_2020,European Union - 27 countries (from 2020),2023,,3,,i,value imputed by Eurostat or other receiving agencies,,
dataflow,ESTAT:ENV_WASMUN(1.0),Municipal waste by waste management operations,A,Annual,DSP_I,Disposal - incineration (D10),KG_HAB,Kilograms per capita,FI,Finland,2001,,0,,,,,
dataflow,ESTAT:ENV_WASMUN(1.0),Municipal waste by waste management operations,A,Annual,DSP_I,Disposal - incineration (D10),KG_HAB,Kilograms per capita,FI,Finland,2002,,10,,,,,
dataflow,ESTAT:ENV_WASMUN(1.0),Municipal waste by waste management operations,A,Annual,DSP_I,Disposal - incineration (D10),KG_HAB,Kilograms per capita,FI,Finland,2003,,10,,,,,
dataflow,ESTAT:ENV_WASMUN(1.0),Municipal waste by waste management operations,A,Annual,DSP_I,Disposal - incineration (D10),KG_HAB,Kilograms per capita,FI,Finland,2004,,10,,,,,
dataflow,ESTAT:ENV_WASMUN(1.0),Municipal waste by waste management operations,A,Annual,DSP_I,Disposal - incineration (D10),KG_HAB,Kilograms per capita,FI,Finland,2005,,10,,,,,
dataflow,ESTAT:ENV_WASMUN(1.0),Municipal waste by waste management operations,A,Annual,DSP_I,Disposal - incineration (D10),KG_HAB,Kilograms per capita,FI,Finland,2006,,10,,,,,
dataflow,ESTAT:ENV_WASMUN(1.0),Municipal waste by waste management operations,A,Annual,DSP_I,Disposal - incineration (D10),KG_HAB,Kilograms per capita,FI,Finland,2007,,14,,,,,
dataflow,ESTAT:ENV_WASMUN(1.0),Municipal waste by waste management operations,A,Annual,DSP_I,Disposal - incineration (D10),KG_HAB,Kilograms per capita,FI,Finland,2008,,25,,,,,
dataflow,ESTAT:ENV_WASMUN(1.0),Municipal waste by waste management operations,A,Annual,DSP_I,Disposal - incineration (D10),KG_HAB,Kilograms per capita,FI,Finland,2009,,21,,,,,
dataflow,ESTAT:ENV_WASMUN(1.0),Municipal waste by waste management operations,A,Annual,DSP_I,Disposal - incineration (D10),KG_HAB,Kilograms per capita,FI,Finland,2010,,21,,,,,
dataflow,ESTAT:ENV_WASMUN(1.0),Municipal waste by waste management operations,A,Annual,DSP_I,Disposal - incineration (D10),KG_HAB,Kilograms per capita,FI,Finland,2011,,0,,,,,
dataflow,ESTAT:ENV_WASMUN(1.0),Municipal waste by waste management operations,A,Annual,DSP_I,Disposal - incineration (D10),KG_HAB,Kilograms per capita,FI,Finland,2012,,0,,,,,
dataflow,ESTAT:ENV_WASMUN(1.0),Municipal waste by waste management operations,A,Annual,DSP_I,Disposal - incineration (D10),KG_HAB,Kilograms per capita,FI,Finland,2013,,0,,,,,
dataflow,ESTAT:ENV_WASMUN(1.0),Municipal waste by waste management operations,A,Annual,DSP_I,Disposal - incineration (D10),KG_HAB,Kilograms per capita,FI,Finland,2014,,0,,,,,
dataflow,ESTAT:ENV_WASMUN(1.0),Municipal waste by waste management operations,A,Annual,DSP_I,Disposal - incineration (D10),KG_HAB,Kilograms per capita,FI,Finland,2015,,0,,,,,
dataflow,ESTAT:ENV_WASMUN(1.0),Municipal waste by waste management operations,A,Annual,DSP_I,Disposal - incineration (D10),KG_HAB,Kilograms per capita,FI,Finland,2016,,0,,,,,
dataflow,ESTAT:ENV_WASMUN(1.0),Municipal waste by waste management operations,A,Annual,DSP_I,Disposal - incineration (D10),KG_HAB,Kilograms per capita,FI,Finland,2017,,0,,,,,
dataflow,ESTAT:ENV_WASMUN(1.0),Municipal waste by waste management operations,A,Annual,DSP_I,Disposal - incineration (D10),KG_HAB,Kilograms per capita,FI,Finland,2018,,0,,,,,
dataflow,ESTAT:ENV_WASMUN(1.0),Municipal waste by waste management operations,A,Annual,DSP_I,Disposal - incineration (D10),KG_HAB,Kilograms per capita,FI,Finland,2019,,0,,,,,
dataflow,ESTAT:ENV_WASMUN(1.0),Municipal waste by waste management operations,A,Annual,DSP_I,Disposal - incineration (D10),KG_HAB,Kilograms per capita,FI,Finland,2020,,0,,,,,
dataflow,ESTAT:ENV_WASMUN(1.0),Municipal waste by waste management operations,A,Annual,DSP_I,Disposal - incineration (D10),KG_HAB,Kilograms per capita,FI,Finland,2021,,1,,,,,
dataflow,ESTAT:ENV_WASMUN(1.0),Municipal waste by waste management operations,A,Annual,DSP_I,Disposal - incineration (D10),KG_HAB,Kilograms per capita,FI,Finland,2022,,3,,,,,
dataflow,ESTAT:ENV_WASMUN(1.0),Municipal waste by waste management operations,A,Annual,DSP_I,Disposal - incineration (D10),KG_HAB,Kilograms per capita,FI,Finland,2023,,4,,,,,
dataflow,ESTAT:ENV_WASMUN(1.0),Municipal waste by waste management operations,A,Annual,DSP_I,Disposal - incineration (D10),KG_HAB,Kilograms per capita,FR,France,1995,,47,,,,,
dataflow,ESTAT:ENV_WASMUN(1.0),Municipal waste by waste management operations,A,Annual,DSP_I,Disposal - incineration (D10),KG_HAB,Kilograms per capita,FR,France,1996,,44,,,,,
dataflow,ESTAT:ENV_WASMUN(1.0),Municipal waste by waste management operations,A,Annual,DSP_I,Disposal - incineration (D10),KG_HAB,Kilograms per capita,FR,France,1997,,41,,,,,
dataflow,ESTAT:ENV_WASMUN(1.0),Municipal waste by waste management operations,A,Annual,DSP_I,Disposal - incineration (D10),KG_HAB,Kilograms per capita,FR,France,1998,,33,,,,,
dataflow,ESTAT:ENV_WASMUN(1.0),Municipal waste by waste management operations,A,Annual,DSP_I,Disposal - incineration (D10),KG_HAB,Kilograms per capita,FR,France,1999,,25,,,,,
dataflow,ESTAT:ENV_WASMUN(1.0),Municipal waste by waste management operations,A,Annual,DSP_I,Disposal - incineration (D10),KG_HAB,Kilograms per capita,FR,France,2000,,24,,,,,
dataflow,ESTAT:ENV_WASMUN(1.0),Municipal waste by waste management operations,A,Annual,DSP_I,Disposal - incineration (D10),KG_HAB,Kilograms per capita,FR,France,2001,,19,,,,,
dataflow,ESTAT:ENV_WASMUN(1.0),Municipal waste by waste management operations,A,Annual,DSP_I,Disposal - incineration (D10),KG_HAB,Kilograms per capita,FR,France,2002,,14,,,,,
dataflow,ESTAT:ENV_WASMUN(1.0),Municipal waste by waste management operations,A,Annual,DSP_I,Disposal - incineration (D10),KG_HAB,Kilograms per capita,FR,France,2003,,11,,,,,
dataflow,ESTAT:ENV_WASMUN(1.0),Municipal waste by waste management operations,A,Annual,DSP_I,Disposal - incineration (D10),KG_HAB,Kilograms per capita,FR,France,2004,,10,,,,,
dataflow,ESTAT:ENV_WASMUN(1.0),Municipal waste by waste management operations,A,Annual,DSP_I,Disposal - incineration (D10),KG_HAB,Kilograms per capita,FR,France,2005,,8,,,,,
dataflow,ESTAT:ENV_WASMUN(1.0),Municipal waste by waste management operations,A,Annual,DSP_I,Disposal - incineration (D10),KG_HAB,Kilograms per capita,FR,France,2006,,8,,e,estimated,,
dataflow,ESTAT:ENV_WASMUN(1.0),Municipal waste by waste management operations,A,Annual,DSP_I,Disposal - incineration (D10),KG_HAB,Kilograms per capita,FR,France,2007,,8,,,,,
dataflow,ESTAT:ENV_WASMUN(1.0),Municipal waste by waste management operations,A,Annual,DSP_I,Disposal - incineration (D10),KG_HAB,Kilograms per capita,FR,France,2008,,7,,e,estimated,,
dataflow,ESTAT:ENV_WASMUN(1.0),Municipal waste by waste management operations,A,Annual,DSP_I,Disposal - incineration (D10),KG_HAB,Kilograms per capita,FR,France,2009,,6,,,,,
dataflow,ESTAT:ENV_WASMUN(1.0),Municipal waste by waste management operations,A,Annual,DSP_I,Disposal - incineration (D10),KG_HAB,Kilograms per capita,FR,France,2010,,7,,e,estimated,,
dataflow,ESTAT:ENV_WASMUN(1.0),Municipal waste by waste management operations,A,Annual,DSP_I,Disposal - incineration (D10),KG_HAB,Kilograms per capita,FR,France,2011,,7,,,,,
dataflow,ESTAT:ENV_WASMUN(1.0),Municipal waste by waste management operations,A,Annual,DSP_I,Disposal - incineration (D10),KG_HAB,Kilograms per capita,FR,France,2012,,6,,e,estimated,,
dataflow,ESTAT:ENV_WASMUN(1.0),Municipal waste by waste management operations,A,Annual,DSP_I,Disposal - incineration (D10),KG_HAB,Kilograms per capita,FR,France,2013,,6,,,,,
dataflow,ESTAT:ENV_WASMUN(1.0),Municipal waste by waste management operations,A,Annual,DSP_I,Disposal - incineration (D10),KG_HAB,Kilograms per capita,FR,France,2014,,5,,e,estimated,,
dataflow,ESTAT:ENV_WASMUN(1.0),Municipal waste by waste management operations,A,Annual,DSP_I,Disposal - incineration (D10),KG_HAB,Kilograms per capita,FR,France,2015,,4,,,,,
dataflow,ESTAT:ENV_WASMUN(1.0),Municipal waste by waste management operations,A,Annual,DSP_I,Disposal - incineration (D10),KG_HAB,Kilograms per capita,FR,France,2016,,1,,e,estimated,,
dataflow,ESTAT:ENV_WASMUN(1.0),Municipal waste by waste management operations,A,Annual,DSP_I,Disposal - incineration (D10),KG_HAB,Kilograms per capita,FR,France,2017,,1,,e,estimated,,
dataflow,ESTAT:ENV_WASMUN(1.0),Municipal waste by waste management operations,A,Annual,DSP_I,Disposal - incineration (D10),KG_HAB,Kilograms per capita,FR,France,2018,,1,,e,estimated,,
dataflow,ESTAT:ENV_WASMUN(1.0),Municipal waste by waste management operations,A,Annual,DSP_I,Disposal - incineration (D10),KG_HAB,Kilograms per capita,FR,France,2019,,1,,e,estimated,,
dataflow,ESTAT:ENV_WASMUN(1.0),Municipal waste by waste management operations,A,Annual,DSP_I,Disposal - incineration (D10),KG_HAB,Kilograms per capita,FR,France,2020,,1,,e,estimated,,
dataflow,ESTAT:ENV_WASMUN(1.0),Municipal waste by waste management operations,A,Annual,DSP_I,Disposal - incineration (D10),KG_HAB,Kilograms per capita,FR,France,2021,,1,,,,,
dataflow,ESTAT:ENV_WASMUN(1.0),Municipal waste by waste management operations,A,Annual,DSP_I,Disposal - incineration (D10),KG_HAB,Kilograms per capita,FR,France,2022,,0,,ep,"estimated, provisional",,
dataflow,ESTAT:ENV_WASMUN(1.0),Municipal waste by waste management operations,A,Annual,DSP_I,Disposal - incineration (D10),KG_HAB,Kilograms per capita,FR,France,2023,,0,,ep,"estimated, provisional",,
dataflow,ESTAT:ENV_WASMUN(1.0),Municipal waste by waste management operations,A,Annual,DSP_I,Disposal - incineration (D10),KG_HAB,Kilograms per capita,HR,Croatia,2006,,0,,,,,
dataflow,ESTAT:ENV_WASMUN(1.0),Municipal waste by waste management operations,A,Annual,DSP_I,Disposal - incineration (D10),KG_HAB,Kilograms per capita,HR,Croatia,2007,,0,,,,,
dataflow,ESTAT:ENV_WASMUN(1.0),Municipal waste by waste management operations,A,Annual,DSP_I,Disposal - incineration (D10),KG_HAB,Kilograms per capita,HR,Croatia,2008,,0,,,,,
dataflow,ESTAT:ENV_WASMUN(1.0),Municipal waste by waste management operations,A,Annual,DSP_I,Disposal - incineration (D10),KG_HAB,Kilograms per capita,HR,Croatia,2009,,0,,,,,
dataflow,ESTAT:ENV_WASMUN(1.0),Municipal waste by waste management operations,A,Annual,DSP_I,Disposal - incineration (D10),KG_HAB,Kilograms per capita,HR,Croatia,2010,,0,,,,,
dataflow,ESTAT:ENV_WASMUN(1.0),Municipal waste by waste management operations,A,Annual,DSP_I,Disposal - incineration (D10),KG_HAB,Kilograms per capita,HR,Croatia,2011,,0,,,,,
dataflow,ESTAT:ENV_WASMUN(1.0),Municipal waste by waste management operations,A,Annual,DSP_I,Disposal - incineration (D10),KG_HAB,Kilograms per capita,HR,Croatia,2012,,0,,,,,
dataflow,ESTAT:ENV_WASMUN(1.0),Municipal waste by waste management operations,A,Annual,DSP_I,Disposal - incineration (D10),KG_HAB,Kilograms per capita,HR,Croatia,2013,,0,,,,,
dataflow,ESTAT:ENV_WASMUN(1.0),Municipal waste by waste management operations,A,Annual,DSP_I,Disposal - incineration (D10),KG_HAB,Kilograms per capita,HR,Croatia,2014,,0,,,,,
dataflow,ESTAT:ENV_WASMUN(1.0),Municipal waste by waste management operations,A,Annual,DSP_I,Disposal - incineration (D10),KG_HAB,Kilograms per capita,HR,Croatia,2015,,0,,,,,
dataflow,ESTAT:ENV_WASMUN(1.0),Municipal waste by waste management operations,A,Annual,DSP_I,Disposal - incineration (D10),KG_HAB,Kilograms per capita,HR,Croatia,2016,,0,,,,,
dataflow,ESTAT:ENV_WASMUN(1.0),Municipal waste by waste management operations,A,Annual,DSP_I,Disposal - incineration (D10),KG_HAB,Kilograms per capita,HR,Croatia,2017,,0,,,,,
dataflow,ESTAT:ENV_WASMUN(1.0),Municipal waste by waste management operations,A,Annual,DSP_I,Disposal - incineration (D10),KG_HAB,Kilograms per capita,HR,Croatia,2018,,0,,,,,
dataflow,ESTAT:ENV_WASMUN(1.0),Municipal waste by waste management operations,A,Annual,DSP_I,Disposal - incineration (D10),KG_HAB,Kilograms per capita,HR,Croatia,2019,,0,,,,,
dataflow,ESTAT:ENV_WASMUN(1.0),Municipal waste by waste management operations,A,Annual,DSP_I,Disposal - incineration (D10),KG_HAB,Kilograms per capita,HR,Croatia,2020,,0,,,,,
dataflow,ESTAT:ENV_WASMUN(1.0),Municipal waste by waste management operations,A,Annual,DSP_I,Disposal - incineration (D10),KG_HAB,Kilograms per capita,HR,Croatia,2021,,0,,,,,
dataflow,ESTAT:ENV_WASMUN(1.0),Municipal waste by waste management operations,A,Annual,DSP_I,Disposal - incineration (D10),KG_HAB,Kilograms per capita,HR,Croatia,2022,,0,,,,,
dataflow,ESTAT:ENV_WASMUN(1.0),Municipal waste by waste management operations,A,Annual,DSP_I,Disposal - incineration (D10),KG_HAB,Kilograms per capita,HR,Croatia,2023,,0,,,,,
dataflow,ESTAT:ENV_WASMUN(1.0),Municipal waste by waste management operations,A,Annual,DSP_I,Disposal - incineration (D10),KG_HAB,Kilograms per capita,HU,Hungary,1995,,0,,,,,
dataflow,ESTAT:ENV_WASMUN(1.0),Municipal waste by waste management operations,A,Annual,DSP_I,Disposal - incineration (D10),KG_HAB,Kilograms per capita,HU,Hungary,1996,,0,,,,,
dataflow,ESTAT:ENV_WASMUN(1.0),Municipal waste by waste management operations,A,Annual,DSP_I,Disposal - incineration (D10),KG_HAB,Kilograms per capita,HU,Hungary,1997,,0,,,,,
dataflow,ESTAT:ENV_WASMUN(1.0),Municipal waste by waste management operations,A,Annual,DSP_I,Disposal - incineration (D10),KG_HAB,Kilograms per capita,HU,Hungary,1998,,0,,,,,
dataflow,ESTAT:ENV_WASMUN(1.0),Municipal waste by waste management operations,A,Annual,DSP_I,Disposal - incineration (D10),KG_HAB,Kilograms per capita,HU,Hungary,1999,,0,,,,,
dataflow,ESTAT:ENV_WASMUN(1.0),Municipal waste by waste management operations,A,Annual,DSP_I,Disposal - incineration (D10),KG_HAB,Kilograms per capita,HU,Hungary,2000,,0,,,,,
dataflow,ESTAT:ENV_WASMUN(1.0),Municipal waste by waste management operations,A,Annual,DSP_I,Disposal - incineration (D10),KG_HAB,Kilograms per capita,HU,Hungary,2001,,0,,,,,
dataflow,ESTAT:ENV_WASMUN(1.0),Municipal waste by waste management operations,A,Annual,DSP_I,Disposal - incineration (D10),KG_HAB,Kilograms per capita,HU,Hungary,2002,,0,,,,,
dataflow,ESTAT:ENV_WASMUN(1.0),Municipal waste by waste management operations,A,Annual,DSP_I,Disposal - incineration (D10),KG_HAB,Kilograms per capita,HU,Hungary,2003,,0,,,,,
dataflow,ESTAT:ENV_WASMUN(1.0),Municipal waste by waste management operations,A,Annual,DSP_I,Disposal - incineration (D10),KG_HAB,Kilograms per capita,HU,Hungary,2004,,0,,,,,
dataflow,ESTAT:ENV_WASMUN(1.0),Municipal waste by waste management operations,A,Annual,DSP_I,Disposal - incineration (D10),KG_HAB,Kilograms per capita,HU,Hungary,2005,,0,,,,,
dataflow,ESTAT:ENV_WASMUN(1.0),Municipal waste by waste management operations,A,Annual,DSP_I,Disposal - incineration (D10),KG_HAB,Kilograms per capita,HU,Hungary,2006,,0,,,,,
dataflow,ESTAT:ENV_WASMUN(1.0),Municipal waste by waste management operations,A,Annual,DSP_I,Disposal - incineration (D10),KG_HAB,Kilograms per capita,HU,Hungary,2007,,0,,,,,
dataflow,ESTAT:ENV_WASMUN(1.0),Municipal waste by waste management operations,A,Annual,DSP_I,Disposal - incineration (D10),KG_HAB,Kilograms per capita,HU,Hungary,2008,,0,,,,,
dataflow,ESTAT:ENV_WASMUN(1.0),Municipal waste by waste management operations,A,Annual,DSP_I,Disposal - incineration (D10),KG_HAB,Kilograms per capita,HU,Hungary,2009,,0,,,,,
dataflow,ESTAT:ENV_WASMUN(1.0),Municipal waste by waste management operations,A,Annual,DSP_I,Disposal - incineration (D10),KG_HAB,Kilograms per capita,HU,Hungary,2010,,0,,,,,
dataflow,ESTAT:ENV_WASMUN(1.0),Municipal waste by waste management operations,A,Annual,DSP_I,Disposal - incineration (D10),KG_HAB,Kilograms per capita,HU,Hungary,2011,,0,,,,,
dataflow,ESTAT:ENV_WASMUN(1.0),Municipal waste by waste management operations,A,Annual,DSP_I,Disposal - incineration (D10),KG_HAB,Kilograms per capita,HU,Hungary,2012,,0,,,,,
dataflow,ESTAT:ENV_WASMUN(1.0),Municipal waste by waste management operations,A,Annual,DSP_I,Disposal - incineration (D10),KG_HAB,Kilograms per capita,HU,Hungary,2013,,0,,,,,
dataflow,ESTAT:ENV_WASMUN(1.0),Municipal waste by waste management operations,A,Annual,DSP_I,Disposal - incineration (D10),KG_HAB,Kilograms per capita,HU,Hungary,2014,,0,,,,,
dataflow,ESTAT:ENV_WASMUN(1.0),Municipal waste by waste management operations,A,Annual,DSP_I,Disposal - incineration (D10),KG_HAB,Kilograms per capita,HU,Hungary,2015,,0,,,,,
dataflow,ESTAT:ENV_WASMUN(1.0),Municipal waste by waste management operations,A,Annual,DSP_I,Disposal - incineration (D10),KG_HAB,Kilograms per capita,HU,Hungary,2016,,0,,,,,
dataflow,ESTAT:ENV_WASMUN(1.0),Municipal waste by waste management operations,A,Annual,DSP_I,Disposal - incineration (D10),KG_HAB,Kilograms per capita,HU,Hungary,2017,,0,,,,,
dataflow,ESTAT:ENV_WASMUN(1.0),Municipal waste by waste management operations,A,Annual,DSP_I,Disposal - incineration (D10),KG_HAB,Kilograms per capita,HU,Hungary,2018,,0,,,,,
dataflow,ESTAT:ENV_WASMUN(1.0),Municipal waste by waste management operations,A,Annual,DSP_I,Disposal - incineration (D10),KG_HAB,Kilograms per capita,HU,Hungary,2019,,0,,,,,
dataflow,ESTAT:ENV_WASMUN(1.0),Municipal waste by waste management operations,A,Annual,DSP_I,Disposal - incineration (D10),KG_HAB,Kilograms per capita,HU,Hungary,2020,,0,,,,,
dataflow,ESTAT:ENV_WASMUN(1.0),Municipal waste by waste management operations,A,Annual,DSP_I,Disposal - incineration (D10),KG_HAB,Kilograms per capita,HU,Hungary,2021,,0,,,,,
dataflow,ESTAT:ENV_WASMUN(1.0),Municipal waste by waste management operations,A,Annual,DSP_I,Disposal - incineration (D10),KG_HAB,Kilograms per capita,HU,Hungary,2022,,0,,,,,
dataflow,ESTAT:ENV_WASMUN(1.0),Municipal waste by waste management operations,A,Annual,DSP_I,Disposal - incineration (D10),KG_HAB,Kilograms per capita,HU,Hungary,2023,,0,,,,,
dataflow,ESTAT:ENV_WASMUN(1.0),Municipal waste by waste management operations,A,Annual,DSP_I,Disposal - incineration (D10),KG_HAB,Kilograms per capita,IE,Ireland,1995,,0,,,,,
dataflow,ESTAT:ENV_WASMUN(1.0),Municipal waste by waste management operations,A,Annual,DSP_I,Disposal - incineration (D10),KG_HAB,Kilograms per capita,IE,Ireland,1996,,0,,,,,
dataflow,ESTAT:ENV_WASMUN(1.0),Municipal waste by waste management operations,A,Annual,DSP_I,Disposal - incineration (D10),KG_HAB,Kilograms per capita,IE,Ireland,1997,,0,,,,,
dataflow,ESTAT:ENV_WASMUN(1.0),Municipal waste by waste management operations,A,Annual,DSP_I,Disposal - incineration (D10),KG_HAB,Kilograms per capita,IE,Ireland,1998,,0,,,,,
dataflow,ESTAT:ENV_WASMUN(1.0),Municipal waste by waste management operations,A,Annual,DSP_I,Disposal - incineration (D10),KG_HAB,Kilograms per capita,IE,Ireland,1999,,0,,,,,
dataflow,ESTAT:ENV_WASMUN(1.0),Municipal waste by waste management operations,A,Annual,DSP_I,Disposal - incineration (D10),KG_HAB,Kilograms per capita,IE,Ireland,2000,,0,,,,,
dataflow,ESTAT:ENV_WASMUN(1.0),Municipal waste by waste management operations,A,Annual,DSP_I,Disposal - incineration (D10),KG_HAB,Kilograms per capita,IE,Ireland,2001,,0,,,,,
dataflow,ESTAT:ENV_WASMUN(1.0),Municipal waste by waste management operations,A,Annual,DSP_I,Disposal - incineration (D10),KG_HAB,Kilograms per capita,IE,Ireland,2002,,0,,,,,
dataflow,ESTAT:ENV_WASMUN(1.0),Municipal waste by waste management operations,A,Annual,DSP_I,Disposal - incineration (D10),KG_HAB,Kilograms per capita,IE,Ireland,2003,,0,,,,,
dataflow,ESTAT:ENV_WASMUN(1.0),Municipal waste by waste management operations,A,Annual,DSP_I,Disposal - incineration (D10),KG_HAB,Kilograms per capita,IE,Ireland,2004,,0,,,,,
dataflow,ESTAT:ENV_WASMUN(1.0),Municipal waste by waste management operations,A,Annual,DSP_I,Disposal - incineration (D10),KG_HAB,Kilograms per capita,IE,Ireland,2005,,0,,,,,
dataflow,ESTAT:ENV_WASMUN(1.0),Municipal waste by waste management operations,A,Annual,DSP_I,Disposal - incineration (D10),KG_HAB,Kilograms per capita,IE,Ireland,2006,,0,,,,,
dataflow,ESTAT:ENV_WASMUN(1.0),Municipal waste by waste management operations,A,Annual,DSP_I,Disposal - incineration (D10),KG_HAB,Kilograms per capita,IE,Ireland,2007,,0,,,,,
dataflow,ESTAT:ENV_WASMUN(1.0),Municipal waste by waste management operations,A,Annual,DSP_I,Disposal - incineration (D10),KG_HAB,Kilograms per capita,IE,Ireland,2008,,0,,,,,
dataflow,ESTAT:ENV_WASMUN(1.0),Municipal waste by waste management operations,A,Annual,DSP_I,Disposal - incineration (D10),KG_HAB,Kilograms per capita,IE,Ireland,2009,,0,,,,,
dataflow,ESTAT:ENV_WASMUN(1.0),Municipal waste by waste management operations,A,Annual,DSP_I,Disposal - incineration (D10),KG_HAB,Kilograms per capita,IE,Ireland,2010,,0,,,,,
dataflow,ESTAT:ENV_WASMUN(1.0),Municipal waste by waste management operations,A,Annual,DSP_I,Disposal - incineration (D10),KG_HAB,Kilograms per capita,IE,Ireland,2011,,0,,,,,
dataflow,ESTAT:ENV_WASMUN(1.0),Municipal waste by waste management operations,A,Annual,DSP_I,Disposal - incineration (D10),KG_HAB,Kilograms per capita,IE,Ireland,2012,,0,,,,,
dataflow,ESTAT:ENV_WASMUN(1.0),Municipal waste by waste management operations,A,Annual,DSP_I,Disposal - incineration (D10),KG_HAB,Kilograms per capita,IE,Ireland,2014,,0,,,,,
dataflow,ESTAT:ENV_WASMUN(1.0),Municipal waste by waste management operations,A,Annual,DSP_I,Disposal - incineration (D10),KG_HAB,Kilograms per capita,IE,Ireland,2016,,0,,,,,
dataflow,ESTAT:ENV_WASMUN(1.0),Municipal waste by waste management operations,A,Annual,DSP_I,Disposal - incineration (D10),KG_HAB,Kilograms per capita,IE,Ireland,2017,,0,,,,,
dataflow,ESTAT:ENV_WASMUN(1.0),Municipal waste by waste management operations,A,Annual,DSP_I,Disposal - incineration (D10),KG_HAB,Kilograms per capita,IE,Ireland,2018,,0,,,,,
dataflow,ESTAT:ENV_WASMUN(1.0),Municipal waste by waste management operations,A,Annual,DSP_I,Disposal - incineration (D10),KG_HAB,Kilograms per capita,IE,Ireland,2019,,0,,,,,
dataflow,ESTAT:ENV_WASMUN(1.0),Municipal waste by waste management operations,A,Annual,DSP_I,Disposal - incineration (D10),KG_HAB,Kilograms per capita,IE,Ireland,2020,,0,,,,,
dataflow,ESTAT:ENV_WASMUN(1.0),Municipal waste by waste management operations,A,Annual,DSP_I,Disposal - incineration (D10),KG_HAB,Kilograms per capita,IS,Iceland,1995,,49,,,,,
dataflow,ESTAT:ENV_WASMUN(1.0),Municipal waste by waste management operations,A,Annual,DSP_I,Disposal - incineration (D10),KG_HAB,Kilograms per capita,IS,Iceland,1996,,48,,,,,
dataflow,ESTAT:ENV_WASMUN(1.0),Municipal waste by waste management operations,A,Annual,DSP_I,Disposal - incineration (D10),KG_HAB,Kilograms per capita,IS,Iceland,1997,,48,,,,,
dataflow,ESTAT:ENV_WASMUN(1.0),Municipal waste by waste management operations,A,Annual,DSP_I,Disposal - incineration (D10),KG_HAB,Kilograms per capita,IS,Iceland,1998,,40,,,,,
dataflow,ESTAT:ENV_WASMUN(1.0),Municipal waste by waste management operations,A,Annual,DSP_I,Disposal - incineration (D10),KG_HAB,Kilograms per capita,IS,Iceland,1999,,40,,,,,
dataflow,ESTAT:ENV_WASMUN(1.0),Municipal waste by waste management operations,A,Annual,DSP_I,Disposal - incineration (D10),KG_HAB,Kilograms per capita,IS,Iceland,2000,,39,,,,,
dataflow,ESTAT:ENV_WASMUN(1.0),Municipal waste by waste management operations,A,Annual,DSP_I,Disposal - incineration (D10),KG_HAB,Kilograms per capita,IS,Iceland,2001,,18,,,,,
dataflow,ESTAT:ENV_WASMUN(1.0),Municipal waste by waste management operations,A,Annual,DSP_I,Disposal - incineration (D10),KG_HAB,Kilograms per capita,IS,Iceland,2002,,10,,,,,
dataflow,ESTAT:ENV_WASMUN(1.0),Municipal waste by waste management operations,A,Annual,DSP_I,Disposal - incineration (D10),KG_HAB,Kilograms per capita,IS,Iceland,2003,,7,,,,,
dataflow,ESTAT:ENV_WASMUN(1.0),Municipal waste by waste management operations,A,Annual,DSP_I,Disposal - incineration (D10),KG_HAB,Kilograms per capita,IS,Iceland,2004,,7,,,,,
dataflow,ESTAT:ENV_WASMUN(1.0),Municipal waste by waste management operations,A,Annual,DSP_I,Disposal - incineration (D10),KG_HAB,Kilograms per capita,IS,Iceland,2005,,7,,,,,
dataflow,ESTAT:ENV_WASMUN(1.0),Municipal waste by waste management operations,A,Annual,DSP_I,Disposal - incineration (D10),KG_HAB,Kilograms per capita,IS,Iceland,2006,,7,,,,,
dataflow,ESTAT:ENV_WASMUN(1.0),Municipal waste by waste management operations,A,Annual,DSP_I,Disposal - incineration (D10),KG_HAB,Kilograms per capita,IS,Iceland,2007,,6,,,,,
dataflow,ESTAT:ENV_WASMUN(1.0),Municipal waste by waste management operations,A,Annual,DSP_I,Disposal - incineration (D10),KG_HAB,Kilograms per capita,IS,Iceland,2008,,0,,,,,
dataflow,ESTAT:ENV_WASMUN(1.0),Municipal waste by waste management operations,A,Annual,DSP_I,Disposal - incineration (D10),KG_HAB,Kilograms per capita,IS,Iceland,2009,,6,,,,,
dataflow,ESTAT:ENV_WASMUN(1.0),Municipal waste by waste management operations,A,Annual,DSP_I,Disposal - incineration (D10),KG_HAB,Kilograms per capita,IS,Iceland,2010,,6,,,,,
dataflow,ESTAT:ENV_WASMUN(1.0),Municipal waste by waste management operations,A,Annual,DSP_I,Disposal - incineration (D10),KG_HAB,Kilograms per capita,IS,Iceland,2011,,6,,,,,
dataflow,ESTAT:ENV_WASMUN(1.0),Municipal waste by waste management operations,A,Annual,DSP_I,Disposal - incineration (D10),KG_HAB,Kilograms per capita,IS,Iceland,2012,,6,,,,,
dataflow,ESTAT:ENV_WASMUN(1.0),Municipal waste by waste management operations,A,Annual,DSP_I,Disposal - incineration (D10),KG_HAB,Kilograms per capita,IS,Iceland,2013,,3,,,,,
dataflow,ESTAT:ENV_WASMUN(1.0),Municipal waste by waste management operations,A,Annual,DSP_I,Disposal - incineration (D10),KG_HAB,Kilograms per capita,IS,Iceland,2014,,21,,,,,
dataflow,ESTAT:ENV_WASMUN(1.0),Municipal waste by waste management operations,A,Annual,DSP_I,Disposal - incineration (D10),KG_HAB,Kilograms per capita,IS,Iceland,2015,,19,,,,,
dataflow,ESTAT:ENV_WASMUN(1.0),Municipal waste by waste management operations,A,Annual,DSP_I,Disposal - incineration (D10),KG_HAB,Kilograms per capita,IS,Iceland,2016,,23,,,,,
dataflow,ESTAT:ENV_WASMUN(1.0),Municipal waste by waste management operations,A,Annual,DSP_I,Disposal - incineration (D10),KG_HAB,Kilograms per capita,IS,Iceland,2017,,24,,,,,
dataflow,ESTAT:ENV_WASMUN(1.0),Municipal waste by waste management operations,A,Annual,DSP_I,Disposal - incineration (D10),KG_HAB,Kilograms per capita,IS,Iceland,2018,,30,,,,,
dataflow,ESTAT:ENV_WASMUN(1.0),Municipal waste by waste management operations,A,Annual,DSP_I,Disposal - incineration (D10),KG_HAB,Kilograms per capita,IS,Iceland,2020,,16,,,,,
dataflow,ESTAT:ENV_WASMUN(1.0),Municipal waste by waste management operations,A,Annual,DSP_I,Disposal - incineration (D10),KG_HAB,Kilograms per capita,IS,Iceland,2021,,16,,,,,
dataflow,ESTAT:ENV_WASMUN(1.0),Municipal waste by waste management operations,A,Annual,DSP_I,Disposal - incineration (D10),KG_HAB,Kilograms per capita,IS,Iceland,2022,,18,,,,,
dataflow,ESTAT:ENV_WASMUN(1.0),Municipal waste by waste management operations,A,Annual,DSP_I,Disposal - incineration (D10),KG_HAB,Kilograms per capita,IT,Italy,1995,,3,,,,,
dataflow,ESTAT:ENV_WASMUN(1.0),Municipal waste by waste management operations,A,Annual,DSP_I,Disposal - incineration (D10),KG_HAB,Kilograms per capita,IT,Italy,1996,,0,,e,estimated,,
dataflow,ESTAT:ENV_WASMUN(1.0),Municipal waste by waste management operations,A,Annual,DSP_I,Disposal - incineration (D10),KG_HAB,Kilograms per capita,IT,Italy,1997,,9,,,,,
dataflow,ESTAT:ENV_WASMUN(1.0),Municipal waste by waste management operations,A,Annual,DSP_I,Disposal - incineration (D10),KG_HAB,Kilograms per capita,IT,Italy,1998,,0,,,,,
dataflow,ESTAT:ENV_WASMUN(1.0),Municipal waste by waste management operations,A,Annual,DSP_I,Disposal - incineration (D10),KG_HAB,Kilograms per capita,IT,Italy,1999,,7,,,,,
dataflow,ESTAT:ENV_WASMUN(1.0),Municipal waste by waste management operations,A,Annual,DSP_I,Disposal - incineration (D10),KG_HAB,Kilograms per capita,IT,Italy,2000,,3,,,,,
dataflow,ESTAT:ENV_WASMUN(1.0),Municipal waste by waste management operations,A,Annual,DSP_I,Disposal - incineration (D10),KG_HAB,Kilograms per capita,IT,Italy,2001,,2,,,,,
dataflow,ESTAT:ENV_WASMUN(1.0),Municipal waste by waste management operations,A,Annual,DSP_I,Disposal - incineration (D10),KG_HAB,Kilograms per capita,IT,Italy,2002,,3,,,,,
dataflow,ESTAT:ENV_WASMUN(1.0),Municipal waste by waste management operations,A,Annual,DSP_I,Disposal - incineration (D10),KG_HAB,Kilograms per capita,IT,Italy,2003,,1,,,,,
dataflow,ESTAT:ENV_WASMUN(1.0),Municipal waste by waste management operations,A,Annual,DSP_I,Disposal - incineration (D10),KG_HAB,Kilograms per capita,IT,Italy,2004,,1,,,,,
dataflow,ESTAT:ENV_WASMUN(1.0),Municipal waste by waste management operations,A,Annual,DSP_I,Disposal - incineration (D10),KG_HAB,Kilograms per capita,IT,Italy,2005,,1,,,,,
dataflow,ESTAT:ENV_WASMUN(1.0),Municipal waste by waste management operations,A,Annual,DSP_I,Disposal - incineration (D10),KG_HAB,Kilograms per capita,IT,Italy,2006,,1,,,,,
dataflow,ESTAT:ENV_WASMUN(1.0),Municipal waste by waste management operations,A,Annual,DSP_I,Disposal - incineration (D10),KG_HAB,Kilograms per capita,IT,Italy,2007,,0,,,,,
dataflow,ESTAT:ENV_WASMUN(1.0),Municipal waste by waste management operations,A,Annual,DSP_I,Disposal - incineration (D10),KG_HAB,Kilograms per capita,IT,Italy,2008,,1,,,,,
dataflow,ESTAT:ENV_WASMUN(1.0),Municipal waste by waste management operations,A,Annual,DSP_I,Disposal - incineration (D10),KG_HAB,Kilograms per capita,IT,Italy,2009,,0,,,,,
dataflow,ESTAT:ENV_WASMUN(1.0),Municipal waste by waste management operations,A,Annual,DSP_I,Disposal - incineration (D10),KG_HAB,Kilograms per capita,IT,Italy,2010,,1,,,,,
dataflow,ESTAT:ENV_WASMUN(1.0),Municipal waste by waste management operations,A,Annual,DSP_I,Disposal - incineration (D10),KG_HAB,Kilograms per capita,IT,Italy,2011,,1,,,,,
dataflow,ESTAT:ENV_WASMUN(1.0),Municipal waste by waste management operations,A,Annual,DSP_I,Disposal - incineration (D10),KG_HAB,Kilograms per capita,IT,Italy,2012,,0,,,,,
dataflow,ESTAT:ENV_WASMUN(1.0),Municipal waste by waste management operations,A,Annual,DSP_I,Disposal - incineration (D10),KG_HAB,Kilograms per capita,IT,Italy,2013,,0,,,,,
dataflow,ESTAT:ENV_WASMUN(1.0),Municipal waste by waste management operations,A,Annual,DSP_I,Disposal - incineration (D10),KG_HAB,Kilograms per capita,IT,Italy,2014,,0,,,,,
dataflow,ESTAT:ENV_WASMUN(1.0),Municipal waste by waste management operations,A,Annual,DSP_I,Disposal - incineration (D10),KG_HAB,Kilograms per capita,IT,Italy,2015,,51,,b,break in time series,,
dataflow,ESTAT:ENV_WASMUN(1.0),Municipal waste by waste management operations,A,Annual,DSP_I,Disposal - incineration (D10),KG_HAB,Kilograms per capita,IT,Italy,2016,,33,,,,,
dataflow,ESTAT:ENV_WASMUN(1.0),Municipal waste by waste management operations,A,Annual,DSP_I,Disposal - incineration (D10),KG_HAB,Kilograms per capita,IT,Italy,2017,,4,,,,,
dataflow,ESTAT:ENV_WASMUN(1.0),Municipal waste by waste management operations,A,Annual,DSP_I,Disposal - incineration (D10),KG_HAB,Kilograms per capita,IT,Italy,2018,,3,,,,,
dataflow,ESTAT:ENV_WASMUN(1.0),Municipal waste by waste management operations,A,Annual,DSP_I,Disposal - incineration (D10),KG_HAB,Kilograms per capita,IT,Italy,2019,,3,,,,,
dataflow,ESTAT:ENV_WASMUN(1.0),Municipal waste by waste management operations,A,Annual,DSP_I,Disposal - incineration (D10),KG_HAB,Kilograms per capita,IT,Italy,2020,,3,,,,,
dataflow,ESTAT:ENV_WASMUN(1.0),Municipal waste by waste management operations,A,Annual,DSP_I,Disposal - incineration (D10),KG_HAB,Kilograms per capita,IT,Italy,2021,,4,,,,,
dataflow,ESTAT:ENV_WASMUN(1.0),Municipal waste by waste management operations,A,Annual,DSP_I,Disposal - incineration (D10),KG_HAB,Kilograms per capita,IT,Italy,2022,,3,,,,,
dataflow,ESTAT:ENV_WASMUN(1.0),Municipal waste by waste management operations,A,Annual,DSP_I,Disposal - incineration (D10),KG_HAB,Kilograms per capita,LT,Lithuania,1995,,0,,,,,
dataflow,ESTAT:ENV_WASMUN(1.0),Municipal waste by waste management operations,A,Annual,DSP_I,Disposal - incineration (D10),KG_HAB,Kilograms per capita,LT,Lithuania,1996,,0,,,,,
dataflow,ESTAT:ENV_WASMUN(1.0),Municipal waste by waste management operations,A,Annual,DSP_I,Disposal - incineration (D10),KG_HAB,Kilograms per capita,LT,Lithuania,1997,,0,,,,,
dataflow,ESTAT:ENV_WASMUN(1.0),Municipal waste by waste management operations,A,Annual,DSP_I,Disposal - incineration (D10),KG_HAB,Kilograms per capita,LT,Lithuania,1998,,0,,,,,
dataflow,ESTAT:ENV_WASMUN(1.0),Municipal waste by waste management operations,A,Annual,DSP_I,Disposal - incineration (D10),KG_HAB,Kilograms per capita,LT,Lithuania,1999,,0,,,,,
dataflow,ESTAT:ENV_WASMUN(1.0),Municipal waste by waste management operations,A,Annual,DSP_I,Disposal - incineration (D10),KG_HAB,Kilograms per capita,LT,Lithuania,2000,,0,,,,,
dataflow,ESTAT:ENV_WASMUN(1.0),Municipal waste by waste management operations,A,Annual,DSP_I,Disposal - incineration (D10),KG_HAB,Kilograms per capita,LT,Lithuania,2001,,0,,,,,
dataflow,ESTAT:ENV_WASMUN(1.0),Municipal waste by waste management operations,A,Annual,DSP_I,Disposal - incineration (D10),KG_HAB,Kilograms per capita,LT,Lithuania,2002,,0,,,,,
dataflow,ESTAT:ENV_WASMUN(1.0),Municipal waste by waste management operations,A,Annual,DSP_I,Disposal - incineration (D10),KG_HAB,Kilograms per capita,LT,Lithuania,2003,,0,,,,,
dataflow,ESTAT:ENV_WASMUN(1.0),Municipal waste by waste management operations,A,Annual,DSP_I,Disposal - incineration (D10),KG_HAB,Kilograms per capita,LT,Lithuania,2004,,0,,,,,
dataflow,ESTAT:ENV_WASMUN(1.0),Municipal waste by waste management operations,A,Annual,DSP_I,Disposal - incineration (D10),KG_HAB,Kilograms per capita,LT,Lithuania,2005,,0,,,,,
dataflow,ESTAT:ENV_WASMUN(1.0),Municipal waste by waste management operations,A,Annual,DSP_I,Disposal - incineration (D10),KG_HAB,Kilograms per capita,LT,Lithuania,2006,,0,,,,,
dataflow,ESTAT:ENV_WASMUN(1.0),Municipal waste by waste management operations,A,Annual,DSP_I,Disposal - incineration (D10),KG_HAB,Kilograms per capita,LT,Lithuania,2007,,0,,,,,
dataflow,ESTAT:ENV_WASMUN(1.0),Municipal waste by waste management operations,A,Annual,DSP_I,Disposal - incineration (D10),KG_HAB,Kilograms per capita,LT,Lithuania,2008,,0,,,,,
dataflow,ESTAT:ENV_WASMUN(1.0),Municipal waste by waste management operations,A,Annual,DSP_I,Disposal - incineration (D10),KG_HAB,Kilograms per capita,LT,Lithuania,2009,,0,,,,,
dataflow,ESTAT:ENV_WASMUN(1.0),Municipal waste by waste management operations,A,Annual,DSP_I,Disposal - incineration (D10),KG_HAB,Kilograms per capita,LT,Lithuania,2010,,0,,,,,
dataflow,ESTAT:ENV_WASMUN(1.0),Municipal waste by waste management operations,A,Annual,DSP_I,Disposal - incineration (D10),KG_HAB,Kilograms per capita,LT,Lithuania,2011,,1,,,,,
dataflow,ESTAT:ENV_WASMUN(1.0),Municipal waste by waste management operations,A,Annual,DSP_I,Disposal - incineration (D10),KG_HAB,Kilograms per capita,LT,Lithuania,2012,,0,,,,,
dataflow,ESTAT:ENV_WASMUN(1.0),Municipal waste by waste management operations,A,Annual,DSP_I,Disposal - incineration (D10),KG_HAB,Kilograms per capita,LT,Lithuania,2013,,0,,,,,
dataflow,ESTAT:ENV_WASMUN(1.0),Municipal waste by waste management operations,A,Annual,DSP_I,Disposal - incineration (D10),KG_HAB,Kilograms per capita,LT,Lithuania,2014,,0,,,,,
dataflow,ESTAT:ENV_WASMUN(1.0),Municipal waste by waste management operations,A,Annual,DSP_I,Disposal - incineration (D10),KG_HAB,Kilograms per capita,LT,Lithuania,2015,,0,,,,,
dataflow,ESTAT:ENV_WASMUN(1.0),Municipal waste by waste management operations,A,Annual,DSP_I,Disposal - incineration (D10),KG_HAB,Kilograms per capita,LT,Lithuania,2016,,0,,,,,
dataflow,ESTAT:ENV_WASMUN(1.0),Municipal waste by waste management operations,A,Annual,DSP_I,Disposal - incineration (D10),KG_HAB,Kilograms per capita,LT,Lithuania,2017,,0,,,,,
dataflow,ESTAT:ENV_WASMUN(1.0),Municipal waste by waste management operations,A,Annual,DSP_I,Disposal - incineration (D10),KG_HAB,Kilograms per capita,LT,Lithuania,2018,,0,,,,,
dataflow,ESTAT:ENV_WASMUN(1.0),Municipal waste by waste management operations,A,Annual,DSP_I,Disposal - incineration (D10),KG_HAB,Kilograms per capita,LT,Lithuania,2019,,0,,,,,
dataflow,ESTAT:ENV_WASMUN(1.0),Municipal waste by waste management operations,A,Annual,DSP_I,Disposal - incineration (D10),KG_HAB,Kilograms per capita,LT,Lithuania,2020,,0,,,,,
dataflow,ESTAT:ENV_WASMUN(1.0),Municipal waste by waste management operations,A,Annual,DSP_I,Disposal - incineration (D10),KG_HAB,Kilograms per capita,LT,Lithuania,2021,,0,,,,,
dataflow,ESTAT:ENV_WASMUN(1.0),Municipal waste by waste management operations,A,Annual,DSP_I,Disposal - incineration (D10),KG_HAB,Kilograms per capita,LT,Lithuania,2022,,0,,,,,
dataflow,ESTAT:ENV_WASMUN(1.0),Municipal waste by waste management operations,A,Annual,DSP_I,Disposal - incineration (D10),KG_HAB,Kilograms per capita,LT,Lithuania,2023,,0,,,,,
dataflow,ESTAT:ENV_WASMUN(1.0),Municipal waste by waste management operations,A,Annual,DSP_I,Disposal - incineration (D10),KG_HAB,Kilograms per capita,LU,Luxembourg,1995,,0,,,,,
dataflow,ESTAT:ENV_WASMUN(1.0),Municipal waste by waste management operations,A,Annual,DSP_I,Disposal - incineration (D10),KG_HAB,Kilograms per capita,LU,Luxembourg,1996,,0,,,,,
dataflow,ESTAT:ENV_WASMUN(1.0),Municipal waste by waste management operations,A,Annual,DSP_I,Disposal - incineration (D10),KG_HAB,Kilograms per capita,LU,Luxembourg,1997,,0,,,,,
dataflow,ESTAT:ENV_WASMUN(1.0),Municipal waste by waste management operations,A,Annual,DSP_I,Disposal - incineration (D10),KG_HAB,Kilograms per capita,LU,Luxembourg,1998,,0,,,,,
dataflow,ESTAT:ENV_WASMUN(1.0),Municipal waste by waste management operations,A,Annual,DSP_I,Disposal - incineration (D10),KG_HAB,Kilograms per capita,LU,Luxembourg,1999,,0,,,,,
dataflow,ESTAT:ENV_WASMUN(1.0),Municipal waste by waste management operations,A,Annual,DSP_I,Disposal - incineration (D10),KG_HAB,Kilograms per capita,LU,Luxembourg,2000,,0,,,,,
dataflow,ESTAT:ENV_WASMUN(1.0),Municipal waste by waste management operations,A,Annual,DSP_I,Disposal - incineration (D10),KG_HAB,Kilograms per capita,LU,Luxembourg,2001,,0,,,,,
dataflow,ESTAT:ENV_WASMUN(1.0),Municipal waste by waste management operations,A,Annual,DSP_I,Disposal - incineration (D10),KG_HAB,Kilograms per capita,LU,Luxembourg,2002,,0,,,,,
dataflow,ESTAT:ENV_WASMUN(1.0),Municipal waste by waste management operations,A,Annual,DSP_I,Disposal - incineration (D10),KG_HAB,Kilograms per capita,LU,Luxembourg,2003,,0,,,,,
dataflow,ESTAT:ENV_WASMUN(1.0),Municipal waste by waste management operations,A,Annual,DSP_I,Disposal - incineration (D10),KG_HAB,Kilograms per capita,LU,Luxembourg,2004,,0,,,,,
dataflow,ESTAT:ENV_WASMUN(1.0),Municipal waste by waste management operations,A,Annual,DSP_I,Disposal - incineration (D10),KG_HAB,Kilograms per capita,LU,Luxembourg,2005,,0,,,,,
dataflow,ESTAT:ENV_WASMUN(1.0),Municipal waste by waste management operations,A,Annual,DSP_I,Disposal - incineration (D10),KG_HAB,Kilograms per capita,LU,Luxembourg,2006,,0,,,,,
dataflow,ESTAT:ENV_WASMUN(1.0),Municipal waste by waste management operations,A,Annual,DSP_I,Disposal - incineration (D10),KG_HAB,Kilograms per capita,LU,Luxembourg,2007,,0,,,,,
dataflow,ESTAT:ENV_WASMUN(1.0),Municipal waste by waste management operations,A,Annual,DSP_I,Disposal - incineration (D10),KG_HAB,Kilograms per capita,LU,Luxembourg,2008,,0,,,,,
dataflow,ESTAT:ENV_WASMUN(1.0),Municipal waste by waste management operations,A,Annual,DSP_I,Disposal - incineration (D10),KG_HAB,Kilograms per capita,LU,Luxembourg,2009,,0,,,,,
dataflow,ESTAT:ENV_WASMUN(1.0),Municipal waste by waste management operations,A,Annual,DSP_I,Disposal - incineration (D10),KG_HAB,Kilograms per capita,LU,Luxembourg,2010,,0,,,,,
dataflow,ESTAT:ENV_WASMUN(1.0),Municipal waste by waste management operations,A,Annual,DSP_I,Disposal - incineration (D10),KG_HAB,Kilograms per capita,LU,Luxembourg,2011,,0,,,,,
dataflow,ESTAT:ENV_WASMUN(1.0),Municipal waste by waste management operations,A,Annual,DSP_I,Disposal - incineration (D10),KG_HAB,Kilograms per capita,LU,Luxembourg,2012,,0,,,,,
dataflow,ESTAT:ENV_WASMUN(1.0),Municipal waste by waste management operations,A,Annual,DSP_I,Disposal - incineration (D10),KG_HAB,Kilograms per capita,LU,Luxembourg,2013,,0,,,,,
dataflow,ESTAT:ENV_WASMUN(1.0),Municipal waste by waste management operations,A,Annual,DSP_I,Disposal - incineration (D10),KG_HAB,Kilograms per capita,LU,Luxembourg,2014,,0,,,,,
dataflow,ESTAT:ENV_WASMUN(1.0),Municipal waste by waste management operations,A,Annual,DSP_I,Disposal - incineration (D10),KG_HAB,Kilograms per capita,LU,Luxembourg,2015,,0,,,,,
dataflow,ESTAT:ENV_WASMUN(1.0),Municipal waste by waste management operations,A,Annual,DSP_I,Disposal - incineration (D10),KG_HAB,Kilograms per capita,LU,Luxembourg,2016,,0,,b,break in time series,,
dataflow,ESTAT:ENV_WASMUN(1.0),Municipal waste by waste management operations,A,Annual,DSP_I,Disposal - incineration (D10),KG_HAB,Kilograms per capita,LU,Luxembourg,2017,,0,,,,,
dataflow,ESTAT:ENV_WASMUN(1.0),Municipal waste by waste management operations,A,Annual,DSP_I,Disposal - incineration (D10),KG_HAB,Kilograms per capita,LU,Luxembourg,2018,,0,,,,,
dataflow,ESTAT:ENV_WASMUN(1.0),Municipal waste by waste management operations,A,Annual,DSP_I,Disposal - incineration (D10),KG_HAB,Kilograms per capita,LU,Luxembourg,2019,,0,,e,estimated,,
dataflow,ESTAT:ENV_WASMUN(1.0),Municipal waste by waste management operations,A,Annual,DSP_I,Disposal - incineration (D10),KG_HAB,Kilograms per capita,LU,Luxembourg,2020,,0,,i,value imputed by Eurostat or other receiving agencies,,
dataflow,ESTAT:ENV_WASMUN(1.0),Municipal waste by waste management operations,A,Annual,DSP_I,Disposal - incineration (D10),KG_HAB,Kilograms per capita,LU,Luxembourg,2021,,0,,,,,
dataflow,ESTAT:ENV_WASMUN(1.0),Municipal waste by waste management operations,A,Annual,DSP_I,Disposal - incineration (D10),KG_HAB,Kilograms per capita,LU,Luxembourg,2022,,0,,,,,
dataflow,ESTAT:ENV_WASMUN(1.0),Municipal waste by waste management operations,A,Annual,DSP_I,Disposal - incineration (D10),KG_HAB,Kilograms per capita,LU,Luxembourg,2023,,0,,,,,
dataflow,ESTAT:ENV_WASMUN(1.0),Municipal waste by waste management operations,A,Annual,DSP_I,Disposal - incineration (D10),KG_HAB,Kilograms per capita,LV,Latvia,1995,,0,,,,,
dataflow,ESTAT:ENV_WASMUN(1.0),Municipal waste by waste management operations,A,Annual,DSP_I,Disposal - incineration (D10),KG_HAB,Kilograms per capita,LV,Latvia,1996,,0,,,,,
dataflow,ESTAT:ENV_WASMUN(1.0),Municipal waste by waste management operations,A,Annual,DSP_I,Disposal - incineration (D10),KG_HAB,Kilograms per capita,LV,Latvia,1997,,0,,,,,
dataflow,ESTAT:ENV_WASMUN(1.0),Municipal waste by waste management operations,A,Annual,DSP_I,Disposal - incineration (D10),KG_HAB,Kilograms per capita,LV,Latvia,1998,,0,,,,,
dataflow,ESTAT:ENV_WASMUN(1.0),Municipal waste by waste management operations,A,Annual,DSP_I,Disposal - incineration (D10),KG_HAB,Kilograms per capita,LV,Latvia,1999,,0,,,,,
dataflow,ESTAT:ENV_WASMUN(1.0),Municipal waste by waste management operations,A,Annual,DSP_I,Disposal - incineration (D10),KG_HAB,Kilograms per capita,LV,Latvia,2000,,0,,,,,
dataflow,ESTAT:ENV_WASMUN(1.0),Municipal waste by waste management operations,A,Annual,DSP_I,Disposal - incineration (D10),KG_HAB,Kilograms per capita,LV,Latvia,2001,,0,,,,,
dataflow,ESTAT:ENV_WASMUN(1.0),Municipal waste by waste management operations,A,Annual,DSP_I,Disposal - incineration (D10),KG_HAB,Kilograms per capita,LV,Latvia,2002,,0,,,,,
dataflow,ESTAT:ENV_WASMUN(1.0),Municipal waste by waste management operations,A,Annual,DSP_I,Disposal - incineration (D10),KG_HAB,Kilograms per capita,LV,Latvia,2003,,0,,,,,
dataflow,ESTAT:ENV_WASMUN(1.0),Municipal waste by waste management operations,A,Annual,DSP_I,Disposal - incineration (D10),KG_HAB,Kilograms per capita,LV,Latvia,2004,,0,,,,,
dataflow,ESTAT:ENV_WASMUN(1.0),Municipal waste by waste management operations,A,Annual,DSP_I,Disposal - incineration (D10),KG_HAB,Kilograms per capita,LV,Latvia,2005,,0,,,,,
dataflow,ESTAT:ENV_WASMUN(1.0),Municipal waste by waste management operations,A,Annual,DSP_I,Disposal - incineration (D10),KG_HAB,Kilograms per capita,LV,Latvia,2006,,0,,,,,
dataflow,ESTAT:ENV_WASMUN(1.0),Municipal waste by waste management operations,A,Annual,DSP_I,Disposal - incineration (D10),KG_HAB,Kilograms per capita,LV,Latvia,2007,,0,,,,,
dataflow,ESTAT:ENV_WASMUN(1.0),Municipal waste by waste management operations,A,Annual,DSP_I,Disposal - incineration (D10),KG_HAB,Kilograms per capita,LV,Latvia,2008,,0,,,,,
dataflow,ESTAT:ENV_WASMUN(1.0),Municipal waste by waste management operations,A,Annual,DSP_I,Disposal - incineration (D10),KG_HAB,Kilograms per capita,LV,Latvia,2009,,0,,,,,
dataflow,ESTAT:ENV_WASMUN(1.0),Municipal waste by waste management operations,A,Annual,DSP_I,Disposal - incineration (D10),KG_HAB,Kilograms per capita,LV,Latvia,2010,,0,,,,,
dataflow,ESTAT:ENV_WASMUN(1.0),Municipal waste by waste management operations,A,Annual,DSP_I,Disposal - incineration (D10),KG_HAB,Kilograms per capita,LV,Latvia,2011,,0,,,,,
dataflow,ESTAT:ENV_WASMUN(1.0),Municipal waste by waste management operations,A,Annual,DSP_I,Disposal - incineration (D10),KG_HAB,Kilograms per capita,LV,Latvia,2012,,0,,,,,
dataflow,ESTAT:ENV_WASMUN(1.0),Municipal waste by waste management operations,A,Annual,DSP_I,Disposal - incineration (D10),KG_HAB,Kilograms per capita,LV,Latvia,2013,,0,,,,,
dataflow,ESTAT:ENV_WASMUN(1.0),Municipal waste by waste management operations,A,Annual,DSP_I,Disposal - incineration (D10),KG_HAB,Kilograms per capita,LV,Latvia,2014,,0,,,,,
dataflow,ESTAT:ENV_WASMUN(1.0),Municipal waste by waste management operations,A,Annual,DSP_I,Disposal - incineration (D10),KG_HAB,Kilograms per capita,LV,Latvia,2015,,0,,,,,
dataflow,ESTAT:ENV_WASMUN(1.0),Municipal waste by waste management operations,A,Annual,DSP_I,Disposal - incineration (D10),KG_HAB,Kilograms per capita,LV,Latvia,2016,,0,,,,,
dataflow,ESTAT:ENV_WASMUN(1.0),Municipal waste by waste management operations,A,Annual,DSP_I,Disposal - incineration (D10),KG_HAB,Kilograms per capita,LV,Latvia,2017,,0,,,,,
dataflow,ESTAT:ENV_WASMUN(1.0),Municipal waste by waste management operations,A,Annual,DSP_I,Disposal - incineration (D10),KG_HAB,Kilograms per capita,LV,Latvia,2018,,0,,,,,
dataflow,ESTAT:ENV_WASMUN(1.0),Municipal waste by waste management operations,A,Annual,DSP_I,Disposal - incineration (D10),KG_HAB,Kilograms per capita,LV,Latvia,2019,,0,,i,value imputed by Eurostat or other receiving agencies,,
dataflow,ESTAT:ENV_WASMUN(1.0),Municipal waste by waste management operations,A,Annual,DSP_I,Disposal - incineration (D10),KG_HAB,Kilograms per capita,LV,Latvia,2020,,0,,,,,
dataflow,ESTAT:ENV_WASMUN(1.0),Municipal waste by waste management operations,A,Annual,DSP_I,Disposal - incineration (D10),KG_HAB,Kilograms per capita,LV,Latvia,2021,,0,,,,,
dataflow,ESTAT:ENV_WASMUN(1.0),Municipal waste by waste management operations,A,Annual,DSP_I,Disposal - incineration (D10),KG_HAB,Kilograms per capita,LV,Latvia,2022,,0,,,,,
dataflow,ESTAT:ENV_WASMUN(1.0),Municipal waste by waste management operations,A,Annual,DSP_I,Disposal - incineration (D10),KG_HAB,Kilograms per capita,ME,Montenegro,2012,,0,,e,estimated,,
dataflow,ESTAT:ENV_WASMUN(1.0),Municipal waste by waste management operations,A,Annual,DSP_I,Disposal - incineration (D10),KG_HAB,Kilograms per capita,ME,Montenegro,2013,,0,,e,estimated,,
dataflow,ESTAT:ENV_WASMUN(1.0),Municipal waste by waste management operations,A,Annual,DSP_I,Disposal - incineration (D10),KG_HAB,Kilograms per capita,ME,Montenegro,2014,,0,,e,estimated,,
dataflow,ESTAT:ENV_WASMUN(1.0),Municipal waste by waste management operations,A,Annual,DSP_I,Disposal - incineration (D10),KG_HAB,Kilograms per capita,ME,Montenegro,2015,,0,,e,estimated,,
dataflow,ESTAT:ENV_WASMUN(1.0),Municipal waste by waste management operations,A,Annual,DSP_I,Disposal - incineration (D10),KG_HAB,Kilograms per capita,ME,Montenegro,2016,,0,,e,estimated,,
dataflow,ESTAT:ENV_WASMUN(1.0),Municipal waste by waste management operations,A,Annual,DSP_I,Disposal - incineration (D10),KG_HAB,Kilograms per capita,ME,Montenegro,2018,,0,,e,estimated,,
dataflow,ESTAT:ENV_WASMUN(1.0),Municipal waste by waste management operations,A,Annual,DSP_I,Disposal - incineration (D10),KG_HAB,Kilograms per capita,ME,Montenegro,2019,,0,,e,estimated,,
dataflow,ESTAT:ENV_WASMUN(1.0),Municipal waste by waste management operations,A,Annual,DSP_I,Disposal - incineration (D10),KG_HAB,Kilograms per capita,ME,Montenegro,2020,,0,,e,estimated,,
dataflow,ESTAT:ENV_WASMUN(1.0),Municipal waste by waste management operations,A,Annual,DSP_I,Disposal - incineration (D10),KG_HAB,Kilograms per capita,ME,Montenegro,2021,,0,,e,estimated,,
dataflow,ESTAT:ENV_WASMUN(1.0),Municipal waste by waste management operations,A,Annual,DSP_I,Disposal - incineration (D10),KG_HAB,Kilograms per capita,ME,Montenegro,2022,,0,,,,,
dataflow,ESTAT:ENV_WASMUN(1.0),Municipal waste by waste management operations,A,Annual,DSP_I,Disposal - incineration (D10),KG_HAB,Kilograms per capita,ME,Montenegro,2023,,0,,,,,
dataflow,ESTAT:ENV_WASMUN(1.0),Municipal waste by waste management operations,A,Annual,DSP_I,Disposal - incineration (D10),KG_HAB,Kilograms per capita,MK,North Macedonia,2008,,0,,,,,
dataflow,ESTAT:ENV_WASMUN(1.0),Municipal waste by waste management operations,A,Annual,DSP_I,Disposal - incineration (D10),KG_HAB,Kilograms per capita,MK,North Macedonia,2011,,0,,,,,
dataflow,ESTAT:ENV_WASMUN(1.0),Municipal waste by waste management operations,A,Annual,DSP_I,Disposal - incineration (D10),KG_HAB,Kilograms per capita,MK,North Macedonia,2022,,0,,,,,
dataflow,ESTAT:ENV_WASMUN(1.0),Municipal waste by waste management operations,A,Annual,DSP_I,Disposal - incineration (D10),KG_HAB,Kilograms per capita,MT,Malta,1995,,0,,,,,
dataflow,ESTAT:ENV_WASMUN(1.0),Municipal waste by waste management operations,A,Annual,DSP_I,Disposal - incineration (D10),KG_HAB,Kilograms per capita,MT,Malta,1996,,0,,,,,
dataflow,ESTAT:ENV_WASMUN(1.0),Municipal waste by waste management operations,A,Annual,DSP_I,Disposal - incineration (D10),KG_HAB,Kilograms per capita,MT,Malta,1997,,0,,,,,
dataflow,ESTAT:ENV_WASMUN(1.0),Municipal waste by waste management operations,A,Annual,DSP_I,Disposal - incineration (D10),KG_HAB,Kilograms per capita,MT,Malta,1998,,0,,,,,
dataflow,ESTAT:ENV_WASMUN(1.0),Municipal waste by waste management operations,A,Annual,DSP_I,Disposal - incineration (D10),KG_HAB,Kilograms per capita,MT,Malta,1999,,0,,,,,
dataflow,ESTAT:ENV_WASMUN(1.0),Municipal waste by waste management operations,A,Annual,DSP_I,Disposal - incineration (D10),KG_HAB,Kilograms per capita,MT,Malta,2000,,0,,,,,
dataflow,ESTAT:ENV_WASMUN(1.0),Municipal waste by waste management operations,A,Annual,DSP_I,Disposal - incineration (D10),KG_HAB,Kilograms per capita,MT,Malta,2001,,0,,,,,
dataflow,ESTAT:ENV_WASMUN(1.0),Municipal waste by waste management operations,A,Annual,DSP_I,Disposal - incineration (D10),KG_HAB,Kilograms per capita,MT,Malta,2002,,0,,,,,
dataflow,ESTAT:ENV_WASMUN(1.0),Municipal waste by waste management operations,A,Annual,DSP_I,Disposal - incineration (D10),KG_HAB,Kilograms per capita,MT,Malta,2003,,0,,,,,
dataflow,ESTAT:ENV_WASMUN(1.0),Municipal waste by waste management operations,A,Annual,DSP_I,Disposal - incineration (D10),KG_HAB,Kilograms per capita,MT,Malta,2004,,0,,,,,
dataflow,ESTAT:ENV_WASMUN(1.0),Municipal waste by waste management operations,A,Annual,DSP_I,Disposal - incineration (D10),KG_HAB,Kilograms per capita,MT,Malta,2005,,0,,,,,
dataflow,ESTAT:ENV_WASMUN(1.0),Municipal waste by waste management operations,A,Annual,DSP_I,Disposal - incineration (D10),KG_HAB,Kilograms per capita,MT,Malta,2006,,0,,,,,
dataflow,ESTAT:ENV_WASMUN(1.0),Municipal waste by waste management operations,A,Annual,DSP_I,Disposal - incineration (D10),KG_HAB,Kilograms per capita,MT,Malta,2007,,0,,,,,
dataflow,ESTAT:ENV_WASMUN(1.0),Municipal waste by waste management operations,A,Annual,DSP_I,Disposal - incineration (D10),KG_HAB,Kilograms per capita,MT,Malta,2008,,0,,,,,
dataflow,ESTAT:ENV_WASMUN(1.0),Municipal waste by waste management operations,A,Annual,DSP_I,Disposal - incineration (D10),KG_HAB,Kilograms per capita,MT,Malta,2009,,0,,,,,
dataflow,ESTAT:ENV_WASMUN(1.0),Municipal waste by waste management operations,A,Annual,DSP_I,Disposal - incineration (D10),KG_HAB,Kilograms per capita,MT,Malta,2010,,0,,,,,
dataflow,ESTAT:ENV_WASMUN(1.0),Municipal waste by waste management operations,A,Annual,DSP_I,Disposal - incineration (D10),KG_HAB,Kilograms per capita,MT,Malta,2011,,0,,,,,
dataflow,ESTAT:ENV_WASMUN(1.0),Municipal waste by waste management operations,A,Annual,DSP_I,Disposal - incineration (D10),KG_HAB,Kilograms per capita,MT,Malta,2012,,0,,,,,
dataflow,ESTAT:ENV_WASMUN(1.0),Municipal waste by waste management operations,A,Annual,DSP_I,Disposal - incineration (D10),KG_HAB,Kilograms per capita,MT,Malta,2013,,0,,,,,
dataflow,ESTAT:ENV_WASMUN(1.0),Municipal waste by waste management operations,A,Annual,DSP_I,Disposal - incineration (D10),KG_HAB,Kilograms per capita,MT,Malta,2014,,0,,,,,
dataflow,ESTAT:ENV_WASMUN(1.0),Municipal waste by waste management operations,A,Annual,DSP_I,Disposal - incineration (D10),KG_HAB,Kilograms per capita,MT,Malta,2015,,0,,,,,
dataflow,ESTAT:ENV_WASMUN(1.0),Municipal waste by waste management operations,A,Annual,DSP_I,Disposal - incineration (D10),KG_HAB,Kilograms per capita,MT,Malta,2016,,0,,,,,
dataflow,ESTAT:ENV_WASMUN(1.0),Municipal waste by waste management operations,A,Annual,DSP_I,Disposal - incineration (D10),KG_HAB,Kilograms per capita,MT,Malta,2017,,0,,,,,
dataflow,ESTAT:ENV_WASMUN(1.0),Municipal waste by waste management operations,A,Annual,DSP_I,Disposal - incineration (D10),KG_HAB,Kilograms per capita,MT,Malta,2018,,0,,,,,
dataflow,ESTAT:ENV_WASMUN(1.0),Municipal waste by waste management operations,A,Annual,DSP_I,Disposal - incineration (D10),KG_HAB,Kilograms per capita,MT,Malta,2019,,0,,,,,
dataflow,ESTAT:ENV_WASMUN(1.0),Municipal waste by waste management operations,A,Annual,DSP_I,Disposal - incineration (D10),KG_HAB,Kilograms per capita,MT,Malta,2020,,0,,,,,
dataflow,ESTAT:ENV_WASMUN(1.0),Municipal waste by waste management operations,A,Annual,DSP_I,Disposal - incineration (D10),KG_HAB,Kilograms per capita,MT,Malta,2021,,0,,,,,
dataflow,ESTAT:ENV_WASMUN(1.0),Municipal waste by waste management operations,A,Annual,DSP_I,Disposal - incineration (D10),KG_HAB,Kilograms per capita,MT,Malta,2022,,0,,,,,
dataflow,ESTAT:ENV_WASMUN(1.0),Municipal waste by waste management operations,A,Annual,DSP_I,Disposal - incineration (D10),KG_HAB,Kilograms per capita,MT,Malta,2023,,0,,,,,
dataflow,ESTAT:ENV_WASMUN(1.0),Municipal waste by waste management operations,A,Annual,DSP_I,Disposal - incineration (D10),KG_HAB,Kilograms per capita,NL,Netherlands,1995,,138,,,,,
dataflow,ESTAT:ENV_WASMUN(1.0),Municipal waste by waste management operations,A,Annual,DSP_I,Disposal - incineration (D10),KG_HAB,Kilograms per capita,NL,Netherlands,1996,,171,,,,,
dataflow,ESTAT:ENV_WASMUN(1.0),Municipal waste by waste management operations,A,Annual,DSP_I,Disposal - incineration (D10),KG_HAB,Kilograms per capita,NL,Netherlands,1997,,218,,,,,
dataflow,ESTAT:ENV_WASMUN(1.0),Municipal waste by waste management operations,A,Annual,DSP_I,Disposal - incineration (D10),KG_HAB,Kilograms per capita,NL,Netherlands,1998,,198,,,,,
dataflow,ESTAT:ENV_WASMUN(1.0),Municipal waste by waste management operations,A,Annual,DSP_I,Disposal - incineration (D10),KG_HAB,Kilograms per capita,NL,Netherlands,1999,,202,,,,,
dataflow,ESTAT:ENV_WASMUN(1.0),Municipal waste by waste management operations,A,Annual,DSP_I,Disposal - incineration (D10),KG_HAB,Kilograms per capita,NL,Netherlands,2000,,190,,,,,
dataflow,ESTAT:ENV_WASMUN(1.0),Municipal waste by waste management operations,A,Annual,DSP_I,Disposal - incineration (D10),KG_HAB,Kilograms per capita,NL,Netherlands,2001,,198,,,,,
dataflow,ESTAT:ENV_WASMUN(1.0),Municipal waste by waste management operations,A,Annual,DSP_I,Disposal - incineration (D10),KG_HAB,Kilograms per capita,NL,Netherlands,2002,,194,,,,,
dataflow,ESTAT:ENV_WASMUN(1.0),Municipal waste by waste management operations,A,Annual,DSP_I,Disposal - incineration (D10),KG_HAB,Kilograms per capita,NL,Netherlands,2003,,197,,,,,
dataflow,ESTAT:ENV_WASMUN(1.0),Municipal waste by waste management operations,A,Annual,DSP_I,Disposal - incineration (D10),KG_HAB,Kilograms per capita,NL,Netherlands,2004,,202,,,,,
dataflow,ESTAT:ENV_WASMUN(1.0),Municipal waste by waste management operations,A,Annual,DSP_I,Disposal - incineration (D10),KG_HAB,Kilograms per capita,NL,Netherlands,2005,,202,,,,,
dataflow,ESTAT:ENV_WASMUN(1.0),Municipal waste by waste management operations,A,Annual,DSP_I,Disposal - incineration (D10),KG_HAB,Kilograms per capita,NL,Netherlands,2006,,199,,,,,
dataflow,ESTAT:ENV_WASMUN(1.0),Municipal waste by waste management operations,A,Annual,DSP_I,Disposal - incineration (D10),KG_HAB,Kilograms per capita,NL,Netherlands,2007,,199,,,,,
dataflow,ESTAT:ENV_WASMUN(1.0),Municipal waste by waste management operations,A,Annual,DSP_I,Disposal - incineration (D10),KG_HAB,Kilograms per capita,NL,Netherlands,2008,,247,,b,break in time series,,
dataflow,ESTAT:ENV_WASMUN(1.0),Municipal waste by waste management operations,A,Annual,DSP_I,Disposal - incineration (D10),KG_HAB,Kilograms per capita,NL,Netherlands,2009,,239,,,,,
dataflow,ESTAT:ENV_WASMUN(1.0),Municipal waste by waste management operations,A,Annual,DSP_I,Disposal - incineration (D10),KG_HAB,Kilograms per capita,NL,Netherlands,2010,,110,,,,,
dataflow,ESTAT:ENV_WASMUN(1.0),Municipal waste by waste management operations,A,Annual,DSP_I,Disposal - incineration (D10),KG_HAB,Kilograms per capita,NL,Netherlands,2011,,43,,,,,
dataflow,ESTAT:ENV_WASMUN(1.0),Municipal waste by waste management operations,A,Annual,DSP_I,Disposal - incineration (D10),KG_HAB,Kilograms per capita,NL,Netherlands,2012,,7,,,,,
dataflow,ESTAT:ENV_WASMUN(1.0),Municipal waste by waste management operations,A,Annual,DSP_I,Disposal - incineration (D10),KG_HAB,Kilograms per capita,NL,Netherlands,2013,,6,,,,,
dataflow,ESTAT:ENV_WASMUN(1.0),Municipal waste by waste management operations,A,Annual,DSP_I,Disposal - incineration (D10),KG_HAB,Kilograms per capita,NL,Netherlands,2014,,6,,,,,
dataflow,ESTAT:ENV_WASMUN(1.0),Municipal waste by waste management operations,A,Annual,DSP_I,Disposal - incineration (D10),KG_HAB,Kilograms per capita,NL,Netherlands,2015,,6,,,,,
dataflow,ESTAT:ENV_WASMUN(1.0),Municipal waste by waste management operations,A,Annual,DSP_I,Disposal - incineration (D10),KG_HAB,Kilograms per capita,NL,Netherlands,2016,,6,,,,,
dataflow,ESTAT:ENV_WASMUN(1.0),Municipal waste by waste management operations,A,Annual,DSP_I,Disposal - incineration (D10),KG_HAB,Kilograms per capita,NL,Netherlands,2017,,5,,,,,
dataflow,ESTAT:ENV_WASMUN(1.0),Municipal waste by waste management operations,A,Annual,DSP_I,Disposal - incineration (D10),KG_HAB,Kilograms per capita,NL,Netherlands,2018,,5,,,,,
dataflow,ESTAT:ENV_WASMUN(1.0),Municipal waste by waste management operations,A,Annual,DSP_I,Disposal - incineration (D10),KG_HAB,Kilograms per capita,NL,Netherlands,2019,,5,,,,,
dataflow,ESTAT:ENV_WASMUN(1.0),Municipal waste by waste management operations,A,Annual,DSP_I,Disposal - incineration (D10),KG_HAB,Kilograms per capita,NL,Netherlands,2020,,5,,,,,
dataflow,ESTAT:ENV_WASMUN(1.0),Municipal waste by waste management operations,A,Annual,DSP_I,Disposal - incineration (D10),KG_HAB,Kilograms per capita,NL,Netherlands,2021,,5,,,,,
dataflow,ESTAT:ENV_WASMUN(1.0),Municipal waste by waste management operations,A,Annual,DSP_I,Disposal - incineration (D10),KG_HAB,Kilograms per capita,NL,Netherlands,2022,,5,,p,provisional,,
dataflow,ESTAT:ENV_WASMUN(1.0),Municipal waste by waste management operations,A,Annual,DSP_I,Disposal - incineration (D10),KG_HAB,Kilograms per capita,NL,Netherlands,2023,,4,,,,,
dataflow,ESTAT:ENV_WASMUN(1.0),Municipal waste by waste management operations,A,Annual,DSP_I,Disposal - incineration (D10),KG_HAB,Kilograms per capita,NO,Norway,1995,,12,,,,,
dataflow,ESTAT:ENV_WASMUN(1.0),Municipal waste by waste management operations,A,Annual,DSP_I,Disposal - incineration (D10),KG_HAB,Kilograms per capita,NO,Norway,1996,,0,,,,,
dataflow,ESTAT:ENV_WASMUN(1.0),Municipal waste by waste management operations,A,Annual,DSP_I,Disposal - incineration (D10),KG_HAB,Kilograms per capita,NO,Norway,1997,,0,,,,,
dataflow,ESTAT:ENV_WASMUN(1.0),Municipal waste by waste management operations,A,Annual,DSP_I,Disposal - incineration (D10),KG_HAB,Kilograms per capita,NO,Norway,1998,,0,,,,,
dataflow,ESTAT:ENV_WASMUN(1.0),Municipal waste by waste management operations,A,Annual,DSP_I,Disposal - incineration (D10),KG_HAB,Kilograms per capita,NO,Norway,1999,,0,,,,,
dataflow,ESTAT:ENV_WASMUN(1.0),Municipal waste by waste management operations,A,Annual,DSP_I,Disposal - incineration (D10),KG_HAB,Kilograms per capita,NO,Norway,2000,,0,,,,,
dataflow,ESTAT:ENV_WASMUN(1.0),Municipal waste by waste management operations,A,Annual,DSP_I,Disposal - incineration (D10),KG_HAB,Kilograms per capita,NO,Norway,2001,,0,,,,,
dataflow,ESTAT:ENV_WASMUN(1.0),Municipal waste by waste management operations,A,Annual,DSP_I,Disposal - incineration (D10),KG_HAB,Kilograms per capita,NO,Norway,2002,,0,,,,,
dataflow,ESTAT:ENV_WASMUN(1.0),Municipal waste by waste management operations,A,Annual,DSP_I,Disposal - incineration (D10),KG_HAB,Kilograms per capita,NO,Norway,2003,,0,,,,,
dataflow,ESTAT:ENV_WASMUN(1.0),Municipal waste by waste management operations,A,Annual,DSP_I,Disposal - incineration (D10),KG_HAB,Kilograms per capita,NO,Norway,2004,,0,,,,,
dataflow,ESTAT:ENV_WASMUN(1.0),Municipal waste by waste management operations,A,Annual,DSP_I,Disposal - incineration (D10),KG_HAB,Kilograms per capita,NO,Norway,2005,,0,,,,,
dataflow,ESTAT:ENV_WASMUN(1.0),Municipal waste by waste management operations,A,Annual,DSP_I,Disposal - incineration (D10),KG_HAB,Kilograms per capita,NO,Norway,2006,,0,,,,,
dataflow,ESTAT:ENV_WASMUN(1.0),Municipal waste by waste management operations,A,Annual,DSP_I,Disposal - incineration (D10),KG_HAB,Kilograms per capita,NO,Norway,2007,,0,,,,,
dataflow,ESTAT:ENV_WASMUN(1.0),Municipal waste by waste management operations,A,Annual,DSP_I,Disposal - incineration (D10),KG_HAB,Kilograms per capita,NO,Norway,2008,,0,,,,,
dataflow,ESTAT:ENV_WASMUN(1.0),Municipal waste by waste management operations,A,Annual,DSP_I,Disposal - incineration (D10),KG_HAB,Kilograms per capita,NO,Norway,2009,,0,,,,,
dataflow,ESTAT:ENV_WASMUN(1.0),Municipal waste by waste management operations,A,Annual,DSP_I,Disposal - incineration (D10),KG_HAB,Kilograms per capita,NO,Norway,2010,,0,,,,,
dataflow,ESTAT:ENV_WASMUN(1.0),Municipal waste by waste management operations,A,Annual,DSP_I,Disposal - incineration (D10),KG_HAB,Kilograms per capita,NO,Norway,2011,,0,,,,,
dataflow,ESTAT:ENV_WASMUN(1.0),Municipal waste by waste management operations,A,Annual,DSP_I,Disposal - incineration (D10),KG_HAB,Kilograms per capita,NO,Norway,2012,,0,,,,,
dataflow,ESTAT:ENV_WASMUN(1.0),Municipal waste by waste management operations,A,Annual,DSP_I,Disposal - incineration (D10),KG_HAB,Kilograms per capita,NO,Norway,2013,,0,,,,,
dataflow,ESTAT:ENV_WASMUN(1.0),Municipal waste by waste management operations,A,Annual,DSP_I,Disposal - incineration (D10),KG_HAB,Kilograms per capita,NO,Norway,2014,,0,,b,break in time series,,
dataflow,ESTAT:ENV_WASMUN(1.0),Municipal waste by waste management operations,A,Annual,DSP_I,Disposal - incineration (D10),KG_HAB,Kilograms per capita,NO,Norway,2015,,0,,,,,
dataflow,ESTAT:ENV_WASMUN(1.0),Municipal waste by waste management operations,A,Annual,DSP_I,Disposal - incineration (D10),KG_HAB,Kilograms per capita,NO,Norway,2016,,0,,b,break in time series,,
dataflow,ESTAT:ENV_WASMUN(1.0),Municipal waste by waste management operations,A,Annual,DSP_I,Disposal - incineration (D10),KG_HAB,Kilograms per capita,NO,Norway,2017,,0,,,,,
dataflow,ESTAT:ENV_WASMUN(1.0),Municipal waste by waste management operations,A,Annual,DSP_I,Disposal - incineration (D10),KG_HAB,Kilograms per capita,NO,Norway,2018,,0,,,,,
dataflow,ESTAT:ENV_WASMUN(1.0),Municipal waste by waste management operations,A,Annual,DSP_I,Disposal - incineration (D10),KG_HAB,Kilograms per capita,NO,Norway,2019,,0,,,,,
dataflow,ESTAT:ENV_WASMUN(1.0),Municipal waste by waste management operations,A,Annual,DSP_I,Disposal - incineration (D10),KG_HAB,Kilograms per capita,NO,Norway,2020,,0,,b,break in time series,,
dataflow,ESTAT:ENV_WASMUN(1.0),Municipal waste by waste management operations,A,Annual,DSP_I,Disposal - incineration (D10),KG_HAB,Kilograms per capita,NO,Norway,2021,,0,,,,,
dataflow,ESTAT:ENV_WASMUN(1.0),Municipal waste by waste management operations,A,Annual,DSP_I,Disposal - incineration (D10),KG_HAB,Kilograms per capita,NO,Norway,2022,,0,,,,,
dataflow,ESTAT:ENV_WASMUN(1.0),Municipal waste by waste management operations,A,Annual,DSP_I,Disposal - incineration (D10),KG_HAB,Kilograms per capita,NO,Norway,2023,,0,,,,,
dataflow,ESTAT:ENV_WASMUN(1.0),Municipal waste by waste management operations,A,Annual,DSP_I,Disposal - incineration (D10),KG_HAB,Kilograms per capita,PL,Poland,1995,,0,,,,,
dataflow,ESTAT:ENV_WASMUN(1.0),Municipal waste by waste management operations,A,Annual,DSP_I,Disposal - incineration (D10),KG_HAB,Kilograms per capita,PL,Poland,1996,,0,,,,,
dataflow,ESTAT:ENV_WASMUN(1.0),Municipal waste by waste management operations,A,Annual,DSP_I,Disposal - incineration (D10),KG_HAB,Kilograms per capita,PL,Poland,1997,,0,,,,,
dataflow,ESTAT:ENV_WASMUN(1.0),Municipal waste by waste management operations,A,Annual,DSP_I,Disposal - incineration (D10),KG_HAB,Kilograms per capita,PL,Poland,1998,,0,,,,,
dataflow,ESTAT:ENV_WASMUN(1.0),Municipal waste by waste management operations,A,Annual,DSP_I,Disposal - incineration (D10),KG_HAB,Kilograms per capita,PL,Poland,1999,,0,,,,,
dataflow,ESTAT:ENV_WASMUN(1.0),Municipal waste by waste management operations,A,Annual,DSP_I,Disposal - incineration (D10),KG_HAB,Kilograms per capita,PL,Poland,2000,,0,,,,,
dataflow,ESTAT:ENV_WASMUN(1.0),Municipal waste by waste management operations,A,Annual,DSP_I,Disposal - incineration (D10),KG_HAB,Kilograms per capita,PL,Poland,2001,,0,,,,,
dataflow,ESTAT:ENV_WASMUN(1.0),Municipal waste by waste management operations,A,Annual,DSP_I,Disposal - incineration (D10),KG_HAB,Kilograms per capita,PL,Poland,2002,,1,,,,,
dataflow,ESTAT:ENV_WASMUN(1.0),Municipal waste by waste management operations,A,Annual,DSP_I,Disposal - incineration (D10),KG_HAB,Kilograms per capita,PL,Poland,2003,,1,,,,,
dataflow,ESTAT:ENV_WASMUN(1.0),Municipal waste by waste management operations,A,Annual,DSP_I,Disposal - incineration (D10),KG_HAB,Kilograms per capita,PL,Poland,2004,,1,,,,,
dataflow,ESTAT:ENV_WASMUN(1.0),Municipal waste by waste management operations,A,Annual,DSP_I,Disposal - incineration (D10),KG_HAB,Kilograms per capita,PL,Poland,2005,,1,,,,,
dataflow,ESTAT:ENV_WASMUN(1.0),Municipal waste by waste management operations,A,Annual,DSP_I,Disposal - incineration (D10),KG_HAB,Kilograms per capita,PL,Poland,2006,,1,,,,,
dataflow,ESTAT:ENV_WASMUN(1.0),Municipal waste by waste management operations,A,Annual,DSP_I,Disposal - incineration (D10),KG_HAB,Kilograms per capita,PL,Poland,2007,,1,,,,,
dataflow,ESTAT:ENV_WASMUN(1.0),Municipal waste by waste management operations,A,Annual,DSP_I,Disposal - incineration (D10),KG_HAB,Kilograms per capita,PL,Poland,2008,,1,,,,,
dataflow,ESTAT:ENV_WASMUN(1.0),Municipal waste by waste management operations,A,Annual,DSP_I,Disposal - incineration (D10),KG_HAB,Kilograms per capita,PL,Poland,2009,,1,,,,,
dataflow,ESTAT:ENV_WASMUN(1.0),Municipal waste by waste management operations,A,Annual,DSP_I,Disposal - incineration (D10),KG_HAB,Kilograms per capita,PL,Poland,2010,,1,,,,,
dataflow,ESTAT:ENV_WASMUN(1.0),Municipal waste by waste management operations,A,Annual,DSP_I,Disposal - incineration (D10),KG_HAB,Kilograms per capita,PL,Poland,2011,,1,,,,,
dataflow,ESTAT:ENV_WASMUN(1.0),Municipal waste by waste management operations,A,Annual,DSP_I,Disposal - incineration (D10),KG_HAB,Kilograms per capita,PL,Poland,2012,,1,,,,,
dataflow,ESTAT:ENV_WASMUN(1.0),Municipal waste by waste management operations,A,Annual,DSP_I,Disposal - incineration (D10),KG_HAB,Kilograms per capita,PL,Poland,2013,,5,,be,"break in time series, estimated",,
dataflow,ESTAT:ENV_WASMUN(1.0),Municipal waste by waste management operations,A,Annual,DSP_I,Disposal - incineration (D10),KG_HAB,Kilograms per capita,PL,Poland,2014,,10,,be,"break in time series, estimated",,
dataflow,ESTAT:ENV_WASMUN(1.0),Municipal waste by waste management operations,A,Annual,DSP_I,Disposal - incineration (D10),KG_HAB,Kilograms per capita,PL,Poland,2015,,3,,e,estimated,,
dataflow,ESTAT:ENV_WASMUN(1.0),Municipal waste by waste management operations,A,Annual,DSP_I,Disposal - incineration (D10),KG_HAB,Kilograms per capita,PL,Poland,2016,,4,,e,estimated,,
dataflow,ESTAT:ENV_WASMUN(1.0),Municipal waste by waste management operations,A,Annual,DSP_I,Disposal - incineration (D10),KG_HAB,Kilograms per capita,PL,Poland,2017,,5,,e,estimated,,
dataflow,ESTAT:ENV_WASMUN(1.0),Municipal waste by waste management operations,A,Annual,DSP_I,Disposal - incineration (D10),KG_HAB,Kilograms per capita,PL,Poland,2018,,5,,e,estimated,,
dataflow,ESTAT:ENV_WASMUN(1.0),Municipal waste by waste management operations,A,Annual,DSP_I,Disposal - incineration (D10),KG_HAB,Kilograms per capita,PL,Poland,2019,,5,,e,estimated,,
dataflow,ESTAT:ENV_WASMUN(1.0),Municipal waste by waste management operations,A,Annual,DSP_I,Disposal - incineration (D10),KG_HAB,Kilograms per capita,PL,Poland,2020,,4,,,,,
dataflow,ESTAT:ENV_WASMUN(1.0),Municipal waste by waste management operations,A,Annual,DSP_I,Disposal - incineration (D10),KG_HAB,Kilograms per capita,PL,Poland,2021,,5,,,,,
dataflow,ESTAT:ENV_WASMUN(1.0),Municipal waste by waste management operations,A,Annual,DSP_I,Disposal - incineration (D10),KG_HAB,Kilograms per capita,PL,Poland,2022,,3,,,,,
dataflow,ESTAT:ENV_WASMUN(1.0),Municipal waste by waste management operations,A,Annual,DSP_I,Disposal - incineration (D10),KG_HAB,Kilograms per capita,PL,Poland,2023,,3,,,,,
dataflow,ESTAT:ENV_WASMUN(1.0),Municipal waste by waste management operations,A,Annual,DSP_I,Disposal - incineration (D10),KG_HAB,Kilograms per capita,PT,Portugal,1995,,0,,,,,
dataflow,ESTAT:ENV_WASMUN(1.0),Municipal waste by waste management operations,A,Annual,DSP_I,Disposal - incineration (D10),KG_HAB,Kilograms per capita,PT,Portugal,1996,,0,,,,,
dataflow,ESTAT:ENV_WASMUN(1.0),Municipal waste by waste management operations,A,Annual,DSP_I,Disposal - incineration (D10),KG_HAB,Kilograms per capita,PT,Portugal,1997,,0,,,,,
dataflow,ESTAT:ENV_WASMUN(1.0),Municipal waste by waste management operations,A,Annual,DSP_I,Disposal - incineration (D10),KG_HAB,Kilograms per capita,PT,Portugal,1998,,0,,,,,
dataflow,ESTAT:ENV_WASMUN(1.0),Municipal waste by waste management operations,A,Annual,DSP_I,Disposal - incineration (D10),KG_HAB,Kilograms per capita,PT,Portugal,1999,,0,,,,,
dataflow,ESTAT:ENV_WASMUN(1.0),Municipal waste by waste management operations,A,Annual,DSP_I,Disposal - incineration (D10),KG_HAB,Kilograms per capita,PT,Portugal,2000,,0,,,,,
dataflow,ESTAT:ENV_WASMUN(1.0),Municipal waste by waste management operations,A,Annual,DSP_I,Disposal - incineration (D10),KG_HAB,Kilograms per capita,PT,Portugal,2001,,0,,,,,
dataflow,ESTAT:ENV_WASMUN(1.0),Municipal waste by waste management operations,A,Annual,DSP_I,Disposal - incineration (D10),KG_HAB,Kilograms per capita,PT,Portugal,2002,,0,,b,break in time series,,
dataflow,ESTAT:ENV_WASMUN(1.0),Municipal waste by waste management operations,A,Annual,DSP_I,Disposal - incineration (D10),KG_HAB,Kilograms per capita,PT,Portugal,2003,,0,,,,,
dataflow,ESTAT:ENV_WASMUN(1.0),Municipal waste by waste management operations,A,Annual,DSP_I,Disposal - incineration (D10),KG_HAB,Kilograms per capita,PT,Portugal,2004,,0,,,,,
dataflow,ESTAT:ENV_WASMUN(1.0),Municipal waste by waste management operations,A,Annual,DSP_I,Disposal - incineration (D10),KG_HAB,Kilograms per capita,PT,Portugal,2005,,0,,,,,
dataflow,ESTAT:ENV_WASMUN(1.0),Municipal waste by waste management operations,A,Annual,DSP_I,Disposal - incineration (D10),KG_HAB,Kilograms per capita,PT,Portugal,2006,,0,,,,,
dataflow,ESTAT:ENV_WASMUN(1.0),Municipal waste by waste management operations,A,Annual,DSP_I,Disposal - incineration (D10),KG_HAB,Kilograms per capita,PT,Portugal,2007,,0,,,,,
dataflow,ESTAT:ENV_WASMUN(1.0),Municipal waste by waste management operations,A,Annual,DSP_I,Disposal - incineration (D10),KG_HAB,Kilograms per capita,PT,Portugal,2008,,0,,,,,
dataflow,ESTAT:ENV_WASMUN(1.0),Municipal waste by waste management operations,A,Annual,DSP_I,Disposal - incineration (D10),KG_HAB,Kilograms per capita,PT,Portugal,2009,,0,,,,,
dataflow,ESTAT:ENV_WASMUN(1.0),Municipal waste by waste management operations,A,Annual,DSP_I,Disposal - incineration (D10),KG_HAB,Kilograms per capita,PT,Portugal,2010,,0,,,,,
dataflow,ESTAT:ENV_WASMUN(1.0),Municipal waste by waste management operations,A,Annual,DSP_I,Disposal - incineration (D10),KG_HAB,Kilograms per capita,PT,Portugal,2011,,0,,,,,
dataflow,ESTAT:ENV_WASMUN(1.0),Municipal waste by waste management operations,A,Annual,DSP_I,Disposal - incineration (D10),KG_HAB,Kilograms per capita,PT,Portugal,2012,,0,,,,,
dataflow,ESTAT:ENV_WASMUN(1.0),Municipal waste by waste management operations,A,Annual,DSP_I,Disposal - incineration (D10),KG_HAB,Kilograms per capita,PT,Portugal,2013,,0,,,,,
dataflow,ESTAT:ENV_WASMUN(1.0),Municipal waste by waste management operations,A,Annual,DSP_I,Disposal - incineration (D10),KG_HAB,Kilograms per capita,PT,Portugal,2014,,0,,,,,
dataflow,ESTAT:ENV_WASMUN(1.0),Municipal waste by waste management operations,A,Annual,DSP_I,Disposal - incineration (D10),KG_HAB,Kilograms per capita,PT,Portugal,2015,,0,,,,,
dataflow,ESTAT:ENV_WASMUN(1.0),Municipal waste by waste management operations,A,Annual,DSP_I,Disposal - incineration (D10),KG_HAB,Kilograms per capita,PT,Portugal,2016,,0,,,,,
dataflow,ESTAT:ENV_WASMUN(1.0),Municipal waste by waste management operations,A,Annual,DSP_I,Disposal - incineration (D10),KG_HAB,Kilograms per capita,PT,Portugal,2017,,0,,,,,
dataflow,ESTAT:ENV_WASMUN(1.0),Municipal waste by waste management operations,A,Annual,DSP_I,Disposal - incineration (D10),KG_HAB,Kilograms per capita,PT,Portugal,2018,,0,,,,,
dataflow,ESTAT:ENV_WASMUN(1.0),Municipal waste by waste management operations,A,Annual,DSP_I,Disposal - incineration (D10),KG_HAB,Kilograms per capita,PT,Portugal,2019,,0,,,,,
dataflow,ESTAT:ENV_WASMUN(1.0),Municipal waste by waste management operations,A,Annual,DSP_I,Disposal - incineration (D10),KG_HAB,Kilograms per capita,PT,Portugal,2020,,0,,,,,
dataflow,ESTAT:ENV_WASMUN(1.0),Municipal waste by waste management operations,A,Annual,DSP_I,Disposal - incineration (D10),KG_HAB,Kilograms per capita,PT,Portugal,2021,,0,,,,,
dataflow,ESTAT:ENV_WASMUN(1.0),Municipal waste by waste management operations,A,Annual,DSP_I,Disposal - incineration (D10),KG_HAB,Kilograms per capita,PT,Portugal,2022,,0,,,,,
dataflow,ESTAT:ENV_WASMUN(1.0),Municipal waste by waste management operations,A,Annual,DSP_I,Disposal - incineration (D10),KG_HAB,Kilograms per capita,PT,Portugal,2023,,0,,,,,
dataflow,ESTAT:ENV_WASMUN(1.0),Municipal waste by waste management operations,A,Annual,DSP_I,Disposal - incineration (D10),KG_HAB,Kilograms per capita,RO,Romania,1995,,0,,,,,
dataflow,ESTAT:ENV_WASMUN(1.0),Municipal waste by waste management operations,A,Annual,DSP_I,Disposal - incineration (D10),KG_HAB,Kilograms per capita,RO,Romania,1996,,0,,,,,
dataflow,ESTAT:ENV_WASMUN(1.0),Municipal waste by waste management operations,A,Annual,DSP_I,Disposal - incineration (D10),KG_HAB,Kilograms per capita,RO,Romania,1997,,0,,,,,
dataflow,ESTAT:ENV_WASMUN(1.0),Municipal waste by waste management operations,A,Annual,DSP_I,Disposal - incineration (D10),KG_HAB,Kilograms per capita,RO,Romania,1998,,0,,,,,
dataflow,ESTAT:ENV_WASMUN(1.0),Municipal waste by waste management operations,A,Annual,DSP_I,Disposal - incineration (D10),KG_HAB,Kilograms per capita,RO,Romania,1999,,0,,,,,
dataflow,ESTAT:ENV_WASMUN(1.0),Municipal waste by waste management operations,A,Annual,DSP_I,Disposal - incineration (D10),KG_HAB,Kilograms per capita,RO,Romania,2000,,0,,,,,
dataflow,ESTAT:ENV_WASMUN(1.0),Municipal waste by waste management operations,A,Annual,DSP_I,Disposal - incineration (D10),KG_HAB,Kilograms per capita,RO,Romania,2001,,0,,,,,
dataflow,ESTAT:ENV_WASMUN(1.0),Municipal waste by waste management operations,A,Annual,DSP_I,Disposal - incineration (D10),KG_HAB,Kilograms per capita,RO,Romania,2002,,0,,,,,
dataflow,ESTAT:ENV_WASMUN(1.0),Municipal waste by waste management operations,A,Annual,DSP_I,Disposal - incineration (D10),KG_HAB,Kilograms per capita,RO,Romania,2003,,0,,,,,
dataflow,ESTAT:ENV_WASMUN(1.0),Municipal waste by waste management operations,A,Annual,DSP_I,Disposal - incineration (D10),KG_HAB,Kilograms per capita,RO,Romania,2004,,0,,,,,
dataflow,ESTAT:ENV_WASMUN(1.0),Municipal waste by waste management operations,A,Annual,DSP_I,Disposal - incineration (D10),KG_HAB,Kilograms per capita,RO,Romania,2005,,0,,,,,
dataflow,ESTAT:ENV_WASMUN(1.0),Municipal waste by waste management operations,A,Annual,DSP_I,Disposal - incineration (D10),KG_HAB,Kilograms per capita,RO,Romania,2006,,0,,,,,
dataflow,ESTAT:ENV_WASMUN(1.0),Municipal waste by waste management operations,A,Annual,DSP_I,Disposal - incineration (D10),KG_HAB,Kilograms per capita,RO,Romania,2007,,0,,,,,
dataflow,ESTAT:ENV_WASMUN(1.0),Municipal waste by waste management operations,A,Annual,DSP_I,Disposal - incineration (D10),KG_HAB,Kilograms per capita,RO,Romania,2008,,0,,,,,
dataflow,ESTAT:ENV_WASMUN(1.0),Municipal waste by waste management operations,A,Annual,DSP_I,Disposal - incineration (D10),KG_HAB,Kilograms per capita,RO,Romania,2009,,0,,,,,
dataflow,ESTAT:ENV_WASMUN(1.0),Municipal waste by waste management operations,A,Annual,DSP_I,Disposal - incineration (D10),KG_HAB,Kilograms per capita,RO,Romania,2010,,0,,b,break in time series,,
dataflow,ESTAT:ENV_WASMUN(1.0),Municipal waste by waste management operations,A,Annual,DSP_I,Disposal - incineration (D10),KG_HAB,Kilograms per capita,RO,Romania,2011,,0,,,,,
dataflow,ESTAT:ENV_WASMUN(1.0),Municipal waste by waste management operations,A,Annual,DSP_I,Disposal - incineration (D10),KG_HAB,Kilograms per capita,RO,Romania,2012,,0,,,,,
dataflow,ESTAT:ENV_WASMUN(1.0),Municipal waste by waste management operations,A,Annual,DSP_I,Disposal - incineration (D10),KG_HAB,Kilograms per capita,RO,Romania,2013,,0,,,,,
dataflow,ESTAT:ENV_WASMUN(1.0),Municipal waste by waste management operations,A,Annual,DSP_I,Disposal - incineration (D10),KG_HAB,Kilograms per capita,RO,Romania,2014,,0,,,,,
dataflow,ESTAT:ENV_WASMUN(1.0),Municipal waste by waste management operations,A,Annual,DSP_I,Disposal - incineration (D10),KG_HAB,Kilograms per capita,RO,Romania,2015,,0,,,,,
dataflow,ESTAT:ENV_WASMUN(1.0),Municipal waste by waste management operations,A,Annual,DSP_I,Disposal - incineration (D10),KG_HAB,Kilograms per capita,RO,Romania,2016,,0,,,,,
dataflow,ESTAT:ENV_WASMUN(1.0),Municipal waste by waste management operations,A,Annual,DSP_I,Disposal - incineration (D10),KG_HAB,Kilograms per capita,RO,Romania,2017,,0,,,,,
dataflow,ESTAT:ENV_WASMUN(1.0),Municipal waste by waste management operations,A,Annual,DSP_I,Disposal - incineration (D10),KG_HAB,Kilograms per capita,RO,Romania,2018,,0,,,,,
dataflow,ESTAT:ENV_WASMUN(1.0),Municipal waste by waste management operations,A,Annual,DSP_I,Disposal - incineration (D10),KG_HAB,Kilograms per capita,RO,Romania,2019,,0,,,,,
dataflow,ESTAT:ENV_WASMUN(1.0),Municipal waste by waste management operations,A,Annual,DSP_I,Disposal - incineration (D10),KG_HAB,Kilograms per capita,RO,Romania,2020,,0,,,,,
dataflow,ESTAT:ENV_WASMUN(1.0),Municipal waste by waste management operations,A,Annual,DSP_I,Disposal - incineration (D10),KG_HAB,Kilograms per capita,RO,Romania,2021,,0,,,,,
dataflow,ESTAT:ENV_WASMUN(1.0),Municipal waste by waste management operations,A,Annual,DSP_I,Disposal - incineration (D10),KG_HAB,Kilograms per capita,RO,Romania,2022,,2,,,,,
dataflow,ESTAT:ENV_WASMUN(1.0),Municipal waste by waste management operations,A,Annual,DSP_I,Disposal - incineration (D10),KG_HAB,Kilograms per capita,RS,Serbia,2006,,0,,,,,
dataflow,ESTAT:ENV_WASMUN(1.0),Municipal waste by waste management operations,A,Annual,DSP_I,Disposal - incineration (D10),KG_HAB,Kilograms per capita,RS,Serbia,2007,,0,,,,,
dataflow,ESTAT:ENV_WASMUN(1.0),Municipal waste by waste management operations,A,Annual,DSP_I,Disposal - incineration (D10),KG_HAB,Kilograms per capita,RS,Serbia,2008,,0,,,,,
dataflow,ESTAT:ENV_WASMUN(1.0),Municipal waste by waste management operations,A,Annual,DSP_I,Disposal - incineration (D10),KG_HAB,Kilograms per capita,RS,Serbia,2009,,0,,,,,
dataflow,ESTAT:ENV_WASMUN(1.0),Municipal waste by waste management operations,A,Annual,DSP_I,Disposal - incineration (D10),KG_HAB,Kilograms per capita,RS,Serbia,2010,,0,,,,,
dataflow,ESTAT:ENV_WASMUN(1.0),Municipal waste by waste management operations,A,Annual,DSP_I,Disposal - incineration (D10),KG_HAB,Kilograms per capita,RS,Serbia,2011,,0,,,,,
dataflow,ESTAT:ENV_WASMUN(1.0),Municipal waste by waste management operations,A,Annual,DSP_I,Disposal - incineration (D10),KG_HAB,Kilograms per capita,RS,Serbia,2012,,0,,,,,
dataflow,ESTAT:ENV_WASMUN(1.0),Municipal waste by waste management operations,A,Annual,DSP_I,Disposal - incineration (D10),KG_HAB,Kilograms per capita,RS,Serbia,2013,,0,,,,,
dataflow,ESTAT:ENV_WASMUN(1.0),Municipal waste by waste management operations,A,Annual,DSP_I,Disposal - incineration (D10),KG_HAB,Kilograms per capita,RS,Serbia,2014,,0,,,,,
dataflow,ESTAT:ENV_WASMUN(1.0),Municipal waste by waste management operations,A,Annual,DSP_I,Disposal - incineration (D10),KG_HAB,Kilograms per capita,RS,Serbia,2015,,0,,,,,
dataflow,ESTAT:ENV_WASMUN(1.0),Municipal waste by waste management operations,A,Annual,DSP_I,Disposal - incineration (D10),KG_HAB,Kilograms per capita,RS,Serbia,2016,,0,,,,,
dataflow,ESTAT:ENV_WASMUN(1.0),Municipal waste by waste management operations,A,Annual,DSP_I,Disposal - incineration (D10),KG_HAB,Kilograms per capita,RS,Serbia,2017,,0,,,,,
dataflow,ESTAT:ENV_WASMUN(1.0),Municipal waste by waste management operations,A,Annual,DSP_I,Disposal - incineration (D10),KG_HAB,Kilograms per capita,RS,Serbia,2018,,0,,,,,
dataflow,ESTAT:ENV_WASMUN(1.0),Municipal waste by waste management operations,A,Annual,DSP_I,Disposal - incineration (D10),KG_HAB,Kilograms per capita,RS,Serbia,2019,,0,,i,value imputed by Eurostat or other receiving agencies,,
dataflow,ESTAT:ENV_WASMUN(1.0),Municipal waste by waste management operations,A,Annual,DSP_I,Disposal - incineration (D10),KG_HAB,Kilograms per capita,RS,Serbia,2022,,0,,,,,
dataflow,ESTAT:ENV_WASMUN(1.0),Municipal waste by waste management operations,A,Annual,DSP_I,Disposal - incineration (D10),KG_HAB,Kilograms per capita,RS,Serbia,2023,,0,,,,,
dataflow,ESTAT:ENV_WASMUN(1.0),Municipal waste by waste management operations,A,Annual,DSP_I,Disposal - incineration (D10),KG_HAB,Kilograms per capita,SE,Sweden,1995,,0,,,,,
dataflow,ESTAT:ENV_WASMUN(1.0),Municipal waste by waste management operations,A,Annual,DSP_I,Disposal - incineration (D10),KG_HAB,Kilograms per capita,SE,Sweden,1996,,0,,,,,
dataflow,ESTAT:ENV_WASMUN(1.0),Municipal waste by waste management operations,A,Annual,DSP_I,Disposal - incineration (D10),KG_HAB,Kilograms per capita,SE,Sweden,1997,,0,,,,,
dataflow,ESTAT:ENV_WASMUN(1.0),Municipal waste by waste management operations,A,Annual,DSP_I,Disposal - incineration (D10),KG_HAB,Kilograms per capita,SE,Sweden,1998,,0,,,,,
dataflow,ESTAT:ENV_WASMUN(1.0),Municipal waste by waste management operations,A,Annual,DSP_I,Disposal - incineration (D10),KG_HAB,Kilograms per capita,SE,Sweden,1999,,0,,,,,
dataflow,ESTAT:ENV_WASMUN(1.0),Municipal waste by waste management operations,A,Annual,DSP_I,Disposal - incineration (D10),KG_HAB,Kilograms per capita,SE,Sweden,2000,,0,,,,,
dataflow,ESTAT:ENV_WASMUN(1.0),Municipal waste by waste management operations,A,Annual,DSP_I,Disposal - incineration (D10),KG_HAB,Kilograms per capita,SE,Sweden,2001,,0,,,,,
dataflow,ESTAT:ENV_WASMUN(1.0),Municipal waste by waste management operations,A,Annual,DSP_I,Disposal - incineration (D10),KG_HAB,Kilograms per capita,SE,Sweden,2002,,0,,,,,
dataflow,ESTAT:ENV_WASMUN(1.0),Municipal waste by waste management operations,A,Annual,DSP_I,Disposal - incineration (D10),KG_HAB,Kilograms per capita,SE,Sweden,2003,,0,,,,,
dataflow,ESTAT:ENV_WASMUN(1.0),Municipal waste by waste management operations,A,Annual,DSP_I,Disposal - incineration (D10),KG_HAB,Kilograms per capita,SE,Sweden,2004,,0,,,,,
dataflow,ESTAT:ENV_WASMUN(1.0),Municipal waste by waste management operations,A,Annual,DSP_I,Disposal - incineration (D10),KG_HAB,Kilograms per capita,SE,Sweden,2005,,0,,,,,
dataflow,ESTAT:ENV_WASMUN(1.0),Municipal waste by waste management operations,A,Annual,DSP_I,Disposal - incineration (D10),KG_HAB,Kilograms per capita,SE,Sweden,2006,,0,,,,,
dataflow,ESTAT:ENV_WASMUN(1.0),Municipal waste by waste management operations,A,Annual,DSP_I,Disposal - incineration (D10),KG_HAB,Kilograms per capita,SE,Sweden,2007,,0,,,,,
dataflow,ESTAT:ENV_WASMUN(1.0),Municipal waste by waste management operations,A,Annual,DSP_I,Disposal - incineration (D10),KG_HAB,Kilograms per capita,SE,Sweden,2008,,0,,,,,
dataflow,ESTAT:ENV_WASMUN(1.0),Municipal waste by waste management operations,A,Annual,DSP_I,Disposal - incineration (D10),KG_HAB,Kilograms per capita,SE,Sweden,2009,,0,,,,,
dataflow,ESTAT:ENV_WASMUN(1.0),Municipal waste by waste management operations,A,Annual,DSP_I,Disposal - incineration (D10),KG_HAB,Kilograms per capita,SE,Sweden,2010,,0,,,,,
dataflow,ESTAT:ENV_WASMUN(1.0),Municipal waste by waste management operations,A,Annual,DSP_I,Disposal - incineration (D10),KG_HAB,Kilograms per capita,SE,Sweden,2011,,0,,,,,
dataflow,ESTAT:ENV_WASMUN(1.0),Municipal waste by waste management operations,A,Annual,DSP_I,Disposal - incineration (D10),KG_HAB,Kilograms per capita,SE,Sweden,2012,,0,,,,,
dataflow,ESTAT:ENV_WASMUN(1.0),Municipal waste by waste management operations,A,Annual,DSP_I,Disposal - incineration (D10),KG_HAB,Kilograms per capita,SE,Sweden,2013,,0,,,,,
dataflow,ESTAT:ENV_WASMUN(1.0),Municipal waste by waste management operations,A,Annual,DSP_I,Disposal - incineration (D10),KG_HAB,Kilograms per capita,SE,Sweden,2014,,0,,,,,
dataflow,ESTAT:ENV_WASMUN(1.0),Municipal waste by waste management operations,A,Annual,DSP_I,Disposal - incineration (D10),KG_HAB,Kilograms per capita,SE,Sweden,2015,,0,,,,,
dataflow,ESTAT:ENV_WASMUN(1.0),Municipal waste by waste management operations,A,Annual,DSP_I,Disposal - incineration (D10),KG_HAB,Kilograms per capita,SE,Sweden,2016,,0,,,,,
dataflow,ESTAT:ENV_WASMUN(1.0),Municipal waste by waste management operations,A,Annual,DSP_I,Disposal - incineration (D10),KG_HAB,Kilograms per capita,SE,Sweden,2017,,0,,,,,
dataflow,ESTAT:ENV_WASMUN(1.0),Municipal waste by waste management operations,A,Annual,DSP_I,Disposal - incineration (D10),KG_HAB,Kilograms per capita,SE,Sweden,2018,,0,,,,,
dataflow,ESTAT:ENV_WASMUN(1.0),Municipal waste by waste management operations,A,Annual,DSP_I,Disposal - incineration (D10),KG_HAB,Kilograms per capita,SE,Sweden,2019,,0,,,,,
dataflow,ESTAT:ENV_WASMUN(1.0),Municipal waste by waste management operations,A,Annual,DSP_I,Disposal - incineration (D10),KG_HAB,Kilograms per capita,SE,Sweden,2020,,0,,e,estimated,,
dataflow,ESTAT:ENV_WASMUN(1.0),Municipal waste by waste management operations,A,Annual,DSP_I,Disposal - incineration (D10),KG_HAB,Kilograms per capita,SE,Sweden,2021,,0,,e,estimated,,
dataflow,ESTAT:ENV_WASMUN(1.0),Municipal waste by waste management operations,A,Annual,DSP_I,Disposal - incineration (D10),KG_HAB,Kilograms per capita,SE,Sweden,2022,,0,,e,estimated,,
dataflow,ESTAT:ENV_WASMUN(1.0),Municipal waste by waste management operations,A,Annual,DSP_I,Disposal - incineration (D10),KG_HAB,Kilograms per capita,SE,Sweden,2023,,0,,e,estimated,,
dataflow,ESTAT:ENV_WASMUN(1.0),Municipal waste by waste management operations,A,Annual,DSP_I,Disposal - incineration (D10),KG_HAB,Kilograms per capita,SI,Slovenia,1995,,0,,,,,
dataflow,ESTAT:ENV_WASMUN(1.0),Municipal waste by waste management operations,A,Annual,DSP_I,Disposal - incineration (D10),KG_HAB,Kilograms per capita,SI,Slovenia,1996,,0,,,,,
dataflow,ESTAT:ENV_WASMUN(1.0),Municipal waste by waste management operations,A,Annual,DSP_I,Disposal - incineration (D10),KG_HAB,Kilograms per capita,SI,Slovenia,1997,,0,,,,,
dataflow,ESTAT:ENV_WASMUN(1.0),Municipal waste by waste management operations,A,Annual,DSP_I,Disposal - incineration (D10),KG_HAB,Kilograms per capita,SI,Slovenia,1998,,0,,,,,
dataflow,ESTAT:ENV_WASMUN(1.0),Municipal waste by waste management operations,A,Annual,DSP_I,Disposal - incineration (D10),KG_HAB,Kilograms per capita,SI,Slovenia,1999,,0,,,,,
dataflow,ESTAT:ENV_WASMUN(1.0),Municipal waste by waste management operations,A,Annual,DSP_I,Disposal - incineration (D10),KG_HAB,Kilograms per capita,SI,Slovenia,2000,,0,,,,,
dataflow,ESTAT:ENV_WASMUN(1.0),Municipal waste by waste management operations,A,Annual,DSP_I,Disposal - incineration (D10),KG_HAB,Kilograms per capita,SI,Slovenia,2001,,0,,,,,
dataflow,ESTAT:ENV_WASMUN(1.0),Municipal waste by waste management operations,A,Annual,DSP_I,Disposal - incineration (D10),KG_HAB,Kilograms per capita,SI,Slovenia,2002,,0,,,,,
dataflow,ESTAT:ENV_WASMUN(1.0),Municipal waste by waste management operations,A,Annual,DSP_I,Disposal - incineration (D10),KG_HAB,Kilograms per capita,SI,Slovenia,2003,,0,,,,,
dataflow,ESTAT:ENV_WASMUN(1.0),Municipal waste by waste management operations,A,Annual,DSP_I,Disposal - incineration (D10),KG_HAB,Kilograms per capita,SI,Slovenia,2004,,0,,,,,
dataflow,ESTAT:ENV_WASMUN(1.0),Municipal waste by waste management operations,A,Annual,DSP_I,Disposal - incineration (D10),KG_HAB,Kilograms per capita,SI,Slovenia,2005,,0,,,,,
dataflow,ESTAT:ENV_WASMUN(1.0),Municipal waste by waste management operations,A,Annual,DSP_I,Disposal - incineration (D10),KG_HAB,Kilograms per capita,SI,Slovenia,2006,,0,,,,,
dataflow,ESTAT:ENV_WASMUN(1.0),Municipal waste by waste management operations,A,Annual,DSP_I,Disposal - incineration (D10),KG_HAB,Kilograms per capita,SI,Slovenia,2007,,0,,,,,
dataflow,ESTAT:ENV_WASMUN(1.0),Municipal waste by waste management operations,A,Annual,DSP_I,Disposal - incineration (D10),KG_HAB,Kilograms per capita,SI,Slovenia,2008,,0,,,,,
dataflow,ESTAT:ENV_WASMUN(1.0),Municipal waste by waste management operations,A,Annual,DSP_I,Disposal - incineration (D10),KG_HAB,Kilograms per capita,SI,Slovenia,2009,,0,,,,,
dataflow,ESTAT:ENV_WASMUN(1.0),Municipal waste by waste management operations,A,Annual,DSP_I,Disposal - incineration (D10),KG_HAB,Kilograms per capita,SI,Slovenia,2010,,0,,,,,
dataflow,ESTAT:ENV_WASMUN(1.0),Municipal waste by waste management operations,A,Annual,DSP_I,Disposal - incineration (D10),KG_HAB,Kilograms per capita,SI,Slovenia,2011,,0,,,,,
dataflow,ESTAT:ENV_WASMUN(1.0),Municipal waste by waste management operations,A,Annual,DSP_I,Disposal - incineration (D10),KG_HAB,Kilograms per capita,SI,Slovenia,2012,,1,,,,,
dataflow,ESTAT:ENV_WASMUN(1.0),Municipal waste by waste management operations,A,Annual,DSP_I,Disposal - incineration (D10),KG_HAB,Kilograms per capita,SI,Slovenia,2013,,0,,,,,
dataflow,ESTAT:ENV_WASMUN(1.0),Municipal waste by waste management operations,A,Annual,DSP_I,Disposal - incineration (D10),KG_HAB,Kilograms per capita,SI,Slovenia,2014,,0,,,,,
dataflow,ESTAT:ENV_WASMUN(1.0),Municipal waste by waste management operations,A,Annual,DSP_I,Disposal - incineration (D10),KG_HAB,Kilograms per capita,SI,Slovenia,2015,,0,,,,,
dataflow,ESTAT:ENV_WASMUN(1.0),Municipal waste by waste management operations,A,Annual,DSP_I,Disposal - incineration (D10),KG_HAB,Kilograms per capita,SI,Slovenia,2016,,9,,,,,
dataflow,ESTAT:ENV_WASMUN(1.0),Municipal waste by waste management operations,A,Annual,DSP_I,Disposal - incineration (D10),KG_HAB,Kilograms per capita,SI,Slovenia,2017,,18,,,,,
dataflow,ESTAT:ENV_WASMUN(1.0),Municipal waste by waste management operations,A,Annual,DSP_I,Disposal - incineration (D10),KG_HAB,Kilograms per capita,SI,Slovenia,2018,,3,,,,,
dataflow,ESTAT:ENV_WASMUN(1.0),Municipal waste by waste management operations,A,Annual,DSP_I,Disposal - incineration (D10),KG_HAB,Kilograms per capita,SI,Slovenia,2019,,0,,,,,
dataflow,ESTAT:ENV_WASMUN(1.0),Municipal waste by waste management operations,A,Annual,DSP_I,Disposal - incineration (D10),KG_HAB,Kilograms per capita,SI,Slovenia,2020,,10,,,,,
dataflow,ESTAT:ENV_WASMUN(1.0),Municipal waste by waste management operations,A,Annual,DSP_I,Disposal - incineration (D10),KG_HAB,Kilograms per capita,SI,Slovenia,2021,,10,,,,,
dataflow,ESTAT:ENV_WASMUN(1.0),Municipal waste by waste management operations,A,Annual,DSP_I,Disposal - incineration (D10),KG_HAB,Kilograms per capita,SI,Slovenia,2022,,12,,,,,
dataflow,ESTAT:ENV_WASMUN(1.0),Municipal waste by waste management operations,A,Annual,DSP_I,Disposal - incineration (D10),KG_HAB,Kilograms per capita,SI,Slovenia,2023,,10,,,,,
dataflow,ESTAT:ENV_WASMUN(1.0),Municipal waste by waste management operations,A,Annual,DSP_I,Disposal - incineration (D10),KG_HAB,Kilograms per capita,SK,Slovakia,1995,,1,,,,,
dataflow,ESTAT:ENV_WASMUN(1.0),Municipal waste by waste management operations,A,Annual,DSP_I,Disposal - incineration (D10),KG_HAB,Kilograms per capita,SK,Slovakia,1996,,1,,,,,
dataflow,ESTAT:ENV_WASMUN(1.0),Municipal waste by waste management operations,A,Annual,DSP_I,Disposal - incineration (D10),KG_HAB,Kilograms per capita,SK,Slovakia,1997,,1,,,,,
dataflow,ESTAT:ENV_WASMUN(1.0),Municipal waste by waste management operations,A,Annual,DSP_I,Disposal - incineration (D10),KG_HAB,Kilograms per capita,SK,Slovakia,1998,,1,,,,,
dataflow,ESTAT:ENV_WASMUN(1.0),Municipal waste by waste management operations,A,Annual,DSP_I,Disposal - incineration (D10),KG_HAB,Kilograms per capita,SK,Slovakia,1999,,1,,,,,
dataflow,ESTAT:ENV_WASMUN(1.0),Municipal waste by waste management operations,A,Annual,DSP_I,Disposal - incineration (D10),KG_HAB,Kilograms per capita,SK,Slovakia,2000,,1,,,,,
dataflow,ESTAT:ENV_WASMUN(1.0),Municipal waste by waste management operations,A,Annual,DSP_I,Disposal - incineration (D10),KG_HAB,Kilograms per capita,SK,Slovakia,2001,,1,,,,,
dataflow,ESTAT:ENV_WASMUN(1.0),Municipal waste by waste management operations,A,Annual,DSP_I,Disposal - incineration (D10),KG_HAB,Kilograms per capita,SK,Slovakia,2002,,12,,,,,
dataflow,ESTAT:ENV_WASMUN(1.0),Municipal waste by waste management operations,A,Annual,DSP_I,Disposal - incineration (D10),KG_HAB,Kilograms per capita,SK,Slovakia,2003,,12,,,,,
dataflow,ESTAT:ENV_WASMUN(1.0),Municipal waste by waste management operations,A,Annual,DSP_I,Disposal - incineration (D10),KG_HAB,Kilograms per capita,SK,Slovakia,2004,,13,,,,,
dataflow,ESTAT:ENV_WASMUN(1.0),Municipal waste by waste management operations,A,Annual,DSP_I,Disposal - incineration (D10),KG_HAB,Kilograms per capita,SK,Slovakia,2005,,34,,,,,
dataflow,ESTAT:ENV_WASMUN(1.0),Municipal waste by waste management operations,A,Annual,DSP_I,Disposal - incineration (D10),KG_HAB,Kilograms per capita,SK,Slovakia,2006,,35,,,,,
dataflow,ESTAT:ENV_WASMUN(1.0),Municipal waste by waste management operations,A,Annual,DSP_I,Disposal - incineration (D10),KG_HAB,Kilograms per capita,SK,Slovakia,2007,,12,,,,,
dataflow,ESTAT:ENV_WASMUN(1.0),Municipal waste by waste management operations,A,Annual,DSP_I,Disposal - incineration (D10),KG_HAB,Kilograms per capita,SK,Slovakia,2008,,0,,,,,
dataflow,ESTAT:ENV_WASMUN(1.0),Municipal waste by waste management operations,A,Annual,DSP_I,Disposal - incineration (D10),KG_HAB,Kilograms per capita,SK,Slovakia,2009,,0,,,,,
dataflow,ESTAT:ENV_WASMUN(1.0),Municipal waste by waste management operations,A,Annual,DSP_I,Disposal - incineration (D10),KG_HAB,Kilograms per capita,SK,Slovakia,2010,,2,,,,,
dataflow,ESTAT:ENV_WASMUN(1.0),Municipal waste by waste management operations,A,Annual,DSP_I,Disposal - incineration (D10),KG_HAB,Kilograms per capita,SK,Slovakia,2011,,1,,,,,
dataflow,ESTAT:ENV_WASMUN(1.0),Municipal waste by waste management operations,A,Annual,DSP_I,Disposal - incineration (D10),KG_HAB,Kilograms per capita,SK,Slovakia,2012,,1,,,,,
dataflow,ESTAT:ENV_WASMUN(1.0),Municipal waste by waste management operations,A,Annual,DSP_I,Disposal - incineration (D10),KG_HAB,Kilograms per capita,SK,Slovakia,2013,,0,,,,,
dataflow,ESTAT:ENV_WASMUN(1.0),Municipal waste by waste management operations,A,Annual,DSP_I,Disposal - incineration (D10),KG_HAB,Kilograms per capita,SK,Slovakia,2014,,1,,,,,
dataflow,ESTAT:ENV_WASMUN(1.0),Municipal waste by waste management operations,A,Annual,DSP_I,Disposal - incineration (D10),KG_HAB,Kilograms per capita,SK,Slovakia,2015,,0,,,,,
dataflow,ESTAT:ENV_WASMUN(1.0),Municipal waste by waste management operations,A,Annual,DSP_I,Disposal - incineration (D10),KG_HAB,Kilograms per capita,SK,Slovakia,2016,,0,,,,,
dataflow,ESTAT:ENV_WASMUN(1.0),Municipal waste by waste management operations,A,Annual,DSP_I,Disposal - incineration (D10),KG_HAB,Kilograms per capita,SK,Slovakia,2017,,0,,,,,
dataflow,ESTAT:ENV_WASMUN(1.0),Municipal waste by waste management operations,A,Annual,DSP_I,Disposal - incineration (D10),KG_HAB,Kilograms per capita,SK,Slovakia,2018,,6,,,,,
dataflow,ESTAT:ENV_WASMUN(1.0),Municipal waste by waste management operations,A,Annual,DSP_I,Disposal - incineration (D10),KG_HAB,Kilograms per capita,SK,Slovakia,2019,,16,,,,,
dataflow,ESTAT:ENV_WASMUN(1.0),Municipal waste by waste management operations,A,Annual,DSP_I,Disposal - incineration (D10),KG_HAB,Kilograms per capita,SK,Slovakia,2020,,0,,,,,
dataflow,ESTAT:ENV_WASMUN(1.0),Municipal waste by waste management operations,A,Annual,DSP_I,Disposal - incineration (D10),KG_HAB,Kilograms per capita,SK,Slovakia,2021,,0,,,,,
dataflow,ESTAT:ENV_WASMUN(1.0),Municipal waste by waste management operations,A,Annual,DSP_I,Disposal - incineration (D10),KG_HAB,Kilograms per capita,SK,Slovakia,2022,,0,,,,,
dataflow,ESTAT:ENV_WASMUN(1.0),Municipal waste by waste management operations,A,Annual,DSP_I,Disposal - incineration (D10),KG_HAB,Kilograms per capita,SK,Slovakia,2023,,0,,,,,
dataflow,ESTAT:ENV_WASMUN(1.0),Municipal waste by waste management operations,A,Annual,DSP_I,Disposal - incineration (D10),KG_HAB,Kilograms per capita,TR,Türkiye,1995,,0,,,,,
dataflow,ESTAT:ENV_WASMUN(1.0),Municipal waste by waste management operations,A,Annual,DSP_I,Disposal - incineration (D10),KG_HAB,Kilograms per capita,TR,Türkiye,1996,,0,,,,,
dataflow,ESTAT:ENV_WASMUN(1.0),Municipal waste by waste management operations,A,Annual,DSP_I,Disposal - incineration (D10),KG_HAB,Kilograms per capita,TR,Türkiye,1997,,0,,,,,
dataflow,ESTAT:ENV_WASMUN(1.0),Municipal waste by waste management operations,A,Annual,DSP_I,Disposal - incineration (D10),KG_HAB,Kilograms per capita,TR,Türkiye,1998,,0,,,,,
dataflow,ESTAT:ENV_WASMUN(1.0),Municipal waste by waste management operations,A,Annual,DSP_I,Disposal - incineration (D10),KG_HAB,Kilograms per capita,TR,Türkiye,1999,,0,,,,,
dataflow,ESTAT:ENV_WASMUN(1.0),Municipal waste by waste management operations,A,Annual,DSP_I,Disposal - incineration (D10),KG_HAB,Kilograms per capita,TR,Türkiye,2000,,0,,,,,
dataflow,ESTAT:ENV_WASMUN(1.0),Municipal waste by waste management operations,A,Annual,DSP_I,Disposal - incineration (D10),KG_HAB,Kilograms per capita,TR,Türkiye,2001,,0,,,,,
dataflow,ESTAT:ENV_WASMUN(1.0),Municipal waste by waste management operations,A,Annual,DSP_I,Disposal - incineration (D10),KG_HAB,Kilograms per capita,TR,Türkiye,2002,,0,,,,,
dataflow,ESTAT:ENV_WASMUN(1.0),Municipal waste by waste management operations,A,Annual,DSP_I,Disposal - incineration (D10),KG_HAB,Kilograms per capita,TR,Türkiye,2003,,0,,,,,
dataflow,ESTAT:ENV_WASMUN(1.0),Municipal waste by waste management operations,A,Annual,DSP_I,Disposal - incineration (D10),KG_HAB,Kilograms per capita,TR,Türkiye,2004,,0,,,,,
dataflow,ESTAT:ENV_WASMUN(1.0),Municipal waste by waste management operations,A,Annual,DSP_I,Disposal - incineration (D10),KG_HAB,Kilograms per capita,TR,Türkiye,2005,,0,,,,,
dataflow,ESTAT:ENV_WASMUN(1.0),Municipal waste by waste management operations,A,Annual,DSP_I,Disposal - incineration (D10),KG_HAB,Kilograms per capita,TR,Türkiye,2006,,0,,,,,
dataflow,ESTAT:ENV_WASMUN(1.0),Municipal waste by waste management operations,A,Annual,DSP_I,Disposal - incineration (D10),KG_HAB,Kilograms per capita,TR,Türkiye,2007,,0,,,,,
dataflow,ESTAT:ENV_WASMUN(1.0),Municipal waste by waste management operations,A,Annual,DSP_I,Disposal - incineration (D10),KG_HAB,Kilograms per capita,TR,Türkiye,2008,,0,,,,,
dataflow,ESTAT:ENV_WASMUN(1.0),Municipal waste by waste management operations,A,Annual,DSP_I,Disposal - incineration (D10),KG_HAB,Kilograms per capita,TR,Türkiye,2009,,0,,,,,
dataflow,ESTAT:ENV_WASMUN(1.0),Municipal waste by waste management operations,A,Annual,DSP_I,Disposal - incineration (D10),KG_HAB,Kilograms per capita,TR,Türkiye,2010,,0,,,,,
dataflow,ESTAT:ENV_WASMUN(1.0),Municipal waste by waste management operations,A,Annual,DSP_I,Disposal - incineration (D10),KG_HAB,Kilograms per capita,TR,Türkiye,2011,,0,,,,,
dataflow,ESTAT:ENV_WASMUN(1.0),Municipal waste by waste management operations,A,Annual,DSP_I,Disposal - incineration (D10),KG_HAB,Kilograms per capita,TR,Türkiye,2012,,0,,,,,
dataflow,ESTAT:ENV_WASMUN(1.0),Municipal waste by waste management operations,A,Annual,DSP_I,Disposal - incineration (D10),KG_HAB,Kilograms per capita,TR,Türkiye,2013,,0,,,,,
dataflow,ESTAT:ENV_WASMUN(1.0),Municipal waste by waste management operations,A,Annual,DSP_I,Disposal - incineration (D10),KG_HAB,Kilograms per capita,TR,Türkiye,2014,,0,,,,,
dataflow,ESTAT:ENV_WASMUN(1.0),Municipal waste by waste management operations,A,Annual,DSP_I,Disposal - incineration (D10),KG_HAB,Kilograms per capita,TR,Türkiye,2015,,0,,,,,
dataflow,ESTAT:ENV_WASMUN(1.0),Municipal waste by waste management operations,A,Annual,DSP_I,Disposal - incineration (D10),KG_HAB,Kilograms per capita,TR,Türkiye,2016,,0,,,,,
dataflow,ESTAT:ENV_WASMUN(1.0),Municipal waste by waste management operations,A,Annual,DSP_I,Disposal - incineration (D10),KG_HAB,Kilograms per capita,TR,Türkiye,2017,,0,,,,,
dataflow,ESTAT:ENV_WASMUN(1.0),Municipal waste by waste management operations,A,Annual,DSP_I,Disposal - incineration (D10),KG_HAB,Kilograms per capita,TR,Türkiye,2018,,0,,,,,
dataflow,ESTAT:ENV_WASMUN(1.0),Municipal waste by waste management operations,A,Annual,DSP_I,Disposal - incineration (D10),KG_HAB,Kilograms per capita,TR,Türkiye,2019,,0,,,,,
dataflow,ESTAT:ENV_WASMUN(1.0),Municipal waste by waste management operations,A,Annual,DSP_I,Disposal - incineration (D10),KG_HAB,Kilograms per capita,TR,Türkiye,2020,,0,,,,,
dataflow,ESTAT:ENV_WASMUN(1.0),Municipal waste by waste management operations,A,Annual,DSP_I,Disposal - incineration (D10),KG_HAB,Kilograms per capita,TR,Türkiye,2021,,0,,,,,
dataflow,ESTAT:ENV_WASMUN(1.0),Municipal waste by waste management operations,A,Annual,DSP_I,Disposal - incineration (D10),KG_HAB,Kilograms per capita,XK,Kosovo*,2020,,0,,,,,
dataflow,ESTAT:ENV_WASMUN(1.0),Municipal waste by waste management operations,A,Annual,DSP_I,Disposal - incineration (D10),KG_HAB,Kilograms per capita,XK,Kosovo*,2021,,0,,,,,
dataflow,ESTAT:ENV_WASMUN(1.0),Municipal waste by waste management operations,A,Annual,DSP_I,Disposal - incineration (D10),KG_HAB,Kilograms per capita,XK,Kosovo*,2022,,0,,,,,
dataflow,ESTAT:ENV_WASMUN(1.0),Municipal waste by waste management operations,A,Annual,DSP_I,Disposal - incineration (D10),THS_T,Thousand tonnes,AL,Albania,2013,,83,,,,,
dataflow,ESTAT:ENV_WASMUN(1.0),Municipal waste by waste management operations,A,Annual,DSP_I,Disposal - incineration (D10),THS_T,Thousand tonnes,AL,Albania,2014,,38,,,,,
dataflow,ESTAT:ENV_WASMUN(1.0),Municipal waste by waste management operations,A,Annual,DSP_I,Disposal - incineration (D10),THS_T,Thousand tonnes,AL,Albania,2015,,36,,,,,
dataflow,ESTAT:ENV_WASMUN(1.0),Municipal waste by waste management operations,A,Annual,DSP_I,Disposal - incineration (D10),THS_T,Thousand tonnes,AL,Albania,2016,,41,,,,,
dataflow,ESTAT:ENV_WASMUN(1.0),Municipal waste by waste management operations,A,Annual,DSP_I,Disposal - incineration (D10),THS_T,Thousand tonnes,AL,Albania,2017,,20,,,,,
dataflow,ESTAT:ENV_WASMUN(1.0),Municipal waste by waste management operations,A,Annual,DSP_I,Disposal - incineration (D10),THS_T,Thousand tonnes,AL,Albania,2018,,26,,,,,
dataflow,ESTAT:ENV_WASMUN(1.0),Municipal waste by waste management operations,A,Annual,DSP_I,Disposal - incineration (D10),THS_T,Thousand tonnes,AL,Albania,2019,,2,,,,,
dataflow,ESTAT:ENV_WASMUN(1.0),Municipal waste by waste management operations,A,Annual,DSP_I,Disposal - incineration (D10),THS_T,Thousand tonnes,AL,Albania,2020,,1,,,,,
dataflow,ESTAT:ENV_WASMUN(1.0),Municipal waste by waste management operations,A,Annual,DSP_I,Disposal - incineration (D10),THS_T,Thousand tonnes,AL,Albania,2021,,0,,,,,
dataflow,ESTAT:ENV_WASMUN(1.0),Municipal waste by waste management operations,A,Annual,DSP_I,Disposal - incineration (D10),THS_T,Thousand tonnes,AL,Albania,2022,,0,,,,,
dataflow,ESTAT:ENV_WASMUN(1.0),Municipal waste by waste management operations,A,Annual,DSP_I,Disposal - incineration (D10),THS_T,Thousand tonnes,AL,Albania,2023,,0,,,,,
dataflow,ESTAT:ENV_WASMUN(1.0),Municipal waste by waste management operations,A,Annual,DSP_I,Disposal - incineration (D10),THS_T,Thousand tonnes,AT,Austria,1995,,0,,,,,
dataflow,ESTAT:ENV_WASMUN(1.0),Municipal waste by waste management operations,A,Annual,DSP_I,Disposal - incineration (D10),THS_T,Thousand tonnes,AT,Austria,1996,,0,,,,,
dataflow,ESTAT:ENV_WASMUN(1.0),Municipal waste by waste management operations,A,Annual,DSP_I,Disposal - incineration (D10),THS_T,Thousand tonnes,AT,Austria,1997,,0,,,,,
dataflow,ESTAT:ENV_WASMUN(1.0),Municipal waste by waste management operations,A,Annual,DSP_I,Disposal - incineration (D10),THS_T,Thousand tonnes,AT,Austria,1998,,0,,,,,
dataflow,ESTAT:ENV_WASMUN(1.0),Municipal waste by waste management operations,A,Annual,DSP_I,Disposal - incineration (D10),THS_T,Thousand tonnes,AT,Austria,1999,,0,,,,,
dataflow,ESTAT:ENV_WASMUN(1.0),Municipal waste by waste management operations,A,Annual,DSP_I,Disposal - incineration (D10),THS_T,Thousand tonnes,AT,Austria,2000,,0,,,,,
dataflow,ESTAT:ENV_WASMUN(1.0),Municipal waste by waste management operations,A,Annual,DSP_I,Disposal - incineration (D10),THS_T,Thousand tonnes,AT,Austria,2001,,0,,,,,
dataflow,ESTAT:ENV_WASMUN(1.0),Municipal waste by waste management operations,A,Annual,DSP_I,Disposal - incineration (D10),THS_T,Thousand tonnes,AT,Austria,2002,,0,,,,,
dataflow,ESTAT:ENV_WASMUN(1.0),Municipal waste by waste management operations,A,Annual,DSP_I,Disposal - incineration (D10),THS_T,Thousand tonnes,AT,Austria,2003,,0,,,,,
dataflow,ESTAT:ENV_WASMUN(1.0),Municipal waste by waste management operations,A,Annual,DSP_I,Disposal - incineration (D10),THS_T,Thousand tonnes,AT,Austria,2004,,0,,,,,
dataflow,ESTAT:ENV_WASMUN(1.0),Municipal waste by waste management operations,A,Annual,DSP_I,Disposal - incineration (D10),THS_T,Thousand tonnes,AT,Austria,2005,,0,,,,,
dataflow,ESTAT:ENV_WASMUN(1.0),Municipal waste by waste management operations,A,Annual,DSP_I,Disposal - incineration (D10),THS_T,Thousand tonnes,AT,Austria,2006,,0,,,,,
dataflow,ESTAT:ENV_WASMUN(1.0),Municipal waste by waste management operations,A,Annual,DSP_I,Disposal - incineration (D10),THS_T,Thousand tonnes,AT,Austria,2007,,0,,,,,
dataflow,ESTAT:ENV_WASMUN(1.0),Municipal waste by waste management operations,A,Annual,DSP_I,Disposal - incineration (D10),THS_T,Thousand tonnes,AT,Austria,2008,,0,,,,,
dataflow,ESTAT:ENV_WASMUN(1.0),Municipal waste by waste management operations,A,Annual,DSP_I,Disposal - incineration (D10),THS_T,Thousand tonnes,AT,Austria,2009,,0,,,,,
dataflow,ESTAT:ENV_WASMUN(1.0),Municipal waste by waste management operations,A,Annual,DSP_I,Disposal - incineration (D10),THS_T,Thousand tonnes,AT,Austria,2010,,0,,,,,
dataflow,ESTAT:ENV_WASMUN(1.0),Municipal waste by waste management operations,A,Annual,DSP_I,Disposal - incineration (D10),THS_T,Thousand tonnes,AT,Austria,2011,,0,,,,,
dataflow,ESTAT:ENV_WASMUN(1.0),Municipal waste by waste management operations,A,Annual,DSP_I,Disposal - incineration (D10),THS_T,Thousand tonnes,AT,Austria,2012,,0,,,,,
dataflow,ESTAT:ENV_WASMUN(1.0),Municipal waste by waste management operations,A,Annual,DSP_I,Disposal - incineration (D10),THS_T,Thousand tonnes,AT,Austria,2013,,0,,,,,
dataflow,ESTAT:ENV_WASMUN(1.0),Municipal waste by waste management operations,A,Annual,DSP_I,Disposal - incineration (D10),THS_T,Thousand tonnes,AT,Austria,2014,,0,,,,,
dataflow,ESTAT:ENV_WASMUN(1.0),Municipal waste by waste management operations,A,Annual,DSP_I,Disposal - incineration (D10),THS_T,Thousand tonnes,AT,Austria,2015,,0,,,,,
dataflow,ESTAT:ENV_WASMUN(1.0),Municipal waste by waste management operations,A,Annual,DSP_I,Disposal - incineration (D10),THS_T,Thousand tonnes,AT,Austria,2016,,0,,,,,
dataflow,ESTAT:ENV_WASMUN(1.0),Municipal waste by waste management operations,A,Annual,DSP_I,Disposal - incineration (D10),THS_T,Thousand tonnes,AT,Austria,2017,,0,,,,,
dataflow,ESTAT:ENV_WASMUN(1.0),Municipal waste by waste management operations,A,Annual,DSP_I,Disposal - incineration (D10),THS_T,Thousand tonnes,AT,Austria,2018,,0,,,,,
dataflow,ESTAT:ENV_WASMUN(1.0),Municipal waste by waste management operations,A,Annual,DSP_I,Disposal - incineration (D10),THS_T,Thousand tonnes,AT,Austria,2019,,0,,i,value imputed by Eurostat or other receiving agencies,,
dataflow,ESTAT:ENV_WASMUN(1.0),Municipal waste by waste management operations,A,Annual,DSP_I,Disposal - incineration (D10),THS_T,Thousand tonnes,AT,Austria,2020,,7,,b,break in time series,,
dataflow,ESTAT:ENV_WASMUN(1.0),Municipal waste by waste management operations,A,Annual,DSP_I,Disposal - incineration (D10),THS_T,Thousand tonnes,AT,Austria,2021,,6,,,,,
dataflow,ESTAT:ENV_WASMUN(1.0),Municipal waste by waste management operations,A,Annual,DSP_I,Disposal - incineration (D10),THS_T,Thousand tonnes,AT,Austria,2022,,2,,,,,
dataflow,ESTAT:ENV_WASMUN(1.0),Municipal waste by waste management operations,A,Annual,DSP_I,Disposal - incineration (D10),THS_T,Thousand tonnes,BA,Bosnia and Herzegovina,2008,,0,,,,,
dataflow,ESTAT:ENV_WASMUN(1.0),Municipal waste by waste management operations,A,Annual,DSP_I,Disposal - incineration (D10),THS_T,Thousand tonnes,BA,Bosnia and Herzegovina,2009,,0,,,,,
dataflow,ESTAT:ENV_WASMUN(1.0),Municipal waste by waste management operations,A,Annual,DSP_I,Disposal - incineration (D10),THS_T,Thousand tonnes,BA,Bosnia and Herzegovina,2010,,0,,,,,
dataflow,ESTAT:ENV_WASMUN(1.0),Municipal waste by waste management operations,A,Annual,DSP_I,Disposal - incineration (D10),THS_T,Thousand tonnes,BA,Bosnia and Herzegovina,2011,,0,,,,,
dataflow,ESTAT:ENV_WASMUN(1.0),Municipal waste by waste management operations,A,Annual,DSP_I,Disposal - incineration (D10),THS_T,Thousand tonnes,BA,Bosnia and Herzegovina,2012,,0,,,,,
dataflow,ESTAT:ENV_WASMUN(1.0),Municipal waste by waste management operations,A,Annual,DSP_I,Disposal - incineration (D10),THS_T,Thousand tonnes,BA,Bosnia and Herzegovina,2013,,0,,,,,
dataflow,ESTAT:ENV_WASMUN(1.0),Municipal waste by waste management operations,A,Annual,DSP_I,Disposal - incineration (D10),THS_T,Thousand tonnes,BA,Bosnia and Herzegovina,2014,,0,,,,,
dataflow,ESTAT:ENV_WASMUN(1.0),Municipal waste by waste management operations,A,Annual,DSP_I,Disposal - incineration (D10),THS_T,Thousand tonnes,BA,Bosnia and Herzegovina,2015,,0,,,,,
dataflow,ESTAT:ENV_WASMUN(1.0),Municipal waste by waste management operations,A,Annual,DSP_I,Disposal - incineration (D10),THS_T,Thousand tonnes,BA,Bosnia and Herzegovina,2016,,0,,,,,
dataflow,ESTAT:ENV_WASMUN(1.0),Municipal waste by waste management operations,A,Annual,DSP_I,Disposal - incineration (D10),THS_T,Thousand tonnes,BA,Bosnia and Herzegovina,2017,,0,,,,,
dataflow,ESTAT:ENV_WASMUN(1.0),Municipal waste by waste management operations,A,Annual,DSP_I,Disposal - incineration (D10),THS_T,Thousand tonnes,BA,Bosnia and Herzegovina,2018,,0,,,,,
dataflow,ESTAT:ENV_WASMUN(1.0),Municipal waste by waste management operations,A,Annual,DSP_I,Disposal - incineration (D10),THS_T,Thousand tonnes,BA,Bosnia and Herzegovina,2019,,0,,i,value imputed by Eurostat or other receiving agencies,,
dataflow,ESTAT:ENV_WASMUN(1.0),Municipal waste by waste management operations,A,Annual,DSP_I,Disposal - incineration (D10),THS_T,Thousand tonnes,BA,Bosnia and Herzegovina,2020,,0,,,,,
dataflow,ESTAT:ENV_WASMUN(1.0),Municipal waste by waste management operations,A,Annual,DSP_I,Disposal - incineration (D10),THS_T,Thousand tonnes,BE,Belgium,1995,,935,,,,,
dataflow,ESTAT:ENV_WASMUN(1.0),Municipal waste by waste management operations,A,Annual,DSP_I,Disposal - incineration (D10),THS_T,Thousand tonnes,BE,Belgium,1996,,842,,,,,
dataflow,ESTAT:ENV_WASMUN(1.0),Municipal waste by waste management operations,A,Annual,DSP_I,Disposal - incineration (D10),THS_T,Thousand tonnes,BE,Belgium,1997,,822,,,,,
dataflow,ESTAT:ENV_WASMUN(1.0),Municipal waste by waste management operations,A,Annual,DSP_I,Disposal - incineration (D10),THS_T,Thousand tonnes,BE,Belgium,1998,,727,,,,,
dataflow,ESTAT:ENV_WASMUN(1.0),Municipal waste by waste management operations,A,Annual,DSP_I,Disposal - incineration (D10),THS_T,Thousand tonnes,BE,Belgium,1999,,133,,,,,
dataflow,ESTAT:ENV_WASMUN(1.0),Municipal waste by waste management operations,A,Annual,DSP_I,Disposal - incineration (D10),THS_T,Thousand tonnes,BE,Belgium,2000,,147,,,,,
dataflow,ESTAT:ENV_WASMUN(1.0),Municipal waste by waste management operations,A,Annual,DSP_I,Disposal - incineration (D10),THS_T,Thousand tonnes,BE,Belgium,2001,,164,,,,,
dataflow,ESTAT:ENV_WASMUN(1.0),Municipal waste by waste management operations,A,Annual,DSP_I,Disposal - incineration (D10),THS_T,Thousand tonnes,BE,Belgium,2002,,195,,,,,
dataflow,ESTAT:ENV_WASMUN(1.0),Municipal waste by waste management operations,A,Annual,DSP_I,Disposal - incineration (D10),THS_T,Thousand tonnes,BE,Belgium,2003,,170,,,,,
dataflow,ESTAT:ENV_WASMUN(1.0),Municipal waste by waste management operations,A,Annual,DSP_I,Disposal - incineration (D10),THS_T,Thousand tonnes,BE,Belgium,2004,,120,,,,,
dataflow,ESTAT:ENV_WASMUN(1.0),Municipal waste by waste management operations,A,Annual,DSP_I,Disposal - incineration (D10),THS_T,Thousand tonnes,BE,Belgium,2005,,116,,,,,
dataflow,ESTAT:ENV_WASMUN(1.0),Municipal waste by waste management operations,A,Annual,DSP_I,Disposal - incineration (D10),THS_T,Thousand tonnes,BE,Belgium,2006,,22,,,,,
dataflow,ESTAT:ENV_WASMUN(1.0),Municipal waste by waste management operations,A,Annual,DSP_I,Disposal - incineration (D10),THS_T,Thousand tonnes,BE,Belgium,2007,,49,,,,,
dataflow,ESTAT:ENV_WASMUN(1.0),Municipal waste by waste management operations,A,Annual,DSP_I,Disposal - incineration (D10),THS_T,Thousand tonnes,BE,Belgium,2008,,103,,,,,
dataflow,ESTAT:ENV_WASMUN(1.0),Municipal waste by waste management operations,A,Annual,DSP_I,Disposal - incineration (D10),THS_T,Thousand tonnes,BE,Belgium,2009,,99,,,,,
dataflow,ESTAT:ENV_WASMUN(1.0),Municipal waste by waste management operations,A,Annual,DSP_I,Disposal - incineration (D10),THS_T,Thousand tonnes,BE,Belgium,2010,,90,,,,,
dataflow,ESTAT:ENV_WASMUN(1.0),Municipal waste by waste management operations,A,Annual,DSP_I,Disposal - incineration (D10),THS_T,Thousand tonnes,BE,Belgium,2011,,141,,,,,
dataflow,ESTAT:ENV_WASMUN(1.0),Municipal waste by waste management operations,A,Annual,DSP_I,Disposal - incineration (D10),THS_T,Thousand tonnes,BE,Belgium,2012,,138,,,,,
dataflow,ESTAT:ENV_WASMUN(1.0),Municipal waste by waste management operations,A,Annual,DSP_I,Disposal - incineration (D10),THS_T,Thousand tonnes,BE,Belgium,2013,,100,,,,,
dataflow,ESTAT:ENV_WASMUN(1.0),Municipal waste by waste management operations,A,Annual,DSP_I,Disposal - incineration (D10),THS_T,Thousand tonnes,BE,Belgium,2014,,39,,,,,
dataflow,ESTAT:ENV_WASMUN(1.0),Municipal waste by waste management operations,A,Annual,DSP_I,Disposal - incineration (D10),THS_T,Thousand tonnes,BE,Belgium,2015,,36,,,,,
dataflow,ESTAT:ENV_WASMUN(1.0),Municipal waste by waste management operations,A,Annual,DSP_I,Disposal - incineration (D10),THS_T,Thousand tonnes,BE,Belgium,2016,,48,,,,,
dataflow,ESTAT:ENV_WASMUN(1.0),Municipal waste by waste management operations,A,Annual,DSP_I,Disposal - incineration (D10),THS_T,Thousand tonnes,BE,Belgium,2017,,38,,,,,
dataflow,ESTAT:ENV_WASMUN(1.0),Municipal waste by waste management operations,A,Annual,DSP_I,Disposal - incineration (D10),THS_T,Thousand tonnes,BE,Belgium,2018,,39,,,,,
dataflow,ESTAT:ENV_WASMUN(1.0),Municipal waste by waste management operations,A,Annual,DSP_I,Disposal - incineration (D10),THS_T,Thousand tonnes,BE,Belgium,2019,,25,,,,,
dataflow,ESTAT:ENV_WASMUN(1.0),Municipal waste by waste management operations,A,Annual,DSP_I,Disposal - incineration (D10),THS_T,Thousand tonnes,BE,Belgium,2020,,1,,,,,
dataflow,ESTAT:ENV_WASMUN(1.0),Municipal waste by waste management operations,A,Annual,DSP_I,Disposal - incineration (D10),THS_T,Thousand tonnes,BE,Belgium,2021,,2,,,,,
dataflow,ESTAT:ENV_WASMUN(1.0),Municipal waste by waste management operations,A,Annual,DSP_I,Disposal - incineration (D10),THS_T,Thousand tonnes,BE,Belgium,2022,,1,,,,,
dataflow,ESTAT:ENV_WASMUN(1.0),Municipal waste by waste management operations,A,Annual,DSP_I,Disposal - incineration (D10),THS_T,Thousand tonnes,BE,Belgium,2023,,1,,,,,
dataflow,ESTAT:ENV_WASMUN(1.0),Municipal waste by waste management operations,A,Annual,DSP_I,Disposal - incineration (D10),THS_T,Thousand tonnes,BG,Bulgaria,1995,,0,,,,,
dataflow,ESTAT:ENV_WASMUN(1.0),Municipal waste by waste management operations,A,Annual,DSP_I,Disposal - incineration (D10),THS_T,Thousand tonnes,BG,Bulgaria,1996,,0,,,,,
dataflow,ESTAT:ENV_WASMUN(1.0),Municipal waste by waste management operations,A,Annual,DSP_I,Disposal - incineration (D10),THS_T,Thousand tonnes,BG,Bulgaria,1997,,0,,,,,
dataflow,ESTAT:ENV_WASMUN(1.0),Municipal waste by waste management operations,A,Annual,DSP_I,Disposal - incineration (D10),THS_T,Thousand tonnes,BG,Bulgaria,1998,,0,,,,,
dataflow,ESTAT:ENV_WASMUN(1.0),Municipal waste by waste management operations,A,Annual,DSP_I,Disposal - incineration (D10),THS_T,Thousand tonnes,BG,Bulgaria,1999,,0,,,,,
dataflow,ESTAT:ENV_WASMUN(1.0),Municipal waste by waste management operations,A,Annual,DSP_I,Disposal - incineration (D10),THS_T,Thousand tonnes,BG,Bulgaria,2000,,0,,,,,
dataflow,ESTAT:ENV_WASMUN(1.0),Municipal waste by waste management operations,A,Annual,DSP_I,Disposal - incineration (D10),THS_T,Thousand tonnes,BG,Bulgaria,2001,,0,,,,,
dataflow,ESTAT:ENV_WASMUN(1.0),Municipal waste by waste management operations,A,Annual,DSP_I,Disposal - incineration (D10),THS_T,Thousand tonnes,BG,Bulgaria,2002,,0,,,,,
dataflow,ESTAT:ENV_WASMUN(1.0),Municipal waste by waste management operations,A,Annual,DSP_I,Disposal - incineration (D10),THS_T,Thousand tonnes,BG,Bulgaria,2003,,0,,,,,
dataflow,ESTAT:ENV_WASMUN(1.0),Municipal waste by waste management operations,A,Annual,DSP_I,Disposal - incineration (D10),THS_T,Thousand tonnes,BG,Bulgaria,2004,,0,,,,,
dataflow,ESTAT:ENV_WASMUN(1.0),Municipal waste by waste management operations,A,Annual,DSP_I,Disposal - incineration (D10),THS_T,Thousand tonnes,BG,Bulgaria,2005,,0,,,,,
dataflow,ESTAT:ENV_WASMUN(1.0),Municipal waste by waste management operations,A,Annual,DSP_I,Disposal - incineration (D10),THS_T,Thousand tonnes,BG,Bulgaria,2006,,0,,,,,
dataflow,ESTAT:ENV_WASMUN(1.0),Municipal waste by waste management operations,A,Annual,DSP_I,Disposal - incineration (D10),THS_T,Thousand tonnes,BG,Bulgaria,2007,,0,,,,,
dataflow,ESTAT:ENV_WASMUN(1.0),Municipal waste by waste management operations,A,Annual,DSP_I,Disposal - incineration (D10),THS_T,Thousand tonnes,BG,Bulgaria,2008,,0,,,,,
dataflow,ESTAT:ENV_WASMUN(1.0),Municipal waste by waste management operations,A,Annual,DSP_I,Disposal - incineration (D10),THS_T,Thousand tonnes,BG,Bulgaria,2009,,0,,,,,
dataflow,ESTAT:ENV_WASMUN(1.0),Municipal waste by waste management operations,A,Annual,DSP_I,Disposal - incineration (D10),THS_T,Thousand tonnes,BG,Bulgaria,2010,,0,,,,,
dataflow,ESTAT:ENV_WASMUN(1.0),Municipal waste by waste management operations,A,Annual,DSP_I,Disposal - incineration (D10),THS_T,Thousand tonnes,BG,Bulgaria,2011,,0,,,,,
dataflow,ESTAT:ENV_WASMUN(1.0),Municipal waste by waste management operations,A,Annual,DSP_I,Disposal - incineration (D10),THS_T,Thousand tonnes,BG,Bulgaria,2012,,0,,,,,
dataflow,ESTAT:ENV_WASMUN(1.0),Municipal waste by waste management operations,A,Annual,DSP_I,Disposal - incineration (D10),THS_T,Thousand tonnes,BG,Bulgaria,2013,,0,,,,,
dataflow,ESTAT:ENV_WASMUN(1.0),Municipal waste by waste management operations,A,Annual,DSP_I,Disposal - incineration (D10),THS_T,Thousand tonnes,BG,Bulgaria,2014,,0,,,,,
dataflow,ESTAT:ENV_WASMUN(1.0),Municipal waste by waste management operations,A,Annual,DSP_I,Disposal - incineration (D10),THS_T,Thousand tonnes,BG,Bulgaria,2015,,0,,,,,
dataflow,ESTAT:ENV_WASMUN(1.0),Municipal waste by waste management operations,A,Annual,DSP_I,Disposal - incineration (D10),THS_T,Thousand tonnes,BG,Bulgaria,2016,,0,,,,,
dataflow,ESTAT:ENV_WASMUN(1.0),Municipal waste by waste management operations,A,Annual,DSP_I,Disposal - incineration (D10),THS_T,Thousand tonnes,BG,Bulgaria,2017,,0,,,,,
dataflow,ESTAT:ENV_WASMUN(1.0),Municipal waste by waste management operations,A,Annual,DSP_I,Disposal - incineration (D10),THS_T,Thousand tonnes,BG,Bulgaria,2018,,0,,,,,
dataflow,ESTAT:ENV_WASMUN(1.0),Municipal waste by waste management operations,A,Annual,DSP_I,Disposal - incineration (D10),THS_T,Thousand tonnes,BG,Bulgaria,2019,,0,,i,value imputed by Eurostat or other receiving agencies,,
dataflow,ESTAT:ENV_WASMUN(1.0),Municipal waste by waste management operations,A,Annual,DSP_I,Disposal - incineration (D10),THS_T,Thousand tonnes,BG,Bulgaria,2020,,0,,,,,
dataflow,ESTAT:ENV_WASMUN(1.0),Municipal waste by waste management operations,A,Annual,DSP_I,Disposal - incineration (D10),THS_T,Thousand tonnes,BG,Bulgaria,2021,,0,,,,,
dataflow,ESTAT:ENV_WASMUN(1.0),Municipal waste by waste management operations,A,Annual,DSP_I,Disposal - incineration (D10),THS_T,Thousand tonnes,BG,Bulgaria,2022,,0,,,,,
dataflow,ESTAT:ENV_WASMUN(1.0),Municipal waste by waste management operations,A,Annual,DSP_I,Disposal - incineration (D10),THS_T,Thousand tonnes,CH,Switzerland,1995,,0,,,,,
dataflow,ESTAT:ENV_WASMUN(1.0),Municipal waste by waste management operations,A,Annual,DSP_I,Disposal - incineration (D10),THS_T,Thousand tonnes,CH,Switzerland,1996,,0,,,,,
dataflow,ESTAT:ENV_WASMUN(1.0),Municipal waste by waste management operations,A,Annual,DSP_I,Disposal - incineration (D10),THS_T,Thousand tonnes,CH,Switzerland,1997,,0,,,,,
dataflow,ESTAT:ENV_WASMUN(1.0),Municipal waste by waste management operations,A,Annual,DSP_I,Disposal - incineration (D10),THS_T,Thousand tonnes,CH,Switzerland,1998,,0,,,,,
dataflow,ESTAT:ENV_WASMUN(1.0),Municipal waste by waste management operations,A,Annual,DSP_I,Disposal - incineration (D10),THS_T,Thousand tonnes,CH,Switzerland,1999,,0,,,,,
dataflow,ESTAT:ENV_WASMUN(1.0),Municipal waste by waste management operations,A,Annual,DSP_I,Disposal - incineration (D10),THS_T,Thousand tonnes,CH,Switzerland,2000,,0,,,,,
dataflow,ESTAT:ENV_WASMUN(1.0),Municipal waste by waste management operations,A,Annual,DSP_I,Disposal - incineration (D10),THS_T,Thousand tonnes,CH,Switzerland,2001,,0,,,,,
dataflow,ESTAT:ENV_WASMUN(1.0),Municipal waste by waste management operations,A,Annual,DSP_I,Disposal - incineration (D10),THS_T,Thousand tonnes,CH,Switzerland,2002,,0,,,,,
dataflow,ESTAT:ENV_WASMUN(1.0),Municipal waste by waste management operations,A,Annual,DSP_I,Disposal - incineration (D10),THS_T,Thousand tonnes,CH,Switzerland,2003,,0,,,,,
dataflow,ESTAT:ENV_WASMUN(1.0),Municipal waste by waste management operations,A,Annual,DSP_I,Disposal - incineration (D10),THS_T,Thousand tonnes,CH,Switzerland,2004,,0,,,,,
dataflow,ESTAT:ENV_WASMUN(1.0),Municipal waste by waste management operations,A,Annual,DSP_I,Disposal - incineration (D10),THS_T,Thousand tonnes,CH,Switzerland,2005,,0,,,,,
dataflow,ESTAT:ENV_WASMUN(1.0),Municipal waste by waste management operations,A,Annual,DSP_I,Disposal - incineration (D10),THS_T,Thousand tonnes,CH,Switzerland,2006,,0,,,,,
dataflow,ESTAT:ENV_WASMUN(1.0),Municipal waste by waste management operations,A,Annual,DSP_I,Disposal - incineration (D10),THS_T,Thousand tonnes,CH,Switzerland,2007,,0,,,,,
dataflow,ESTAT:ENV_WASMUN(1.0),Municipal waste by waste management operations,A,Annual,DSP_I,Disposal - incineration (D10),THS_T,Thousand tonnes,CH,Switzerland,2008,,0,,,,,
dataflow,ESTAT:ENV_WASMUN(1.0),Municipal waste by waste management operations,A,Annual,DSP_I,Disposal - incineration (D10),THS_T,Thousand tonnes,CH,Switzerland,2009,,0,,,,,
dataflow,ESTAT:ENV_WASMUN(1.0),Municipal waste by waste management operations,A,Annual,DSP_I,Disposal - incineration (D10),THS_T,Thousand tonnes,CH,Switzerland,2010,,0,,,,,
dataflow,ESTAT:ENV_WASMUN(1.0),Municipal waste by waste management operations,A,Annual,DSP_I,Disposal - incineration (D10),THS_T,Thousand tonnes,CH,Switzerland,2011,,0,,,,,
dataflow,ESTAT:ENV_WASMUN(1.0),Municipal waste by waste management operations,A,Annual,DSP_I,Disposal - incineration (D10),THS_T,Thousand tonnes,CH,Switzerland,2012,,0,,,,,
dataflow,ESTAT:ENV_WASMUN(1.0),Municipal waste by waste management operations,A,Annual,DSP_I,Disposal - incineration (D10),THS_T,Thousand tonnes,CH,Switzerland,2013,,0,,,,,
dataflow,ESTAT:ENV_WASMUN(1.0),Municipal waste by waste management operations,A,Annual,DSP_I,Disposal - incineration (D10),THS_T,Thousand tonnes,CH,Switzerland,2014,,0,,,,,
dataflow,ESTAT:ENV_WASMUN(1.0),Municipal waste by waste management operations,A,Annual,DSP_I,Disposal - incineration (D10),THS_T,Thousand tonnes,CH,Switzerland,2015,,0,,,,,
dataflow,ESTAT:ENV_WASMUN(1.0),Municipal waste by waste management operations,A,Annual,DSP_I,Disposal - incineration (D10),THS_T,Thousand tonnes,CH,Switzerland,2016,,0,,,,,
dataflow,ESTAT:ENV_WASMUN(1.0),Municipal waste by waste management operations,A,Annual,DSP_I,Disposal - incineration (D10),THS_T,Thousand tonnes,CH,Switzerland,2017,,0,,,,,
dataflow,ESTAT:ENV_WASMUN(1.0),Municipal waste by waste management operations,A,Annual,DSP_I,Disposal - incineration (D10),THS_T,Thousand tonnes,CH,Switzerland,2018,,0,,,,,
dataflow,ESTAT:ENV_WASMUN(1.0),Municipal waste by waste management operations,A,Annual,DSP_I,Disposal - incineration (D10),THS_T,Thousand tonnes,CH,Switzerland,2019,,0,,,,,
dataflow,ESTAT:ENV_WASMUN(1.0),Municipal waste by waste management operations,A,Annual,DSP_I,Disposal - incineration (D10),THS_T,Thousand tonnes,CH,Switzerland,2020,,0,,,,,
dataflow,ESTAT:ENV_WASMUN(1.0),Municipal waste by waste management operations,A,Annual,DSP_I,Disposal - incineration (D10),THS_T,Thousand tonnes,CH,Switzerland,2021,,0,,,,,
dataflow,ESTAT:ENV_WASMUN(1.0),Municipal waste by waste management operations,A,Annual,DSP_I,Disposal - incineration (D10),THS_T,Thousand tonnes,CH,Switzerland,2022,,0,,,,,
dataflow,ESTAT:ENV_WASMUN(1.0),Municipal waste by waste management operations,A,Annual,DSP_I,Disposal - incineration (D10),THS_T,Thousand tonnes,CY,Cyprus,1995,,0,,,,,
dataflow,ESTAT:ENV_WASMUN(1.0),Municipal waste by waste management operations,A,Annual,DSP_I,Disposal - incineration (D10),THS_T,Thousand tonnes,CY,Cyprus,1996,,0,,,,,
dataflow,ESTAT:ENV_WASMUN(1.0),Municipal waste by waste management operations,A,Annual,DSP_I,Disposal - incineration (D10),THS_T,Thousand tonnes,CY,Cyprus,1997,,0,,,,,
dataflow,ESTAT:ENV_WASMUN(1.0),Municipal waste by waste management operations,A,Annual,DSP_I,Disposal - incineration (D10),THS_T,Thousand tonnes,CY,Cyprus,1998,,0,,,,,
dataflow,ESTAT:ENV_WASMUN(1.0),Municipal waste by waste management operations,A,Annual,DSP_I,Disposal - incineration (D10),THS_T,Thousand tonnes,CY,Cyprus,1999,,0,,,,,
dataflow,ESTAT:ENV_WASMUN(1.0),Municipal waste by waste management operations,A,Annual,DSP_I,Disposal - incineration (D10),THS_T,Thousand tonnes,CY,Cyprus,2000,,0,,,,,
dataflow,ESTAT:ENV_WASMUN(1.0),Municipal waste by waste management operations,A,Annual,DSP_I,Disposal - incineration (D10),THS_T,Thousand tonnes,CY,Cyprus,2001,,0,,,,,
dataflow,ESTAT:ENV_WASMUN(1.0),Municipal waste by waste management operations,A,Annual,DSP_I,Disposal - incineration (D10),THS_T,Thousand tonnes,CY,Cyprus,2002,,0,,,,,
dataflow,ESTAT:ENV_WASMUN(1.0),Municipal waste by waste management operations,A,Annual,DSP_I,Disposal - incineration (D10),THS_T,Thousand tonnes,CY,Cyprus,2003,,0,,,,,
dataflow,ESTAT:ENV_WASMUN(1.0),Municipal waste by waste management operations,A,Annual,DSP_I,Disposal - incineration (D10),THS_T,Thousand tonnes,CY,Cyprus,2004,,0,,,,,
dataflow,ESTAT:ENV_WASMUN(1.0),Municipal waste by waste management operations,A,Annual,DSP_I,Disposal - incineration (D10),THS_T,Thousand tonnes,CY,Cyprus,2005,,0,,,,,
dataflow,ESTAT:ENV_WASMUN(1.0),Municipal waste by waste management operations,A,Annual,DSP_I,Disposal - incineration (D10),THS_T,Thousand tonnes,CY,Cyprus,2006,,0,,,,,
dataflow,ESTAT:ENV_WASMUN(1.0),Municipal waste by waste management operations,A,Annual,DSP_I,Disposal - incineration (D10),THS_T,Thousand tonnes,CY,Cyprus,2007,,0,,,,,
dataflow,ESTAT:ENV_WASMUN(1.0),Municipal waste by waste management operations,A,Annual,DSP_I,Disposal - incineration (D10),THS_T,Thousand tonnes,CY,Cyprus,2008,,0,,,,,
dataflow,ESTAT:ENV_WASMUN(1.0),Municipal waste by waste management operations,A,Annual,DSP_I,Disposal - incineration (D10),THS_T,Thousand tonnes,CY,Cyprus,2009,,0,,,,,
dataflow,ESTAT:ENV_WASMUN(1.0),Municipal waste by waste management operations,A,Annual,DSP_I,Disposal - incineration (D10),THS_T,Thousand tonnes,CY,Cyprus,2010,,0,,,,,
dataflow,ESTAT:ENV_WASMUN(1.0),Municipal waste by waste management operations,A,Annual,DSP_I,Disposal - incineration (D10),THS_T,Thousand tonnes,CY,Cyprus,2011,,0,,,,,
dataflow,ESTAT:ENV_WASMUN(1.0),Municipal waste by waste management operations,A,Annual,DSP_I,Disposal - incineration (D10),THS_T,Thousand tonnes,CY,Cyprus,2012,,0,,,,,
dataflow,ESTAT:ENV_WASMUN(1.0),Municipal waste by waste management operations,A,Annual,DSP_I,Disposal - incineration (D10),THS_T,Thousand tonnes,CY,Cyprus,2013,,0,,,,,
dataflow,ESTAT:ENV_WASMUN(1.0),Municipal waste by waste management operations,A,Annual,DSP_I,Disposal - incineration (D10),THS_T,Thousand tonnes,CY,Cyprus,2014,,0,,,,,
dataflow,ESTAT:ENV_WASMUN(1.0),Municipal waste by waste management operations,A,Annual,DSP_I,Disposal - incineration (D10),THS_T,Thousand tonnes,CY,Cyprus,2015,,0,,,,,
dataflow,ESTAT:ENV_WASMUN(1.0),Municipal waste by waste management operations,A,Annual,DSP_I,Disposal - incineration (D10),THS_T,Thousand tonnes,CY,Cyprus,2016,,0,,,,,
dataflow,ESTAT:ENV_WASMUN(1.0),Municipal waste by waste management operations,A,Annual,DSP_I,Disposal - incineration (D10),THS_T,Thousand tonnes,CY,Cyprus,2017,,0,,,,,
dataflow,ESTAT:ENV_WASMUN(1.0),Municipal waste by waste management operations,A,Annual,DSP_I,Disposal - incineration (D10),THS_T,Thousand tonnes,CY,Cyprus,2018,,0,,,,,
dataflow,ESTAT:ENV_WASMUN(1.0),Municipal waste by waste management operations,A,Annual,DSP_I,Disposal - incineration (D10),THS_T,Thousand tonnes,CY,Cyprus,2019,,0,,,,,
dataflow,ESTAT:ENV_WASMUN(1.0),Municipal waste by waste management operations,A,Annual,DSP_I,Disposal - incineration (D10),THS_T,Thousand tonnes,CY,Cyprus,2020,,0,,,,,
dataflow,ESTAT:ENV_WASMUN(1.0),Municipal waste by waste management operations,A,Annual,DSP_I,Disposal - incineration (D10),THS_T,Thousand tonnes,CY,Cyprus,2021,,0,,,,,
dataflow,ESTAT:ENV_WASMUN(1.0),Municipal waste by waste management operations,A,Annual,DSP_I,Disposal - incineration (D10),THS_T,Thousand tonnes,CY,Cyprus,2022,,0,,,,,
dataflow,ESTAT:ENV_WASMUN(1.0),Municipal waste by waste management operations,A,Annual,DSP_I,Disposal - incineration (D10),THS_T,Thousand tonnes,CY,Cyprus,2023,,0,,,,,
dataflow,ESTAT:ENV_WASMUN(1.0),Municipal waste by waste management operations,A,Annual,DSP_I,Disposal - incineration (D10),THS_T,Thousand tonnes,CZ,Czechia,1998,,4,,,,,
dataflow,ESTAT:ENV_WASMUN(1.0),Municipal waste by waste management operations,A,Annual,DSP_I,Disposal - incineration (D10),THS_T,Thousand tonnes,CZ,Czechia,1999,,3,,i,value imputed by Eurostat or other receiving agencies,,
dataflow,ESTAT:ENV_WASMUN(1.0),Municipal waste by waste management operations,A,Annual,DSP_I,Disposal - incineration (D10),THS_T,Thousand tonnes,CZ,Czechia,2000,,3,,i,value imputed by Eurostat or other receiving agencies,,
dataflow,ESTAT:ENV_WASMUN(1.0),Municipal waste by waste management operations,A,Annual,DSP_I,Disposal - incineration (D10),THS_T,Thousand tonnes,CZ,Czechia,2001,,3,,i,value imputed by Eurostat or other receiving agencies,,
dataflow,ESTAT:ENV_WASMUN(1.0),Municipal waste by waste management operations,A,Annual,DSP_I,Disposal - incineration (D10),THS_T,Thousand tonnes,CZ,Czechia,2002,,3,,,,,
dataflow,ESTAT:ENV_WASMUN(1.0),Municipal waste by waste management operations,A,Annual,DSP_I,Disposal - incineration (D10),THS_T,Thousand tonnes,CZ,Czechia,2003,,2,,,,,
dataflow,ESTAT:ENV_WASMUN(1.0),Municipal waste by waste management operations,A,Annual,DSP_I,Disposal - incineration (D10),THS_T,Thousand tonnes,CZ,Czechia,2004,,1,,b,break in time series,,
dataflow,ESTAT:ENV_WASMUN(1.0),Municipal waste by waste management operations,A,Annual,DSP_I,Disposal - incineration (D10),THS_T,Thousand tonnes,CZ,Czechia,2005,,1,,e,estimated,,
dataflow,ESTAT:ENV_WASMUN(1.0),Municipal waste by waste management operations,A,Annual,DSP_I,Disposal - incineration (D10),THS_T,Thousand tonnes,CZ,Czechia,2006,,2,,e,estimated,,
dataflow,ESTAT:ENV_WASMUN(1.0),Municipal waste by waste management operations,A,Annual,DSP_I,Disposal - incineration (D10),THS_T,Thousand tonnes,CZ,Czechia,2007,,2,,e,estimated,,
dataflow,ESTAT:ENV_WASMUN(1.0),Municipal waste by waste management operations,A,Annual,DSP_I,Disposal - incineration (D10),THS_T,Thousand tonnes,CZ,Czechia,2008,,2,,e,estimated,,
dataflow,ESTAT:ENV_WASMUN(1.0),Municipal waste by waste management operations,A,Annual,DSP_I,Disposal - incineration (D10),THS_T,Thousand tonnes,CZ,Czechia,2009,,2,,e,estimated,,
dataflow,ESTAT:ENV_WASMUN(1.0),Municipal waste by waste management operations,A,Annual,DSP_I,Disposal - incineration (D10),THS_T,Thousand tonnes,CZ,Czechia,2010,,2,,e,estimated,,
dataflow,ESTAT:ENV_WASMUN(1.0),Municipal waste by waste management operations,A,Annual,DSP_I,Disposal - incineration (D10),THS_T,Thousand tonnes,CZ,Czechia,2011,,3,,e,estimated,,
dataflow,ESTAT:ENV_WASMUN(1.0),Municipal waste by waste management operations,A,Annual,DSP_I,Disposal - incineration (D10),THS_T,Thousand tonnes,CZ,Czechia,2012,,3,,e,estimated,,
dataflow,ESTAT:ENV_WASMUN(1.0),Municipal waste by waste management operations,A,Annual,DSP_I,Disposal - incineration (D10),THS_T,Thousand tonnes,CZ,Czechia,2013,,3,,e,estimated,,
dataflow,ESTAT:ENV_WASMUN(1.0),Municipal waste by waste management operations,A,Annual,DSP_I,Disposal - incineration (D10),THS_T,Thousand tonnes,CZ,Czechia,2014,,4,,e,estimated,,
dataflow,ESTAT:ENV_WASMUN(1.0),Municipal waste by waste management operations,A,Annual,DSP_I,Disposal - incineration (D10),THS_T,Thousand tonnes,CZ,Czechia,2015,,4,,e,estimated,,
dataflow,ESTAT:ENV_WASMUN(1.0),Municipal waste by waste management operations,A,Annual,DSP_I,Disposal - incineration (D10),THS_T,Thousand tonnes,CZ,Czechia,2016,,4,,e,estimated,,
dataflow,ESTAT:ENV_WASMUN(1.0),Municipal waste by waste management operations,A,Annual,DSP_I,Disposal - incineration (D10),THS_T,Thousand tonnes,CZ,Czechia,2017,,4,,b,break in time series,,
dataflow,ESTAT:ENV_WASMUN(1.0),Municipal waste by waste management operations,A,Annual,DSP_I,Disposal - incineration (D10),THS_T,Thousand tonnes,CZ,Czechia,2018,,5,,,,,
dataflow,ESTAT:ENV_WASMUN(1.0),Municipal waste by waste management operations,A,Annual,DSP_I,Disposal - incineration (D10),THS_T,Thousand tonnes,CZ,Czechia,2019,,4,,,,,
dataflow,ESTAT:ENV_WASMUN(1.0),Municipal waste by waste management operations,A,Annual,DSP_I,Disposal - incineration (D10),THS_T,Thousand tonnes,CZ,Czechia,2020,,5,,,,,
dataflow,ESTAT:ENV_WASMUN(1.0),Municipal waste by waste management operations,A,Annual,DSP_I,Disposal - incineration (D10),THS_T,Thousand tonnes,CZ,Czechia,2021,,4,,,,,
dataflow,ESTAT:ENV_WASMUN(1.0),Municipal waste by waste management operations,A,Annual,DSP_I,Disposal - incineration (D10),THS_T,Thousand tonnes,DE,Germany,1995,,8945,,i,value imputed by Eurostat or other receiving agencies,,
dataflow,ESTAT:ENV_WASMUN(1.0),Municipal waste by waste management operations,A,Annual,DSP_I,Disposal - incineration (D10),THS_T,Thousand tonnes,DE,Germany,1996,,9802,,i,value imputed by Eurostat or other receiving agencies,,
dataflow,ESTAT:ENV_WASMUN(1.0),Municipal waste by waste management operations,A,Annual,DSP_I,Disposal - incineration (D10),THS_T,Thousand tonnes,DE,Germany,1997,,10245,,i,value imputed by Eurostat or other receiving agencies,,
dataflow,ESTAT:ENV_WASMUN(1.0),Municipal waste by waste management operations,A,Annual,DSP_I,Disposal - incineration (D10),THS_T,Thousand tonnes,DE,Germany,1998,,10367,,i,value imputed by Eurostat or other receiving agencies,,
dataflow,ESTAT:ENV_WASMUN(1.0),Municipal waste by waste management operations,A,Annual,DSP_I,Disposal - incineration (D10),THS_T,Thousand tonnes,DE,Germany,1999,,10616,,i,value imputed by Eurostat or other receiving agencies,,
dataflow,ESTAT:ENV_WASMUN(1.0),Municipal waste by waste management operations,A,Annual,DSP_I,Disposal - incineration (D10),THS_T,Thousand tonnes,DE,Germany,2000,,11300,,i,value imputed by Eurostat or other receiving agencies,,
dataflow,ESTAT:ENV_WASMUN(1.0),Municipal waste by waste management operations,A,Annual,DSP_I,Disposal - incineration (D10),THS_T,Thousand tonnes,DE,Germany,2001,,11444,,i,value imputed by Eurostat or other receiving agencies,,
dataflow,ESTAT:ENV_WASMUN(1.0),Municipal waste by waste management operations,A,Annual,DSP_I,Disposal - incineration (D10),THS_T,Thousand tonnes,DE,Germany,2002,,11762,,i,value imputed by Eurostat or other receiving agencies,,
dataflow,ESTAT:ENV_WASMUN(1.0),Municipal waste by waste management operations,A,Annual,DSP_I,Disposal - incineration (D10),THS_T,Thousand tonnes,DE,Germany,2003,,11238,,i,value imputed by Eurostat or other receiving agencies,,
dataflow,ESTAT:ENV_WASMUN(1.0),Municipal waste by waste management operations,A,Annual,DSP_I,Disposal - incineration (D10),THS_T,Thousand tonnes,DE,Germany,2004,,12146,,i,value imputed by Eurostat or other receiving agencies,,
dataflow,ESTAT:ENV_WASMUN(1.0),Municipal waste by waste management operations,A,Annual,DSP_I,Disposal - incineration (D10),THS_T,Thousand tonnes,DE,Germany,2005,,13778,,i,value imputed by Eurostat or other receiving agencies,,
dataflow,ESTAT:ENV_WASMUN(1.0),Municipal waste by waste management operations,A,Annual,DSP_I,Disposal - incineration (D10),THS_T,Thousand tonnes,DE,Germany,2006,,13422,,i,value imputed by Eurostat or other receiving agencies,,
dataflow,ESTAT:ENV_WASMUN(1.0),Municipal waste by waste management operations,A,Annual,DSP_I,Disposal - incineration (D10),THS_T,Thousand tonnes,DE,Germany,2007,,11799,,i,value imputed by Eurostat or other receiving agencies,,
dataflow,ESTAT:ENV_WASMUN(1.0),Municipal waste by waste management operations,A,Annual,DSP_I,Disposal - incineration (D10),THS_T,Thousand tonnes,DE,Germany,2008,,10982,,i,value imputed by Eurostat or other receiving agencies,,
dataflow,ESTAT:ENV_WASMUN(1.0),Municipal waste by waste management operations,A,Annual,DSP_I,Disposal - incineration (D10),THS_T,Thousand tonnes,DE,Germany,2009,,10890,,i,value imputed by Eurostat or other receiving agencies,,
dataflow,ESTAT:ENV_WASMUN(1.0),Municipal waste by waste management operations,A,Annual,DSP_I,Disposal - incineration (D10),THS_T,Thousand tonnes,DE,Germany,2010,,10534,,i,value imputed by Eurostat or other receiving agencies,,
dataflow,ESTAT:ENV_WASMUN(1.0),Municipal waste by waste management operations,A,Annual,DSP_I,Disposal - incineration (D10),THS_T,Thousand tonnes,DE,Germany,2011,,10284,,i,value imputed by Eurostat or other receiving agencies,,
dataflow,ESTAT:ENV_WASMUN(1.0),Municipal waste by waste management operations,A,Annual,DSP_I,Disposal - incineration (D10),THS_T,Thousand tonnes,DE,Germany,2012,,8329,,i,value imputed by Eurostat or other receiving agencies,,
dataflow,ESTAT:ENV_WASMUN(1.0),Municipal waste by waste management operations,A,Annual,DSP_I,Disposal - incineration (D10),THS_T,Thousand tonnes,DE,Germany,2013,,5236,,i,value imputed by Eurostat or other receiving agencies,,
dataflow,ESTAT:ENV_WASMUN(1.0),Municipal waste by waste management operations,A,Annual,DSP_I,Disposal - incineration (D10),THS_T,Thousand tonnes,DE,Germany,2014,,5324,,i,value imputed by Eurostat or other receiving agencies,,
dataflow,ESTAT:ENV_WASMUN(1.0),Municipal waste by waste management operations,A,Annual,DSP_I,Disposal - incineration (D10),THS_T,Thousand tonnes,DE,Germany,2015,,4459,,i,value imputed by Eurostat or other receiving agencies,,
dataflow,ESTAT:ENV_WASMUN(1.0),Municipal waste by waste management operations,A,Annual,DSP_I,Disposal - incineration (D10),THS_T,Thousand tonnes,DE,Germany,2016,,2392,,i,value imputed by Eurostat or other receiving agencies,,
dataflow,ESTAT:ENV_WASMUN(1.0),Municipal waste by waste management operations,A,Annual,DSP_I,Disposal - incineration (D10),THS_T,Thousand tonnes,DE,Germany,2017,,612,,i,value imputed by Eurostat or other receiving agencies,,
dataflow,ESTAT:ENV_WASMUN(1.0),Municipal waste by waste management operations,A,Annual,DSP_I,Disposal - incineration (D10),THS_T,Thousand tonnes,DE,Germany,2018,,480,,i,value imputed by Eurostat or other receiving agencies,,
dataflow,ESTAT:ENV_WASMUN(1.0),Municipal waste by waste management operations,A,Annual,DSP_I,Disposal - incineration (D10),THS_T,Thousand tonnes,DE,Germany,2019,,484,,i,value imputed by Eurostat or other receiving agencies,,
dataflow,ESTAT:ENV_WASMUN(1.0),Municipal waste by waste management operations,A,Annual,DSP_I,Disposal - incineration (D10),THS_T,Thousand tonnes,DE,Germany,2020,,616,,i,value imputed by Eurostat or other receiving agencies,,
dataflow,ESTAT:ENV_WASMUN(1.0),Municipal waste by waste management operations,A,Annual,DSP_I,Disposal - incineration (D10),THS_T,Thousand tonnes,DE,Germany,2021,,592,,i,value imputed by Eurostat or other receiving agencies,,
dataflow,ESTAT:ENV_WASMUN(1.0),Municipal waste by waste management operations,A,Annual,DSP_I,Disposal - incineration (D10),THS_T,Thousand tonnes,DE,Germany,2022,,565,,i,value imputed by Eurostat or other receiving agencies,,
dataflow,ESTAT:ENV_WASMUN(1.0),Municipal waste by waste management operations,A,Annual,DSP_I,Disposal - incineration (D10),THS_T,Thousand tonnes,DE,Germany,2023,,756,,i,value imputed by Eurostat or other receiving agencies,,
dataflow,ESTAT:ENV_WASMUN(1.0),Municipal waste by waste management operations,A,Annual,DSP_I,Disposal - incineration (D10),THS_T,Thousand tonnes,DK,Denmark,1995,,0,,,,,
dataflow,ESTAT:ENV_WASMUN(1.0),Municipal waste by waste management operations,A,Annual,DSP_I,Disposal - incineration (D10),THS_T,Thousand tonnes,DK,Denmark,1996,,0,,,,,
dataflow,ESTAT:ENV_WASMUN(1.0),Municipal waste by waste management operations,A,Annual,DSP_I,Disposal - incineration (D10),THS_T,Thousand tonnes,DK,Denmark,1997,,0,,,,,
dataflow,ESTAT:ENV_WASMUN(1.0),Municipal waste by waste management operations,A,Annual,DSP_I,Disposal - incineration (D10),THS_T,Thousand tonnes,DK,Denmark,1998,,0,,,,,
dataflow,ESTAT:ENV_WASMUN(1.0),Municipal waste by waste management operations,A,Annual,DSP_I,Disposal - incineration (D10),THS_T,Thousand tonnes,DK,Denmark,1999,,0,,,,,
dataflow,ESTAT:ENV_WASMUN(1.0),Municipal waste by waste management operations,A,Annual,DSP_I,Disposal - incineration (D10),THS_T,Thousand tonnes,DK,Denmark,2000,,0,,,,,
dataflow,ESTAT:ENV_WASMUN(1.0),Municipal waste by waste management operations,A,Annual,DSP_I,Disposal - incineration (D10),THS_T,Thousand tonnes,DK,Denmark,2001,,0,,,,,
dataflow,ESTAT:ENV_WASMUN(1.0),Municipal waste by waste management operations,A,Annual,DSP_I,Disposal - incineration (D10),THS_T,Thousand tonnes,DK,Denmark,2002,,0,,,,,
dataflow,ESTAT:ENV_WASMUN(1.0),Municipal waste by waste management operations,A,Annual,DSP_I,Disposal - incineration (D10),THS_T,Thousand tonnes,DK,Denmark,2003,,0,,,,,
dataflow,ESTAT:ENV_WASMUN(1.0),Municipal waste by waste management operations,A,Annual,DSP_I,Disposal - incineration (D10),THS_T,Thousand tonnes,DK,Denmark,2004,,0,,,,,
dataflow,ESTAT:ENV_WASMUN(1.0),Municipal waste by waste management operations,A,Annual,DSP_I,Disposal - incineration (D10),THS_T,Thousand tonnes,DK,Denmark,2005,,0,,,,,
dataflow,ESTAT:ENV_WASMUN(1.0),Municipal waste by waste management operations,A,Annual,DSP_I,Disposal - incineration (D10),THS_T,Thousand tonnes,DK,Denmark,2006,,0,,,,,
dataflow,ESTAT:ENV_WASMUN(1.0),Municipal waste by waste management operations,A,Annual,DSP_I,Disposal - incineration (D10),THS_T,Thousand tonnes,DK,Denmark,2007,,0,,,,,
dataflow,ESTAT:ENV_WASMUN(1.0),Municipal waste by waste management operations,A,Annual,DSP_I,Disposal - incineration (D10),THS_T,Thousand tonnes,DK,Denmark,2008,,0,,,,,
dataflow,ESTAT:ENV_WASMUN(1.0),Municipal waste by waste management operations,A,Annual,DSP_I,Disposal - incineration (D10),THS_T,Thousand tonnes,DK,Denmark,2009,,0,,,,,
dataflow,ESTAT:ENV_WASMUN(1.0),Municipal waste by waste management operations,A,Annual,DSP_I,Disposal - incineration (D10),THS_T,Thousand tonnes,DK,Denmark,2011,,0,,b,break in time series,,
dataflow,ESTAT:ENV_WASMUN(1.0),Municipal waste by waste management operations,A,Annual,DSP_I,Disposal - incineration (D10),THS_T,Thousand tonnes,DK,Denmark,2012,,0,,,,,
dataflow,ESTAT:ENV_WASMUN(1.0),Municipal waste by waste management operations,A,Annual,DSP_I,Disposal - incineration (D10),THS_T,Thousand tonnes,DK,Denmark,2013,,0,,,,,
dataflow,ESTAT:ENV_WASMUN(1.0),Municipal waste by waste management operations,A,Annual,DSP_I,Disposal - incineration (D10),THS_T,Thousand tonnes,DK,Denmark,2014,,0,,,,,
dataflow,ESTAT:ENV_WASMUN(1.0),Municipal waste by waste management operations,A,Annual,DSP_I,Disposal - incineration (D10),THS_T,Thousand tonnes,DK,Denmark,2015,,0,,,,,
dataflow,ESTAT:ENV_WASMUN(1.0),Municipal waste by waste management operations,A,Annual,DSP_I,Disposal - incineration (D10),THS_T,Thousand tonnes,DK,Denmark,2016,,0,,,,,
dataflow,ESTAT:ENV_WASMUN(1.0),Municipal waste by waste management operations,A,Annual,DSP_I,Disposal - incineration (D10),THS_T,Thousand tonnes,DK,Denmark,2017,,0,,,,,
dataflow,ESTAT:ENV_WASMUN(1.0),Municipal waste by waste management operations,A,Annual,DSP_I,Disposal - incineration (D10),THS_T,Thousand tonnes,DK,Denmark,2018,,0,,,,,
dataflow,ESTAT:ENV_WASMUN(1.0),Municipal waste by waste management operations,A,Annual,DSP_I,Disposal - incineration (D10),THS_T,Thousand tonnes,DK,Denmark,2019,,0,,,,,
dataflow,ESTAT:ENV_WASMUN(1.0),Municipal waste by waste management operations,A,Annual,DSP_I,Disposal - incineration (D10),THS_T,Thousand tonnes,DK,Denmark,2020,,0,,,,,
dataflow,ESTAT:ENV_WASMUN(1.0),Municipal waste by waste management operations,A,Annual,DSP_I,Disposal - incineration (D10),THS_T,Thousand tonnes,DK,Denmark,2021,,0,,,,,
dataflow,ESTAT:ENV_WASMUN(1.0),Municipal waste by waste management operations,A,Annual,DSP_I,Disposal - incineration (D10),THS_T,Thousand tonnes,DK,Denmark,2022,,0,,,,,
dataflow,ESTAT:ENV_WASMUN(1.0),Municipal waste by waste management operations,A,Annual,DSP_I,Disposal - incineration (D10),THS_T,Thousand tonnes,EE,Estonia,1995,,0,,,,,
dataflow,ESTAT:ENV_WASMUN(1.0),Municipal waste by waste management operations,A,Annual,DSP_I,Disposal - incineration (D10),THS_T,Thousand tonnes,EE,Estonia,1996,,0,,,,,
dataflow,ESTAT:ENV_WASMUN(1.0),Municipal waste by waste management operations,A,Annual,DSP_I,Disposal - incineration (D10),THS_T,Thousand tonnes,EE,Estonia,1997,,0,,,,,
dataflow,ESTAT:ENV_WASMUN(1.0),Municipal waste by waste management operations,A,Annual,DSP_I,Disposal - incineration (D10),THS_T,Thousand tonnes,EE,Estonia,1998,,0,,,,,
dataflow,ESTAT:ENV_WASMUN(1.0),Municipal waste by waste management operations,A,Annual,DSP_I,Disposal - incineration (D10),THS_T,Thousand tonnes,EE,Estonia,1999,,0,,,,,
dataflow,ESTAT:ENV_WASMUN(1.0),Municipal waste by waste management operations,A,Annual,DSP_I,Disposal - incineration (D10),THS_T,Thousand tonnes,EE,Estonia,2000,,0,,,,,
dataflow,ESTAT:ENV_WASMUN(1.0),Municipal waste by waste management operations,A,Annual,DSP_I,Disposal - incineration (D10),THS_T,Thousand tonnes,EE,Estonia,2001,,0,,,,,
dataflow,ESTAT:ENV_WASMUN(1.0),Municipal waste by waste management operations,A,Annual,DSP_I,Disposal - incineration (D10),THS_T,Thousand tonnes,EE,Estonia,2002,,0,,,,,
dataflow,ESTAT:ENV_WASMUN(1.0),Municipal waste by waste management operations,A,Annual,DSP_I,Disposal - incineration (D10),THS_T,Thousand tonnes,EE,Estonia,2003,,0,,,,,
dataflow,ESTAT:ENV_WASMUN(1.0),Municipal waste by waste management operations,A,Annual,DSP_I,Disposal - incineration (D10),THS_T,Thousand tonnes,EE,Estonia,2004,,0,,,,,
dataflow,ESTAT:ENV_WASMUN(1.0),Municipal waste by waste management operations,A,Annual,DSP_I,Disposal - incineration (D10),THS_T,Thousand tonnes,EE,Estonia,2005,,0,,,,,
dataflow,ESTAT:ENV_WASMUN(1.0),Municipal waste by waste management operations,A,Annual,DSP_I,Disposal - incineration (D10),THS_T,Thousand tonnes,EE,Estonia,2006,,0,,,,,
dataflow,ESTAT:ENV_WASMUN(1.0),Municipal waste by waste management operations,A,Annual,DSP_I,Disposal - incineration (D10),THS_T,Thousand tonnes,EE,Estonia,2007,,0,,,,,
dataflow,ESTAT:ENV_WASMUN(1.0),Municipal waste by waste management operations,A,Annual,DSP_I,Disposal - incineration (D10),THS_T,Thousand tonnes,EE,Estonia,2008,,0,,,,,
dataflow,ESTAT:ENV_WASMUN(1.0),Municipal waste by waste management operations,A,Annual,DSP_I,Disposal - incineration (D10),THS_T,Thousand tonnes,EE,Estonia,2009,,0,,,,,
dataflow,ESTAT:ENV_WASMUN(1.0),Municipal waste by waste management operations,A,Annual,DSP_I,Disposal - incineration (D10),THS_T,Thousand tonnes,EE,Estonia,2010,,0,,,,,
dataflow,ESTAT:ENV_WASMUN(1.0),Municipal waste by waste management operations,A,Annual,DSP_I,Disposal - incineration (D10),THS_T,Thousand tonnes,EE,Estonia,2011,,0,,,,,
dataflow,ESTAT:ENV_WASMUN(1.0),Municipal waste by waste management operations,A,Annual,DSP_I,Disposal - incineration (D10),THS_T,Thousand tonnes,EE,Estonia,2012,,0,,,,,
dataflow,ESTAT:ENV_WASMUN(1.0),Municipal waste by waste management operations,A,Annual,DSP_I,Disposal - incineration (D10),THS_T,Thousand tonnes,EE,Estonia,2013,,0,,,,,
dataflow,ESTAT:ENV_WASMUN(1.0),Municipal waste by waste management operations,A,Annual,DSP_I,Disposal - incineration (D10),THS_T,Thousand tonnes,EE,Estonia,2014,,0,,,,,
dataflow,ESTAT:ENV_WASMUN(1.0),Municipal waste by waste management operations,A,Annual,DSP_I,Disposal - incineration (D10),THS_T,Thousand tonnes,EE,Estonia,2015,,0,,,,,
dataflow,ESTAT:ENV_WASMUN(1.0),Municipal waste by waste management operations,A,Annual,DSP_I,Disposal - incineration (D10),THS_T,Thousand tonnes,EE,Estonia,2016,,0,,,,,
dataflow,ESTAT:ENV_WASMUN(1.0),Municipal waste by waste management operations,A,Annual,DSP_I,Disposal - incineration (D10),THS_T,Thousand tonnes,EE,Estonia,2017,,0,,,,,
dataflow,ESTAT:ENV_WASMUN(1.0),Municipal waste by waste management operations,A,Annual,DSP_I,Disposal - incineration (D10),THS_T,Thousand tonnes,EE,Estonia,2018,,0,,,,,
dataflow,ESTAT:ENV_WASMUN(1.0),Municipal waste by waste management operations,A,Annual,DSP_I,Disposal - incineration (D10),THS_T,Thousand tonnes,EE,Estonia,2019,,0,,,,,
dataflow,ESTAT:ENV_WASMUN(1.0),Municipal waste by waste management operations,A,Annual,DSP_I,Disposal - incineration (D10),THS_T,Thousand tonnes,EE,Estonia,2020,,0,,,,,
dataflow,ESTAT:ENV_WASMUN(1.0),Municipal waste by waste management operations,A,Annual,DSP_I,Disposal - incineration (D10),THS_T,Thousand tonnes,EE,Estonia,2021,,0,,,,,
dataflow,ESTAT:ENV_WASMUN(1.0),Municipal waste by waste management operations,A,Annual,DSP_I,Disposal - incineration (D10),THS_T,Thousand tonnes,EE,Estonia,2022,,0,,,,,
dataflow,ESTAT:ENV_WASMUN(1.0),Municipal waste by waste management operations,A,Annual,DSP_I,Disposal - incineration (D10),THS_T,Thousand tonnes,EE,Estonia,2023,,0,,,,,
dataflow,ESTAT:ENV_WASMUN(1.0),Municipal waste by waste management operations,A,Annual,DSP_I,Disposal - incineration (D10),THS_T,Thousand tonnes,EL,Greece,1997,,0,,,,,
dataflow,ESTAT:ENV_WASMUN(1.0),Municipal waste by waste management operations,A,Annual,DSP_I,Disposal - incineration (D10),THS_T,Thousand tonnes,EL,Greece,1998,,0,,,,,
dataflow,ESTAT:ENV_WASMUN(1.0),Municipal waste by waste management operations,A,Annual,DSP_I,Disposal - incineration (D10),THS_T,Thousand tonnes,EL,Greece,1999,,0,,,,,
dataflow,ESTAT:ENV_WASMUN(1.0),Municipal waste by waste management operations,A,Annual,DSP_I,Disposal - incineration (D10),THS_T,Thousand tonnes,EL,Greece,2000,,0,,,,,
dataflow,ESTAT:ENV_WASMUN(1.0),Municipal waste by waste management operations,A,Annual,DSP_I,Disposal - incineration (D10),THS_T,Thousand tonnes,EL,Greece,2001,,0,,,,,
dataflow,ESTAT:ENV_WASMUN(1.0),Municipal waste by waste management operations,A,Annual,DSP_I,Disposal - incineration (D10),THS_T,Thousand tonnes,EL,Greece,2002,,0,,,,,
dataflow,ESTAT:ENV_WASMUN(1.0),Municipal waste by waste management operations,A,Annual,DSP_I,Disposal - incineration (D10),THS_T,Thousand tonnes,EL,Greece,2003,,0,,,,,
dataflow,ESTAT:ENV_WASMUN(1.0),Municipal waste by waste management operations,A,Annual,DSP_I,Disposal - incineration (D10),THS_T,Thousand tonnes,EL,Greece,2004,,0,,,,,
dataflow,ESTAT:ENV_WASMUN(1.0),Municipal waste by waste management operations,A,Annual,DSP_I,Disposal - incineration (D10),THS_T,Thousand tonnes,EL,Greece,2005,,0,,,,,
dataflow,ESTAT:ENV_WASMUN(1.0),Municipal waste by waste management operations,A,Annual,DSP_I,Disposal - incineration (D10),THS_T,Thousand tonnes,EL,Greece,2006,,0,,,,,
dataflow,ESTAT:ENV_WASMUN(1.0),Municipal waste by waste management operations,A,Annual,DSP_I,Disposal - incineration (D10),THS_T,Thousand tonnes,EL,Greece,2007,,0,,,,,
dataflow,ESTAT:ENV_WASMUN(1.0),Municipal waste by waste management operations,A,Annual,DSP_I,Disposal - incineration (D10),THS_T,Thousand tonnes,EL,Greece,2008,,0,,,,,
dataflow,ESTAT:ENV_WASMUN(1.0),Municipal waste by waste management operations,A,Annual,DSP_I,Disposal - incineration (D10),THS_T,Thousand tonnes,EL,Greece,2009,,0,,,,,
dataflow,ESTAT:ENV_WASMUN(1.0),Municipal waste by waste management operations,A,Annual,DSP_I,Disposal - incineration (D10),THS_T,Thousand tonnes,EL,Greece,2010,,0,,,,,
dataflow,ESTAT:ENV_WASMUN(1.0),Municipal waste by waste management operations,A,Annual,DSP_I,Disposal - incineration (D10),THS_T,Thousand tonnes,EL,Greece,2011,,0,,,,,
dataflow,ESTAT:ENV_WASMUN(1.0),Municipal waste by waste management operations,A,Annual,DSP_I,Disposal - incineration (D10),THS_T,Thousand tonnes,EL,Greece,2012,,0,,,,,
dataflow,ESTAT:ENV_WASMUN(1.0),Municipal waste by waste management operations,A,Annual,DSP_I,Disposal - incineration (D10),THS_T,Thousand tonnes,EL,Greece,2016,,0,,i,value imputed by Eurostat or other receiving agencies,,
dataflow,ESTAT:ENV_WASMUN(1.0),Municipal waste by waste management operations,A,Annual,DSP_I,Disposal - incineration (D10),THS_T,Thousand tonnes,EL,Greece,2017,,0,,i,value imputed by Eurostat or other receiving agencies,,
dataflow,ESTAT:ENV_WASMUN(1.0),Municipal waste by waste management operations,A,Annual,DSP_I,Disposal - incineration (D10),THS_T,Thousand tonnes,EL,Greece,2018,,0,,i,value imputed by Eurostat or other receiving agencies,,
dataflow,ESTAT:ENV_WASMUN(1.0),Municipal waste by waste management operations,A,Annual,DSP_I,Disposal - incineration (D10),THS_T,Thousand tonnes,EL,Greece,2019,,0,,,,,
dataflow,ESTAT:ENV_WASMUN(1.0),Municipal waste by waste management operations,A,Annual,DSP_I,Disposal - incineration (D10),THS_T,Thousand tonnes,EL,Greece,2020,,0,,,,,
dataflow,ESTAT:ENV_WASMUN(1.0),Municipal waste by waste management operations,A,Annual,DSP_I,Disposal - incineration (D10),THS_T,Thousand tonnes,EL,Greece,2021,,0,,,,,
dataflow,ESTAT:ENV_WASMUN(1.0),Municipal waste by waste management operations,A,Annual,DSP_I,Disposal - incineration (D10),THS_T,Thousand tonnes,EL,Greece,2022,,0,,,,,
dataflow,ESTAT:ENV_WASMUN(1.0),Municipal waste by waste management operations,A,Annual,DSP_I,Disposal - incineration (D10),THS_T,Thousand tonnes,ES,Spain,1995,,0,,,,,
dataflow,ESTAT:ENV_WASMUN(1.0),Municipal waste by waste management operations,A,Annual,DSP_I,Disposal - incineration (D10),THS_T,Thousand tonnes,ES,Spain,1996,,0,,,,,
dataflow,ESTAT:ENV_WASMUN(1.0),Municipal waste by waste management operations,A,Annual,DSP_I,Disposal - incineration (D10),THS_T,Thousand tonnes,ES,Spain,1997,,0,,,,,
dataflow,ESTAT:ENV_WASMUN(1.0),Municipal waste by waste management operations,A,Annual,DSP_I,Disposal - incineration (D10),THS_T,Thousand tonnes,ES,Spain,1998,,0,,,,,
dataflow,ESTAT:ENV_WASMUN(1.0),Municipal waste by waste management operations,A,Annual,DSP_I,Disposal - incineration (D10),THS_T,Thousand tonnes,ES,Spain,1999,,0,,,,,
dataflow,ESTAT:ENV_WASMUN(1.0),Municipal waste by waste management operations,A,Annual,DSP_I,Disposal - incineration (D10),THS_T,Thousand tonnes,ES,Spain,2000,,0,,,,,
dataflow,ESTAT:ENV_WASMUN(1.0),Municipal waste by waste management operations,A,Annual,DSP_I,Disposal - incineration (D10),THS_T,Thousand tonnes,ES,Spain,2001,,0,,,,,
dataflow,ESTAT:ENV_WASMUN(1.0),Municipal waste by waste management operations,A,Annual,DSP_I,Disposal - incineration (D10),THS_T,Thousand tonnes,ES,Spain,2002,,0,,,,,
dataflow,ESTAT:ENV_WASMUN(1.0),Municipal waste by waste management operations,A,Annual,DSP_I,Disposal - incineration (D10),THS_T,Thousand tonnes,ES,Spain,2003,,0,,,,,
dataflow,ESTAT:ENV_WASMUN(1.0),Municipal waste by waste management operations,A,Annual,DSP_I,Disposal - incineration (D10),THS_T,Thousand tonnes,ES,Spain,2004,,0,,,,,
dataflow,ESTAT:ENV_WASMUN(1.0),Municipal waste by waste management operations,A,Annual,DSP_I,Disposal - incineration (D10),THS_T,Thousand tonnes,ES,Spain,2005,,0,,,,,
dataflow,ESTAT:ENV_WASMUN(1.0),Municipal waste by waste management operations,A,Annual,DSP_I,Disposal - incineration (D10),THS_T,Thousand tonnes,ES,Spain,2006,,358,,,,,
dataflow,ESTAT:ENV_WASMUN(1.0),Municipal waste by waste management operations,A,Annual,DSP_I,Disposal - incineration (D10),THS_T,Thousand tonnes,ES,Spain,2007,,390,,,,,
dataflow,ESTAT:ENV_WASMUN(1.0),Municipal waste by waste management operations,A,Annual,DSP_I,Disposal - incineration (D10),THS_T,Thousand tonnes,ES,Spain,2008,,0,,,,,
dataflow,ESTAT:ENV_WASMUN(1.0),Municipal waste by waste management operations,A,Annual,DSP_I,Disposal - incineration (D10),THS_T,Thousand tonnes,ES,Spain,2009,,0,,,,,
dataflow,ESTAT:ENV_WASMUN(1.0),Municipal waste by waste management operations,A,Annual,DSP_I,Disposal - incineration (D10),THS_T,Thousand tonnes,ES,Spain,2010,,0,,,,,
dataflow,ESTAT:ENV_WASMUN(1.0),Municipal waste by waste management operations,A,Annual,DSP_I,Disposal - incineration (D10),THS_T,Thousand tonnes,ES,Spain,2011,,0,,,,,
dataflow,ESTAT:ENV_WASMUN(1.0),Municipal waste by waste management operations,A,Annual,DSP_I,Disposal - incineration (D10),THS_T,Thousand tonnes,ES,Spain,2012,,0,,,,,
dataflow,ESTAT:ENV_WASMUN(1.0),Municipal waste by waste management operations,A,Annual,DSP_I,Disposal - incineration (D10),THS_T,Thousand tonnes,ES,Spain,2013,,0,,,,,
dataflow,ESTAT:ENV_WASMUN(1.0),Municipal waste by waste management operations,A,Annual,DSP_I,Disposal - incineration (D10),THS_T,Thousand tonnes,ES,Spain,2014,,0,,,,,
dataflow,ESTAT:ENV_WASMUN(1.0),Municipal waste by waste management operations,A,Annual,DSP_I,Disposal - incineration (D10),THS_T,Thousand tonnes,ES,Spain,2015,,0,,,,,
dataflow,ESTAT:ENV_WASMUN(1.0),Municipal waste by waste management operations,A,Annual,DSP_I,Disposal - incineration (D10),THS_T,Thousand tonnes,ES,Spain,2016,,0,,,,,
dataflow,ESTAT:ENV_WASMUN(1.0),Municipal waste by waste management operations,A,Annual,DSP_I,Disposal - incineration (D10),THS_T,Thousand tonnes,ES,Spain,2017,,0,,,,,
dataflow,ESTAT:ENV_WASMUN(1.0),Municipal waste by waste management operations,A,Annual,DSP_I,Disposal - incineration (D10),THS_T,Thousand tonnes,ES,Spain,2018,,0,,,,,
dataflow,ESTAT:ENV_WASMUN(1.0),Municipal waste by waste management operations,A,Annual,DSP_I,Disposal - incineration (D10),THS_T,Thousand tonnes,ES,Spain,2019,,0,,,,,
dataflow,ESTAT:ENV_WASMUN(1.0),Municipal waste by waste management operations,A,Annual,DSP_I,Disposal - incineration (D10),THS_T,Thousand tonnes,ES,Spain,2020,,0,,,,,
dataflow,ESTAT:ENV_WASMUN(1.0),Municipal waste by waste management operations,A,Annual,DSP_I,Disposal - incineration (D10),THS_T,Thousand tonnes,ES,Spain,2021,,0,,,,,
dataflow,ESTAT:ENV_WASMUN(1.0),Municipal waste by waste management operations,A,Annual,DSP_I,Disposal - incineration (D10),THS_T,Thousand tonnes,ES,Spain,2022,,0,,p,provisional,,
dataflow,ESTAT:ENV_WASMUN(1.0),Municipal waste by waste management operations,A,Annual,DSP_I,Disposal - incineration (D10),THS_T,Thousand tonnes,ES,Spain,2023,,0,,e,estimated,,
dataflow,ESTAT:ENV_WASMUN(1.0),Municipal waste by waste management operations,A,Annual,DSP_I,Disposal - incineration (D10),THS_T,Thousand tonnes,EU27_2020,European Union - 27 countries (from 2020),1995,,15032,,i,value imputed by Eurostat or other receiving agencies,,
dataflow,ESTAT:ENV_WASMUN(1.0),Municipal waste by waste management operations,A,Annual,DSP_I,Disposal - incineration (D10),THS_T,Thousand tonnes,EU27_2020,European Union - 27 countries (from 2020),1996,,15910,,i,value imputed by Eurostat or other receiving agencies,,
dataflow,ESTAT:ENV_WASMUN(1.0),Municipal waste by waste management operations,A,Annual,DSP_I,Disposal - incineration (D10),THS_T,Thousand tonnes,EU27_2020,European Union - 27 countries (from 2020),1997,,17447,,i,value imputed by Eurostat or other receiving agencies,,
dataflow,ESTAT:ENV_WASMUN(1.0),Municipal waste by waste management operations,A,Annual,DSP_I,Disposal - incineration (D10),THS_T,Thousand tonnes,EU27_2020,European Union - 27 countries (from 2020),1998,,16219,,i,value imputed by Eurostat or other receiving agencies,,
dataflow,ESTAT:ENV_WASMUN(1.0),Municipal waste by waste management operations,A,Annual,DSP_I,Disposal - incineration (D10),THS_T,Thousand tonnes,EU27_2020,European Union - 27 countries (from 2020),1999,,15827,,i,value imputed by Eurostat or other receiving agencies,,
dataflow,ESTAT:ENV_WASMUN(1.0),Municipal waste by waste management operations,A,Annual,DSP_I,Disposal - incineration (D10),THS_T,Thousand tonnes,EU27_2020,European Union - 27 countries (from 2020),2000,,16076,,i,value imputed by Eurostat or other receiving agencies,,
dataflow,ESTAT:ENV_WASMUN(1.0),Municipal waste by waste management operations,A,Annual,DSP_I,Disposal - incineration (D10),THS_T,Thousand tonnes,EU27_2020,European Union - 27 countries (from 2020),2001,,16054,,i,value imputed by Eurostat or other receiving agencies,,
dataflow,ESTAT:ENV_WASMUN(1.0),Municipal waste by waste management operations,A,Annual,DSP_I,Disposal - incineration (D10),THS_T,Thousand tonnes,EU27_2020,European Union - 27 countries (from 2020),2002,,16276,,i,value imputed by Eurostat or other receiving agencies,,
dataflow,ESTAT:ENV_WASMUN(1.0),Municipal waste by waste management operations,A,Annual,DSP_I,Disposal - incineration (D10),THS_T,Thousand tonnes,EU27_2020,European Union - 27 countries (from 2020),2003,,15505,,i,value imputed by Eurostat or other receiving agencies,,
dataflow,ESTAT:ENV_WASMUN(1.0),Municipal waste by waste management operations,A,Annual,DSP_I,Disposal - incineration (D10),THS_T,Thousand tonnes,EU27_2020,European Union - 27 countries (from 2020),2004,,16390,,i,value imputed by Eurostat or other receiving agencies,,
dataflow,ESTAT:ENV_WASMUN(1.0),Municipal waste by waste management operations,A,Annual,DSP_I,Disposal - incineration (D10),THS_T,Thousand tonnes,EU27_2020,European Union - 27 countries (from 2020),2005,,17997,,i,value imputed by Eurostat or other receiving agencies,,
dataflow,ESTAT:ENV_WASMUN(1.0),Municipal waste by waste management operations,A,Annual,DSP_I,Disposal - incineration (D10),THS_T,Thousand tonnes,EU27_2020,European Union - 27 countries (from 2020),2006,,17885,,i,value imputed by Eurostat or other receiving agencies,,
dataflow,ESTAT:ENV_WASMUN(1.0),Municipal waste by waste management operations,A,Annual,DSP_I,Disposal - incineration (D10),THS_T,Thousand tonnes,EU27_2020,European Union - 27 countries (from 2020),2007,,16235,,i,value imputed by Eurostat or other receiving agencies,,
dataflow,ESTAT:ENV_WASMUN(1.0),Municipal waste by waste management operations,A,Annual,DSP_I,Disposal - incineration (D10),THS_T,Thousand tonnes,EU27_2020,European Union - 27 countries (from 2020),2008,,15822,,i,value imputed by Eurostat or other receiving agencies,,
dataflow,ESTAT:ENV_WASMUN(1.0),Municipal waste by waste management operations,A,Annual,DSP_I,Disposal - incineration (D10),THS_T,Thousand tonnes,EU27_2020,European Union - 27 countries (from 2020),2009,,15553,,i,value imputed by Eurostat or other receiving agencies,,
dataflow,ESTAT:ENV_WASMUN(1.0),Municipal waste by waste management operations,A,Annual,DSP_I,Disposal - incineration (D10),THS_T,Thousand tonnes,EU27_2020,European Union - 27 countries (from 2020),2010,,13105,,i,value imputed by Eurostat or other receiving agencies,,
dataflow,ESTAT:ENV_WASMUN(1.0),Municipal waste by waste management operations,A,Annual,DSP_I,Disposal - incineration (D10),THS_T,Thousand tonnes,EU27_2020,European Union - 27 countries (from 2020),2011,,11675,,i,value imputed by Eurostat or other receiving agencies,,
dataflow,ESTAT:ENV_WASMUN(1.0),Municipal waste by waste management operations,A,Annual,DSP_I,Disposal - incineration (D10),THS_T,Thousand tonnes,EU27_2020,European Union - 27 countries (from 2020),2012,,9037,,i,value imputed by Eurostat or other receiving agencies,,
dataflow,ESTAT:ENV_WASMUN(1.0),Municipal waste by waste management operations,A,Annual,DSP_I,Disposal - incineration (D10),THS_T,Thousand tonnes,EU27_2020,European Union - 27 countries (from 2020),2013,,6016,,i,value imputed by Eurostat or other receiving agencies,,
dataflow,ESTAT:ENV_WASMUN(1.0),Municipal waste by waste management operations,A,Annual,DSP_I,Disposal - incineration (D10),THS_T,Thousand tonnes,EU27_2020,European Union - 27 countries (from 2020),2014,,6172,,i,value imputed by Eurostat or other receiving agencies,,
dataflow,ESTAT:ENV_WASMUN(1.0),Municipal waste by waste management operations,A,Annual,DSP_I,Disposal - incineration (D10),THS_T,Thousand tonnes,EU27_2020,European Union - 27 countries (from 2020),2015,,8028,,i,value imputed by Eurostat or other receiving agencies,,
dataflow,ESTAT:ENV_WASMUN(1.0),Municipal waste by waste management operations,A,Annual,DSP_I,Disposal - incineration (D10),THS_T,Thousand tonnes,EU27_2020,European Union - 27 countries (from 2020),2016,,4807,,i,value imputed by Eurostat or other receiving agencies,,
dataflow,ESTAT:ENV_WASMUN(1.0),Municipal waste by waste management operations,A,Annual,DSP_I,Disposal - incineration (D10),THS_T,Thousand tonnes,EU27_2020,European Union - 27 countries (from 2020),2017,,1335,,i,value imputed by Eurostat or other receiving agencies,,
dataflow,ESTAT:ENV_WASMUN(1.0),Municipal waste by waste management operations,A,Annual,DSP_I,Disposal - incineration (D10),THS_T,Thousand tonnes,EU27_2020,European Union - 27 countries (from 2020),2018,,1077,,i,value imputed by Eurostat or other receiving agencies,,
dataflow,ESTAT:ENV_WASMUN(1.0),Municipal waste by waste management operations,A,Annual,DSP_I,Disposal - incineration (D10),THS_T,Thousand tonnes,EU27_2020,European Union - 27 countries (from 2020),2019,,1105,,i,value imputed by Eurostat or other receiving agencies,,
dataflow,ESTAT:ENV_WASMUN(1.0),Municipal waste by waste management operations,A,Annual,DSP_I,Disposal - incineration (D10),THS_T,Thousand tonnes,EU27_2020,European Union - 27 countries (from 2020),2020,,1116,,i,value imputed by Eurostat or other receiving agencies,,
dataflow,ESTAT:ENV_WASMUN(1.0),Municipal waste by waste management operations,A,Annual,DSP_I,Disposal - incineration (D10),THS_T,Thousand tonnes,EU27_2020,European Union - 27 countries (from 2020),2021,,1145,,i,value imputed by Eurostat or other receiving agencies,,
dataflow,ESTAT:ENV_WASMUN(1.0),Municipal waste by waste management operations,A,Annual,DSP_I,Disposal - incineration (D10),THS_T,Thousand tonnes,EU27_2020,European Union - 27 countries (from 2020),2022,,1071,,i,value imputed by Eurostat or other receiving agencies,,
dataflow,ESTAT:ENV_WASMUN(1.0),Municipal waste by waste management operations,A,Annual,DSP_I,Disposal - incineration (D10),THS_T,Thousand tonnes,EU27_2020,European Union - 27 countries (from 2020),2023,,1234,,i,value imputed by Eurostat or other receiving agencies,,
dataflow,ESTAT:ENV_WASMUN(1.0),Municipal waste by waste management operations,A,Annual,DSP_I,Disposal - incineration (D10),THS_T,Thousand tonnes,FI,Finland,2001,,1,,,,,
dataflow,ESTAT:ENV_WASMUN(1.0),Municipal waste by waste management operations,A,Annual,DSP_I,Disposal - incineration (D10),THS_T,Thousand tonnes,FI,Finland,2002,,52,,,,,
dataflow,ESTAT:ENV_WASMUN(1.0),Municipal waste by waste management operations,A,Annual,DSP_I,Disposal - incineration (D10),THS_T,Thousand tonnes,FI,Finland,2003,,54,,,,,
dataflow,ESTAT:ENV_WASMUN(1.0),Municipal waste by waste management operations,A,Annual,DSP_I,Disposal - incineration (D10),THS_T,Thousand tonnes,FI,Finland,2004,,51,,,,,
dataflow,ESTAT:ENV_WASMUN(1.0),Municipal waste by waste management operations,A,Annual,DSP_I,Disposal - incineration (D10),THS_T,Thousand tonnes,FI,Finland,2005,,51,,,,,
dataflow,ESTAT:ENV_WASMUN(1.0),Municipal waste by waste management operations,A,Annual,DSP_I,Disposal - incineration (D10),THS_T,Thousand tonnes,FI,Finland,2006,,54,,,,,
dataflow,ESTAT:ENV_WASMUN(1.0),Municipal waste by waste management operations,A,Annual,DSP_I,Disposal - incineration (D10),THS_T,Thousand tonnes,FI,Finland,2007,,74,,,,,
dataflow,ESTAT:ENV_WASMUN(1.0),Municipal waste by waste management operations,A,Annual,DSP_I,Disposal - incineration (D10),THS_T,Thousand tonnes,FI,Finland,2008,,131,,,,,
dataflow,ESTAT:ENV_WASMUN(1.0),Municipal waste by waste management operations,A,Annual,DSP_I,Disposal - incineration (D10),THS_T,Thousand tonnes,FI,Finland,2009,,114,,,,,
dataflow,ESTAT:ENV_WASMUN(1.0),Municipal waste by waste management operations,A,Annual,DSP_I,Disposal - incineration (D10),THS_T,Thousand tonnes,FI,Finland,2010,,115,,,,,
dataflow,ESTAT:ENV_WASMUN(1.0),Municipal waste by waste management operations,A,Annual,DSP_I,Disposal - incineration (D10),THS_T,Thousand tonnes,FI,Finland,2011,,0,,,,,
dataflow,ESTAT:ENV_WASMUN(1.0),Municipal waste by waste management operations,A,Annual,DSP_I,Disposal - incineration (D10),THS_T,Thousand tonnes,FI,Finland,2012,,0,,,,,
dataflow,ESTAT:ENV_WASMUN(1.0),Municipal waste by waste management operations,A,Annual,DSP_I,Disposal - incineration (D10),THS_T,Thousand tonnes,FI,Finland,2013,,0,,,,,
dataflow,ESTAT:ENV_WASMUN(1.0),Municipal waste by waste management operations,A,Annual,DSP_I,Disposal - incineration (D10),THS_T,Thousand tonnes,FI,Finland,2014,,0,,,,,
dataflow,ESTAT:ENV_WASMUN(1.0),Municipal waste by waste management operations,A,Annual,DSP_I,Disposal - incineration (D10),THS_T,Thousand tonnes,FI,Finland,2015,,0,,,,,
dataflow,ESTAT:ENV_WASMUN(1.0),Municipal waste by waste management operations,A,Annual,DSP_I,Disposal - incineration (D10),THS_T,Thousand tonnes,FI,Finland,2016,,0,,,,,
dataflow,ESTAT:ENV_WASMUN(1.0),Municipal waste by waste management operations,A,Annual,DSP_I,Disposal - incineration (D10),THS_T,Thousand tonnes,FI,Finland,2017,,0,,,,,
dataflow,ESTAT:ENV_WASMUN(1.0),Municipal waste by waste management operations,A,Annual,DSP_I,Disposal - incineration (D10),THS_T,Thousand tonnes,FI,Finland,2018,,1,,,,,
dataflow,ESTAT:ENV_WASMUN(1.0),Municipal waste by waste management operations,A,Annual,DSP_I,Disposal - incineration (D10),THS_T,Thousand tonnes,FI,Finland,2019,,1,,,,,
dataflow,ESTAT:ENV_WASMUN(1.0),Municipal waste by waste management operations,A,Annual,DSP_I,Disposal - incineration (D10),THS_T,Thousand tonnes,FI,Finland,2020,,2,,,,,
dataflow,ESTAT:ENV_WASMUN(1.0),Municipal waste by waste management operations,A,Annual,DSP_I,Disposal - incineration (D10),THS_T,Thousand tonnes,FI,Finland,2021,,6,,,,,
dataflow,ESTAT:ENV_WASMUN(1.0),Municipal waste by waste management operations,A,Annual,DSP_I,Disposal - incineration (D10),THS_T,Thousand tonnes,FI,Finland,2022,,17,,,,,
dataflow,ESTAT:ENV_WASMUN(1.0),Municipal waste by waste management operations,A,Annual,DSP_I,Disposal - incineration (D10),THS_T,Thousand tonnes,FI,Finland,2023,,20,,,,,
dataflow,ESTAT:ENV_WASMUN(1.0),Municipal waste by waste management operations,A,Annual,DSP_I,Disposal - incineration (D10),THS_T,Thousand tonnes,FR,France,1995,,2816,,,,,
dataflow,ESTAT:ENV_WASMUN(1.0),Municipal waste by waste management operations,A,Annual,DSP_I,Disposal - incineration (D10),THS_T,Thousand tonnes,FR,France,1996,,2611,,,,,
dataflow,ESTAT:ENV_WASMUN(1.0),Municipal waste by waste management operations,A,Annual,DSP_I,Disposal - incineration (D10),THS_T,Thousand tonnes,FR,France,1997,,2443,,,,,
dataflow,ESTAT:ENV_WASMUN(1.0),Municipal waste by waste management operations,A,Annual,DSP_I,Disposal - incineration (D10),THS_T,Thousand tonnes,FR,France,1998,,2008,,,,,
dataflow,ESTAT:ENV_WASMUN(1.0),Municipal waste by waste management operations,A,Annual,DSP_I,Disposal - incineration (D10),THS_T,Thousand tonnes,FR,France,1999,,1493,,,,,
dataflow,ESTAT:ENV_WASMUN(1.0),Municipal waste by waste management operations,A,Annual,DSP_I,Disposal - incineration (D10),THS_T,Thousand tonnes,FR,France,2000,,1430,,,,,
dataflow,ESTAT:ENV_WASMUN(1.0),Municipal waste by waste management operations,A,Annual,DSP_I,Disposal - incineration (D10),THS_T,Thousand tonnes,FR,France,2001,,1153,,,,,
dataflow,ESTAT:ENV_WASMUN(1.0),Municipal waste by waste management operations,A,Annual,DSP_I,Disposal - incineration (D10),THS_T,Thousand tonnes,FR,France,2002,,875,,,,,
dataflow,ESTAT:ENV_WASMUN(1.0),Municipal waste by waste management operations,A,Annual,DSP_I,Disposal - incineration (D10),THS_T,Thousand tonnes,FR,France,2003,,679,,,,,
dataflow,ESTAT:ENV_WASMUN(1.0),Municipal waste by waste management operations,A,Annual,DSP_I,Disposal - incineration (D10),THS_T,Thousand tonnes,FR,France,2004,,628,,,,,
dataflow,ESTAT:ENV_WASMUN(1.0),Municipal waste by waste management operations,A,Annual,DSP_I,Disposal - incineration (D10),THS_T,Thousand tonnes,FR,France,2005,,478,,,,,
dataflow,ESTAT:ENV_WASMUN(1.0),Municipal waste by waste management operations,A,Annual,DSP_I,Disposal - incineration (D10),THS_T,Thousand tonnes,FR,France,2006,,500,,e,estimated,,
dataflow,ESTAT:ENV_WASMUN(1.0),Municipal waste by waste management operations,A,Annual,DSP_I,Disposal - incineration (D10),THS_T,Thousand tonnes,FR,France,2007,,522,,,,,
dataflow,ESTAT:ENV_WASMUN(1.0),Municipal waste by waste management operations,A,Annual,DSP_I,Disposal - incineration (D10),THS_T,Thousand tonnes,FR,France,2008,,468,,e,estimated,,
dataflow,ESTAT:ENV_WASMUN(1.0),Municipal waste by waste management operations,A,Annual,DSP_I,Disposal - incineration (D10),THS_T,Thousand tonnes,FR,France,2009,,415,,,,,
dataflow,ESTAT:ENV_WASMUN(1.0),Municipal waste by waste management operations,A,Annual,DSP_I,Disposal - incineration (D10),THS_T,Thousand tonnes,FR,France,2010,,424,,e,estimated,,
dataflow,ESTAT:ENV_WASMUN(1.0),Municipal waste by waste management operations,A,Annual,DSP_I,Disposal - incineration (D10),THS_T,Thousand tonnes,FR,France,2011,,433,,,,,
dataflow,ESTAT:ENV_WASMUN(1.0),Municipal waste by waste management operations,A,Annual,DSP_I,Disposal - incineration (D10),THS_T,Thousand tonnes,FR,France,2012,,401,,e,estimated,,
dataflow,ESTAT:ENV_WASMUN(1.0),Municipal waste by waste management operations,A,Annual,DSP_I,Disposal - incineration (D10),THS_T,Thousand tonnes,FR,France,2013,,369,,,,,
dataflow,ESTAT:ENV_WASMUN(1.0),Municipal waste by waste management operations,A,Annual,DSP_I,Disposal - incineration (D10),THS_T,Thousand tonnes,FR,France,2014,,306,,e,estimated,,
dataflow,ESTAT:ENV_WASMUN(1.0),Municipal waste by waste management operations,A,Annual,DSP_I,Disposal - incineration (D10),THS_T,Thousand tonnes,FR,France,2015,,242,,,,,
dataflow,ESTAT:ENV_WASMUN(1.0),Municipal waste by waste management operations,A,Annual,DSP_I,Disposal - incineration (D10),THS_T,Thousand tonnes,FR,France,2016,,99,,e,estimated,,
dataflow,ESTAT:ENV_WASMUN(1.0),Municipal waste by waste management operations,A,Annual,DSP_I,Disposal - incineration (D10),THS_T,Thousand tonnes,FR,France,2017,,98,,e,estimated,,
dataflow,ESTAT:ENV_WASMUN(1.0),Municipal waste by waste management operations,A,Annual,DSP_I,Disposal - incineration (D10),THS_T,Thousand tonnes,FR,France,2018,,53,,e,estimated,,
dataflow,ESTAT:ENV_WASMUN(1.0),Municipal waste by waste management operations,A,Annual,DSP_I,Disposal - incineration (D10),THS_T,Thousand tonnes,FR,France,2019,,53,,e,estimated,,
dataflow,ESTAT:ENV_WASMUN(1.0),Municipal waste by waste management operations,A,Annual,DSP_I,Disposal - incineration (D10),THS_T,Thousand tonnes,FR,France,2020,,52,,e,estimated,,
dataflow,ESTAT:ENV_WASMUN(1.0),Municipal waste by waste management operations,A,Annual,DSP_I,Disposal - incineration (D10),THS_T,Thousand tonnes,FR,France,2021,,48,,,,,
dataflow,ESTAT:ENV_WASMUN(1.0),Municipal waste by waste management operations,A,Annual,DSP_I,Disposal - incineration (D10),THS_T,Thousand tonnes,FR,France,2022,,29,,ep,"estimated, provisional",,
dataflow,ESTAT:ENV_WASMUN(1.0),Municipal waste by waste management operations,A,Annual,DSP_I,Disposal - incineration (D10),THS_T,Thousand tonnes,FR,France,2023,,27,,ep,"estimated, provisional",,
dataflow,ESTAT:ENV_WASMUN(1.0),Municipal waste by waste management operations,A,Annual,DSP_I,Disposal - incineration (D10),THS_T,Thousand tonnes,HR,Croatia,2006,,0,,,,,
dataflow,ESTAT:ENV_WASMUN(1.0),Municipal waste by waste management operations,A,Annual,DSP_I,Disposal - incineration (D10),THS_T,Thousand tonnes,HR,Croatia,2007,,0,,,,,
dataflow,ESTAT:ENV_WASMUN(1.0),Municipal waste by waste management operations,A,Annual,DSP_I,Disposal - incineration (D10),THS_T,Thousand tonnes,HR,Croatia,2008,,0,,,,,
dataflow,ESTAT:ENV_WASMUN(1.0),Municipal waste by waste management operations,A,Annual,DSP_I,Disposal - incineration (D10),THS_T,Thousand tonnes,HR,Croatia,2009,,0,,,,,
dataflow,ESTAT:ENV_WASMUN(1.0),Municipal waste by waste management operations,A,Annual,DSP_I,Disposal - incineration (D10),THS_T,Thousand tonnes,HR,Croatia,2010,,0,,,,,
dataflow,ESTAT:ENV_WASMUN(1.0),Municipal waste by waste management operations,A,Annual,DSP_I,Disposal - incineration (D10),THS_T,Thousand tonnes,HR,Croatia,2011,,0,,,,,
dataflow,ESTAT:ENV_WASMUN(1.0),Municipal waste by waste management operations,A,Annual,DSP_I,Disposal - incineration (D10),THS_T,Thousand tonnes,HR,Croatia,2012,,0,,,,,
dataflow,ESTAT:ENV_WASMUN(1.0),Municipal waste by waste management operations,A,Annual,DSP_I,Disposal - incineration (D10),THS_T,Thousand tonnes,HR,Croatia,2013,,0,,,,,
dataflow,ESTAT:ENV_WASMUN(1.0),Municipal waste by waste management operations,A,Annual,DSP_I,Disposal - incineration (D10),THS_T,Thousand tonnes,HR,Croatia,2014,,0,,,,,
dataflow,ESTAT:ENV_WASMUN(1.0),Municipal waste by waste management operations,A,Annual,DSP_I,Disposal - incineration (D10),THS_T,Thousand tonnes,HR,Croatia,2015,,0,,,,,
dataflow,ESTAT:ENV_WASMUN(1.0),Municipal waste by waste management operations,A,Annual,DSP_I,Disposal - incineration (D10),THS_T,Thousand tonnes,HR,Croatia,2016,,0,,,,,
dataflow,ESTAT:ENV_WASMUN(1.0),Municipal waste by waste management operations,A,Annual,DSP_I,Disposal - incineration (D10),THS_T,Thousand tonnes,HR,Croatia,2017,,0,,,,,
dataflow,ESTAT:ENV_WASMUN(1.0),Municipal waste by waste management operations,A,Annual,DSP_I,Disposal - incineration (D10),THS_T,Thousand tonnes,HR,Croatia,2018,,0,,,,,
dataflow,ESTAT:ENV_WASMUN(1.0),Municipal waste by waste management operations,A,Annual,DSP_I,Disposal - incineration (D10),THS_T,Thousand tonnes,HR,Croatia,2019,,0,,,,,
dataflow,ESTAT:ENV_WASMUN(1.0),Municipal waste by waste management operations,A,Annual,DSP_I,Disposal - incineration (D10),THS_T,Thousand tonnes,HR,Croatia,2020,,0,,,,,
dataflow,ESTAT:ENV_WASMUN(1.0),Municipal waste by waste management operations,A,Annual,DSP_I,Disposal - incineration (D10),THS_T,Thousand tonnes,HR,Croatia,2021,,0,,,,,
dataflow,ESTAT:ENV_WASMUN(1.0),Municipal waste by waste management operations,A,Annual,DSP_I,Disposal - incineration (D10),THS_T,Thousand tonnes,HR,Croatia,2022,,0,,,,,
dataflow,ESTAT:ENV_WASMUN(1.0),Municipal waste by waste management operations,A,Annual,DSP_I,Disposal - incineration (D10),THS_T,Thousand tonnes,HR,Croatia,2023,,0,,,,,
dataflow,ESTAT:ENV_WASMUN(1.0),Municipal waste by waste management operations,A,Annual,DSP_I,Disposal - incineration (D10),THS_T,Thousand tonnes,HU,Hungary,1995,,0,,,,,
dataflow,ESTAT:ENV_WASMUN(1.0),Municipal waste by waste management operations,A,Annual,DSP_I,Disposal - incineration (D10),THS_T,Thousand tonnes,HU,Hungary,1996,,0,,,,,
dataflow,ESTAT:ENV_WASMUN(1.0),Municipal waste by waste management operations,A,Annual,DSP_I,Disposal - incineration (D10),THS_T,Thousand tonnes,HU,Hungary,1997,,0,,,,,
dataflow,ESTAT:ENV_WASMUN(1.0),Municipal waste by waste management operations,A,Annual,DSP_I,Disposal - incineration (D10),THS_T,Thousand tonnes,HU,Hungary,1998,,0,,,,,
dataflow,ESTAT:ENV_WASMUN(1.0),Municipal waste by waste management operations,A,Annual,DSP_I,Disposal - incineration (D10),THS_T,Thousand tonnes,HU,Hungary,1999,,0,,,,,
dataflow,ESTAT:ENV_WASMUN(1.0),Municipal waste by waste management operations,A,Annual,DSP_I,Disposal - incineration (D10),THS_T,Thousand tonnes,HU,Hungary,2000,,0,,,,,
dataflow,ESTAT:ENV_WASMUN(1.0),Municipal waste by waste management operations,A,Annual,DSP_I,Disposal - incineration (D10),THS_T,Thousand tonnes,HU,Hungary,2001,,0,,,,,
dataflow,ESTAT:ENV_WASMUN(1.0),Municipal waste by waste management operations,A,Annual,DSP_I,Disposal - incineration (D10),THS_T,Thousand tonnes,HU,Hungary,2002,,0,,,,,
dataflow,ESTAT:ENV_WASMUN(1.0),Municipal waste by waste management operations,A,Annual,DSP_I,Disposal - incineration (D10),THS_T,Thousand tonnes,HU,Hungary,2003,,0,,,,,
dataflow,ESTAT:ENV_WASMUN(1.0),Municipal waste by waste management operations,A,Annual,DSP_I,Disposal - incineration (D10),THS_T,Thousand tonnes,HU,Hungary,2004,,0,,,,,
dataflow,ESTAT:ENV_WASMUN(1.0),Municipal waste by waste management operations,A,Annual,DSP_I,Disposal - incineration (D10),THS_T,Thousand tonnes,HU,Hungary,2005,,0,,,,,
dataflow,ESTAT:ENV_WASMUN(1.0),Municipal waste by waste management operations,A,Annual,DSP_I,Disposal - incineration (D10),THS_T,Thousand tonnes,HU,Hungary,2006,,0,,,,,
dataflow,ESTAT:ENV_WASMUN(1.0),Municipal waste by waste management operations,A,Annual,DSP_I,Disposal - incineration (D10),THS_T,Thousand tonnes,HU,Hungary,2007,,0,,,,,
dataflow,ESTAT:ENV_WASMUN(1.0),Municipal waste by waste management operations,A,Annual,DSP_I,Disposal - incineration (D10),THS_T,Thousand tonnes,HU,Hungary,2008,,0,,,,,
dataflow,ESTAT:ENV_WASMUN(1.0),Municipal waste by waste management operations,A,Annual,DSP_I,Disposal - incineration (D10),THS_T,Thousand tonnes,HU,Hungary,2009,,0,,,,,
dataflow,ESTAT:ENV_WASMUN(1.0),Municipal waste by waste management operations,A,Annual,DSP_I,Disposal - incineration (D10),THS_T,Thousand tonnes,HU,Hungary,2010,,0,,,,,
dataflow,ESTAT:ENV_WASMUN(1.0),Municipal waste by waste management operations,A,Annual,DSP_I,Disposal - incineration (D10),THS_T,Thousand tonnes,HU,Hungary,2011,,0,,,,,
dataflow,ESTAT:ENV_WASMUN(1.0),Municipal waste by waste management operations,A,Annual,DSP_I,Disposal - incineration (D10),THS_T,Thousand tonnes,HU,Hungary,2012,,0,,,,,
dataflow,ESTAT:ENV_WASMUN(1.0),Municipal waste by waste management operations,A,Annual,DSP_I,Disposal - incineration (D10),THS_T,Thousand tonnes,HU,Hungary,2013,,0,,,,,
dataflow,ESTAT:ENV_WASMUN(1.0),Municipal waste by waste management operations,A,Annual,DSP_I,Disposal - incineration (D10),THS_T,Thousand tonnes,HU,Hungary,2014,,0,,,,,
dataflow,ESTAT:ENV_WASMUN(1.0),Municipal waste by waste management operations,A,Annual,DSP_I,Disposal - incineration (D10),THS_T,Thousand tonnes,HU,Hungary,2015,,0,,,,,
dataflow,ESTAT:ENV_WASMUN(1.0),Municipal waste by waste management operations,A,Annual,DSP_I,Disposal - incineration (D10),THS_T,Thousand tonnes,HU,Hungary,2016,,0,,,,,
dataflow,ESTAT:ENV_WASMUN(1.0),Municipal waste by waste management operations,A,Annual,DSP_I,Disposal - incineration (D10),THS_T,Thousand tonnes,HU,Hungary,2017,,0,,,,,
dataflow,ESTAT:ENV_WASMUN(1.0),Municipal waste by waste management operations,A,Annual,DSP_I,Disposal - incineration (D10),THS_T,Thousand tonnes,HU,Hungary,2018,,0,,,,,
dataflow,ESTAT:ENV_WASMUN(1.0),Municipal waste by waste management operations,A,Annual,DSP_I,Disposal - incineration (D10),THS_T,Thousand tonnes,HU,Hungary,2019,,0,,,,,
dataflow,ESTAT:ENV_WASMUN(1.0),Municipal waste by waste management operations,A,Annual,DSP_I,Disposal - incineration (D10),THS_T,Thousand tonnes,HU,Hungary,2020,,4,,,,,
dataflow,ESTAT:ENV_WASMUN(1.0),Municipal waste by waste management operations,A,Annual,DSP_I,Disposal - incineration (D10),THS_T,Thousand tonnes,HU,Hungary,2021,,3,,,,,
dataflow,ESTAT:ENV_WASMUN(1.0),Municipal waste by waste management operations,A,Annual,DSP_I,Disposal - incineration (D10),THS_T,Thousand tonnes,HU,Hungary,2022,,3,,,,,
dataflow,ESTAT:ENV_WASMUN(1.0),Municipal waste by waste management operations,A,Annual,DSP_I,Disposal - incineration (D10),THS_T,Thousand tonnes,HU,Hungary,2023,,4,,,,,
dataflow,ESTAT:ENV_WASMUN(1.0),Municipal waste by waste management operations,A,Annual,DSP_I,Disposal - incineration (D10),THS_T,Thousand tonnes,IE,Ireland,1995,,0,,,,,
dataflow,ESTAT:ENV_WASMUN(1.0),Municipal waste by waste management operations,A,Annual,DSP_I,Disposal - incineration (D10),THS_T,Thousand tonnes,IE,Ireland,1996,,0,,,,,
dataflow,ESTAT:ENV_WASMUN(1.0),Municipal waste by waste management operations,A,Annual,DSP_I,Disposal - incineration (D10),THS_T,Thousand tonnes,IE,Ireland,1997,,0,,,,,
dataflow,ESTAT:ENV_WASMUN(1.0),Municipal waste by waste management operations,A,Annual,DSP_I,Disposal - incineration (D10),THS_T,Thousand tonnes,IE,Ireland,1998,,0,,,,,
dataflow,ESTAT:ENV_WASMUN(1.0),Municipal waste by waste management operations,A,Annual,DSP_I,Disposal - incineration (D10),THS_T,Thousand tonnes,IE,Ireland,1999,,0,,,,,
dataflow,ESTAT:ENV_WASMUN(1.0),Municipal waste by waste management operations,A,Annual,DSP_I,Disposal - incineration (D10),THS_T,Thousand tonnes,IE,Ireland,2000,,0,,,,,
dataflow,ESTAT:ENV_WASMUN(1.0),Municipal waste by waste management operations,A,Annual,DSP_I,Disposal - incineration (D10),THS_T,Thousand tonnes,IE,Ireland,2001,,0,,,,,
dataflow,ESTAT:ENV_WASMUN(1.0),Municipal waste by waste management operations,A,Annual,DSP_I,Disposal - incineration (D10),THS_T,Thousand tonnes,IE,Ireland,2002,,0,,,,,
dataflow,ESTAT:ENV_WASMUN(1.0),Municipal waste by waste management operations,A,Annual,DSP_I,Disposal - incineration (D10),THS_T,Thousand tonnes,IE,Ireland,2003,,0,,,,,
dataflow,ESTAT:ENV_WASMUN(1.0),Municipal waste by waste management operations,A,Annual,DSP_I,Disposal - incineration (D10),THS_T,Thousand tonnes,IE,Ireland,2004,,0,,,,,
dataflow,ESTAT:ENV_WASMUN(1.0),Municipal waste by waste management operations,A,Annual,DSP_I,Disposal - incineration (D10),THS_T,Thousand tonnes,IE,Ireland,2005,,0,,,,,
dataflow,ESTAT:ENV_WASMUN(1.0),Municipal waste by waste management operations,A,Annual,DSP_I,Disposal - incineration (D10),THS_T,Thousand tonnes,IE,Ireland,2006,,0,,,,,
dataflow,ESTAT:ENV_WASMUN(1.0),Municipal waste by waste management operations,A,Annual,DSP_I,Disposal - incineration (D10),THS_T,Thousand tonnes,IE,Ireland,2007,,0,,,,,
dataflow,ESTAT:ENV_WASMUN(1.0),Municipal waste by waste management operations,A,Annual,DSP_I,Disposal - incineration (D10),THS_T,Thousand tonnes,IE,Ireland,2008,,0,,,,,
dataflow,ESTAT:ENV_WASMUN(1.0),Municipal waste by waste management operations,A,Annual,DSP_I,Disposal - incineration (D10),THS_T,Thousand tonnes,IE,Ireland,2009,,0,,,,,
dataflow,ESTAT:ENV_WASMUN(1.0),Municipal waste by waste management operations,A,Annual,DSP_I,Disposal - incineration (D10),THS_T,Thousand tonnes,IE,Ireland,2010,,1,,,,,
dataflow,ESTAT:ENV_WASMUN(1.0),Municipal waste by waste management operations,A,Annual,DSP_I,Disposal - incineration (D10),THS_T,Thousand tonnes,IE,Ireland,2011,,0,,,,,
dataflow,ESTAT:ENV_WASMUN(1.0),Municipal waste by waste management operations,A,Annual,DSP_I,Disposal - incineration (D10),THS_T,Thousand tonnes,IE,Ireland,2012,,0,,,,,
dataflow,ESTAT:ENV_WASMUN(1.0),Municipal waste by waste management operations,A,Annual,DSP_I,Disposal - incineration (D10),THS_T,Thousand tonnes,IE,Ireland,2014,,0,,,,,
dataflow,ESTAT:ENV_WASMUN(1.0),Municipal waste by waste management operations,A,Annual,DSP_I,Disposal - incineration (D10),THS_T,Thousand tonnes,IE,Ireland,2016,,0,,,,,
dataflow,ESTAT:ENV_WASMUN(1.0),Municipal waste by waste management operations,A,Annual,DSP_I,Disposal - incineration (D10),THS_T,Thousand tonnes,IE,Ireland,2017,,0,,,,,
dataflow,ESTAT:ENV_WASMUN(1.0),Municipal waste by waste management operations,A,Annual,DSP_I,Disposal - incineration (D10),THS_T,Thousand tonnes,IE,Ireland,2018,,0,,,,,
dataflow,ESTAT:ENV_WASMUN(1.0),Municipal waste by waste management operations,A,Annual,DSP_I,Disposal - incineration (D10),THS_T,Thousand tonnes,IE,Ireland,2019,,0,,,,,
dataflow,ESTAT:ENV_WASMUN(1.0),Municipal waste by waste management operations,A,Annual,DSP_I,Disposal - incineration (D10),THS_T,Thousand tonnes,IE,Ireland,2020,,0,,,,,
dataflow,ESTAT:ENV_WASMUN(1.0),Municipal waste by waste management operations,A,Annual,DSP_I,Disposal - incineration (D10),THS_T,Thousand tonnes,IS,Iceland,1995,,13,,,,,
dataflow,ESTAT:ENV_WASMUN(1.0),Municipal waste by waste management operations,A,Annual,DSP_I,Disposal - incineration (D10),THS_T,Thousand tonnes,IS,Iceland,1996,,13,,,,,
dataflow,ESTAT:ENV_WASMUN(1.0),Municipal waste by waste management operations,A,Annual,DSP_I,Disposal - incineration (D10),THS_T,Thousand tonnes,IS,Iceland,1997,,13,,,,,
dataflow,ESTAT:ENV_WASMUN(1.0),Municipal waste by waste management operations,A,Annual,DSP_I,Disposal - incineration (D10),THS_T,Thousand tonnes,IS,Iceland,1998,,11,,,,,
dataflow,ESTAT:ENV_WASMUN(1.0),Municipal waste by waste management operations,A,Annual,DSP_I,Disposal - incineration (D10),THS_T,Thousand tonnes,IS,Iceland,1999,,11,,,,,
dataflow,ESTAT:ENV_WASMUN(1.0),Municipal waste by waste management operations,A,Annual,DSP_I,Disposal - incineration (D10),THS_T,Thousand tonnes,IS,Iceland,2000,,11,,,,,
dataflow,ESTAT:ENV_WASMUN(1.0),Municipal waste by waste management operations,A,Annual,DSP_I,Disposal - incineration (D10),THS_T,Thousand tonnes,IS,Iceland,2001,,5,,,,,
dataflow,ESTAT:ENV_WASMUN(1.0),Municipal waste by waste management operations,A,Annual,DSP_I,Disposal - incineration (D10),THS_T,Thousand tonnes,IS,Iceland,2002,,3,,,,,
dataflow,ESTAT:ENV_WASMUN(1.0),Municipal waste by waste management operations,A,Annual,DSP_I,Disposal - incineration (D10),THS_T,Thousand tonnes,IS,Iceland,2003,,2,,,,,
dataflow,ESTAT:ENV_WASMUN(1.0),Municipal waste by waste management operations,A,Annual,DSP_I,Disposal - incineration (D10),THS_T,Thousand tonnes,IS,Iceland,2004,,2,,,,,
dataflow,ESTAT:ENV_WASMUN(1.0),Municipal waste by waste management operations,A,Annual,DSP_I,Disposal - incineration (D10),THS_T,Thousand tonnes,IS,Iceland,2005,,2,,,,,
dataflow,ESTAT:ENV_WASMUN(1.0),Municipal waste by waste management operations,A,Annual,DSP_I,Disposal - incineration (D10),THS_T,Thousand tonnes,IS,Iceland,2006,,2,,,,,
dataflow,ESTAT:ENV_WASMUN(1.0),Municipal waste by waste management operations,A,Annual,DSP_I,Disposal - incineration (D10),THS_T,Thousand tonnes,IS,Iceland,2007,,2,,,,,
dataflow,ESTAT:ENV_WASMUN(1.0),Municipal waste by waste management operations,A,Annual,DSP_I,Disposal - incineration (D10),THS_T,Thousand tonnes,IS,Iceland,2008,,0,,,,,
dataflow,ESTAT:ENV_WASMUN(1.0),Municipal waste by waste management operations,A,Annual,DSP_I,Disposal - incineration (D10),THS_T,Thousand tonnes,IS,Iceland,2009,,2,,,,,
dataflow,ESTAT:ENV_WASMUN(1.0),Municipal waste by waste management operations,A,Annual,DSP_I,Disposal - incineration (D10),THS_T,Thousand tonnes,IS,Iceland,2010,,2,,,,,
dataflow,ESTAT:ENV_WASMUN(1.0),Municipal waste by waste management operations,A,Annual,DSP_I,Disposal - incineration (D10),THS_T,Thousand tonnes,IS,Iceland,2011,,2,,,,,
dataflow,ESTAT:ENV_WASMUN(1.0),Municipal waste by waste management operations,A,Annual,DSP_I,Disposal - incineration (D10),THS_T,Thousand tonnes,IS,Iceland,2012,,2,,,,,
dataflow,ESTAT:ENV_WASMUN(1.0),Municipal waste by waste management operations,A,Annual,DSP_I,Disposal - incineration (D10),THS_T,Thousand tonnes,IS,Iceland,2013,,1,,,,,
dataflow,ESTAT:ENV_WASMUN(1.0),Municipal waste by waste management operations,A,Annual,DSP_I,Disposal - incineration (D10),THS_T,Thousand tonnes,IS,Iceland,2014,,7,,,,,
dataflow,ESTAT:ENV_WASMUN(1.0),Municipal waste by waste management operations,A,Annual,DSP_I,Disposal - incineration (D10),THS_T,Thousand tonnes,IS,Iceland,2015,,6,,,,,
dataflow,ESTAT:ENV_WASMUN(1.0),Municipal waste by waste management operations,A,Annual,DSP_I,Disposal - incineration (D10),THS_T,Thousand tonnes,IS,Iceland,2016,,8,,,,,
dataflow,ESTAT:ENV_WASMUN(1.0),Municipal waste by waste management operations,A,Annual,DSP_I,Disposal - incineration (D10),THS_T,Thousand tonnes,IS,Iceland,2017,,8,,,,,
dataflow,ESTAT:ENV_WASMUN(1.0),Municipal waste by waste management operations,A,Annual,DSP_I,Disposal - incineration (D10),THS_T,Thousand tonnes,IS,Iceland,2018,,11,,,,,
dataflow,ESTAT:ENV_WASMUN(1.0),Municipal waste by waste management operations,A,Annual,DSP_I,Disposal - incineration (D10),THS_T,Thousand tonnes,IS,Iceland,2020,,6,,,,,
dataflow,ESTAT:ENV_WASMUN(1.0),Municipal waste by waste management operations,A,Annual,DSP_I,Disposal - incineration (D10),THS_T,Thousand tonnes,IS,Iceland,2021,,6,,,,,
dataflow,ESTAT:ENV_WASMUN(1.0),Municipal waste by waste management operations,A,Annual,DSP_I,Disposal - incineration (D10),THS_T,Thousand tonnes,IS,Iceland,2022,,7,,,,,
dataflow,ESTAT:ENV_WASMUN(1.0),Municipal waste by waste management operations,A,Annual,DSP_I,Disposal - incineration (D10),THS_T,Thousand tonnes,IT,Italy,1995,,193,,,,,
dataflow,ESTAT:ENV_WASMUN(1.0),Municipal waste by waste management operations,A,Annual,DSP_I,Disposal - incineration (D10),THS_T,Thousand tonnes,IT,Italy,1996,,0,,e,estimated,,
dataflow,ESTAT:ENV_WASMUN(1.0),Municipal waste by waste management operations,A,Annual,DSP_I,Disposal - incineration (D10),THS_T,Thousand tonnes,IT,Italy,1997,,524,,,,,
dataflow,ESTAT:ENV_WASMUN(1.0),Municipal waste by waste management operations,A,Annual,DSP_I,Disposal - incineration (D10),THS_T,Thousand tonnes,IT,Italy,1998,,0,,,,,
dataflow,ESTAT:ENV_WASMUN(1.0),Municipal waste by waste management operations,A,Annual,DSP_I,Disposal - incineration (D10),THS_T,Thousand tonnes,IT,Italy,1999,,377,,,,,
dataflow,ESTAT:ENV_WASMUN(1.0),Municipal waste by waste management operations,A,Annual,DSP_I,Disposal - incineration (D10),THS_T,Thousand tonnes,IT,Italy,2000,,171,,,,,
dataflow,ESTAT:ENV_WASMUN(1.0),Municipal waste by waste management operations,A,Annual,DSP_I,Disposal - incineration (D10),THS_T,Thousand tonnes,IT,Italy,2001,,91,,,,,
dataflow,ESTAT:ENV_WASMUN(1.0),Municipal waste by waste management operations,A,Annual,DSP_I,Disposal - incineration (D10),THS_T,Thousand tonnes,IT,Italy,2002,,163,,,,,
dataflow,ESTAT:ENV_WASMUN(1.0),Municipal waste by waste management operations,A,Annual,DSP_I,Disposal - incineration (D10),THS_T,Thousand tonnes,IT,Italy,2003,,59,,,,,
dataflow,ESTAT:ENV_WASMUN(1.0),Municipal waste by waste management operations,A,Annual,DSP_I,Disposal - incineration (D10),THS_T,Thousand tonnes,IT,Italy,2004,,50,,,,,
dataflow,ESTAT:ENV_WASMUN(1.0),Municipal waste by waste management operations,A,Annual,DSP_I,Disposal - incineration (D10),THS_T,Thousand tonnes,IT,Italy,2005,,49,,,,,
dataflow,ESTAT:ENV_WASMUN(1.0),Municipal waste by waste management operations,A,Annual,DSP_I,Disposal - incineration (D10),THS_T,Thousand tonnes,IT,Italy,2006,,39,,,,,
dataflow,ESTAT:ENV_WASMUN(1.0),Municipal waste by waste management operations,A,Annual,DSP_I,Disposal - incineration (D10),THS_T,Thousand tonnes,IT,Italy,2007,,26,,,,,
dataflow,ESTAT:ENV_WASMUN(1.0),Municipal waste by waste management operations,A,Annual,DSP_I,Disposal - incineration (D10),THS_T,Thousand tonnes,IT,Italy,2008,,31,,,,,
dataflow,ESTAT:ENV_WASMUN(1.0),Municipal waste by waste management operations,A,Annual,DSP_I,Disposal - incineration (D10),THS_T,Thousand tonnes,IT,Italy,2009,,26,,,,,
dataflow,ESTAT:ENV_WASMUN(1.0),Municipal waste by waste management operations,A,Annual,DSP_I,Disposal - incineration (D10),THS_T,Thousand tonnes,IT,Italy,2010,,53,,,,,
dataflow,ESTAT:ENV_WASMUN(1.0),Municipal waste by waste management operations,A,Annual,DSP_I,Disposal - incineration (D10),THS_T,Thousand tonnes,IT,Italy,2011,,41,,,,,
dataflow,ESTAT:ENV_WASMUN(1.0),Municipal waste by waste management operations,A,Annual,DSP_I,Disposal - incineration (D10),THS_T,Thousand tonnes,IT,Italy,2012,,0,,,,,
dataflow,ESTAT:ENV_WASMUN(1.0),Municipal waste by waste management operations,A,Annual,DSP_I,Disposal - incineration (D10),THS_T,Thousand tonnes,IT,Italy,2013,,0,,,,,
dataflow,ESTAT:ENV_WASMUN(1.0),Municipal waste by waste management operations,A,Annual,DSP_I,Disposal - incineration (D10),THS_T,Thousand tonnes,IT,Italy,2014,,0,,,,,
dataflow,ESTAT:ENV_WASMUN(1.0),Municipal waste by waste management operations,A,Annual,DSP_I,Disposal - incineration (D10),THS_T,Thousand tonnes,IT,Italy,2015,,3071,,b,break in time series,,
dataflow,ESTAT:ENV_WASMUN(1.0),Municipal waste by waste management operations,A,Annual,DSP_I,Disposal - incineration (D10),THS_T,Thousand tonnes,IT,Italy,2016,,1999,,,,,
dataflow,ESTAT:ENV_WASMUN(1.0),Municipal waste by waste management operations,A,Annual,DSP_I,Disposal - incineration (D10),THS_T,Thousand tonnes,IT,Italy,2017,,256,,,,,
dataflow,ESTAT:ENV_WASMUN(1.0),Municipal waste by waste management operations,A,Annual,DSP_I,Disposal - incineration (D10),THS_T,Thousand tonnes,IT,Italy,2018,,180,,,,,
dataflow,ESTAT:ENV_WASMUN(1.0),Municipal waste by waste management operations,A,Annual,DSP_I,Disposal - incineration (D10),THS_T,Thousand tonnes,IT,Italy,2019,,178,,,,,
dataflow,ESTAT:ENV_WASMUN(1.0),Municipal waste by waste management operations,A,Annual,DSP_I,Disposal - incineration (D10),THS_T,Thousand tonnes,IT,Italy,2020,,158,,,,,
dataflow,ESTAT:ENV_WASMUN(1.0),Municipal waste by waste management operations,A,Annual,DSP_I,Disposal - incineration (D10),THS_T,Thousand tonnes,IT,Italy,2021,,208,,,,,
dataflow,ESTAT:ENV_WASMUN(1.0),Municipal waste by waste management operations,A,Annual,DSP_I,Disposal - incineration (D10),THS_T,Thousand tonnes,IT,Italy,2022,,189,,,,,
dataflow,ESTAT:ENV_WASMUN(1.0),Municipal waste by waste management operations,A,Annual,DSP_I,Disposal - incineration (D10),THS_T,Thousand tonnes,LT,Lithuania,1995,,0,,,,,
dataflow,ESTAT:ENV_WASMUN(1.0),Municipal waste by waste management operations,A,Annual,DSP_I,Disposal - incineration (D10),THS_T,Thousand tonnes,LT,Lithuania,1996,,0,,,,,
dataflow,ESTAT:ENV_WASMUN(1.0),Municipal waste by waste management operations,A,Annual,DSP_I,Disposal - incineration (D10),THS_T,Thousand tonnes,LT,Lithuania,1997,,0,,,,,
dataflow,ESTAT:ENV_WASMUN(1.0),Municipal waste by waste management operations,A,Annual,DSP_I,Disposal - incineration (D10),THS_T,Thousand tonnes,LT,Lithuania,1998,,0,,,,,
dataflow,ESTAT:ENV_WASMUN(1.0),Municipal waste by waste management operations,A,Annual,DSP_I,Disposal - incineration (D10),THS_T,Thousand tonnes,LT,Lithuania,1999,,0,,,,,
dataflow,ESTAT:ENV_WASMUN(1.0),Municipal waste by waste management operations,A,Annual,DSP_I,Disposal - incineration (D10),THS_T,Thousand tonnes,LT,Lithuania,2000,,0,,,,,
dataflow,ESTAT:ENV_WASMUN(1.0),Municipal waste by waste management operations,A,Annual,DSP_I,Disposal - incineration (D10),THS_T,Thousand tonnes,LT,Lithuania,2001,,0,,,,,
dataflow,ESTAT:ENV_WASMUN(1.0),Municipal waste by waste management operations,A,Annual,DSP_I,Disposal - incineration (D10),THS_T,Thousand tonnes,LT,Lithuania,2002,,0,,,,,
dataflow,ESTAT:ENV_WASMUN(1.0),Municipal waste by waste management operations,A,Annual,DSP_I,Disposal - incineration (D10),THS_T,Thousand tonnes,LT,Lithuania,2003,,0,,,,,
dataflow,ESTAT:ENV_WASMUN(1.0),Municipal waste by waste management operations,A,Annual,DSP_I,Disposal - incineration (D10),THS_T,Thousand tonnes,LT,Lithuania,2004,,0,,,,,
dataflow,ESTAT:ENV_WASMUN(1.0),Municipal waste by waste management operations,A,Annual,DSP_I,Disposal - incineration (D10),THS_T,Thousand tonnes,LT,Lithuania,2005,,0,,,,,
dataflow,ESTAT:ENV_WASMUN(1.0),Municipal waste by waste management operations,A,Annual,DSP_I,Disposal - incineration (D10),THS_T,Thousand tonnes,LT,Lithuania,2006,,0,,,,,
dataflow,ESTAT:ENV_WASMUN(1.0),Municipal waste by waste management operations,A,Annual,DSP_I,Disposal - incineration (D10),THS_T,Thousand tonnes,LT,Lithuania,2007,,0,,,,,
dataflow,ESTAT:ENV_WASMUN(1.0),Municipal waste by waste management operations,A,Annual,DSP_I,Disposal - incineration (D10),THS_T,Thousand tonnes,LT,Lithuania,2008,,0,,,,,
dataflow,ESTAT:ENV_WASMUN(1.0),Municipal waste by waste management operations,A,Annual,DSP_I,Disposal - incineration (D10),THS_T,Thousand tonnes,LT,Lithuania,2009,,0,,,,,
dataflow,ESTAT:ENV_WASMUN(1.0),Municipal waste by waste management operations,A,Annual,DSP_I,Disposal - incineration (D10),THS_T,Thousand tonnes,LT,Lithuania,2010,,0,,,,,
dataflow,ESTAT:ENV_WASMUN(1.0),Municipal waste by waste management operations,A,Annual,DSP_I,Disposal - incineration (D10),THS_T,Thousand tonnes,LT,Lithuania,2011,,2,,,,,
dataflow,ESTAT:ENV_WASMUN(1.0),Municipal waste by waste management operations,A,Annual,DSP_I,Disposal - incineration (D10),THS_T,Thousand tonnes,LT,Lithuania,2012,,0,,,,,
dataflow,ESTAT:ENV_WASMUN(1.0),Municipal waste by waste management operations,A,Annual,DSP_I,Disposal - incineration (D10),THS_T,Thousand tonnes,LT,Lithuania,2013,,0,,,,,
dataflow,ESTAT:ENV_WASMUN(1.0),Municipal waste by waste management operations,A,Annual,DSP_I,Disposal - incineration (D10),THS_T,Thousand tonnes,LT,Lithuania,2014,,0,,,,,
dataflow,ESTAT:ENV_WASMUN(1.0),Municipal waste by waste management operations,A,Annual,DSP_I,Disposal - incineration (D10),THS_T,Thousand tonnes,LT,Lithuania,2015,,0,,,,,
dataflow,ESTAT:ENV_WASMUN(1.0),Municipal waste by waste management operations,A,Annual,DSP_I,Disposal - incineration (D10),THS_T,Thousand tonnes,LT,Lithuania,2016,,0,,,,,
dataflow,ESTAT:ENV_WASMUN(1.0),Municipal waste by waste management operations,A,Annual,DSP_I,Disposal - incineration (D10),THS_T,Thousand tonnes,LT,Lithuania,2017,,0,,,,,
dataflow,ESTAT:ENV_WASMUN(1.0),Municipal waste by waste management operations,A,Annual,DSP_I,Disposal - incineration (D10),THS_T,Thousand tonnes,LT,Lithuania,2018,,0,,,,,
dataflow,ESTAT:ENV_WASMUN(1.0),Municipal waste by waste management operations,A,Annual,DSP_I,Disposal - incineration (D10),THS_T,Thousand tonnes,LT,Lithuania,2019,,0,,,,,
dataflow,ESTAT:ENV_WASMUN(1.0),Municipal waste by waste management operations,A,Annual,DSP_I,Disposal - incineration (D10),THS_T,Thousand tonnes,LT,Lithuania,2020,,0,,,,,
dataflow,ESTAT:ENV_WASMUN(1.0),Municipal waste by waste management operations,A,Annual,DSP_I,Disposal - incineration (D10),THS_T,Thousand tonnes,LT,Lithuania,2021,,0,,,,,
dataflow,ESTAT:ENV_WASMUN(1.0),Municipal waste by waste management operations,A,Annual,DSP_I,Disposal - incineration (D10),THS_T,Thousand tonnes,LT,Lithuania,2022,,0,,,,,
dataflow,ESTAT:ENV_WASMUN(1.0),Municipal waste by waste management operations,A,Annual,DSP_I,Disposal - incineration (D10),THS_T,Thousand tonnes,LT,Lithuania,2023,,0,,,,,
dataflow,ESTAT:ENV_WASMUN(1.0),Municipal waste by waste management operations,A,Annual,DSP_I,Disposal - incineration (D10),THS_T,Thousand tonnes,LU,Luxembourg,1995,,0,,,,,
dataflow,ESTAT:ENV_WASMUN(1.0),Municipal waste by waste management operations,A,Annual,DSP_I,Disposal - incineration (D10),THS_T,Thousand tonnes,LU,Luxembourg,1996,,0,,,,,
dataflow,ESTAT:ENV_WASMUN(1.0),Municipal waste by waste management operations,A,Annual,DSP_I,Disposal - incineration (D10),THS_T,Thousand tonnes,LU,Luxembourg,1997,,0,,,,,
dataflow,ESTAT:ENV_WASMUN(1.0),Municipal waste by waste management operations,A,Annual,DSP_I,Disposal - incineration (D10),THS_T,Thousand tonnes,LU,Luxembourg,1998,,0,,,,,
dataflow,ESTAT:ENV_WASMUN(1.0),Municipal waste by waste management operations,A,Annual,DSP_I,Disposal - incineration (D10),THS_T,Thousand tonnes,LU,Luxembourg,1999,,0,,,,,
dataflow,ESTAT:ENV_WASMUN(1.0),Municipal waste by waste management operations,A,Annual,DSP_I,Disposal - incineration (D10),THS_T,Thousand tonnes,LU,Luxembourg,2000,,0,,,,,
dataflow,ESTAT:ENV_WASMUN(1.0),Municipal waste by waste management operations,A,Annual,DSP_I,Disposal - incineration (D10),THS_T,Thousand tonnes,LU,Luxembourg,2001,,0,,,,,
dataflow,ESTAT:ENV_WASMUN(1.0),Municipal waste by waste management operations,A,Annual,DSP_I,Disposal - incineration (D10),THS_T,Thousand tonnes,LU,Luxembourg,2002,,0,,,,,
dataflow,ESTAT:ENV_WASMUN(1.0),Municipal waste by waste management operations,A,Annual,DSP_I,Disposal - incineration (D10),THS_T,Thousand tonnes,LU,Luxembourg,2003,,0,,,,,
dataflow,ESTAT:ENV_WASMUN(1.0),Municipal waste by waste management operations,A,Annual,DSP_I,Disposal - incineration (D10),THS_T,Thousand tonnes,LU,Luxembourg,2004,,0,,,,,
dataflow,ESTAT:ENV_WASMUN(1.0),Municipal waste by waste management operations,A,Annual,DSP_I,Disposal - incineration (D10),THS_T,Thousand tonnes,LU,Luxembourg,2005,,0,,,,,
dataflow,ESTAT:ENV_WASMUN(1.0),Municipal waste by waste management operations,A,Annual,DSP_I,Disposal - incineration (D10),THS_T,Thousand tonnes,LU,Luxembourg,2006,,0,,,,,
dataflow,ESTAT:ENV_WASMUN(1.0),Municipal waste by waste management operations,A,Annual,DSP_I,Disposal - incineration (D10),THS_T,Thousand tonnes,LU,Luxembourg,2007,,0,,,,,
dataflow,ESTAT:ENV_WASMUN(1.0),Municipal waste by waste management operations,A,Annual,DSP_I,Disposal - incineration (D10),THS_T,Thousand tonnes,LU,Luxembourg,2008,,0,,,,,
dataflow,ESTAT:ENV_WASMUN(1.0),Municipal waste by waste management operations,A,Annual,DSP_I,Disposal - incineration (D10),THS_T,Thousand tonnes,LU,Luxembourg,2009,,0,,,,,
dataflow,ESTAT:ENV_WASMUN(1.0),Municipal waste by waste management operations,A,Annual,DSP_I,Disposal - incineration (D10),THS_T,Thousand tonnes,LU,Luxembourg,2010,,0,,,,,
dataflow,ESTAT:ENV_WASMUN(1.0),Municipal waste by waste management operations,A,Annual,DSP_I,Disposal - incineration (D10),THS_T,Thousand tonnes,LU,Luxembourg,2011,,0,,,,,
dataflow,ESTAT:ENV_WASMUN(1.0),Municipal waste by waste management operations,A,Annual,DSP_I,Disposal - incineration (D10),THS_T,Thousand tonnes,LU,Luxembourg,2012,,0,,,,,
dataflow,ESTAT:ENV_WASMUN(1.0),Municipal waste by waste management operations,A,Annual,DSP_I,Disposal - incineration (D10),THS_T,Thousand tonnes,LU,Luxembourg,2013,,0,,,,,
dataflow,ESTAT:ENV_WASMUN(1.0),Municipal waste by waste management operations,A,Annual,DSP_I,Disposal - incineration (D10),THS_T,Thousand tonnes,LU,Luxembourg,2014,,0,,,,,
dataflow,ESTAT:ENV_WASMUN(1.0),Municipal waste by waste management operations,A,Annual,DSP_I,Disposal - incineration (D10),THS_T,Thousand tonnes,LU,Luxembourg,2015,,0,,,,,
dataflow,ESTAT:ENV_WASMUN(1.0),Municipal waste by waste management operations,A,Annual,DSP_I,Disposal - incineration (D10),THS_T,Thousand tonnes,LU,Luxembourg,2016,,0,,b,break in time series,,
dataflow,ESTAT:ENV_WASMUN(1.0),Municipal waste by waste management operations,A,Annual,DSP_I,Disposal - incineration (D10),THS_T,Thousand tonnes,LU,Luxembourg,2017,,0,,,,,
dataflow,ESTAT:ENV_WASMUN(1.0),Municipal waste by waste management operations,A,Annual,DSP_I,Disposal - incineration (D10),THS_T,Thousand tonnes,LU,Luxembourg,2018,,0,,,,,
dataflow,ESTAT:ENV_WASMUN(1.0),Municipal waste by waste management operations,A,Annual,DSP_I,Disposal - incineration (D10),THS_T,Thousand tonnes,LU,Luxembourg,2019,,0,,e,estimated,,
dataflow,ESTAT:ENV_WASMUN(1.0),Municipal waste by waste management operations,A,Annual,DSP_I,Disposal - incineration (D10),THS_T,Thousand tonnes,LU,Luxembourg,2020,,0,,i,value imputed by Eurostat or other receiving agencies,,
dataflow,ESTAT:ENV_WASMUN(1.0),Municipal waste by waste management operations,A,Annual,DSP_I,Disposal - incineration (D10),THS_T,Thousand tonnes,LU,Luxembourg,2021,,0,,,,,
dataflow,ESTAT:ENV_WASMUN(1.0),Municipal waste by waste management operations,A,Annual,DSP_I,Disposal - incineration (D10),THS_T,Thousand tonnes,LU,Luxembourg,2022,,0,,,,,
dataflow,ESTAT:ENV_WASMUN(1.0),Municipal waste by waste management operations,A,Annual,DSP_I,Disposal - incineration (D10),THS_T,Thousand tonnes,LU,Luxembourg,2023,,0,,,,,
dataflow,ESTAT:ENV_WASMUN(1.0),Municipal waste by waste management operations,A,Annual,DSP_I,Disposal - incineration (D10),THS_T,Thousand tonnes,LV,Latvia,1995,,0,,,,,
dataflow,ESTAT:ENV_WASMUN(1.0),Municipal waste by waste management operations,A,Annual,DSP_I,Disposal - incineration (D10),THS_T,Thousand tonnes,LV,Latvia,1996,,0,,,,,
dataflow,ESTAT:ENV_WASMUN(1.0),Municipal waste by waste management operations,A,Annual,DSP_I,Disposal - incineration (D10),THS_T,Thousand tonnes,LV,Latvia,1997,,0,,,,,
dataflow,ESTAT:ENV_WASMUN(1.0),Municipal waste by waste management operations,A,Annual,DSP_I,Disposal - incineration (D10),THS_T,Thousand tonnes,LV,Latvia,1998,,0,,,,,
dataflow,ESTAT:ENV_WASMUN(1.0),Municipal waste by waste management operations,A,Annual,DSP_I,Disposal - incineration (D10),THS_T,Thousand tonnes,LV,Latvia,1999,,0,,,,,
dataflow,ESTAT:ENV_WASMUN(1.0),Municipal waste by waste management operations,A,Annual,DSP_I,Disposal - incineration (D10),THS_T,Thousand tonnes,LV,Latvia,2000,,0,,,,,
dataflow,ESTAT:ENV_WASMUN(1.0),Municipal waste by waste management operations,A,Annual,DSP_I,Disposal - incineration (D10),THS_T,Thousand tonnes,LV,Latvia,2001,,0,,,,,
dataflow,ESTAT:ENV_WASMUN(1.0),Municipal waste by waste management operations,A,Annual,DSP_I,Disposal - incineration (D10),THS_T,Thousand tonnes,LV,Latvia,2002,,0,,,,,
dataflow,ESTAT:ENV_WASMUN(1.0),Municipal waste by waste management operations,A,Annual,DSP_I,Disposal - incineration (D10),THS_T,Thousand tonnes,LV,Latvia,2003,,0,,,,,
dataflow,ESTAT:ENV_WASMUN(1.0),Municipal waste by waste management operations,A,Annual,DSP_I,Disposal - incineration (D10),THS_T,Thousand tonnes,LV,Latvia,2004,,0,,,,,
dataflow,ESTAT:ENV_WASMUN(1.0),Municipal waste by waste management operations,A,Annual,DSP_I,Disposal - incineration (D10),THS_T,Thousand tonnes,LV,Latvia,2005,,0,,,,,
dataflow,ESTAT:ENV_WASMUN(1.0),Municipal waste by waste management operations,A,Annual,DSP_I,Disposal - incineration (D10),THS_T,Thousand tonnes,LV,Latvia,2006,,0,,,,,
dataflow,ESTAT:ENV_WASMUN(1.0),Municipal waste by waste management operations,A,Annual,DSP_I,Disposal - incineration (D10),THS_T,Thousand tonnes,LV,Latvia,2007,,0,,,,,
dataflow,ESTAT:ENV_WASMUN(1.0),Municipal waste by waste management operations,A,Annual,DSP_I,Disposal - incineration (D10),THS_T,Thousand tonnes,LV,Latvia,2008,,0,,,,,
dataflow,ESTAT:ENV_WASMUN(1.0),Municipal waste by waste management operations,A,Annual,DSP_I,Disposal - incineration (D10),THS_T,Thousand tonnes,LV,Latvia,2009,,0,,,,,
dataflow,ESTAT:ENV_WASMUN(1.0),Municipal waste by waste management operations,A,Annual,DSP_I,Disposal - incineration (D10),THS_T,Thousand tonnes,LV,Latvia,2010,,0,,,,,
dataflow,ESTAT:ENV_WASMUN(1.0),Municipal waste by waste management operations,A,Annual,DSP_I,Disposal - incineration (D10),THS_T,Thousand tonnes,LV,Latvia,2011,,0,,,,,
dataflow,ESTAT:ENV_WASMUN(1.0),Municipal waste by waste management operations,A,Annual,DSP_I,Disposal - incineration (D10),THS_T,Thousand tonnes,LV,Latvia,2012,,0,,,,,
dataflow,ESTAT:ENV_WASMUN(1.0),Municipal waste by waste management operations,A,Annual,DSP_I,Disposal - incineration (D10),THS_T,Thousand tonnes,LV,Latvia,2013,,0,,,,,
dataflow,ESTAT:ENV_WASMUN(1.0),Municipal waste by waste management operations,A,Annual,DSP_I,Disposal - incineration (D10),THS_T,Thousand tonnes,LV,Latvia,2014,,0,,,,,
dataflow,ESTAT:ENV_WASMUN(1.0),Municipal waste by waste management operations,A,Annual,DSP_I,Disposal - incineration (D10),THS_T,Thousand tonnes,LV,Latvia,2015,,0,,,,,
dataflow,ESTAT:ENV_WASMUN(1.0),Municipal waste by waste management operations,A,Annual,DSP_I,Disposal - incineration (D10),THS_T,Thousand tonnes,LV,Latvia,2016,,0,,,,,
dataflow,ESTAT:ENV_WASMUN(1.0),Municipal waste by waste management operations,A,Annual,DSP_I,Disposal - incineration (D10),THS_T,Thousand tonnes,LV,Latvia,2017,,0,,,,,
dataflow,ESTAT:ENV_WASMUN(1.0),Municipal waste by waste management operations,A,Annual,DSP_I,Disposal - incineration (D10),THS_T,Thousand tonnes,LV,Latvia,2018,,0,,,,,
dataflow,ESTAT:ENV_WASMUN(1.0),Municipal waste by waste management operations,A,Annual,DSP_I,Disposal - incineration (D10),THS_T,Thousand tonnes,LV,Latvia,2019,,0,,i,value imputed by Eurostat or other receiving agencies,,
dataflow,ESTAT:ENV_WASMUN(1.0),Municipal waste by waste management operations,A,Annual,DSP_I,Disposal - incineration (D10),THS_T,Thousand tonnes,LV,Latvia,2020,,0,,,,,
dataflow,ESTAT:ENV_WASMUN(1.0),Municipal waste by waste management operations,A,Annual,DSP_I,Disposal - incineration (D10),THS_T,Thousand tonnes,LV,Latvia,2021,,0,,,,,
dataflow,ESTAT:ENV_WASMUN(1.0),Municipal waste by waste management operations,A,Annual,DSP_I,Disposal - incineration (D10),THS_T,Thousand tonnes,LV,Latvia,2022,,0,,,,,
dataflow,ESTAT:ENV_WASMUN(1.0),Municipal waste by waste management operations,A,Annual,DSP_I,Disposal - incineration (D10),THS_T,Thousand tonnes,ME,Montenegro,2012,,0,,e,estimated,,
dataflow,ESTAT:ENV_WASMUN(1.0),Municipal waste by waste management operations,A,Annual,DSP_I,Disposal - incineration (D10),THS_T,Thousand tonnes,ME,Montenegro,2013,,0,,e,estimated,,
dataflow,ESTAT:ENV_WASMUN(1.0),Municipal waste by waste management operations,A,Annual,DSP_I,Disposal - incineration (D10),THS_T,Thousand tonnes,ME,Montenegro,2014,,0,,e,estimated,,
dataflow,ESTAT:ENV_WASMUN(1.0),Municipal waste by waste management operations,A,Annual,DSP_I,Disposal - incineration (D10),THS_T,Thousand tonnes,ME,Montenegro,2015,,0,,e,estimated,,
dataflow,ESTAT:ENV_WASMUN(1.0),Municipal waste by waste management operations,A,Annual,DSP_I,Disposal - incineration (D10),THS_T,Thousand tonnes,ME,Montenegro,2016,,0,,e,estimated,,
dataflow,ESTAT:ENV_WASMUN(1.0),Municipal waste by waste management operations,A,Annual,DSP_I,Disposal - incineration (D10),THS_T,Thousand tonnes,ME,Montenegro,2018,,0,,e,estimated,,
dataflow,ESTAT:ENV_WASMUN(1.0),Municipal waste by waste management operations,A,Annual,DSP_I,Disposal - incineration (D10),THS_T,Thousand tonnes,ME,Montenegro,2019,,0,,e,estimated,,
dataflow,ESTAT:ENV_WASMUN(1.0),Municipal waste by waste management operations,A,Annual,DSP_I,Disposal - incineration (D10),THS_T,Thousand tonnes,ME,Montenegro,2020,,0,,e,estimated,,
dataflow,ESTAT:ENV_WASMUN(1.0),Municipal waste by waste management operations,A,Annual,DSP_I,Disposal - incineration (D10),THS_T,Thousand tonnes,ME,Montenegro,2021,,0,,e,estimated,,
dataflow,ESTAT:ENV_WASMUN(1.0),Municipal waste by waste management operations,A,Annual,DSP_I,Disposal - incineration (D10),THS_T,Thousand tonnes,ME,Montenegro,2022,,0,,,,,
dataflow,ESTAT:ENV_WASMUN(1.0),Municipal waste by waste management operations,A,Annual,DSP_I,Disposal - incineration (D10),THS_T,Thousand tonnes,ME,Montenegro,2023,,0,,,,,
dataflow,ESTAT:ENV_WASMUN(1.0),Municipal waste by waste management operations,A,Annual,DSP_I,Disposal - incineration (D10),THS_T,Thousand tonnes,MK,North Macedonia,2008,,0,,,,,
dataflow,ESTAT:ENV_WASMUN(1.0),Municipal waste by waste management operations,A,Annual,DSP_I,Disposal - incineration (D10),THS_T,Thousand tonnes,MK,North Macedonia,2011,,0,,,,,
dataflow,ESTAT:ENV_WASMUN(1.0),Municipal waste by waste management operations,A,Annual,DSP_I,Disposal - incineration (D10),THS_T,Thousand tonnes,MK,North Macedonia,2022,,0,,,,,
dataflow,ESTAT:ENV_WASMUN(1.0),Municipal waste by waste management operations,A,Annual,DSP_I,Disposal - incineration (D10),THS_T,Thousand tonnes,MT,Malta,1995,,0,,,,,
dataflow,ESTAT:ENV_WASMUN(1.0),Municipal waste by waste management operations,A,Annual,DSP_I,Disposal - incineration (D10),THS_T,Thousand tonnes,MT,Malta,1996,,0,,,,,
dataflow,ESTAT:ENV_WASMUN(1.0),Municipal waste by waste management operations,A,Annual,DSP_I,Disposal - incineration (D10),THS_T,Thousand tonnes,MT,Malta,1997,,0,,,,,
dataflow,ESTAT:ENV_WASMUN(1.0),Municipal waste by waste management operations,A,Annual,DSP_I,Disposal - incineration (D10),THS_T,Thousand tonnes,MT,Malta,1998,,0,,,,,
dataflow,ESTAT:ENV_WASMUN(1.0),Municipal waste by waste management operations,A,Annual,DSP_I,Disposal - incineration (D10),THS_T,Thousand tonnes,MT,Malta,1999,,0,,,,,
dataflow,ESTAT:ENV_WASMUN(1.0),Municipal waste by waste management operations,A,Annual,DSP_I,Disposal - incineration (D10),THS_T,Thousand tonnes,MT,Malta,2000,,0,,,,,
dataflow,ESTAT:ENV_WASMUN(1.0),Municipal waste by waste management operations,A,Annual,DSP_I,Disposal - incineration (D10),THS_T,Thousand tonnes,MT,Malta,2001,,0,,,,,
dataflow,ESTAT:ENV_WASMUN(1.0),Municipal waste by waste management operations,A,Annual,DSP_I,Disposal - incineration (D10),THS_T,Thousand tonnes,MT,Malta,2002,,0,,,,,
dataflow,ESTAT:ENV_WASMUN(1.0),Municipal waste by waste management operations,A,Annual,DSP_I,Disposal - incineration (D10),THS_T,Thousand tonnes,MT,Malta,2003,,0,,,,,
dataflow,ESTAT:ENV_WASMUN(1.0),Municipal waste by waste management operations,A,Annual,DSP_I,Disposal - incineration (D10),THS_T,Thousand tonnes,MT,Malta,2004,,0,,,,,
dataflow,ESTAT:ENV_WASMUN(1.0),Municipal waste by waste management operations,A,Annual,DSP_I,Disposal - incineration (D10),THS_T,Thousand tonnes,MT,Malta,2005,,0,,,,,
dataflow,ESTAT:ENV_WASMUN(1.0),Municipal waste by waste management operations,A,Annual,DSP_I,Disposal - incineration (D10),THS_T,Thousand tonnes,MT,Malta,2006,,0,,,,,
dataflow,ESTAT:ENV_WASMUN(1.0),Municipal waste by waste management operations,A,Annual,DSP_I,Disposal - incineration (D10),THS_T,Thousand tonnes,MT,Malta,2007,,0,,,,,
dataflow,ESTAT:ENV_WASMUN(1.0),Municipal waste by waste management operations,A,Annual,DSP_I,Disposal - incineration (D10),THS_T,Thousand tonnes,MT,Malta,2008,,0,,,,,
dataflow,ESTAT:ENV_WASMUN(1.0),Municipal waste by waste management operations,A,Annual,DSP_I,Disposal - incineration (D10),THS_T,Thousand tonnes,MT,Malta,2009,,0,,,,,
dataflow,ESTAT:ENV_WASMUN(1.0),Municipal waste by waste management operations,A,Annual,DSP_I,Disposal - incineration (D10),THS_T,Thousand tonnes,MT,Malta,2010,,0,,,,,
dataflow,ESTAT:ENV_WASMUN(1.0),Municipal waste by waste management operations,A,Annual,DSP_I,Disposal - incineration (D10),THS_T,Thousand tonnes,MT,Malta,2011,,0,,,,,
dataflow,ESTAT:ENV_WASMUN(1.0),Municipal waste by waste management operations,A,Annual,DSP_I,Disposal - incineration (D10),THS_T,Thousand tonnes,MT,Malta,2012,,0,,,,,
dataflow,ESTAT:ENV_WASMUN(1.0),Municipal waste by waste management operations,A,Annual,DSP_I,Disposal - incineration (D10),THS_T,Thousand tonnes,MT,Malta,2013,,0,,,,,
dataflow,ESTAT:ENV_WASMUN(1.0),Municipal waste by waste management operations,A,Annual,DSP_I,Disposal - incineration (D10),THS_T,Thousand tonnes,MT,Malta,2014,,0,,,,,
dataflow,ESTAT:ENV_WASMUN(1.0),Municipal waste by waste management operations,A,Annual,DSP_I,Disposal - incineration (D10),THS_T,Thousand tonnes,MT,Malta,2015,,0,,,,,
dataflow,ESTAT:ENV_WASMUN(1.0),Municipal waste by waste management operations,A,Annual,DSP_I,Disposal - incineration (D10),THS_T,Thousand tonnes,MT,Malta,2016,,0,,,,,
dataflow,ESTAT:ENV_WASMUN(1.0),Municipal waste by waste management operations,A,Annual,DSP_I,Disposal - incineration (D10),THS_T,Thousand tonnes,MT,Malta,2017,,0,,,,,
dataflow,ESTAT:ENV_WASMUN(1.0),Municipal waste by waste management operations,A,Annual,DSP_I,Disposal - incineration (D10),THS_T,Thousand tonnes,MT,Malta,2018,,0,,,,,
dataflow,ESTAT:ENV_WASMUN(1.0),Municipal waste by waste management operations,A,Annual,DSP_I,Disposal - incineration (D10),THS_T,Thousand tonnes,MT,Malta,2019,,0,,,,,
dataflow,ESTAT:ENV_WASMUN(1.0),Municipal waste by waste management operations,A,Annual,DSP_I,Disposal - incineration (D10),THS_T,Thousand tonnes,MT,Malta,2020,,0,,,,,
dataflow,ESTAT:ENV_WASMUN(1.0),Municipal waste by waste management operations,A,Annual,DSP_I,Disposal - incineration (D10),THS_T,Thousand tonnes,MT,Malta,2021,,0,,,,,
dataflow,ESTAT:ENV_WASMUN(1.0),Municipal waste by waste management operations,A,Annual,DSP_I,Disposal - incineration (D10),THS_T,Thousand tonnes,MT,Malta,2022,,0,,,,,
dataflow,ESTAT:ENV_WASMUN(1.0),Municipal waste by waste management operations,A,Annual,DSP_I,Disposal - incineration (D10),THS_T,Thousand tonnes,MT,Malta,2023,,0,,,,,
dataflow,ESTAT:ENV_WASMUN(1.0),Municipal waste by waste management operations,A,Annual,DSP_I,Disposal - incineration (D10),THS_T,Thousand tonnes,NL,Netherlands,1995,,2137,,,,,
dataflow,ESTAT:ENV_WASMUN(1.0),Municipal waste by waste management operations,A,Annual,DSP_I,Disposal - incineration (D10),THS_T,Thousand tonnes,NL,Netherlands,1996,,2650,,,,,
dataflow,ESTAT:ENV_WASMUN(1.0),Municipal waste by waste management operations,A,Annual,DSP_I,Disposal - incineration (D10),THS_T,Thousand tonnes,NL,Netherlands,1997,,3406,,,,,
dataflow,ESTAT:ENV_WASMUN(1.0),Municipal waste by waste management operations,A,Annual,DSP_I,Disposal - incineration (D10),THS_T,Thousand tonnes,NL,Netherlands,1998,,3106,,,,,
dataflow,ESTAT:ENV_WASMUN(1.0),Municipal waste by waste management operations,A,Annual,DSP_I,Disposal - incineration (D10),THS_T,Thousand tonnes,NL,Netherlands,1999,,3200,,,,,
dataflow,ESTAT:ENV_WASMUN(1.0),Municipal waste by waste management operations,A,Annual,DSP_I,Disposal - incineration (D10),THS_T,Thousand tonnes,NL,Netherlands,2000,,3020,,,,,
dataflow,ESTAT:ENV_WASMUN(1.0),Municipal waste by waste management operations,A,Annual,DSP_I,Disposal - incineration (D10),THS_T,Thousand tonnes,NL,Netherlands,2001,,3180,,,,,
dataflow,ESTAT:ENV_WASMUN(1.0),Municipal waste by waste management operations,A,Annual,DSP_I,Disposal - incineration (D10),THS_T,Thousand tonnes,NL,Netherlands,2002,,3125,,,,,
dataflow,ESTAT:ENV_WASMUN(1.0),Municipal waste by waste management operations,A,Annual,DSP_I,Disposal - incineration (D10),THS_T,Thousand tonnes,NL,Netherlands,2003,,3194,,,,,
dataflow,ESTAT:ENV_WASMUN(1.0),Municipal waste by waste management operations,A,Annual,DSP_I,Disposal - incineration (D10),THS_T,Thousand tonnes,NL,Netherlands,2004,,3281,,,,,
dataflow,ESTAT:ENV_WASMUN(1.0),Municipal waste by waste management operations,A,Annual,DSP_I,Disposal - incineration (D10),THS_T,Thousand tonnes,NL,Netherlands,2005,,3300,,,,,
dataflow,ESTAT:ENV_WASMUN(1.0),Municipal waste by waste management operations,A,Annual,DSP_I,Disposal - incineration (D10),THS_T,Thousand tonnes,NL,Netherlands,2006,,3253,,,,,
dataflow,ESTAT:ENV_WASMUN(1.0),Municipal waste by waste management operations,A,Annual,DSP_I,Disposal - incineration (D10),THS_T,Thousand tonnes,NL,Netherlands,2007,,3267,,,,,
dataflow,ESTAT:ENV_WASMUN(1.0),Municipal waste by waste management operations,A,Annual,DSP_I,Disposal - incineration (D10),THS_T,Thousand tonnes,NL,Netherlands,2008,,4065,,b,break in time series,,
dataflow,ESTAT:ENV_WASMUN(1.0),Municipal waste by waste management operations,A,Annual,DSP_I,Disposal - incineration (D10),THS_T,Thousand tonnes,NL,Netherlands,2009,,3958,,,,,
dataflow,ESTAT:ENV_WASMUN(1.0),Municipal waste by waste management operations,A,Annual,DSP_I,Disposal - incineration (D10),THS_T,Thousand tonnes,NL,Netherlands,2010,,1833,,,,,
dataflow,ESTAT:ENV_WASMUN(1.0),Municipal waste by waste management operations,A,Annual,DSP_I,Disposal - incineration (D10),THS_T,Thousand tonnes,NL,Netherlands,2011,,722,,,,,
dataflow,ESTAT:ENV_WASMUN(1.0),Municipal waste by waste management operations,A,Annual,DSP_I,Disposal - incineration (D10),THS_T,Thousand tonnes,NL,Netherlands,2012,,110,,,,,
dataflow,ESTAT:ENV_WASMUN(1.0),Municipal waste by waste management operations,A,Annual,DSP_I,Disposal - incineration (D10),THS_T,Thousand tonnes,NL,Netherlands,2013,,104,,,,,
dataflow,ESTAT:ENV_WASMUN(1.0),Municipal waste by waste management operations,A,Annual,DSP_I,Disposal - incineration (D10),THS_T,Thousand tonnes,NL,Netherlands,2014,,97,,,,,
dataflow,ESTAT:ENV_WASMUN(1.0),Municipal waste by waste management operations,A,Annual,DSP_I,Disposal - incineration (D10),THS_T,Thousand tonnes,NL,Netherlands,2015,,94,,,,,
dataflow,ESTAT:ENV_WASMUN(1.0),Municipal waste by waste management operations,A,Annual,DSP_I,Disposal - incineration (D10),THS_T,Thousand tonnes,NL,Netherlands,2016,,94,,,,,
dataflow,ESTAT:ENV_WASMUN(1.0),Municipal waste by waste management operations,A,Annual,DSP_I,Disposal - incineration (D10),THS_T,Thousand tonnes,NL,Netherlands,2017,,93,,,,,
dataflow,ESTAT:ENV_WASMUN(1.0),Municipal waste by waste management operations,A,Annual,DSP_I,Disposal - incineration (D10),THS_T,Thousand tonnes,NL,Netherlands,2018,,91,,,,,
dataflow,ESTAT:ENV_WASMUN(1.0),Municipal waste by waste management operations,A,Annual,DSP_I,Disposal - incineration (D10),THS_T,Thousand tonnes,NL,Netherlands,2019,,95,,,,,
dataflow,ESTAT:ENV_WASMUN(1.0),Municipal waste by waste management operations,A,Annual,DSP_I,Disposal - incineration (D10),THS_T,Thousand tonnes,NL,Netherlands,2020,,83,,,,,
dataflow,ESTAT:ENV_WASMUN(1.0),Municipal waste by waste management operations,A,Annual,DSP_I,Disposal - incineration (D10),THS_T,Thousand tonnes,NL,Netherlands,2021,,83,,,,,
dataflow,ESTAT:ENV_WASMUN(1.0),Municipal waste by waste management operations,A,Annual,DSP_I,Disposal - incineration (D10),THS_T,Thousand tonnes,NL,Netherlands,2022,,82,,p,provisional,,
dataflow,ESTAT:ENV_WASMUN(1.0),Municipal waste by waste management operations,A,Annual,DSP_I,Disposal - incineration (D10),THS_T,Thousand tonnes,NL,Netherlands,2023,,77,,,,,
dataflow,ESTAT:ENV_WASMUN(1.0),Municipal waste by waste management operations,A,Annual,DSP_I,Disposal - incineration (D10),THS_T,Thousand tonnes,NO,Norway,1995,,53,,,,,
dataflow,ESTAT:ENV_WASMUN(1.0),Municipal waste by waste management operations,A,Annual,DSP_I,Disposal - incineration (D10),THS_T,Thousand tonnes,NO,Norway,1996,,0,,,,,
dataflow,ESTAT:ENV_WASMUN(1.0),Municipal waste by waste management operations,A,Annual,DSP_I,Disposal - incineration (D10),THS_T,Thousand tonnes,NO,Norway,1997,,0,,,,,
dataflow,ESTAT:ENV_WASMUN(1.0),Municipal waste by waste management operations,A,Annual,DSP_I,Disposal - incineration (D10),THS_T,Thousand tonnes,NO,Norway,1998,,0,,,,,
dataflow,ESTAT:ENV_WASMUN(1.0),Municipal waste by waste management operations,A,Annual,DSP_I,Disposal - incineration (D10),THS_T,Thousand tonnes,NO,Norway,1999,,0,,,,,
dataflow,ESTAT:ENV_WASMUN(1.0),Municipal waste by waste management operations,A,Annual,DSP_I,Disposal - incineration (D10),THS_T,Thousand tonnes,NO,Norway,2000,,0,,,,,
dataflow,ESTAT:ENV_WASMUN(1.0),Municipal waste by waste management operations,A,Annual,DSP_I,Disposal - incineration (D10),THS_T,Thousand tonnes,NO,Norway,2001,,0,,,,,
dataflow,ESTAT:ENV_WASMUN(1.0),Municipal waste by waste management operations,A,Annual,DSP_I,Disposal - incineration (D10),THS_T,Thousand tonnes,NO,Norway,2002,,0,,,,,
dataflow,ESTAT:ENV_WASMUN(1.0),Municipal waste by waste management operations,A,Annual,DSP_I,Disposal - incineration (D10),THS_T,Thousand tonnes,NO,Norway,2003,,0,,,,,
dataflow,ESTAT:ENV_WASMUN(1.0),Municipal waste by waste management operations,A,Annual,DSP_I,Disposal - incineration (D10),THS_T,Thousand tonnes,NO,Norway,2004,,0,,,,,
dataflow,ESTAT:ENV_WASMUN(1.0),Municipal waste by waste management operations,A,Annual,DSP_I,Disposal - incineration (D10),THS_T,Thousand tonnes,NO,Norway,2005,,0,,,,,
dataflow,ESTAT:ENV_WASMUN(1.0),Municipal waste by waste management operations,A,Annual,DSP_I,Disposal - incineration (D10),THS_T,Thousand tonnes,NO,Norway,2006,,0,,,,,
dataflow,ESTAT:ENV_WASMUN(1.0),Municipal waste by waste management operations,A,Annual,DSP_I,Disposal - incineration (D10),THS_T,Thousand tonnes,NO,Norway,2007,,0,,,,,
dataflow,ESTAT:ENV_WASMUN(1.0),Municipal waste by waste management operations,A,Annual,DSP_I,Disposal - incineration (D10),THS_T,Thousand tonnes,NO,Norway,2008,,0,,,,,
dataflow,ESTAT:ENV_WASMUN(1.0),Municipal waste by waste management operations,A,Annual,DSP_I,Disposal - incineration (D10),THS_T,Thousand tonnes,NO,Norway,2009,,0,,,,,
dataflow,ESTAT:ENV_WASMUN(1.0),Municipal waste by waste management operations,A,Annual,DSP_I,Disposal - incineration (D10),THS_T,Thousand tonnes,NO,Norway,2010,,0,,,,,
dataflow,ESTAT:ENV_WASMUN(1.0),Municipal waste by waste management operations,A,Annual,DSP_I,Disposal - incineration (D10),THS_T,Thousand tonnes,NO,Norway,2011,,0,,,,,
dataflow,ESTAT:ENV_WASMUN(1.0),Municipal waste by waste management operations,A,Annual,DSP_I,Disposal - incineration (D10),THS_T,Thousand tonnes,NO,Norway,2012,,0,,,,,
dataflow,ESTAT:ENV_WASMUN(1.0),Municipal waste by waste management operations,A,Annual,DSP_I,Disposal - incineration (D10),THS_T,Thousand tonnes,NO,Norway,2013,,0,,,,,
dataflow,ESTAT:ENV_WASMUN(1.0),Municipal waste by waste management operations,A,Annual,DSP_I,Disposal - incineration (D10),THS_T,Thousand tonnes,NO,Norway,2014,,0,,b,break in time series,,
dataflow,ESTAT:ENV_WASMUN(1.0),Municipal waste by waste management operations,A,Annual,DSP_I,Disposal - incineration (D10),THS_T,Thousand tonnes,NO,Norway,2015,,0,,,,,
dataflow,ESTAT:ENV_WASMUN(1.0),Municipal waste by waste management operations,A,Annual,DSP_I,Disposal - incineration (D10),THS_T,Thousand tonnes,NO,Norway,2016,,0,,b,break in time series,,
dataflow,ESTAT:ENV_WASMUN(1.0),Municipal waste by waste management operations,A,Annual,DSP_I,Disposal - incineration (D10),THS_T,Thousand tonnes,NO,Norway,2017,,0,,,,,
dataflow,ESTAT:ENV_WASMUN(1.0),Municipal waste by waste management operations,A,Annual,DSP_I,Disposal - incineration (D10),THS_T,Thousand tonnes,NO,Norway,2018,,0,,,,,
dataflow,ESTAT:ENV_WASMUN(1.0),Municipal waste by waste management operations,A,Annual,DSP_I,Disposal - incineration (D10),THS_T,Thousand tonnes,NO,Norway,2019,,0,,,,,
dataflow,ESTAT:ENV_WASMUN(1.0),Municipal waste by waste management operations,A,Annual,DSP_I,Disposal - incineration (D10),THS_T,Thousand tonnes,NO,Norway,2020,,0,,b,break in time series,,
dataflow,ESTAT:ENV_WASMUN(1.0),Municipal waste by waste management operations,A,Annual,DSP_I,Disposal - incineration (D10),THS_T,Thousand tonnes,NO,Norway,2021,,0,,,,,
dataflow,ESTAT:ENV_WASMUN(1.0),Municipal waste by waste management operations,A,Annual,DSP_I,Disposal - incineration (D10),THS_T,Thousand tonnes,NO,Norway,2022,,0,,,,,
dataflow,ESTAT:ENV_WASMUN(1.0),Municipal waste by waste management operations,A,Annual,DSP_I,Disposal - incineration (D10),THS_T,Thousand tonnes,NO,Norway,2023,,0,,,,,
dataflow,ESTAT:ENV_WASMUN(1.0),Municipal waste by waste management operations,A,Annual,DSP_I,Disposal - incineration (D10),THS_T,Thousand tonnes,PL,Poland,1995,,0,,,,,
dataflow,ESTAT:ENV_WASMUN(1.0),Municipal waste by waste management operations,A,Annual,DSP_I,Disposal - incineration (D10),THS_T,Thousand tonnes,PL,Poland,1996,,0,,,,,
dataflow,ESTAT:ENV_WASMUN(1.0),Municipal waste by waste management operations,A,Annual,DSP_I,Disposal - incineration (D10),THS_T,Thousand tonnes,PL,Poland,1997,,0,,,,,
dataflow,ESTAT:ENV_WASMUN(1.0),Municipal waste by waste management operations,A,Annual,DSP_I,Disposal - incineration (D10),THS_T,Thousand tonnes,PL,Poland,1998,,0,,,,,
dataflow,ESTAT:ENV_WASMUN(1.0),Municipal waste by waste management operations,A,Annual,DSP_I,Disposal - incineration (D10),THS_T,Thousand tonnes,PL,Poland,1999,,0,,,,,
dataflow,ESTAT:ENV_WASMUN(1.0),Municipal waste by waste management operations,A,Annual,DSP_I,Disposal - incineration (D10),THS_T,Thousand tonnes,PL,Poland,2000,,0,,,,,
dataflow,ESTAT:ENV_WASMUN(1.0),Municipal waste by waste management operations,A,Annual,DSP_I,Disposal - incineration (D10),THS_T,Thousand tonnes,PL,Poland,2001,,14,,,,,
dataflow,ESTAT:ENV_WASMUN(1.0),Municipal waste by waste management operations,A,Annual,DSP_I,Disposal - incineration (D10),THS_T,Thousand tonnes,PL,Poland,2002,,36,,,,,
dataflow,ESTAT:ENV_WASMUN(1.0),Municipal waste by waste management operations,A,Annual,DSP_I,Disposal - incineration (D10),THS_T,Thousand tonnes,PL,Poland,2003,,42,,,,,
dataflow,ESTAT:ENV_WASMUN(1.0),Municipal waste by waste management operations,A,Annual,DSP_I,Disposal - incineration (D10),THS_T,Thousand tonnes,PL,Poland,2004,,44,,,,,
dataflow,ESTAT:ENV_WASMUN(1.0),Municipal waste by waste management operations,A,Annual,DSP_I,Disposal - incineration (D10),THS_T,Thousand tonnes,PL,Poland,2005,,44,,,,,
dataflow,ESTAT:ENV_WASMUN(1.0),Municipal waste by waste management operations,A,Annual,DSP_I,Disposal - incineration (D10),THS_T,Thousand tonnes,PL,Poland,2006,,45,,,,,
dataflow,ESTAT:ENV_WASMUN(1.0),Municipal waste by waste management operations,A,Annual,DSP_I,Disposal - incineration (D10),THS_T,Thousand tonnes,PL,Poland,2007,,41,,,,,
dataflow,ESTAT:ENV_WASMUN(1.0),Municipal waste by waste management operations,A,Annual,DSP_I,Disposal - incineration (D10),THS_T,Thousand tonnes,PL,Poland,2008,,40,,,,,
dataflow,ESTAT:ENV_WASMUN(1.0),Municipal waste by waste management operations,A,Annual,DSP_I,Disposal - incineration (D10),THS_T,Thousand tonnes,PL,Poland,2009,,46,,,,,
dataflow,ESTAT:ENV_WASMUN(1.0),Municipal waste by waste management operations,A,Annual,DSP_I,Disposal - incineration (D10),THS_T,Thousand tonnes,PL,Poland,2010,,39,,,,,
dataflow,ESTAT:ENV_WASMUN(1.0),Municipal waste by waste management operations,A,Annual,DSP_I,Disposal - incineration (D10),THS_T,Thousand tonnes,PL,Poland,2011,,45,,,,,
dataflow,ESTAT:ENV_WASMUN(1.0),Municipal waste by waste management operations,A,Annual,DSP_I,Disposal - incineration (D10),THS_T,Thousand tonnes,PL,Poland,2012,,51,,,,,
dataflow,ESTAT:ENV_WASMUN(1.0),Municipal waste by waste management operations,A,Annual,DSP_I,Disposal - incineration (D10),THS_T,Thousand tonnes,PL,Poland,2013,,203,,be,"break in time series, estimated",,
dataflow,ESTAT:ENV_WASMUN(1.0),Municipal waste by waste management operations,A,Annual,DSP_I,Disposal - incineration (D10),THS_T,Thousand tonnes,PL,Poland,2014,,398,,be,"break in time series, estimated",,
dataflow,ESTAT:ENV_WASMUN(1.0),Municipal waste by waste management operations,A,Annual,DSP_I,Disposal - incineration (D10),THS_T,Thousand tonnes,PL,Poland,2015,,121,,e,estimated,,
dataflow,ESTAT:ENV_WASMUN(1.0),Municipal waste by waste management operations,A,Annual,DSP_I,Disposal - incineration (D10),THS_T,Thousand tonnes,PL,Poland,2016,,152,,e,estimated,,
dataflow,ESTAT:ENV_WASMUN(1.0),Municipal waste by waste management operations,A,Annual,DSP_I,Disposal - incineration (D10),THS_T,Thousand tonnes,PL,Poland,2017,,198,,e,estimated,,
dataflow,ESTAT:ENV_WASMUN(1.0),Municipal waste by waste management operations,A,Annual,DSP_I,Disposal - incineration (D10),THS_T,Thousand tonnes,PL,Poland,2018,,191,,e,estimated,,
dataflow,ESTAT:ENV_WASMUN(1.0),Municipal waste by waste management operations,A,Annual,DSP_I,Disposal - incineration (D10),THS_T,Thousand tonnes,PL,Poland,2019,,179,,e,estimated,,
dataflow,ESTAT:ENV_WASMUN(1.0),Municipal waste by waste management operations,A,Annual,DSP_I,Disposal - incineration (D10),THS_T,Thousand tonnes,PL,Poland,2020,,166,,,,,
dataflow,ESTAT:ENV_WASMUN(1.0),Municipal waste by waste management operations,A,Annual,DSP_I,Disposal - incineration (D10),THS_T,Thousand tonnes,PL,Poland,2021,,171,,,,,
dataflow,ESTAT:ENV_WASMUN(1.0),Municipal waste by waste management operations,A,Annual,DSP_I,Disposal - incineration (D10),THS_T,Thousand tonnes,PL,Poland,2022,,113,,,,,
dataflow,ESTAT:ENV_WASMUN(1.0),Municipal waste by waste management operations,A,Annual,DSP_I,Disposal - incineration (D10),THS_T,Thousand tonnes,PL,Poland,2023,,92,,,,,
dataflow,ESTAT:ENV_WASMUN(1.0),Municipal waste by waste management operations,A,Annual,DSP_I,Disposal - incineration (D10),THS_T,Thousand tonnes,PT,Portugal,1995,,0,,,,,
dataflow,ESTAT:ENV_WASMUN(1.0),Municipal waste by waste management operations,A,Annual,DSP_I,Disposal - incineration (D10),THS_T,Thousand tonnes,PT,Portugal,1996,,0,,,,,
dataflow,ESTAT:ENV_WASMUN(1.0),Municipal waste by waste management operations,A,Annual,DSP_I,Disposal - incineration (D10),THS_T,Thousand tonnes,PT,Portugal,1997,,0,,,,,
dataflow,ESTAT:ENV_WASMUN(1.0),Municipal waste by waste management operations,A,Annual,DSP_I,Disposal - incineration (D10),THS_T,Thousand tonnes,PT,Portugal,1998,,0,,,,,
dataflow,ESTAT:ENV_WASMUN(1.0),Municipal waste by waste management operations,A,Annual,DSP_I,Disposal - incineration (D10),THS_T,Thousand tonnes,PT,Portugal,1999,,0,,,,,
dataflow,ESTAT:ENV_WASMUN(1.0),Municipal waste by waste management operations,A,Annual,DSP_I,Disposal - incineration (D10),THS_T,Thousand tonnes,PT,Portugal,2000,,0,,,,,
dataflow,ESTAT:ENV_WASMUN(1.0),Municipal waste by waste management operations,A,Annual,DSP_I,Disposal - incineration (D10),THS_T,Thousand tonnes,PT,Portugal,2001,,0,,,,,
dataflow,ESTAT:ENV_WASMUN(1.0),Municipal waste by waste management operations,A,Annual,DSP_I,Disposal - incineration (D10),THS_T,Thousand tonnes,PT,Portugal,2002,,0,,b,break in time series,,
dataflow,ESTAT:ENV_WASMUN(1.0),Municipal waste by waste management operations,A,Annual,DSP_I,Disposal - incineration (D10),THS_T,Thousand tonnes,PT,Portugal,2003,,0,,,,,
dataflow,ESTAT:ENV_WASMUN(1.0),Municipal waste by waste management operations,A,Annual,DSP_I,Disposal - incineration (D10),THS_T,Thousand tonnes,PT,Portugal,2004,,0,,,,,
dataflow,ESTAT:ENV_WASMUN(1.0),Municipal waste by waste management operations,A,Annual,DSP_I,Disposal - incineration (D10),THS_T,Thousand tonnes,PT,Portugal,2005,,0,,,,,
dataflow,ESTAT:ENV_WASMUN(1.0),Municipal waste by waste management operations,A,Annual,DSP_I,Disposal - incineration (D10),THS_T,Thousand tonnes,PT,Portugal,2006,,0,,,,,
dataflow,ESTAT:ENV_WASMUN(1.0),Municipal waste by waste management operations,A,Annual,DSP_I,Disposal - incineration (D10),THS_T,Thousand tonnes,PT,Portugal,2007,,0,,,,,
dataflow,ESTAT:ENV_WASMUN(1.0),Municipal waste by waste management operations,A,Annual,DSP_I,Disposal - incineration (D10),THS_T,Thousand tonnes,PT,Portugal,2008,,0,,,,,
dataflow,ESTAT:ENV_WASMUN(1.0),Municipal waste by waste management operations,A,Annual,DSP_I,Disposal - incineration (D10),THS_T,Thousand tonnes,PT,Portugal,2009,,0,,,,,
dataflow,ESTAT:ENV_WASMUN(1.0),Municipal waste by waste management operations,A,Annual,DSP_I,Disposal - incineration (D10),THS_T,Thousand tonnes,PT,Portugal,2010,,0,,,,,
dataflow,ESTAT:ENV_WASMUN(1.0),Municipal waste by waste management operations,A,Annual,DSP_I,Disposal - incineration (D10),THS_T,Thousand tonnes,PT,Portugal,2011,,0,,,,,
dataflow,ESTAT:ENV_WASMUN(1.0),Municipal waste by waste management operations,A,Annual,DSP_I,Disposal - incineration (D10),THS_T,Thousand tonnes,PT,Portugal,2012,,0,,,,,
dataflow,ESTAT:ENV_WASMUN(1.0),Municipal waste by waste management operations,A,Annual,DSP_I,Disposal - incineration (D10),THS_T,Thousand tonnes,PT,Portugal,2013,,0,,,,,
dataflow,ESTAT:ENV_WASMUN(1.0),Municipal waste by waste management operations,A,Annual,DSP_I,Disposal - incineration (D10),THS_T,Thousand tonnes,PT,Portugal,2014,,0,,,,,
dataflow,ESTAT:ENV_WASMUN(1.0),Municipal waste by waste management operations,A,Annual,DSP_I,Disposal - incineration (D10),THS_T,Thousand tonnes,PT,Portugal,2015,,0,,,,,
dataflow,ESTAT:ENV_WASMUN(1.0),Municipal waste by waste management operations,A,Annual,DSP_I,Disposal - incineration (D10),THS_T,Thousand tonnes,PT,Portugal,2016,,0,,,,,
dataflow,ESTAT:ENV_WASMUN(1.0),Municipal waste by waste management operations,A,Annual,DSP_I,Disposal - incineration (D10),THS_T,Thousand tonnes,PT,Portugal,2017,,0,,,,,
dataflow,ESTAT:ENV_WASMUN(1.0),Municipal waste by waste management operations,A,Annual,DSP_I,Disposal - incineration (D10),THS_T,Thousand tonnes,PT,Portugal,2018,,0,,,,,
dataflow,ESTAT:ENV_WASMUN(1.0),Municipal waste by waste management operations,A,Annual,DSP_I,Disposal - incineration (D10),THS_T,Thousand tonnes,PT,Portugal,2019,,0,,,,,
dataflow,ESTAT:ENV_WASMUN(1.0),Municipal waste by waste management operations,A,Annual,DSP_I,Disposal - incineration (D10),THS_T,Thousand tonnes,PT,Portugal,2020,,0,,,,,
dataflow,ESTAT:ENV_WASMUN(1.0),Municipal waste by waste management operations,A,Annual,DSP_I,Disposal - incineration (D10),THS_T,Thousand tonnes,PT,Portugal,2021,,0,,,,,
dataflow,ESTAT:ENV_WASMUN(1.0),Municipal waste by waste management operations,A,Annual,DSP_I,Disposal - incineration (D10),THS_T,Thousand tonnes,PT,Portugal,2022,,0,,,,,
dataflow,ESTAT:ENV_WASMUN(1.0),Municipal waste by waste management operations,A,Annual,DSP_I,Disposal - incineration (D10),THS_T,Thousand tonnes,PT,Portugal,2023,,0,,,,,
dataflow,ESTAT:ENV_WASMUN(1.0),Municipal waste by waste management operations,A,Annual,DSP_I,Disposal - incineration (D10),THS_T,Thousand tonnes,RO,Romania,1995,,0,,,,,
dataflow,ESTAT:ENV_WASMUN(1.0),Municipal waste by waste management operations,A,Annual,DSP_I,Disposal - incineration (D10),THS_T,Thousand tonnes,RO,Romania,1996,,0,,,,,
dataflow,ESTAT:ENV_WASMUN(1.0),Municipal waste by waste management operations,A,Annual,DSP_I,Disposal - incineration (D10),THS_T,Thousand tonnes,RO,Romania,1997,,0,,,,,
dataflow,ESTAT:ENV_WASMUN(1.0),Municipal waste by waste management operations,A,Annual,DSP_I,Disposal - incineration (D10),THS_T,Thousand tonnes,RO,Romania,1998,,0,,,,,
dataflow,ESTAT:ENV_WASMUN(1.0),Municipal waste by waste management operations,A,Annual,DSP_I,Disposal - incineration (D10),THS_T,Thousand tonnes,RO,Romania,1999,,0,,,,,
dataflow,ESTAT:ENV_WASMUN(1.0),Municipal waste by waste management operations,A,Annual,DSP_I,Disposal - incineration (D10),THS_T,Thousand tonnes,RO,Romania,2000,,0,,,,,
dataflow,ESTAT:ENV_WASMUN(1.0),Municipal waste by waste management operations,A,Annual,DSP_I,Disposal - incineration (D10),THS_T,Thousand tonnes,RO,Romania,2001,,0,,,,,
dataflow,ESTAT:ENV_WASMUN(1.0),Municipal waste by waste management operations,A,Annual,DSP_I,Disposal - incineration (D10),THS_T,Thousand tonnes,RO,Romania,2002,,0,,,,,
dataflow,ESTAT:ENV_WASMUN(1.0),Municipal waste by waste management operations,A,Annual,DSP_I,Disposal - incineration (D10),THS_T,Thousand tonnes,RO,Romania,2003,,0,,,,,
dataflow,ESTAT:ENV_WASMUN(1.0),Municipal waste by waste management operations,A,Annual,DSP_I,Disposal - incineration (D10),THS_T,Thousand tonnes,RO,Romania,2004,,0,,,,,
dataflow,ESTAT:ENV_WASMUN(1.0),Municipal waste by waste management operations,A,Annual,DSP_I,Disposal - incineration (D10),THS_T,Thousand tonnes,RO,Romania,2005,,0,,,,,
dataflow,ESTAT:ENV_WASMUN(1.0),Municipal waste by waste management operations,A,Annual,DSP_I,Disposal - incineration (D10),THS_T,Thousand tonnes,RO,Romania,2006,,0,,,,,
dataflow,ESTAT:ENV_WASMUN(1.0),Municipal waste by waste management operations,A,Annual,DSP_I,Disposal - incineration (D10),THS_T,Thousand tonnes,RO,Romania,2007,,0,,,,,
dataflow,ESTAT:ENV_WASMUN(1.0),Municipal waste by waste management operations,A,Annual,DSP_I,Disposal - incineration (D10),THS_T,Thousand tonnes,RO,Romania,2008,,0,,,,,
dataflow,ESTAT:ENV_WASMUN(1.0),Municipal waste by waste management operations,A,Annual,DSP_I,Disposal - incineration (D10),THS_T,Thousand tonnes,RO,Romania,2009,,0,,,,,
dataflow,ESTAT:ENV_WASMUN(1.0),Municipal waste by waste management operations,A,Annual,DSP_I,Disposal - incineration (D10),THS_T,Thousand tonnes,RO,Romania,2010,,0,,b,break in time series,,
dataflow,ESTAT:ENV_WASMUN(1.0),Municipal waste by waste management operations,A,Annual,DSP_I,Disposal - incineration (D10),THS_T,Thousand tonnes,RO,Romania,2011,,0,,,,,
dataflow,ESTAT:ENV_WASMUN(1.0),Municipal waste by waste management operations,A,Annual,DSP_I,Disposal - incineration (D10),THS_T,Thousand tonnes,RO,Romania,2012,,0,,,,,
dataflow,ESTAT:ENV_WASMUN(1.0),Municipal waste by waste management operations,A,Annual,DSP_I,Disposal - incineration (D10),THS_T,Thousand tonnes,RO,Romania,2013,,0,,,,,
dataflow,ESTAT:ENV_WASMUN(1.0),Municipal waste by waste management operations,A,Annual,DSP_I,Disposal - incineration (D10),THS_T,Thousand tonnes,RO,Romania,2014,,0,,,,,
dataflow,ESTAT:ENV_WASMUN(1.0),Municipal waste by waste management operations,A,Annual,DSP_I,Disposal - incineration (D10),THS_T,Thousand tonnes,RO,Romania,2015,,0,,,,,
dataflow,ESTAT:ENV_WASMUN(1.0),Municipal waste by waste management operations,A,Annual,DSP_I,Disposal - incineration (D10),THS_T,Thousand tonnes,RO,Romania,2016,,0,,,,,
dataflow,ESTAT:ENV_WASMUN(1.0),Municipal waste by waste management operations,A,Annual,DSP_I,Disposal - incineration (D10),THS_T,Thousand tonnes,RO,Romania,2017,,0,,,,,
dataflow,ESTAT:ENV_WASMUN(1.0),Municipal waste by waste management operations,A,Annual,DSP_I,Disposal - incineration (D10),THS_T,Thousand tonnes,RO,Romania,2018,,0,,,,,
dataflow,ESTAT:ENV_WASMUN(1.0),Municipal waste by waste management operations,A,Annual,DSP_I,Disposal - incineration (D10),THS_T,Thousand tonnes,RO,Romania,2019,,0,,,,,
dataflow,ESTAT:ENV_WASMUN(1.0),Municipal waste by waste management operations,A,Annual,DSP_I,Disposal - incineration (D10),THS_T,Thousand tonnes,RO,Romania,2020,,0,,,,,
dataflow,ESTAT:ENV_WASMUN(1.0),Municipal waste by waste management operations,A,Annual,DSP_I,Disposal - incineration (D10),THS_T,Thousand tonnes,RO,Romania,2021,,0,,,,,
dataflow,ESTAT:ENV_WASMUN(1.0),Municipal waste by waste management operations,A,Annual,DSP_I,Disposal - incineration (D10),THS_T,Thousand tonnes,RO,Romania,2022,,40,,,,,
dataflow,ESTAT:ENV_WASMUN(1.0),Municipal waste by waste management operations,A,Annual,DSP_I,Disposal - incineration (D10),THS_T,Thousand tonnes,RS,Serbia,2006,,0,,,,,
dataflow,ESTAT:ENV_WASMUN(1.0),Municipal waste by waste management operations,A,Annual,DSP_I,Disposal - incineration (D10),THS_T,Thousand tonnes,RS,Serbia,2007,,0,,,,,
dataflow,ESTAT:ENV_WASMUN(1.0),Municipal waste by waste management operations,A,Annual,DSP_I,Disposal - incineration (D10),THS_T,Thousand tonnes,RS,Serbia,2008,,0,,,,,
dataflow,ESTAT:ENV_WASMUN(1.0),Municipal waste by waste management operations,A,Annual,DSP_I,Disposal - incineration (D10),THS_T,Thousand tonnes,RS,Serbia,2009,,0,,,,,
dataflow,ESTAT:ENV_WASMUN(1.0),Municipal waste by waste management operations,A,Annual,DSP_I,Disposal - incineration (D10),THS_T,Thousand tonnes,RS,Serbia,2010,,0,,,,,
dataflow,ESTAT:ENV_WASMUN(1.0),Municipal waste by waste management operations,A,Annual,DSP_I,Disposal - incineration (D10),THS_T,Thousand tonnes,RS,Serbia,2011,,0,,,,,
dataflow,ESTAT:ENV_WASMUN(1.0),Municipal waste by waste management operations,A,Annual,DSP_I,Disposal - incineration (D10),THS_T,Thousand tonnes,RS,Serbia,2012,,0,,,,,
dataflow,ESTAT:ENV_WASMUN(1.0),Municipal waste by waste management operations,A,Annual,DSP_I,Disposal - incineration (D10),THS_T,Thousand tonnes,RS,Serbia,2013,,0,,,,,
dataflow,ESTAT:ENV_WASMUN(1.0),Municipal waste by waste management operations,A,Annual,DSP_I,Disposal - incineration (D10),THS_T,Thousand tonnes,RS,Serbia,2014,,0,,,,,
dataflow,ESTAT:ENV_WASMUN(1.0),Municipal waste by waste management operations,A,Annual,DSP_I,Disposal - incineration (D10),THS_T,Thousand tonnes,RS,Serbia,2015,,0,,,,,
dataflow,ESTAT:ENV_WASMUN(1.0),Municipal waste by waste management operations,A,Annual,DSP_I,Disposal - incineration (D10),THS_T,Thousand tonnes,RS,Serbia,2016,,0,,,,,
dataflow,ESTAT:ENV_WASMUN(1.0),Municipal waste by waste management operations,A,Annual,DSP_I,Disposal - incineration (D10),THS_T,Thousand tonnes,RS,Serbia,2017,,0,,,,,
dataflow,ESTAT:ENV_WASMUN(1.0),Municipal waste by waste management operations,A,Annual,DSP_I,Disposal - incineration (D10),THS_T,Thousand tonnes,RS,Serbia,2018,,0,,,,,
dataflow,ESTAT:ENV_WASMUN(1.0),Municipal waste by waste management operations,A,Annual,DSP_I,Disposal - incineration (D10),THS_T,Thousand tonnes,RS,Serbia,2019,,0,,i,value imputed by Eurostat or other receiving agencies,,
dataflow,ESTAT:ENV_WASMUN(1.0),Municipal waste by waste management operations,A,Annual,DSP_I,Disposal - incineration (D10),THS_T,Thousand tonnes,RS,Serbia,2022,,0,,,,,
dataflow,ESTAT:ENV_WASMUN(1.0),Municipal waste by waste management operations,A,Annual,DSP_I,Disposal - incineration (D10),THS_T,Thousand tonnes,RS,Serbia,2023,,0,,,,,
dataflow,ESTAT:ENV_WASMUN(1.0),Municipal waste by waste management operations,A,Annual,DSP_I,Disposal - incineration (D10),THS_T,Thousand tonnes,SE,Sweden,1995,,0,,,,,
dataflow,ESTAT:ENV_WASMUN(1.0),Municipal waste by waste management operations,A,Annual,DSP_I,Disposal - incineration (D10),THS_T,Thousand tonnes,SE,Sweden,1996,,0,,,,,
dataflow,ESTAT:ENV_WASMUN(1.0),Municipal waste by waste management operations,A,Annual,DSP_I,Disposal - incineration (D10),THS_T,Thousand tonnes,SE,Sweden,1997,,0,,,,,
dataflow,ESTAT:ENV_WASMUN(1.0),Municipal waste by waste management operations,A,Annual,DSP_I,Disposal - incineration (D10),THS_T,Thousand tonnes,SE,Sweden,1998,,0,,,,,
dataflow,ESTAT:ENV_WASMUN(1.0),Municipal waste by waste management operations,A,Annual,DSP_I,Disposal - incineration (D10),THS_T,Thousand tonnes,SE,Sweden,1999,,0,,,,,
dataflow,ESTAT:ENV_WASMUN(1.0),Municipal waste by waste management operations,A,Annual,DSP_I,Disposal - incineration (D10),THS_T,Thousand tonnes,SE,Sweden,2000,,0,,,,,
dataflow,ESTAT:ENV_WASMUN(1.0),Municipal waste by waste management operations,A,Annual,DSP_I,Disposal - incineration (D10),THS_T,Thousand tonnes,SE,Sweden,2001,,0,,,,,
dataflow,ESTAT:ENV_WASMUN(1.0),Municipal waste by waste management operations,A,Annual,DSP_I,Disposal - incineration (D10),THS_T,Thousand tonnes,SE,Sweden,2002,,0,,,,,
dataflow,ESTAT:ENV_WASMUN(1.0),Municipal waste by waste management operations,A,Annual,DSP_I,Disposal - incineration (D10),THS_T,Thousand tonnes,SE,Sweden,2003,,0,,,,,
dataflow,ESTAT:ENV_WASMUN(1.0),Municipal waste by waste management operations,A,Annual,DSP_I,Disposal - incineration (D10),THS_T,Thousand tonnes,SE,Sweden,2004,,0,,,,,
dataflow,ESTAT:ENV_WASMUN(1.0),Municipal waste by waste management operations,A,Annual,DSP_I,Disposal - incineration (D10),THS_T,Thousand tonnes,SE,Sweden,2005,,0,,,,,
dataflow,ESTAT:ENV_WASMUN(1.0),Municipal waste by waste management operations,A,Annual,DSP_I,Disposal - incineration (D10),THS_T,Thousand tonnes,SE,Sweden,2006,,0,,,,,
dataflow,ESTAT:ENV_WASMUN(1.0),Municipal waste by waste management operations,A,Annual,DSP_I,Disposal - incineration (D10),THS_T,Thousand tonnes,SE,Sweden,2007,,0,,,,,
dataflow,ESTAT:ENV_WASMUN(1.0),Municipal waste by waste management operations,A,Annual,DSP_I,Disposal - incineration (D10),THS_T,Thousand tonnes,SE,Sweden,2008,,0,,,,,
dataflow,ESTAT:ENV_WASMUN(1.0),Municipal waste by waste management operations,A,Annual,DSP_I,Disposal - incineration (D10),THS_T,Thousand tonnes,SE,Sweden,2009,,0,,,,,
dataflow,ESTAT:ENV_WASMUN(1.0),Municipal waste by waste management operations,A,Annual,DSP_I,Disposal - incineration (D10),THS_T,Thousand tonnes,SE,Sweden,2010,,0,,,,,
dataflow,ESTAT:ENV_WASMUN(1.0),Municipal waste by waste management operations,A,Annual,DSP_I,Disposal - incineration (D10),THS_T,Thousand tonnes,SE,Sweden,2011,,0,,,,,
dataflow,ESTAT:ENV_WASMUN(1.0),Municipal waste by waste management operations,A,Annual,DSP_I,Disposal - incineration (D10),THS_T,Thousand tonnes,SE,Sweden,2012,,0,,,,,
dataflow,ESTAT:ENV_WASMUN(1.0),Municipal waste by waste management operations,A,Annual,DSP_I,Disposal - incineration (D10),THS_T,Thousand tonnes,SE,Sweden,2013,,0,,,,,
dataflow,ESTAT:ENV_WASMUN(1.0),Municipal waste by waste management operations,A,Annual,DSP_I,Disposal - incineration (D10),THS_T,Thousand tonnes,SE,Sweden,2014,,0,,,,,
dataflow,ESTAT:ENV_WASMUN(1.0),Municipal waste by waste management operations,A,Annual,DSP_I,Disposal - incineration (D10),THS_T,Thousand tonnes,SE,Sweden,2015,,0,,,,,
dataflow,ESTAT:ENV_WASMUN(1.0),Municipal waste by waste management operations,A,Annual,DSP_I,Disposal - incineration (D10),THS_T,Thousand tonnes,SE,Sweden,2016,,0,,,,,
dataflow,ESTAT:ENV_WASMUN(1.0),Municipal waste by waste management operations,A,Annual,DSP_I,Disposal - incineration (D10),THS_T,Thousand tonnes,SE,Sweden,2017,,0,,,,,
dataflow,ESTAT:ENV_WASMUN(1.0),Municipal waste by waste management operations,A,Annual,DSP_I,Disposal - incineration (D10),THS_T,Thousand tonnes,SE,Sweden,2018,,0,,,,,
dataflow,ESTAT:ENV_WASMUN(1.0),Municipal waste by waste management operations,A,Annual,DSP_I,Disposal - incineration (D10),THS_T,Thousand tonnes,SE,Sweden,2019,,0,,,,,
dataflow,ESTAT:ENV_WASMUN(1.0),Municipal waste by waste management operations,A,Annual,DSP_I,Disposal - incineration (D10),THS_T,Thousand tonnes,SE,Sweden,2020,,0,,e,estimated,,
dataflow,ESTAT:ENV_WASMUN(1.0),Municipal waste by waste management operations,A,Annual,DSP_I,Disposal - incineration (D10),THS_T,Thousand tonnes,SE,Sweden,2021,,0,,e,estimated,,
dataflow,ESTAT:ENV_WASMUN(1.0),Municipal waste by waste management operations,A,Annual,DSP_I,Disposal - incineration (D10),THS_T,Thousand tonnes,SE,Sweden,2022,,0,,e,estimated,,
dataflow,ESTAT:ENV_WASMUN(1.0),Municipal waste by waste management operations,A,Annual,DSP_I,Disposal - incineration (D10),THS_T,Thousand tonnes,SE,Sweden,2023,,0,,e,estimated,,
dataflow,ESTAT:ENV_WASMUN(1.0),Municipal waste by waste management operations,A,Annual,DSP_I,Disposal - incineration (D10),THS_T,Thousand tonnes,SI,Slovenia,1995,,0,,,,,
dataflow,ESTAT:ENV_WASMUN(1.0),Municipal waste by waste management operations,A,Annual,DSP_I,Disposal - incineration (D10),THS_T,Thousand tonnes,SI,Slovenia,1996,,0,,,,,
dataflow,ESTAT:ENV_WASMUN(1.0),Municipal waste by waste management operations,A,Annual,DSP_I,Disposal - incineration (D10),THS_T,Thousand tonnes,SI,Slovenia,1997,,0,,,,,
dataflow,ESTAT:ENV_WASMUN(1.0),Municipal waste by waste management operations,A,Annual,DSP_I,Disposal - incineration (D10),THS_T,Thousand tonnes,SI,Slovenia,1998,,0,,,,,
dataflow,ESTAT:ENV_WASMUN(1.0),Municipal waste by waste management operations,A,Annual,DSP_I,Disposal - incineration (D10),THS_T,Thousand tonnes,SI,Slovenia,1999,,0,,,,,
dataflow,ESTAT:ENV_WASMUN(1.0),Municipal waste by waste management operations,A,Annual,DSP_I,Disposal - incineration (D10),THS_T,Thousand tonnes,SI,Slovenia,2000,,0,,,,,
dataflow,ESTAT:ENV_WASMUN(1.0),Municipal waste by waste management operations,A,Annual,DSP_I,Disposal - incineration (D10),THS_T,Thousand tonnes,SI,Slovenia,2001,,0,,,,,
dataflow,ESTAT:ENV_WASMUN(1.0),Municipal waste by waste management operations,A,Annual,DSP_I,Disposal - incineration (D10),THS_T,Thousand tonnes,SI,Slovenia,2002,,0,,,,,
dataflow,ESTAT:ENV_WASMUN(1.0),Municipal waste by waste management operations,A,Annual,DSP_I,Disposal - incineration (D10),THS_T,Thousand tonnes,SI,Slovenia,2003,,0,,,,,
dataflow,ESTAT:ENV_WASMUN(1.0),Municipal waste by waste management operations,A,Annual,DSP_I,Disposal - incineration (D10),THS_T,Thousand tonnes,SI,Slovenia,2004,,0,,,,,
dataflow,ESTAT:ENV_WASMUN(1.0),Municipal waste by waste management operations,A,Annual,DSP_I,Disposal - incineration (D10),THS_T,Thousand tonnes,SI,Slovenia,2005,,0,,,,,
dataflow,ESTAT:ENV_WASMUN(1.0),Municipal waste by waste management operations,A,Annual,DSP_I,Disposal - incineration (D10),THS_T,Thousand tonnes,SI,Slovenia,2006,,0,,,,,
dataflow,ESTAT:ENV_WASMUN(1.0),Municipal waste by waste management operations,A,Annual,DSP_I,Disposal - incineration (D10),THS_T,Thousand tonnes,SI,Slovenia,2007,,0,,,,,
dataflow,ESTAT:ENV_WASMUN(1.0),Municipal waste by waste management operations,A,Annual,DSP_I,Disposal - incineration (D10),THS_T,Thousand tonnes,SI,Slovenia,2008,,0,,,,,
dataflow,ESTAT:ENV_WASMUN(1.0),Municipal waste by waste management operations,A,Annual,DSP_I,Disposal - incineration (D10),THS_T,Thousand tonnes,SI,Slovenia,2009,,0,,,,,
dataflow,ESTAT:ENV_WASMUN(1.0),Municipal waste by waste management operations,A,Annual,DSP_I,Disposal - incineration (D10),THS_T,Thousand tonnes,SI,Slovenia,2010,,1,,,,,
dataflow,ESTAT:ENV_WASMUN(1.0),Municipal waste by waste management operations,A,Annual,DSP_I,Disposal - incineration (D10),THS_T,Thousand tonnes,SI,Slovenia,2011,,0,,,,,
dataflow,ESTAT:ENV_WASMUN(1.0),Municipal waste by waste management operations,A,Annual,DSP_I,Disposal - incineration (D10),THS_T,Thousand tonnes,SI,Slovenia,2012,,1,,,,,
dataflow,ESTAT:ENV_WASMUN(1.0),Municipal waste by waste management operations,A,Annual,DSP_I,Disposal - incineration (D10),THS_T,Thousand tonnes,SI,Slovenia,2013,,1,,,,,
dataflow,ESTAT:ENV_WASMUN(1.0),Municipal waste by waste management operations,A,Annual,DSP_I,Disposal - incineration (D10),THS_T,Thousand tonnes,SI,Slovenia,2014,,0,,,,,
dataflow,ESTAT:ENV_WASMUN(1.0),Municipal waste by waste management operations,A,Annual,DSP_I,Disposal - incineration (D10),THS_T,Thousand tonnes,SI,Slovenia,2015,,0,,,,,
dataflow,ESTAT:ENV_WASMUN(1.0),Municipal waste by waste management operations,A,Annual,DSP_I,Disposal - incineration (D10),THS_T,Thousand tonnes,SI,Slovenia,2016,,19,,,,,
dataflow,ESTAT:ENV_WASMUN(1.0),Municipal waste by waste management operations,A,Annual,DSP_I,Disposal - incineration (D10),THS_T,Thousand tonnes,SI,Slovenia,2017,,37,,,,,
dataflow,ESTAT:ENV_WASMUN(1.0),Municipal waste by waste management operations,A,Annual,DSP_I,Disposal - incineration (D10),THS_T,Thousand tonnes,SI,Slovenia,2018,,7,,,,,
dataflow,ESTAT:ENV_WASMUN(1.0),Municipal waste by waste management operations,A,Annual,DSP_I,Disposal - incineration (D10),THS_T,Thousand tonnes,SI,Slovenia,2019,,1,,,,,
dataflow,ESTAT:ENV_WASMUN(1.0),Municipal waste by waste management operations,A,Annual,DSP_I,Disposal - incineration (D10),THS_T,Thousand tonnes,SI,Slovenia,2020,,21,,,,,
dataflow,ESTAT:ENV_WASMUN(1.0),Municipal waste by waste management operations,A,Annual,DSP_I,Disposal - incineration (D10),THS_T,Thousand tonnes,SI,Slovenia,2021,,21,,,,,
dataflow,ESTAT:ENV_WASMUN(1.0),Municipal waste by waste management operations,A,Annual,DSP_I,Disposal - incineration (D10),THS_T,Thousand tonnes,SI,Slovenia,2022,,25,,,,,
dataflow,ESTAT:ENV_WASMUN(1.0),Municipal waste by waste management operations,A,Annual,DSP_I,Disposal - incineration (D10),THS_T,Thousand tonnes,SI,Slovenia,2023,,21,,,,,
dataflow,ESTAT:ENV_WASMUN(1.0),Municipal waste by waste management operations,A,Annual,DSP_I,Disposal - incineration (D10),THS_T,Thousand tonnes,SK,Slovakia,1995,,6,,,,,
dataflow,ESTAT:ENV_WASMUN(1.0),Municipal waste by waste management operations,A,Annual,DSP_I,Disposal - incineration (D10),THS_T,Thousand tonnes,SK,Slovakia,1996,,5,,,,,
dataflow,ESTAT:ENV_WASMUN(1.0),Municipal waste by waste management operations,A,Annual,DSP_I,Disposal - incineration (D10),THS_T,Thousand tonnes,SK,Slovakia,1997,,8,,,,,
dataflow,ESTAT:ENV_WASMUN(1.0),Municipal waste by waste management operations,A,Annual,DSP_I,Disposal - incineration (D10),THS_T,Thousand tonnes,SK,Slovakia,1998,,7,,,,,
dataflow,ESTAT:ENV_WASMUN(1.0),Municipal waste by waste management operations,A,Annual,DSP_I,Disposal - incineration (D10),THS_T,Thousand tonnes,SK,Slovakia,1999,,6,,,,,
dataflow,ESTAT:ENV_WASMUN(1.0),Municipal waste by waste management operations,A,Annual,DSP_I,Disposal - incineration (D10),THS_T,Thousand tonnes,SK,Slovakia,2000,,5,,,,,
dataflow,ESTAT:ENV_WASMUN(1.0),Municipal waste by waste management operations,A,Annual,DSP_I,Disposal - incineration (D10),THS_T,Thousand tonnes,SK,Slovakia,2001,,4,,,,,
dataflow,ESTAT:ENV_WASMUN(1.0),Municipal waste by waste management operations,A,Annual,DSP_I,Disposal - incineration (D10),THS_T,Thousand tonnes,SK,Slovakia,2002,,65,,,,,
dataflow,ESTAT:ENV_WASMUN(1.0),Municipal waste by waste management operations,A,Annual,DSP_I,Disposal - incineration (D10),THS_T,Thousand tonnes,SK,Slovakia,2003,,67,,,,,
dataflow,ESTAT:ENV_WASMUN(1.0),Municipal waste by waste management operations,A,Annual,DSP_I,Disposal - incineration (D10),THS_T,Thousand tonnes,SK,Slovakia,2004,,68,,,,,
dataflow,ESTAT:ENV_WASMUN(1.0),Municipal waste by waste management operations,A,Annual,DSP_I,Disposal - incineration (D10),THS_T,Thousand tonnes,SK,Slovakia,2005,,181,,,,,
dataflow,ESTAT:ENV_WASMUN(1.0),Municipal waste by waste management operations,A,Annual,DSP_I,Disposal - incineration (D10),THS_T,Thousand tonnes,SK,Slovakia,2006,,190,,,,,
dataflow,ESTAT:ENV_WASMUN(1.0),Municipal waste by waste management operations,A,Annual,DSP_I,Disposal - incineration (D10),THS_T,Thousand tonnes,SK,Slovakia,2007,,64,,,,,
dataflow,ESTAT:ENV_WASMUN(1.0),Municipal waste by waste management operations,A,Annual,DSP_I,Disposal - incineration (D10),THS_T,Thousand tonnes,SK,Slovakia,2008,,0,,,,,
dataflow,ESTAT:ENV_WASMUN(1.0),Municipal waste by waste management operations,A,Annual,DSP_I,Disposal - incineration (D10),THS_T,Thousand tonnes,SK,Slovakia,2009,,3,,,,,
dataflow,ESTAT:ENV_WASMUN(1.0),Municipal waste by waste management operations,A,Annual,DSP_I,Disposal - incineration (D10),THS_T,Thousand tonnes,SK,Slovakia,2010,,12,,,,,
dataflow,ESTAT:ENV_WASMUN(1.0),Municipal waste by waste management operations,A,Annual,DSP_I,Disposal - incineration (D10),THS_T,Thousand tonnes,SK,Slovakia,2011,,4,,,,,
dataflow,ESTAT:ENV_WASMUN(1.0),Municipal waste by waste management operations,A,Annual,DSP_I,Disposal - incineration (D10),THS_T,Thousand tonnes,SK,Slovakia,2012,,4,,,,,
dataflow,ESTAT:ENV_WASMUN(1.0),Municipal waste by waste management operations,A,Annual,DSP_I,Disposal - incineration (D10),THS_T,Thousand tonnes,SK,Slovakia,2013,,0,,,,,
dataflow,ESTAT:ENV_WASMUN(1.0),Municipal waste by waste management operations,A,Annual,DSP_I,Disposal - incineration (D10),THS_T,Thousand tonnes,SK,Slovakia,2014,,4,,,,,
dataflow,ESTAT:ENV_WASMUN(1.0),Municipal waste by waste management operations,A,Annual,DSP_I,Disposal - incineration (D10),THS_T,Thousand tonnes,SK,Slovakia,2015,,0,,,,,
dataflow,ESTAT:ENV_WASMUN(1.0),Municipal waste by waste management operations,A,Annual,DSP_I,Disposal - incineration (D10),THS_T,Thousand tonnes,SK,Slovakia,2016,,0,,,,,
dataflow,ESTAT:ENV_WASMUN(1.0),Municipal waste by waste management operations,A,Annual,DSP_I,Disposal - incineration (D10),THS_T,Thousand tonnes,SK,Slovakia,2017,,0,,,,,
dataflow,ESTAT:ENV_WASMUN(1.0),Municipal waste by waste management operations,A,Annual,DSP_I,Disposal - incineration (D10),THS_T,Thousand tonnes,SK,Slovakia,2018,,30,,,,,
dataflow,ESTAT:ENV_WASMUN(1.0),Municipal waste by waste management operations,A,Annual,DSP_I,Disposal - incineration (D10),THS_T,Thousand tonnes,SK,Slovakia,2019,,85,,,,,
dataflow,ESTAT:ENV_WASMUN(1.0),Municipal waste by waste management operations,A,Annual,DSP_I,Disposal - incineration (D10),THS_T,Thousand tonnes,SK,Slovakia,2020,,0,,,,,
dataflow,ESTAT:ENV_WASMUN(1.0),Municipal waste by waste management operations,A,Annual,DSP_I,Disposal - incineration (D10),THS_T,Thousand tonnes,SK,Slovakia,2021,,0,,,,,
dataflow,ESTAT:ENV_WASMUN(1.0),Municipal waste by waste management operations,A,Annual,DSP_I,Disposal - incineration (D10),THS_T,Thousand tonnes,SK,Slovakia,2022,,0,,,,,
dataflow,ESTAT:ENV_WASMUN(1.0),Municipal waste by waste management operations,A,Annual,DSP_I,Disposal - incineration (D10),THS_T,Thousand tonnes,SK,Slovakia,2023,,0,,,,,
dataflow,ESTAT:ENV_WASMUN(1.0),Municipal waste by waste management operations,A,Annual,DSP_I,Disposal - incineration (D10),THS_T,Thousand tonnes,TR,Türkiye,1995,,0,,,,,
dataflow,ESTAT:ENV_WASMUN(1.0),Municipal waste by waste management operations,A,Annual,DSP_I,Disposal - incineration (D10),THS_T,Thousand tonnes,TR,Türkiye,1996,,0,,,,,
dataflow,ESTAT:ENV_WASMUN(1.0),Municipal waste by waste management operations,A,Annual,DSP_I,Disposal - incineration (D10),THS_T,Thousand tonnes,TR,Türkiye,1997,,0,,,,,
dataflow,ESTAT:ENV_WASMUN(1.0),Municipal waste by waste management operations,A,Annual,DSP_I,Disposal - incineration (D10),THS_T,Thousand tonnes,TR,Türkiye,1998,,0,,,,,
dataflow,ESTAT:ENV_WASMUN(1.0),Municipal waste by waste management operations,A,Annual,DSP_I,Disposal - incineration (D10),THS_T,Thousand tonnes,TR,Türkiye,1999,,0,,,,,
dataflow,ESTAT:ENV_WASMUN(1.0),Municipal waste by waste management operations,A,Annual,DSP_I,Disposal - incineration (D10),THS_T,Thousand tonnes,TR,Türkiye,2000,,0,,,,,
dataflow,ESTAT:ENV_WASMUN(1.0),Municipal waste by waste management operations,A,Annual,DSP_I,Disposal - incineration (D10),THS_T,Thousand tonnes,TR,Türkiye,2001,,0,,,,,
dataflow,ESTAT:ENV_WASMUN(1.0),Municipal waste by waste management operations,A,Annual,DSP_I,Disposal - incineration (D10),THS_T,Thousand tonnes,TR,Türkiye,2002,,0,,,,,
dataflow,ESTAT:ENV_WASMUN(1.0),Municipal waste by waste management operations,A,Annual,DSP_I,Disposal - incineration (D10),THS_T,Thousand tonnes,TR,Türkiye,2003,,0,,,,,
dataflow,ESTAT:ENV_WASMUN(1.0),Municipal waste by waste management operations,A,Annual,DSP_I,Disposal - incineration (D10),THS_T,Thousand tonnes,TR,Türkiye,2004,,0,,,,,
dataflow,ESTAT:ENV_WASMUN(1.0),Municipal waste by waste management operations,A,Annual,DSP_I,Disposal - incineration (D10),THS_T,Thousand tonnes,TR,Türkiye,2005,,0,,,,,
dataflow,ESTAT:ENV_WASMUN(1.0),Municipal waste by waste management operations,A,Annual,DSP_I,Disposal - incineration (D10),THS_T,Thousand tonnes,TR,Türkiye,2006,,0,,,,,
dataflow,ESTAT:ENV_WASMUN(1.0),Municipal waste by waste management operations,A,Annual,DSP_I,Disposal - incineration (D10),THS_T,Thousand tonnes,TR,Türkiye,2007,,0,,,,,
dataflow,ESTAT:ENV_WASMUN(1.0),Municipal waste by waste management operations,A,Annual,DSP_I,Disposal - incineration (D10),THS_T,Thousand tonnes,TR,Türkiye,2008,,0,,,,,
dataflow,ESTAT:ENV_WASMUN(1.0),Municipal waste by waste management operations,A,Annual,DSP_I,Disposal - incineration (D10),THS_T,Thousand tonnes,TR,Türkiye,2009,,0,,,,,
dataflow,ESTAT:ENV_WASMUN(1.0),Municipal waste by waste management operations,A,Annual,DSP_I,Disposal - incineration (D10),THS_T,Thousand tonnes,TR,Türkiye,2010,,0,,,,,
dataflow,ESTAT:ENV_WASMUN(1.0),Municipal waste by waste management operations,A,Annual,DSP_I,Disposal - incineration (D10),THS_T,Thousand tonnes,TR,Türkiye,2011,,0,,,,,
dataflow,ESTAT:ENV_WASMUN(1.0),Municipal waste by waste management operations,A,Annual,DSP_I,Disposal - incineration (D10),THS_T,Thousand tonnes,TR,Türkiye,2012,,0,,,,,
dataflow,ESTAT:ENV_WASMUN(1.0),Municipal waste by waste management operations,A,Annual,DSP_I,Disposal - incineration (D10),THS_T,Thousand tonnes,TR,Türkiye,2013,,0,,,,,
dataflow,ESTAT:ENV_WASMUN(1.0),Municipal waste by waste management operations,A,Annual,DSP_I,Disposal - incineration (D10),THS_T,Thousand tonnes,TR,Türkiye,2014,,0,,,,,
dataflow,ESTAT:ENV_WASMUN(1.0),Municipal waste by waste management operations,A,Annual,DSP_I,Disposal - incineration (D10),THS_T,Thousand tonnes,TR,Türkiye,2015,,0,,,,,
dataflow,ESTAT:ENV_WASMUN(1.0),Municipal waste by waste management operations,A,Annual,DSP_I,Disposal - incineration (D10),THS_T,Thousand tonnes,TR,Türkiye,2016,,0,,,,,
dataflow,ESTAT:ENV_WASMUN(1.0),Municipal waste by waste management operations,A,Annual,DSP_I,Disposal - incineration (D10),THS_T,Thousand tonnes,TR,Türkiye,2017,,0,,,,,
dataflow,ESTAT:ENV_WASMUN(1.0),Municipal waste by waste management operations,A,Annual,DSP_I,Disposal - incineration (D10),THS_T,Thousand tonnes,TR,Türkiye,2018,,0,,,,,
dataflow,ESTAT:ENV_WASMUN(1.0),Municipal waste by waste management operations,A,Annual,DSP_I,Disposal - incineration (D10),THS_T,Thousand tonnes,TR,Türkiye,2019,,0,,,,,
dataflow,ESTAT:ENV_WASMUN(1.0),Municipal waste by waste management operations,A,Annual,DSP_I,Disposal - incineration (D10),THS_T,Thousand tonnes,TR,Türkiye,2020,,0,,,,,
dataflow,ESTAT:ENV_WASMUN(1.0),Municipal waste by waste management operations,A,Annual,DSP_I,Disposal - incineration (D10),THS_T,Thousand tonnes,TR,Türkiye,2021,,0,,,,,
dataflow,ESTAT:ENV_WASMUN(1.0),Municipal waste by waste management operations,A,Annual,DSP_I,Disposal - incineration (D10),THS_T,Thousand tonnes,XK,Kosovo*,2020,,0,,,,,
dataflow,ESTAT:ENV_WASMUN(1.0),Municipal waste by waste management operations,A,Annual,DSP_I,Disposal - incineration (D10),THS_T,Thousand tonnes,XK,Kosovo*,2021,,0,,,,,
dataflow,ESTAT:ENV_WASMUN(1.0),Municipal waste by waste management operations,A,Annual,DSP_I,Disposal - incineration (D10),THS_T,Thousand tonnes,XK,Kosovo*,2022,,0,,,,,
dataflow,ESTAT:ENV_WASMUN(1.0),Municipal waste by waste management operations,A,Annual,DSP_I_RCV_E,Disposal - incineration (D10) and recovery - energy recovery (R1),KG_HAB,Kilograms per capita,AL,Albania,2013,,32,,,,,
dataflow,ESTAT:ENV_WASMUN(1.0),Municipal waste by waste management operations,A,Annual,DSP_I_RCV_E,Disposal - incineration (D10) and recovery - energy recovery (R1),KG_HAB,Kilograms per capita,AL,Albania,2014,,15,,,,,
dataflow,ESTAT:ENV_WASMUN(1.0),Municipal waste by waste management operations,A,Annual,DSP_I_RCV_E,Disposal - incineration (D10) and recovery - energy recovery (R1),KG_HAB,Kilograms per capita,AL,Albania,2015,,20,,,,,
dataflow,ESTAT:ENV_WASMUN(1.0),Municipal waste by waste management operations,A,Annual,DSP_I_RCV_E,Disposal - incineration (D10) and recovery - energy recovery (R1),KG_HAB,Kilograms per capita,AL,Albania,2016,,21,,,,,
dataflow,ESTAT:ENV_WASMUN(1.0),Municipal waste by waste management operations,A,Annual,DSP_I_RCV_E,Disposal - incineration (D10) and recovery - energy recovery (R1),KG_HAB,Kilograms per capita,AL,Albania,2017,,15,,,,,
dataflow,ESTAT:ENV_WASMUN(1.0),Municipal waste by waste management operations,A,Annual,DSP_I_RCV_E,Disposal - incineration (D10) and recovery - energy recovery (R1),KG_HAB,Kilograms per capita,AL,Albania,2018,,22,,,,,
dataflow,ESTAT:ENV_WASMUN(1.0),Municipal waste by waste management operations,A,Annual,DSP_I_RCV_E,Disposal - incineration (D10) and recovery - energy recovery (R1),KG_HAB,Kilograms per capita,AL,Albania,2019,,4,,,,,
dataflow,ESTAT:ENV_WASMUN(1.0),Municipal waste by waste management operations,A,Annual,DSP_I_RCV_E,Disposal - incineration (D10) and recovery - energy recovery (R1),KG_HAB,Kilograms per capita,AL,Albania,2020,,4,,,,,
dataflow,ESTAT:ENV_WASMUN(1.0),Municipal waste by waste management operations,A,Annual,DSP_I_RCV_E,Disposal - incineration (D10) and recovery - energy recovery (R1),KG_HAB,Kilograms per capita,AL,Albania,2021,,6,,,,,
dataflow,ESTAT:ENV_WASMUN(1.0),Municipal waste by waste management operations,A,Annual,DSP_I_RCV_E,Disposal - incineration (D10) and recovery - energy recovery (R1),KG_HAB,Kilograms per capita,AL,Albania,2022,,13,,,,,
dataflow,ESTAT:ENV_WASMUN(1.0),Municipal waste by waste management operations,A,Annual,DSP_I_RCV_E,Disposal - incineration (D10) and recovery - energy recovery (R1),KG_HAB,Kilograms per capita,AL,Albania,2023,,14,,,,,
dataflow,ESTAT:ENV_WASMUN(1.0),Municipal waste by waste management operations,A,Annual,DSP_I_RCV_E,Disposal - incineration (D10) and recovery - energy recovery (R1),KG_HAB,Kilograms per capita,AT,Austria,1995,,54,,,,,
dataflow,ESTAT:ENV_WASMUN(1.0),Municipal waste by waste management operations,A,Annual,DSP_I_RCV_E,Disposal - incineration (D10) and recovery - energy recovery (R1),KG_HAB,Kilograms per capita,AT,Austria,1996,,54,,,,,
dataflow,ESTAT:ENV_WASMUN(1.0),Municipal waste by waste management operations,A,Annual,DSP_I_RCV_E,Disposal - incineration (D10) and recovery - energy recovery (R1),KG_HAB,Kilograms per capita,AT,Austria,1997,,56,,,,,
dataflow,ESTAT:ENV_WASMUN(1.0),Municipal waste by waste management operations,A,Annual,DSP_I_RCV_E,Disposal - incineration (D10) and recovery - energy recovery (R1),KG_HAB,Kilograms per capita,AT,Austria,1998,,55,,,,,
dataflow,ESTAT:ENV_WASMUN(1.0),Municipal waste by waste management operations,A,Annual,DSP_I_RCV_E,Disposal - incineration (D10) and recovery - energy recovery (R1),KG_HAB,Kilograms per capita,AT,Austria,1999,,57,,,,,
dataflow,ESTAT:ENV_WASMUN(1.0),Municipal waste by waste management operations,A,Annual,DSP_I_RCV_E,Disposal - incineration (D10) and recovery - energy recovery (R1),KG_HAB,Kilograms per capita,AT,Austria,2000,,65,,,,,
dataflow,ESTAT:ENV_WASMUN(1.0),Municipal waste by waste management operations,A,Annual,DSP_I_RCV_E,Disposal - incineration (D10) and recovery - energy recovery (R1),KG_HAB,Kilograms per capita,AT,Austria,2001,,65,,,,,
dataflow,ESTAT:ENV_WASMUN(1.0),Municipal waste by waste management operations,A,Annual,DSP_I_RCV_E,Disposal - incineration (D10) and recovery - energy recovery (R1),KG_HAB,Kilograms per capita,AT,Austria,2002,,66,,,,,
dataflow,ESTAT:ENV_WASMUN(1.0),Municipal waste by waste management operations,A,Annual,DSP_I_RCV_E,Disposal - incineration (D10) and recovery - energy recovery (R1),KG_HAB,Kilograms per capita,AT,Austria,2003,,73,,,,,
dataflow,ESTAT:ENV_WASMUN(1.0),Municipal waste by waste management operations,A,Annual,DSP_I_RCV_E,Disposal - incineration (D10) and recovery - energy recovery (R1),KG_HAB,Kilograms per capita,AT,Austria,2004,,169,,,,,
dataflow,ESTAT:ENV_WASMUN(1.0),Municipal waste by waste management operations,A,Annual,DSP_I_RCV_E,Disposal - incineration (D10) and recovery - energy recovery (R1),KG_HAB,Kilograms per capita,AT,Austria,2005,,159,,,,,
dataflow,ESTAT:ENV_WASMUN(1.0),Municipal waste by waste management operations,A,Annual,DSP_I_RCV_E,Disposal - incineration (D10) and recovery - energy recovery (R1),KG_HAB,Kilograms per capita,AT,Austria,2006,,173,,,,,
dataflow,ESTAT:ENV_WASMUN(1.0),Municipal waste by waste management operations,A,Annual,DSP_I_RCV_E,Disposal - incineration (D10) and recovery - energy recovery (R1),KG_HAB,Kilograms per capita,AT,Austria,2007,,175,,,,,
dataflow,ESTAT:ENV_WASMUN(1.0),Municipal waste by waste management operations,A,Annual,DSP_I_RCV_E,Disposal - incineration (D10) and recovery - energy recovery (R1),KG_HAB,Kilograms per capita,AT,Austria,2008,,163,,,,,
dataflow,ESTAT:ENV_WASMUN(1.0),Municipal waste by waste management operations,A,Annual,DSP_I_RCV_E,Disposal - incineration (D10) and recovery - energy recovery (R1),KG_HAB,Kilograms per capita,AT,Austria,2009,,173,,,,,
dataflow,ESTAT:ENV_WASMUN(1.0),Municipal waste by waste management operations,A,Annual,DSP_I_RCV_E,Disposal - incineration (D10) and recovery - energy recovery (R1),KG_HAB,Kilograms per capita,AT,Austria,2010,,196,,,,,
dataflow,ESTAT:ENV_WASMUN(1.0),Municipal waste by waste management operations,A,Annual,DSP_I_RCV_E,Disposal - incineration (D10) and recovery - energy recovery (R1),KG_HAB,Kilograms per capita,AT,Austria,2011,,200,,,,,
dataflow,ESTAT:ENV_WASMUN(1.0),Municipal waste by waste management operations,A,Annual,DSP_I_RCV_E,Disposal - incineration (D10) and recovery - energy recovery (R1),KG_HAB,Kilograms per capita,AT,Austria,2012,,201,,,,,
dataflow,ESTAT:ENV_WASMUN(1.0),Municipal waste by waste management operations,A,Annual,DSP_I_RCV_E,Disposal - incineration (D10) and recovery - energy recovery (R1),KG_HAB,Kilograms per capita,AT,Austria,2013,,202,,,,,
dataflow,ESTAT:ENV_WASMUN(1.0),Municipal waste by waste management operations,A,Annual,DSP_I_RCV_E,Disposal - incineration (D10) and recovery - energy recovery (R1),KG_HAB,Kilograms per capita,AT,Austria,2014,,205,,,,,
dataflow,ESTAT:ENV_WASMUN(1.0),Municipal waste by waste management operations,A,Annual,DSP_I_RCV_E,Disposal - incineration (D10) and recovery - energy recovery (R1),KG_HAB,Kilograms per capita,AT,Austria,2015,,212,,,,,
dataflow,ESTAT:ENV_WASMUN(1.0),Municipal waste by waste management operations,A,Annual,DSP_I_RCV_E,Disposal - incineration (D10) and recovery - energy recovery (R1),KG_HAB,Kilograms per capita,AT,Austria,2016,,212,,,,,
dataflow,ESTAT:ENV_WASMUN(1.0),Municipal waste by waste management operations,A,Annual,DSP_I_RCV_E,Disposal - incineration (D10) and recovery - energy recovery (R1),KG_HAB,Kilograms per capita,AT,Austria,2017,,221,,,,,
dataflow,ESTAT:ENV_WASMUN(1.0),Municipal waste by waste management operations,A,Annual,DSP_I_RCV_E,Disposal - incineration (D10) and recovery - energy recovery (R1),KG_HAB,Kilograms per capita,AT,Austria,2018,,224,,,,,
dataflow,ESTAT:ENV_WASMUN(1.0),Municipal waste by waste management operations,A,Annual,DSP_I_RCV_E,Disposal - incineration (D10) and recovery - energy recovery (R1),KG_HAB,Kilograms per capita,AT,Austria,2019,,226,,i,value imputed by Eurostat or other receiving agencies,,
dataflow,ESTAT:ENV_WASMUN(1.0),Municipal waste by waste management operations,A,Annual,DSP_I_RCV_E,Disposal - incineration (D10) and recovery - energy recovery (R1),KG_HAB,Kilograms per capita,AT,Austria,2020,,299,,b,break in time series,,
dataflow,ESTAT:ENV_WASMUN(1.0),Municipal waste by waste management operations,A,Annual,DSP_I_RCV_E,Disposal - incineration (D10) and recovery - energy recovery (R1),KG_HAB,Kilograms per capita,AT,Austria,2021,,296,,,,,
dataflow,ESTAT:ENV_WASMUN(1.0),Municipal waste by waste management operations,A,Annual,DSP_I_RCV_E,Disposal - incineration (D10) and recovery - energy recovery (R1),KG_HAB,Kilograms per capita,AT,Austria,2022,,284,,,,,
dataflow,ESTAT:ENV_WASMUN(1.0),Municipal waste by waste management operations,A,Annual,DSP_I_RCV_E,Disposal - incineration (D10) and recovery - energy recovery (R1),KG_HAB,Kilograms per capita,BA,Bosnia and Herzegovina,2008,,0,,,,,
dataflow,ESTAT:ENV_WASMUN(1.0),Municipal waste by waste management operations,A,Annual,DSP_I_RCV_E,Disposal - incineration (D10) and recovery - energy recovery (R1),KG_HAB,Kilograms per capita,BA,Bosnia and Herzegovina,2009,,0,,,,,
dataflow,ESTAT:ENV_WASMUN(1.0),Municipal waste by waste management operations,A,Annual,DSP_I_RCV_E,Disposal - incineration (D10) and recovery - energy recovery (R1),KG_HAB,Kilograms per capita,BA,Bosnia and Herzegovina,2010,,0,,,,,
dataflow,ESTAT:ENV_WASMUN(1.0),Municipal waste by waste management operations,A,Annual,DSP_I_RCV_E,Disposal - incineration (D10) and recovery - energy recovery (R1),KG_HAB,Kilograms per capita,BA,Bosnia and Herzegovina,2011,,0,,,,,
dataflow,ESTAT:ENV_WASMUN(1.0),Municipal waste by waste management operations,A,Annual,DSP_I_RCV_E,Disposal - incineration (D10) and recovery - energy recovery (R1),KG_HAB,Kilograms per capita,BA,Bosnia and Herzegovina,2012,,0,,,,,
dataflow,ESTAT:ENV_WASMUN(1.0),Municipal waste by waste management operations,A,Annual,DSP_I_RCV_E,Disposal - incineration (D10) and recovery - energy recovery (R1),KG_HAB,Kilograms per capita,BA,Bosnia and Herzegovina,2013,,0,,,,,
dataflow,ESTAT:ENV_WASMUN(1.0),Municipal waste by waste management operations,A,Annual,DSP_I_RCV_E,Disposal - incineration (D10) and recovery - energy recovery (R1),KG_HAB,Kilograms per capita,BA,Bosnia and Herzegovina,2014,,0,,,,,
dataflow,ESTAT:ENV_WASMUN(1.0),Municipal waste by waste management operations,A,Annual,DSP_I_RCV_E,Disposal - incineration (D10) and recovery - energy recovery (R1),KG_HAB,Kilograms per capita,BA,Bosnia and Herzegovina,2015,,0,,,,,
dataflow,ESTAT:ENV_WASMUN(1.0),Municipal waste by waste management operations,A,Annual,DSP_I_RCV_E,Disposal - incineration (D10) and recovery - energy recovery (R1),KG_HAB,Kilograms per capita,BA,Bosnia and Herzegovina,2016,,0,,,,,
dataflow,ESTAT:ENV_WASMUN(1.0),Municipal waste by waste management operations,A,Annual,DSP_I_RCV_E,Disposal - incineration (D10) and recovery - energy recovery (R1),KG_HAB,Kilograms per capita,BA,Bosnia and Herzegovina,2017,,0,,,,,
dataflow,ESTAT:ENV_WASMUN(1.0),Municipal waste by waste management operations,A,Annual,DSP_I_RCV_E,Disposal - incineration (D10) and recovery - energy recovery (R1),KG_HAB,Kilograms per capita,BE,Belgium,1995,,161,,,,,
dataflow,ESTAT:ENV_WASMUN(1.0),Municipal waste by waste management operations,A,Annual,DSP_I_RCV_E,Disposal - incineration (D10) and recovery - energy recovery (R1),KG_HAB,Kilograms per capita,BE,Belgium,1996,,153,,,,,
dataflow,ESTAT:ENV_WASMUN(1.0),Municipal waste by waste management operations,A,Annual,DSP_I_RCV_E,Disposal - incineration (D10) and recovery - energy recovery (R1),KG_HAB,Kilograms per capita,BE,Belgium,1997,,175,,,,,
dataflow,ESTAT:ENV_WASMUN(1.0),Municipal waste by waste management operations,A,Annual,DSP_I_RCV_E,Disposal - incineration (D10) and recovery - energy recovery (R1),KG_HAB,Kilograms per capita,BE,Belgium,1998,,162,,,,,
dataflow,ESTAT:ENV_WASMUN(1.0),Municipal waste by waste management operations,A,Annual,DSP_I_RCV_E,Disposal - incineration (D10) and recovery - energy recovery (R1),KG_HAB,Kilograms per capita,BE,Belgium,1999,,147,,,,,
dataflow,ESTAT:ENV_WASMUN(1.0),Municipal waste by waste management operations,A,Annual,DSP_I_RCV_E,Disposal - incineration (D10) and recovery - energy recovery (R1),KG_HAB,Kilograms per capita,BE,Belgium,2000,,158,,,,,
dataflow,ESTAT:ENV_WASMUN(1.0),Municipal waste by waste management operations,A,Annual,DSP_I_RCV_E,Disposal - incineration (D10) and recovery - energy recovery (R1),KG_HAB,Kilograms per capita,BE,Belgium,2001,,151,,,,,
dataflow,ESTAT:ENV_WASMUN(1.0),Municipal waste by waste management operations,A,Annual,DSP_I_RCV_E,Disposal - incineration (D10) and recovery - energy recovery (R1),KG_HAB,Kilograms per capita,BE,Belgium,2002,,170,,,,,
dataflow,ESTAT:ENV_WASMUN(1.0),Municipal waste by waste management operations,A,Annual,DSP_I_RCV_E,Disposal - incineration (D10) and recovery - energy recovery (R1),KG_HAB,Kilograms per capita,BE,Belgium,2003,,174,,,,,
dataflow,ESTAT:ENV_WASMUN(1.0),Municipal waste by waste management operations,A,Annual,DSP_I_RCV_E,Disposal - incineration (D10) and recovery - energy recovery (R1),KG_HAB,Kilograms per capita,BE,Belgium,2004,,173,,,,,
dataflow,ESTAT:ENV_WASMUN(1.0),Municipal waste by waste management operations,A,Annual,DSP_I_RCV_E,Disposal - incineration (D10) and recovery - energy recovery (R1),KG_HAB,Kilograms per capita,BE,Belgium,2005,,180,,,,,
dataflow,ESTAT:ENV_WASMUN(1.0),Municipal waste by waste management operations,A,Annual,DSP_I_RCV_E,Disposal - incineration (D10) and recovery - energy recovery (R1),KG_HAB,Kilograms per capita,BE,Belgium,2006,,169,,,,,
dataflow,ESTAT:ENV_WASMUN(1.0),Municipal waste by waste management operations,A,Annual,DSP_I_RCV_E,Disposal - incineration (D10) and recovery - energy recovery (R1),KG_HAB,Kilograms per capita,BE,Belgium,2007,,186,,,,,
dataflow,ESTAT:ENV_WASMUN(1.0),Municipal waste by waste management operations,A,Annual,DSP_I_RCV_E,Disposal - incineration (D10) and recovery - energy recovery (R1),KG_HAB,Kilograms per capita,BE,Belgium,2008,,184,,,,,
dataflow,ESTAT:ENV_WASMUN(1.0),Municipal waste by waste management operations,A,Annual,DSP_I_RCV_E,Disposal - incineration (D10) and recovery - energy recovery (R1),KG_HAB,Kilograms per capita,BE,Belgium,2009,,176,,,,,
dataflow,ESTAT:ENV_WASMUN(1.0),Municipal waste by waste management operations,A,Annual,DSP_I_RCV_E,Disposal - incineration (D10) and recovery - energy recovery (R1),KG_HAB,Kilograms per capita,BE,Belgium,2010,,178,,,,,
dataflow,ESTAT:ENV_WASMUN(1.0),Municipal waste by waste management operations,A,Annual,DSP_I_RCV_E,Disposal - incineration (D10) and recovery - energy recovery (R1),KG_HAB,Kilograms per capita,BE,Belgium,2011,,182,,,,,
dataflow,ESTAT:ENV_WASMUN(1.0),Municipal waste by waste management operations,A,Annual,DSP_I_RCV_E,Disposal - incineration (D10) and recovery - energy recovery (R1),KG_HAB,Kilograms per capita,BE,Belgium,2012,,184,,,,,
dataflow,ESTAT:ENV_WASMUN(1.0),Municipal waste by waste management operations,A,Annual,DSP_I_RCV_E,Disposal - incineration (D10) and recovery - energy recovery (R1),KG_HAB,Kilograms per capita,BE,Belgium,2013,,191,,,,,
dataflow,ESTAT:ENV_WASMUN(1.0),Municipal waste by waste management operations,A,Annual,DSP_I_RCV_E,Disposal - incineration (D10) and recovery - energy recovery (R1),KG_HAB,Kilograms per capita,BE,Belgium,2014,,185,,,,,
dataflow,ESTAT:ENV_WASMUN(1.0),Municipal waste by waste management operations,A,Annual,DSP_I_RCV_E,Disposal - incineration (D10) and recovery - energy recovery (R1),KG_HAB,Kilograms per capita,BE,Belgium,2015,,182,,,,,
dataflow,ESTAT:ENV_WASMUN(1.0),Municipal waste by waste management operations,A,Annual,DSP_I_RCV_E,Disposal - incineration (D10) and recovery - energy recovery (R1),KG_HAB,Kilograms per capita,BE,Belgium,2016,,186,,,,,
dataflow,ESTAT:ENV_WASMUN(1.0),Municipal waste by waste management operations,A,Annual,DSP_I_RCV_E,Disposal - incineration (D10) and recovery - energy recovery (R1),KG_HAB,Kilograms per capita,BE,Belgium,2017,,176,,,,,
dataflow,ESTAT:ENV_WASMUN(1.0),Municipal waste by waste management operations,A,Annual,DSP_I_RCV_E,Disposal - incineration (D10) and recovery - energy recovery (R1),KG_HAB,Kilograms per capita,BE,Belgium,2018,,177,,,,,
dataflow,ESTAT:ENV_WASMUN(1.0),Municipal waste by waste management operations,A,Annual,DSP_I_RCV_E,Disposal - incineration (D10) and recovery - energy recovery (R1),KG_HAB,Kilograms per capita,BE,Belgium,2019,,178,,,,,
dataflow,ESTAT:ENV_WASMUN(1.0),Municipal waste by waste management operations,A,Annual,DSP_I_RCV_E,Disposal - incineration (D10) and recovery - energy recovery (R1),KG_HAB,Kilograms per capita,BE,Belgium,2020,,353,,,,,
dataflow,ESTAT:ENV_WASMUN(1.0),Municipal waste by waste management operations,A,Annual,DSP_I_RCV_E,Disposal - incineration (D10) and recovery - energy recovery (R1),KG_HAB,Kilograms per capita,BE,Belgium,2021,,332,,,,,
dataflow,ESTAT:ENV_WASMUN(1.0),Municipal waste by waste management operations,A,Annual,DSP_I_RCV_E,Disposal - incineration (D10) and recovery - energy recovery (R1),KG_HAB,Kilograms per capita,BE,Belgium,2022,,311,,,,,
dataflow,ESTAT:ENV_WASMUN(1.0),Municipal waste by waste management operations,A,Annual,DSP_I_RCV_E,Disposal - incineration (D10) and recovery - energy recovery (R1),KG_HAB,Kilograms per capita,BE,Belgium,2023,,310,,,,,
dataflow,ESTAT:ENV_WASMUN(1.0),Municipal waste by waste management operations,A,Annual,DSP_I_RCV_E,Disposal - incineration (D10) and recovery - energy recovery (R1),KG_HAB,Kilograms per capita,BG,Bulgaria,1995,,0,,,,,
dataflow,ESTAT:ENV_WASMUN(1.0),Municipal waste by waste management operations,A,Annual,DSP_I_RCV_E,Disposal - incineration (D10) and recovery - energy recovery (R1),KG_HAB,Kilograms per capita,BG,Bulgaria,1996,,0,,,,,
dataflow,ESTAT:ENV_WASMUN(1.0),Municipal waste by waste management operations,A,Annual,DSP_I_RCV_E,Disposal - incineration (D10) and recovery - energy recovery (R1),KG_HAB,Kilograms per capita,BG,Bulgaria,1997,,0,,,,,
dataflow,ESTAT:ENV_WASMUN(1.0),Municipal waste by waste management operations,A,Annual,DSP_I_RCV_E,Disposal - incineration (D10) and recovery - energy recovery (R1),KG_HAB,Kilograms per capita,BG,Bulgaria,1998,,0,,,,,
dataflow,ESTAT:ENV_WASMUN(1.0),Municipal waste by waste management operations,A,Annual,DSP_I_RCV_E,Disposal - incineration (D10) and recovery - energy recovery (R1),KG_HAB,Kilograms per capita,BG,Bulgaria,1999,,0,,,,,
dataflow,ESTAT:ENV_WASMUN(1.0),Municipal waste by waste management operations,A,Annual,DSP_I_RCV_E,Disposal - incineration (D10) and recovery - energy recovery (R1),KG_HAB,Kilograms per capita,BG,Bulgaria,2000,,0,,,,,
dataflow,ESTAT:ENV_WASMUN(1.0),Municipal waste by waste management operations,A,Annual,DSP_I_RCV_E,Disposal - incineration (D10) and recovery - energy recovery (R1),KG_HAB,Kilograms per capita,BG,Bulgaria,2001,,0,,,,,
dataflow,ESTAT:ENV_WASMUN(1.0),Municipal waste by waste management operations,A,Annual,DSP_I_RCV_E,Disposal - incineration (D10) and recovery - energy recovery (R1),KG_HAB,Kilograms per capita,BG,Bulgaria,2002,,0,,,,,
dataflow,ESTAT:ENV_WASMUN(1.0),Municipal waste by waste management operations,A,Annual,DSP_I_RCV_E,Disposal - incineration (D10) and recovery - energy recovery (R1),KG_HAB,Kilograms per capita,BG,Bulgaria,2003,,0,,,,,
dataflow,ESTAT:ENV_WASMUN(1.0),Municipal waste by waste management operations,A,Annual,DSP_I_RCV_E,Disposal - incineration (D10) and recovery - energy recovery (R1),KG_HAB,Kilograms per capita,BG,Bulgaria,2004,,0,,,,,
dataflow,ESTAT:ENV_WASMUN(1.0),Municipal waste by waste management operations,A,Annual,DSP_I_RCV_E,Disposal - incineration (D10) and recovery - energy recovery (R1),KG_HAB,Kilograms per capita,BG,Bulgaria,2005,,0,,,,,
dataflow,ESTAT:ENV_WASMUN(1.0),Municipal waste by waste management operations,A,Annual,DSP_I_RCV_E,Disposal - incineration (D10) and recovery - energy recovery (R1),KG_HAB,Kilograms per capita,BG,Bulgaria,2006,,0,,,,,
dataflow,ESTAT:ENV_WASMUN(1.0),Municipal waste by waste management operations,A,Annual,DSP_I_RCV_E,Disposal - incineration (D10) and recovery - energy recovery (R1),KG_HAB,Kilograms per capita,BG,Bulgaria,2007,,0,,,,,
dataflow,ESTAT:ENV_WASMUN(1.0),Municipal waste by waste management operations,A,Annual,DSP_I_RCV_E,Disposal - incineration (D10) and recovery - energy recovery (R1),KG_HAB,Kilograms per capita,BG,Bulgaria,2008,,0,,,,,
dataflow,ESTAT:ENV_WASMUN(1.0),Municipal waste by waste management operations,A,Annual,DSP_I_RCV_E,Disposal - incineration (D10) and recovery - energy recovery (R1),KG_HAB,Kilograms per capita,BG,Bulgaria,2009,,0,,,,,
dataflow,ESTAT:ENV_WASMUN(1.0),Municipal waste by waste management operations,A,Annual,DSP_I_RCV_E,Disposal - incineration (D10) and recovery - energy recovery (R1),KG_HAB,Kilograms per capita,BG,Bulgaria,2010,,0,,,,,
dataflow,ESTAT:ENV_WASMUN(1.0),Municipal waste by waste management operations,A,Annual,DSP_I_RCV_E,Disposal - incineration (D10) and recovery - energy recovery (R1),KG_HAB,Kilograms per capita,BG,Bulgaria,2011,,0,,,,,
dataflow,ESTAT:ENV_WASMUN(1.0),Municipal waste by waste management operations,A,Annual,DSP_I_RCV_E,Disposal - incineration (D10) and recovery - energy recovery (R1),KG_HAB,Kilograms per capita,BG,Bulgaria,2012,,0,,,,,
dataflow,ESTAT:ENV_WASMUN(1.0),Municipal waste by waste management operations,A,Annual,DSP_I_RCV_E,Disposal - incineration (D10) and recovery - energy recovery (R1),KG_HAB,Kilograms per capita,BG,Bulgaria,2013,,7,,,,,
dataflow,ESTAT:ENV_WASMUN(1.0),Municipal waste by waste management operations,A,Annual,DSP_I_RCV_E,Disposal - incineration (D10) and recovery - energy recovery (R1),KG_HAB,Kilograms per capita,BG,Bulgaria,2014,,7,,,,,
dataflow,ESTAT:ENV_WASMUN(1.0),Municipal waste by waste management operations,A,Annual,DSP_I_RCV_E,Disposal - incineration (D10) and recovery - energy recovery (R1),KG_HAB,Kilograms per capita,BG,Bulgaria,2015,,12,,,,,
dataflow,ESTAT:ENV_WASMUN(1.0),Municipal waste by waste management operations,A,Annual,DSP_I_RCV_E,Disposal - incineration (D10) and recovery - energy recovery (R1),KG_HAB,Kilograms per capita,BG,Bulgaria,2016,,16,,,,,
dataflow,ESTAT:ENV_WASMUN(1.0),Municipal waste by waste management operations,A,Annual,DSP_I_RCV_E,Disposal - incineration (D10) and recovery - energy recovery (R1),KG_HAB,Kilograms per capita,BG,Bulgaria,2017,,15,,,,,
dataflow,ESTAT:ENV_WASMUN(1.0),Municipal waste by waste management operations,A,Annual,DSP_I_RCV_E,Disposal - incineration (D10) and recovery - energy recovery (R1),KG_HAB,Kilograms per capita,BG,Bulgaria,2018,,31,,,,,
dataflow,ESTAT:ENV_WASMUN(1.0),Municipal waste by waste management operations,A,Annual,DSP_I_RCV_E,Disposal - incineration (D10) and recovery - energy recovery (R1),KG_HAB,Kilograms per capita,BG,Bulgaria,2019,,16,,i,value imputed by Eurostat or other receiving agencies,,
dataflow,ESTAT:ENV_WASMUN(1.0),Municipal waste by waste management operations,A,Annual,DSP_I_RCV_E,Disposal - incineration (D10) and recovery - energy recovery (R1),KG_HAB,Kilograms per capita,BG,Bulgaria,2020,,20,,,,,
dataflow,ESTAT:ENV_WASMUN(1.0),Municipal waste by waste management operations,A,Annual,DSP_I_RCV_E,Disposal - incineration (D10) and recovery - energy recovery (R1),KG_HAB,Kilograms per capita,BG,Bulgaria,2021,,13,,,,,
dataflow,ESTAT:ENV_WASMUN(1.0),Municipal waste by waste management operations,A,Annual,DSP_I_RCV_E,Disposal - incineration (D10) and recovery - energy recovery (R1),KG_HAB,Kilograms per capita,BG,Bulgaria,2022,,15,,,,,
dataflow,ESTAT:ENV_WASMUN(1.0),Municipal waste by waste management operations,A,Annual,DSP_I_RCV_E,Disposal - incineration (D10) and recovery - energy recovery (R1),KG_HAB,Kilograms per capita,CH,Switzerland,1995,,293,,,,,
dataflow,ESTAT:ENV_WASMUN(1.0),Municipal waste by waste management operations,A,Annual,DSP_I_RCV_E,Disposal - incineration (D10) and recovery - energy recovery (R1),KG_HAB,Kilograms per capita,CH,Switzerland,1996,,286,,,,,
dataflow,ESTAT:ENV_WASMUN(1.0),Municipal waste by waste management operations,A,Annual,DSP_I_RCV_E,Disposal - incineration (D10) and recovery - energy recovery (R1),KG_HAB,Kilograms per capita,CH,Switzerland,1997,,285,,,,,
dataflow,ESTAT:ENV_WASMUN(1.0),Municipal waste by waste management operations,A,Annual,DSP_I_RCV_E,Disposal - incineration (D10) and recovery - energy recovery (R1),KG_HAB,Kilograms per capita,CH,Switzerland,1998,,280,,,,,
dataflow,ESTAT:ENV_WASMUN(1.0),Municipal waste by waste management operations,A,Annual,DSP_I_RCV_E,Disposal - incineration (D10) and recovery - energy recovery (R1),KG_HAB,Kilograms per capita,CH,Switzerland,1999,,298,,,,,
dataflow,ESTAT:ENV_WASMUN(1.0),Municipal waste by waste management operations,A,Annual,DSP_I_RCV_E,Disposal - incineration (D10) and recovery - energy recovery (R1),KG_HAB,Kilograms per capita,CH,Switzerland,2000,,306,,,,,
dataflow,ESTAT:ENV_WASMUN(1.0),Municipal waste by waste management operations,A,Annual,DSP_I_RCV_E,Disposal - incineration (D10) and recovery - energy recovery (R1),KG_HAB,Kilograms per capita,CH,Switzerland,2001,,326,,,,,
dataflow,ESTAT:ENV_WASMUN(1.0),Municipal waste by waste management operations,A,Annual,DSP_I_RCV_E,Disposal - incineration (D10) and recovery - energy recovery (R1),KG_HAB,Kilograms per capita,CH,Switzerland,2002,,350,,,,,
dataflow,ESTAT:ENV_WASMUN(1.0),Municipal waste by waste management operations,A,Annual,DSP_I_RCV_E,Disposal - incineration (D10) and recovery - energy recovery (R1),KG_HAB,Kilograms per capita,CH,Switzerland,2003,,342,,,,,
dataflow,ESTAT:ENV_WASMUN(1.0),Municipal waste by waste management operations,A,Annual,DSP_I_RCV_E,Disposal - incineration (D10) and recovery - energy recovery (R1),KG_HAB,Kilograms per capita,CH,Switzerland,2004,,340,,,,,
dataflow,ESTAT:ENV_WASMUN(1.0),Municipal waste by waste management operations,A,Annual,DSP_I_RCV_E,Disposal - incineration (D10) and recovery - energy recovery (R1),KG_HAB,Kilograms per capita,CH,Switzerland,2005,,328,,,,,
dataflow,ESTAT:ENV_WASMUN(1.0),Municipal waste by waste management operations,A,Annual,DSP_I_RCV_E,Disposal - incineration (D10) and recovery - energy recovery (R1),KG_HAB,Kilograms per capita,CH,Switzerland,2006,,355,,,,,
dataflow,ESTAT:ENV_WASMUN(1.0),Municipal waste by waste management operations,A,Annual,DSP_I_RCV_E,Disposal - incineration (D10) and recovery - energy recovery (R1),KG_HAB,Kilograms per capita,CH,Switzerland,2007,,355,,,,,
dataflow,ESTAT:ENV_WASMUN(1.0),Municipal waste by waste management operations,A,Annual,DSP_I_RCV_E,Disposal - incineration (D10) and recovery - energy recovery (R1),KG_HAB,Kilograms per capita,CH,Switzerland,2008,,370,,,,,
dataflow,ESTAT:ENV_WASMUN(1.0),Municipal waste by waste management operations,A,Annual,DSP_I_RCV_E,Disposal - incineration (D10) and recovery - energy recovery (R1),KG_HAB,Kilograms per capita,CH,Switzerland,2009,,343,,,,,
dataflow,ESTAT:ENV_WASMUN(1.0),Municipal waste by waste management operations,A,Annual,DSP_I_RCV_E,Disposal - incineration (D10) and recovery - energy recovery (R1),KG_HAB,Kilograms per capita,CH,Switzerland,2010,,352,,,,,
dataflow,ESTAT:ENV_WASMUN(1.0),Municipal waste by waste management operations,A,Annual,DSP_I_RCV_E,Disposal - incineration (D10) and recovery - energy recovery (R1),KG_HAB,Kilograms per capita,CH,Switzerland,2011,,345,,,,,
dataflow,ESTAT:ENV_WASMUN(1.0),Municipal waste by waste management operations,A,Annual,DSP_I_RCV_E,Disposal - incineration (D10) and recovery - energy recovery (R1),KG_HAB,Kilograms per capita,CH,Switzerland,2012,,348,,,,,
dataflow,ESTAT:ENV_WASMUN(1.0),Municipal waste by waste management operations,A,Annual,DSP_I_RCV_E,Disposal - incineration (D10) and recovery - energy recovery (R1),KG_HAB,Kilograms per capita,CH,Switzerland,2013,,346,,,,,
dataflow,ESTAT:ENV_WASMUN(1.0),Municipal waste by waste management operations,A,Annual,DSP_I_RCV_E,Disposal - incineration (D10) and recovery - energy recovery (R1),KG_HAB,Kilograms per capita,CH,Switzerland,2014,,341,,,,,
dataflow,ESTAT:ENV_WASMUN(1.0),Municipal waste by waste management operations,A,Annual,DSP_I_RCV_E,Disposal - incineration (D10) and recovery - energy recovery (R1),KG_HAB,Kilograms per capita,CH,Switzerland,2015,,344,,,,,
dataflow,ESTAT:ENV_WASMUN(1.0),Municipal waste by waste management operations,A,Annual,DSP_I_RCV_E,Disposal - incineration (D10) and recovery - energy recovery (R1),KG_HAB,Kilograms per capita,CH,Switzerland,2016,,343,,,,,
dataflow,ESTAT:ENV_WASMUN(1.0),Municipal waste by waste management operations,A,Annual,DSP_I_RCV_E,Disposal - incineration (D10) and recovery - energy recovery (R1),KG_HAB,Kilograms per capita,CH,Switzerland,2017,,337,,,,,
dataflow,ESTAT:ENV_WASMUN(1.0),Municipal waste by waste management operations,A,Annual,DSP_I_RCV_E,Disposal - incineration (D10) and recovery - energy recovery (R1),KG_HAB,Kilograms per capita,CH,Switzerland,2018,,335,,,,,
dataflow,ESTAT:ENV_WASMUN(1.0),Municipal waste by waste management operations,A,Annual,DSP_I_RCV_E,Disposal - incineration (D10) and recovery - energy recovery (R1),KG_HAB,Kilograms per capita,CH,Switzerland,2019,,333,,,,,
dataflow,ESTAT:ENV_WASMUN(1.0),Municipal waste by waste management operations,A,Annual,DSP_I_RCV_E,Disposal - incineration (D10) and recovery - energy recovery (R1),KG_HAB,Kilograms per capita,CH,Switzerland,2020,,333,,,,,
dataflow,ESTAT:ENV_WASMUN(1.0),Municipal waste by waste management operations,A,Annual,DSP_I_RCV_E,Disposal - incineration (D10) and recovery - energy recovery (R1),KG_HAB,Kilograms per capita,CH,Switzerland,2021,,336,,,,,
dataflow,ESTAT:ENV_WASMUN(1.0),Municipal waste by waste management operations,A,Annual,DSP_I_RCV_E,Disposal - incineration (D10) and recovery - energy recovery (R1),KG_HAB,Kilograms per capita,CH,Switzerland,2022,,324,,,,,
dataflow,ESTAT:ENV_WASMUN(1.0),Municipal waste by waste management operations,A,Annual,DSP_I_RCV_E,Disposal - incineration (D10) and recovery - energy recovery (R1),KG_HAB,Kilograms per capita,CY,Cyprus,1995,,0,,,,,
dataflow,ESTAT:ENV_WASMUN(1.0),Municipal waste by waste management operations,A,Annual,DSP_I_RCV_E,Disposal - incineration (D10) and recovery - energy recovery (R1),KG_HAB,Kilograms per capita,CY,Cyprus,1996,,0,,,,,
dataflow,ESTAT:ENV_WASMUN(1.0),Municipal waste by waste management operations,A,Annual,DSP_I_RCV_E,Disposal - incineration (D10) and recovery - energy recovery (R1),KG_HAB,Kilograms per capita,CY,Cyprus,1997,,0,,,,,
dataflow,ESTAT:ENV_WASMUN(1.0),Municipal waste by waste management operations,A,Annual,DSP_I_RCV_E,Disposal - incineration (D10) and recovery - energy recovery (R1),KG_HAB,Kilograms per capita,CY,Cyprus,1998,,0,,,,,
dataflow,ESTAT:ENV_WASMUN(1.0),Municipal waste by waste management operations,A,Annual,DSP_I_RCV_E,Disposal - incineration (D10) and recovery - energy recovery (R1),KG_HAB,Kilograms per capita,CY,Cyprus,1999,,0,,,,,
dataflow,ESTAT:ENV_WASMUN(1.0),Municipal waste by waste management operations,A,Annual,DSP_I_RCV_E,Disposal - incineration (D10) and recovery - energy recovery (R1),KG_HAB,Kilograms per capita,CY,Cyprus,2000,,0,,,,,
dataflow,ESTAT:ENV_WASMUN(1.0),Municipal waste by waste management operations,A,Annual,DSP_I_RCV_E,Disposal - incineration (D10) and recovery - energy recovery (R1),KG_HAB,Kilograms per capita,CY,Cyprus,2001,,0,,,,,
dataflow,ESTAT:ENV_WASMUN(1.0),Municipal waste by waste management operations,A,Annual,DSP_I_RCV_E,Disposal - incineration (D10) and recovery - energy recovery (R1),KG_HAB,Kilograms per capita,CY,Cyprus,2002,,0,,,,,
dataflow,ESTAT:ENV_WASMUN(1.0),Municipal waste by waste management operations,A,Annual,DSP_I_RCV_E,Disposal - incineration (D10) and recovery - energy recovery (R1),KG_HAB,Kilograms per capita,CY,Cyprus,2003,,0,,,,,
dataflow,ESTAT:ENV_WASMUN(1.0),Municipal waste by waste management operations,A,Annual,DSP_I_RCV_E,Disposal - incineration (D10) and recovery - energy recovery (R1),KG_HAB,Kilograms per capita,CY,Cyprus,2004,,0,,,,,
dataflow,ESTAT:ENV_WASMUN(1.0),Municipal waste by waste management operations,A,Annual,DSP_I_RCV_E,Disposal - incineration (D10) and recovery - energy recovery (R1),KG_HAB,Kilograms per capita,CY,Cyprus,2005,,0,,,,,
dataflow,ESTAT:ENV_WASMUN(1.0),Municipal waste by waste management operations,A,Annual,DSP_I_RCV_E,Disposal - incineration (D10) and recovery - energy recovery (R1),KG_HAB,Kilograms per capita,CY,Cyprus,2006,,0,,,,,
dataflow,ESTAT:ENV_WASMUN(1.0),Municipal waste by waste management operations,A,Annual,DSP_I_RCV_E,Disposal - incineration (D10) and recovery - energy recovery (R1),KG_HAB,Kilograms per capita,CY,Cyprus,2007,,0,,,,,
dataflow,ESTAT:ENV_WASMUN(1.0),Municipal waste by waste management operations,A,Annual,DSP_I_RCV_E,Disposal - incineration (D10) and recovery - energy recovery (R1),KG_HAB,Kilograms per capita,CY,Cyprus,2008,,0,,,,,
dataflow,ESTAT:ENV_WASMUN(1.0),Municipal waste by waste management operations,A,Annual,DSP_I_RCV_E,Disposal - incineration (D10) and recovery - energy recovery (R1),KG_HAB,Kilograms per capita,CY,Cyprus,2009,,0,,,,,
dataflow,ESTAT:ENV_WASMUN(1.0),Municipal waste by waste management operations,A,Annual,DSP_I_RCV_E,Disposal - incineration (D10) and recovery - energy recovery (R1),KG_HAB,Kilograms per capita,CY,Cyprus,2010,,0,,,,,
dataflow,ESTAT:ENV_WASMUN(1.0),Municipal waste by waste management operations,A,Annual,DSP_I_RCV_E,Disposal - incineration (D10) and recovery - energy recovery (R1),KG_HAB,Kilograms per capita,CY,Cyprus,2011,,0,,,,,
dataflow,ESTAT:ENV_WASMUN(1.0),Municipal waste by waste management operations,A,Annual,DSP_I_RCV_E,Disposal - incineration (D10) and recovery - energy recovery (R1),KG_HAB,Kilograms per capita,CY,Cyprus,2012,,0,,,,,
dataflow,ESTAT:ENV_WASMUN(1.0),Municipal waste by waste management operations,A,Annual,DSP_I_RCV_E,Disposal - incineration (D10) and recovery - energy recovery (R1),KG_HAB,Kilograms per capita,CY,Cyprus,2013,,0,,,,,
dataflow,ESTAT:ENV_WASMUN(1.0),Municipal waste by waste management operations,A,Annual,DSP_I_RCV_E,Disposal - incineration (D10) and recovery - energy recovery (R1),KG_HAB,Kilograms per capita,CY,Cyprus,2014,,5,,,,,
dataflow,ESTAT:ENV_WASMUN(1.0),Municipal waste by waste management operations,A,Annual,DSP_I_RCV_E,Disposal - incineration (D10) and recovery - energy recovery (R1),KG_HAB,Kilograms per capita,CY,Cyprus,2015,,0,,,,,
dataflow,ESTAT:ENV_WASMUN(1.0),Municipal waste by waste management operations,A,Annual,DSP_I_RCV_E,Disposal - incineration (D10) and recovery - energy recovery (R1),KG_HAB,Kilograms per capita,CY,Cyprus,2016,,2,,,,,
dataflow,ESTAT:ENV_WASMUN(1.0),Municipal waste by waste management operations,A,Annual,DSP_I_RCV_E,Disposal - incineration (D10) and recovery - energy recovery (R1),KG_HAB,Kilograms per capita,CY,Cyprus,2017,,2,,,,,
dataflow,ESTAT:ENV_WASMUN(1.0),Municipal waste by waste management operations,A,Annual,DSP_I_RCV_E,Disposal - incineration (D10) and recovery - energy recovery (R1),KG_HAB,Kilograms per capita,CY,Cyprus,2018,,5,,,,,
dataflow,ESTAT:ENV_WASMUN(1.0),Municipal waste by waste management operations,A,Annual,DSP_I_RCV_E,Disposal - incineration (D10) and recovery - energy recovery (R1),KG_HAB,Kilograms per capita,CY,Cyprus,2019,,6,,,,,
dataflow,ESTAT:ENV_WASMUN(1.0),Municipal waste by waste management operations,A,Annual,DSP_I_RCV_E,Disposal - incineration (D10) and recovery - energy recovery (R1),KG_HAB,Kilograms per capita,CY,Cyprus,2020,,9,,,,,
dataflow,ESTAT:ENV_WASMUN(1.0),Municipal waste by waste management operations,A,Annual,DSP_I_RCV_E,Disposal - incineration (D10) and recovery - energy recovery (R1),KG_HAB,Kilograms per capita,CY,Cyprus,2021,,15,,,,,
dataflow,ESTAT:ENV_WASMUN(1.0),Municipal waste by waste management operations,A,Annual,DSP_I_RCV_E,Disposal - incineration (D10) and recovery - energy recovery (R1),KG_HAB,Kilograms per capita,CY,Cyprus,2022,,16,,,,,
dataflow,ESTAT:ENV_WASMUN(1.0),Municipal waste by waste management operations,A,Annual,DSP_I_RCV_E,Disposal - incineration (D10) and recovery - energy recovery (R1),KG_HAB,Kilograms per capita,CY,Cyprus,2023,,17,,,,,
dataflow,ESTAT:ENV_WASMUN(1.0),Municipal waste by waste management operations,A,Annual,DSP_I_RCV_E,Disposal - incineration (D10) and recovery - energy recovery (R1),KG_HAB,Kilograms per capita,CZ,Czechia,1998,,17,,,,,
dataflow,ESTAT:ENV_WASMUN(1.0),Municipal waste by waste management operations,A,Annual,DSP_I_RCV_E,Disposal - incineration (D10) and recovery - energy recovery (R1),KG_HAB,Kilograms per capita,CZ,Czechia,1999,,30,,i,value imputed by Eurostat or other receiving agencies,,
dataflow,ESTAT:ENV_WASMUN(1.0),Municipal waste by waste management operations,A,Annual,DSP_I_RCV_E,Disposal - incineration (D10) and recovery - energy recovery (R1),KG_HAB,Kilograms per capita,CZ,Czechia,2000,,31,,i,value imputed by Eurostat or other receiving agencies,,
dataflow,ESTAT:ENV_WASMUN(1.0),Municipal waste by waste management operations,A,Annual,DSP_I_RCV_E,Disposal - incineration (D10) and recovery - energy recovery (R1),KG_HAB,Kilograms per capita,CZ,Czechia,2001,,35,,i,value imputed by Eurostat or other receiving agencies,,
dataflow,ESTAT:ENV_WASMUN(1.0),Municipal waste by waste management operations,A,Annual,DSP_I_RCV_E,Disposal - incineration (D10) and recovery - energy recovery (R1),KG_HAB,Kilograms per capita,CZ,Czechia,2002,,39,,,,,
dataflow,ESTAT:ENV_WASMUN(1.0),Municipal waste by waste management operations,A,Annual,DSP_I_RCV_E,Disposal - incineration (D10) and recovery - energy recovery (R1),KG_HAB,Kilograms per capita,CZ,Czechia,2003,,39,,,,,
dataflow,ESTAT:ENV_WASMUN(1.0),Municipal waste by waste management operations,A,Annual,DSP_I_RCV_E,Disposal - incineration (D10) and recovery - energy recovery (R1),KG_HAB,Kilograms per capita,CZ,Czechia,2004,,40,,be,"break in time series, estimated",,
dataflow,ESTAT:ENV_WASMUN(1.0),Municipal waste by waste management operations,A,Annual,DSP_I_RCV_E,Disposal - incineration (D10) and recovery - energy recovery (R1),KG_HAB,Kilograms per capita,CZ,Czechia,2005,,37,,e,estimated,,
dataflow,ESTAT:ENV_WASMUN(1.0),Municipal waste by waste management operations,A,Annual,DSP_I_RCV_E,Disposal - incineration (D10) and recovery - energy recovery (R1),KG_HAB,Kilograms per capita,CZ,Czechia,2006,,38,,e,estimated,,
dataflow,ESTAT:ENV_WASMUN(1.0),Municipal waste by waste management operations,A,Annual,DSP_I_RCV_E,Disposal - incineration (D10) and recovery - energy recovery (R1),KG_HAB,Kilograms per capita,CZ,Czechia,2007,,38,,e,estimated,,
dataflow,ESTAT:ENV_WASMUN(1.0),Municipal waste by waste management operations,A,Annual,DSP_I_RCV_E,Disposal - incineration (D10) and recovery - energy recovery (R1),KG_HAB,Kilograms per capita,CZ,Czechia,2008,,36,,e,estimated,,
dataflow,ESTAT:ENV_WASMUN(1.0),Municipal waste by waste management operations,A,Annual,DSP_I_RCV_E,Disposal - incineration (D10) and recovery - energy recovery (R1),KG_HAB,Kilograms per capita,CZ,Czechia,2009,,36,,e,estimated,,
dataflow,ESTAT:ENV_WASMUN(1.0),Municipal waste by waste management operations,A,Annual,DSP_I_RCV_E,Disposal - incineration (D10) and recovery - energy recovery (R1),KG_HAB,Kilograms per capita,CZ,Czechia,2010,,47,,e,estimated,,
dataflow,ESTAT:ENV_WASMUN(1.0),Municipal waste by waste management operations,A,Annual,DSP_I_RCV_E,Disposal - incineration (D10) and recovery - energy recovery (R1),KG_HAB,Kilograms per capita,CZ,Czechia,2011,,58,,e,estimated,,
dataflow,ESTAT:ENV_WASMUN(1.0),Municipal waste by waste management operations,A,Annual,DSP_I_RCV_E,Disposal - incineration (D10) and recovery - energy recovery (R1),KG_HAB,Kilograms per capita,CZ,Czechia,2012,,62,,e,estimated,,
dataflow,ESTAT:ENV_WASMUN(1.0),Municipal waste by waste management operations,A,Annual,DSP_I_RCV_E,Disposal - incineration (D10) and recovery - energy recovery (R1),KG_HAB,Kilograms per capita,CZ,Czechia,2013,,60,,e,estimated,,
dataflow,ESTAT:ENV_WASMUN(1.0),Municipal waste by waste management operations,A,Annual,DSP_I_RCV_E,Disposal - incineration (D10) and recovery - energy recovery (R1),KG_HAB,Kilograms per capita,CZ,Czechia,2014,,57,,e,estimated,,
dataflow,ESTAT:ENV_WASMUN(1.0),Municipal waste by waste management operations,A,Annual,DSP_I_RCV_E,Disposal - incineration (D10) and recovery - energy recovery (R1),KG_HAB,Kilograms per capita,CZ,Czechia,2015,,56,,e,estimated,,
dataflow,ESTAT:ENV_WASMUN(1.0),Municipal waste by waste management operations,A,Annual,DSP_I_RCV_E,Disposal - incineration (D10) and recovery - energy recovery (R1),KG_HAB,Kilograms per capita,CZ,Czechia,2016,,56,,e,estimated,,
dataflow,ESTAT:ENV_WASMUN(1.0),Municipal waste by waste management operations,A,Annual,DSP_I_RCV_E,Disposal - incineration (D10) and recovery - energy recovery (R1),KG_HAB,Kilograms per capita,CZ,Czechia,2017,,85,,b,break in time series,,
dataflow,ESTAT:ENV_WASMUN(1.0),Municipal waste by waste management operations,A,Annual,DSP_I_RCV_E,Disposal - incineration (D10) and recovery - energy recovery (R1),KG_HAB,Kilograms per capita,CZ,Czechia,2018,,83,,,,,
dataflow,ESTAT:ENV_WASMUN(1.0),Municipal waste by waste management operations,A,Annual,DSP_I_RCV_E,Disposal - incineration (D10) and recovery - energy recovery (R1),KG_HAB,Kilograms per capita,CZ,Czechia,2019,,82,,,,,
dataflow,ESTAT:ENV_WASMUN(1.0),Municipal waste by waste management operations,A,Annual,DSP_I_RCV_E,Disposal - incineration (D10) and recovery - energy recovery (R1),KG_HAB,Kilograms per capita,CZ,Czechia,2020,,69,,,,,
dataflow,ESTAT:ENV_WASMUN(1.0),Municipal waste by waste management operations,A,Annual,DSP_I_RCV_E,Disposal - incineration (D10) and recovery - energy recovery (R1),KG_HAB,Kilograms per capita,CZ,Czechia,2021,,69,,,,,
dataflow,ESTAT:ENV_WASMUN(1.0),Municipal waste by waste management operations,A,Annual,DSP_I_RCV_E,Disposal - incineration (D10) and recovery - energy recovery (R1),KG_HAB,Kilograms per capita,DE,Germany,1995,,110,,i,value imputed by Eurostat or other receiving agencies,,
dataflow,ESTAT:ENV_WASMUN(1.0),Municipal waste by waste management operations,A,Annual,DSP_I_RCV_E,Disposal - incineration (D10) and recovery - energy recovery (R1),KG_HAB,Kilograms per capita,DE,Germany,1996,,120,,i,value imputed by Eurostat or other receiving agencies,,
dataflow,ESTAT:ENV_WASMUN(1.0),Municipal waste by waste management operations,A,Annual,DSP_I_RCV_E,Disposal - incineration (D10) and recovery - energy recovery (R1),KG_HAB,Kilograms per capita,DE,Germany,1997,,126,,i,value imputed by Eurostat or other receiving agencies,,
dataflow,ESTAT:ENV_WASMUN(1.0),Municipal waste by waste management operations,A,Annual,DSP_I_RCV_E,Disposal - incineration (D10) and recovery - energy recovery (R1),KG_HAB,Kilograms per capita,DE,Germany,1998,,127,,i,value imputed by Eurostat or other receiving agencies,,
dataflow,ESTAT:ENV_WASMUN(1.0),Municipal waste by waste management operations,A,Annual,DSP_I_RCV_E,Disposal - incineration (D10) and recovery - energy recovery (R1),KG_HAB,Kilograms per capita,DE,Germany,1999,,130,,i,value imputed by Eurostat or other receiving agencies,,
dataflow,ESTAT:ENV_WASMUN(1.0),Municipal waste by waste management operations,A,Annual,DSP_I_RCV_E,Disposal - incineration (D10) and recovery - energy recovery (R1),KG_HAB,Kilograms per capita,DE,Germany,2000,,138,,i,value imputed by Eurostat or other receiving agencies,,
dataflow,ESTAT:ENV_WASMUN(1.0),Municipal waste by waste management operations,A,Annual,DSP_I_RCV_E,Disposal - incineration (D10) and recovery - energy recovery (R1),KG_HAB,Kilograms per capita,DE,Germany,2001,,140,,i,value imputed by Eurostat or other receiving agencies,,
dataflow,ESTAT:ENV_WASMUN(1.0),Municipal waste by waste management operations,A,Annual,DSP_I_RCV_E,Disposal - incineration (D10) and recovery - energy recovery (R1),KG_HAB,Kilograms per capita,DE,Germany,2002,,144,,i,value imputed by Eurostat or other receiving agencies,,
dataflow,ESTAT:ENV_WASMUN(1.0),Municipal waste by waste management operations,A,Annual,DSP_I_RCV_E,Disposal - incineration (D10) and recovery - energy recovery (R1),KG_HAB,Kilograms per capita,DE,Germany,2003,,138,,i,value imputed by Eurostat or other receiving agencies,,
dataflow,ESTAT:ENV_WASMUN(1.0),Municipal waste by waste management operations,A,Annual,DSP_I_RCV_E,Disposal - incineration (D10) and recovery - energy recovery (R1),KG_HAB,Kilograms per capita,DE,Germany,2004,,152,,i,value imputed by Eurostat or other receiving agencies,,
dataflow,ESTAT:ENV_WASMUN(1.0),Municipal waste by waste management operations,A,Annual,DSP_I_RCV_E,Disposal - incineration (D10) and recovery - energy recovery (R1),KG_HAB,Kilograms per capita,DE,Germany,2005,,172,,i,value imputed by Eurostat or other receiving agencies,,
dataflow,ESTAT:ENV_WASMUN(1.0),Municipal waste by waste management operations,A,Annual,DSP_I_RCV_E,Disposal - incineration (D10) and recovery - energy recovery (R1),KG_HAB,Kilograms per capita,DE,Germany,2006,,210,,i,value imputed by Eurostat or other receiving agencies,,
dataflow,ESTAT:ENV_WASMUN(1.0),Municipal waste by waste management operations,A,Annual,DSP_I_RCV_E,Disposal - incineration (D10) and recovery - energy recovery (R1),KG_HAB,Kilograms per capita,DE,Germany,2007,,211,,i,value imputed by Eurostat or other receiving agencies,,
dataflow,ESTAT:ENV_WASMUN(1.0),Municipal waste by waste management operations,A,Annual,DSP_I_RCV_E,Disposal - incineration (D10) and recovery - energy recovery (R1),KG_HAB,Kilograms per capita,DE,Germany,2008,,210,,i,value imputed by Eurostat or other receiving agencies,,
dataflow,ESTAT:ENV_WASMUN(1.0),Municipal waste by waste management operations,A,Annual,DSP_I_RCV_E,Disposal - incineration (D10) and recovery - energy recovery (R1),KG_HAB,Kilograms per capita,DE,Germany,2009,,216,,i,value imputed by Eurostat or other receiving agencies,,
dataflow,ESTAT:ENV_WASMUN(1.0),Municipal waste by waste management operations,A,Annual,DSP_I_RCV_E,Disposal - incineration (D10) and recovery - energy recovery (R1),KG_HAB,Kilograms per capita,DE,Germany,2010,,223,,i,value imputed by Eurostat or other receiving agencies,,
dataflow,ESTAT:ENV_WASMUN(1.0),Municipal waste by waste management operations,A,Annual,DSP_I_RCV_E,Disposal - incineration (D10) and recovery - energy recovery (R1),KG_HAB,Kilograms per capita,DE,Germany,2011,,229,,i,value imputed by Eurostat or other receiving agencies,,
dataflow,ESTAT:ENV_WASMUN(1.0),Municipal waste by waste management operations,A,Annual,DSP_I_RCV_E,Disposal - incineration (D10) and recovery - energy recovery (R1),KG_HAB,Kilograms per capita,DE,Germany,2012,,214,,i,value imputed by Eurostat or other receiving agencies,,
dataflow,ESTAT:ENV_WASMUN(1.0),Municipal waste by waste management operations,A,Annual,DSP_I_RCV_E,Disposal - incineration (D10) and recovery - energy recovery (R1),KG_HAB,Kilograms per capita,DE,Germany,2013,,207,,i,value imputed by Eurostat or other receiving agencies,,
dataflow,ESTAT:ENV_WASMUN(1.0),Municipal waste by waste management operations,A,Annual,DSP_I_RCV_E,Disposal - incineration (D10) and recovery - energy recovery (R1),KG_HAB,Kilograms per capita,DE,Germany,2014,,208,,i,value imputed by Eurostat or other receiving agencies,,
dataflow,ESTAT:ENV_WASMUN(1.0),Municipal waste by waste management operations,A,Annual,DSP_I_RCV_E,Disposal - incineration (D10) and recovery - energy recovery (R1),KG_HAB,Kilograms per capita,DE,Germany,2015,,202,,i,value imputed by Eurostat or other receiving agencies,,
dataflow,ESTAT:ENV_WASMUN(1.0),Municipal waste by waste management operations,A,Annual,DSP_I_RCV_E,Disposal - incineration (D10) and recovery - energy recovery (R1),KG_HAB,Kilograms per capita,DE,Germany,2016,,202,,i,value imputed by Eurostat or other receiving agencies,,
dataflow,ESTAT:ENV_WASMUN(1.0),Municipal waste by waste management operations,A,Annual,DSP_I_RCV_E,Disposal - incineration (D10) and recovery - energy recovery (R1),KG_HAB,Kilograms per capita,DE,Germany,2017,,200,,i,value imputed by Eurostat or other receiving agencies,,
dataflow,ESTAT:ENV_WASMUN(1.0),Municipal waste by waste management operations,A,Annual,DSP_I_RCV_E,Disposal - incineration (D10) and recovery - energy recovery (R1),KG_HAB,Kilograms per capita,DE,Germany,2018,,195,,i,value imputed by Eurostat or other receiving agencies,,
dataflow,ESTAT:ENV_WASMUN(1.0),Municipal waste by waste management operations,A,Annual,DSP_I_RCV_E,Disposal - incineration (D10) and recovery - energy recovery (R1),KG_HAB,Kilograms per capita,DE,Germany,2019,,198,,i,value imputed by Eurostat or other receiving agencies,,
dataflow,ESTAT:ENV_WASMUN(1.0),Municipal waste by waste management operations,A,Annual,DSP_I_RCV_E,Disposal - incineration (D10) and recovery - energy recovery (R1),KG_HAB,Kilograms per capita,DE,Germany,2020,,194,,i,value imputed by Eurostat or other receiving agencies,,
dataflow,ESTAT:ENV_WASMUN(1.0),Municipal waste by waste management operations,A,Annual,DSP_I_RCV_E,Disposal - incineration (D10) and recovery - energy recovery (R1),KG_HAB,Kilograms per capita,DE,Germany,2021,,191,,i,value imputed by Eurostat or other receiving agencies,,
dataflow,ESTAT:ENV_WASMUN(1.0),Municipal waste by waste management operations,A,Annual,DSP_I_RCV_E,Disposal - incineration (D10) and recovery - energy recovery (R1),KG_HAB,Kilograms per capita,DE,Germany,2022,,182,,i,value imputed by Eurostat or other receiving agencies,,
dataflow,ESTAT:ENV_WASMUN(1.0),Municipal waste by waste management operations,A,Annual,DSP_I_RCV_E,Disposal - incineration (D10) and recovery - energy recovery (R1),KG_HAB,Kilograms per capita,DE,Germany,2023,,184,,i,value imputed by Eurostat or other receiving agencies,,
dataflow,ESTAT:ENV_WASMUN(1.0),Municipal waste by waste management operations,A,Annual,DSP_I_RCV_E,Disposal - incineration (D10) and recovery - energy recovery (R1),KG_HAB,Kilograms per capita,DK,Denmark,1995,,293,,be,"break in time series, estimated",,
dataflow,ESTAT:ENV_WASMUN(1.0),Municipal waste by waste management operations,A,Annual,DSP_I_RCV_E,Disposal - incineration (D10) and recovery - energy recovery (R1),KG_HAB,Kilograms per capita,DK,Denmark,1996,,307,,,,,
dataflow,ESTAT:ENV_WASMUN(1.0),Municipal waste by waste management operations,A,Annual,DSP_I_RCV_E,Disposal - incineration (D10) and recovery - energy recovery (R1),KG_HAB,Kilograms per capita,DK,Denmark,1997,,314,,,,,
dataflow,ESTAT:ENV_WASMUN(1.0),Municipal waste by waste management operations,A,Annual,DSP_I_RCV_E,Disposal - incineration (D10) and recovery - energy recovery (R1),KG_HAB,Kilograms per capita,DK,Denmark,1998,,312,,,,,
dataflow,ESTAT:ENV_WASMUN(1.0),Municipal waste by waste management operations,A,Annual,DSP_I_RCV_E,Disposal - incineration (D10) and recovery - energy recovery (R1),KG_HAB,Kilograms per capita,DK,Denmark,1999,,314,,,,,
dataflow,ESTAT:ENV_WASMUN(1.0),Municipal waste by waste management operations,A,Annual,DSP_I_RCV_E,Disposal - incineration (D10) and recovery - energy recovery (R1),KG_HAB,Kilograms per capita,DK,Denmark,2000,,351,,,,,
dataflow,ESTAT:ENV_WASMUN(1.0),Municipal waste by waste management operations,A,Annual,DSP_I_RCV_E,Disposal - incineration (D10) and recovery - energy recovery (R1),KG_HAB,Kilograms per capita,DK,Denmark,2001,,373,,,,,
dataflow,ESTAT:ENV_WASMUN(1.0),Municipal waste by waste management operations,A,Annual,DSP_I_RCV_E,Disposal - incineration (D10) and recovery - energy recovery (R1),KG_HAB,Kilograms per capita,DK,Denmark,2002,,374,,,,,
dataflow,ESTAT:ENV_WASMUN(1.0),Municipal waste by waste management operations,A,Annual,DSP_I_RCV_E,Disposal - incineration (D10) and recovery - energy recovery (R1),KG_HAB,Kilograms per capita,DK,Denmark,2003,,363,,,,,
dataflow,ESTAT:ENV_WASMUN(1.0),Municipal waste by waste management operations,A,Annual,DSP_I_RCV_E,Disposal - incineration (D10) and recovery - energy recovery (R1),KG_HAB,Kilograms per capita,DK,Denmark,2004,,379,,,,,
dataflow,ESTAT:ENV_WASMUN(1.0),Municipal waste by waste management operations,A,Annual,DSP_I_RCV_E,Disposal - incineration (D10) and recovery - energy recovery (R1),KG_HAB,Kilograms per capita,DK,Denmark,2005,,396,,,,,
dataflow,ESTAT:ENV_WASMUN(1.0),Municipal waste by waste management operations,A,Annual,DSP_I_RCV_E,Disposal - incineration (D10) and recovery - energy recovery (R1),KG_HAB,Kilograms per capita,DK,Denmark,2006,,393,,,,,
dataflow,ESTAT:ENV_WASMUN(1.0),Municipal waste by waste management operations,A,Annual,DSP_I_RCV_E,Disposal - incineration (D10) and recovery - energy recovery (R1),KG_HAB,Kilograms per capita,DK,Denmark,2007,,403,,,,,
dataflow,ESTAT:ENV_WASMUN(1.0),Municipal waste by waste management operations,A,Annual,DSP_I_RCV_E,Disposal - incineration (D10) and recovery - energy recovery (R1),KG_HAB,Kilograms per capita,DK,Denmark,2008,,400,,,,,
dataflow,ESTAT:ENV_WASMUN(1.0),Municipal waste by waste management operations,A,Annual,DSP_I_RCV_E,Disposal - incineration (D10) and recovery - energy recovery (R1),KG_HAB,Kilograms per capita,DK,Denmark,2009,,367,,e,estimated,,
dataflow,ESTAT:ENV_WASMUN(1.0),Municipal waste by waste management operations,A,Annual,DSP_I_RCV_E,Disposal - incineration (D10) and recovery - energy recovery (R1),KG_HAB,Kilograms per capita,DK,Denmark,2011,,474,,b,break in time series,,
dataflow,ESTAT:ENV_WASMUN(1.0),Municipal waste by waste management operations,A,Annual,DSP_I_RCV_E,Disposal - incineration (D10) and recovery - energy recovery (R1),KG_HAB,Kilograms per capita,DK,Denmark,2012,,446,,,,,
dataflow,ESTAT:ENV_WASMUN(1.0),Municipal waste by waste management operations,A,Annual,DSP_I_RCV_E,Disposal - incineration (D10) and recovery - energy recovery (R1),KG_HAB,Kilograms per capita,DK,Denmark,2013,,447,,,,,
dataflow,ESTAT:ENV_WASMUN(1.0),Municipal waste by waste management operations,A,Annual,DSP_I_RCV_E,Disposal - incineration (D10) and recovery - energy recovery (R1),KG_HAB,Kilograms per capita,DK,Denmark,2014,,430,,,,,
dataflow,ESTAT:ENV_WASMUN(1.0),Municipal waste by waste management operations,A,Annual,DSP_I_RCV_E,Disposal - incineration (D10) and recovery - energy recovery (R1),KG_HAB,Kilograms per capita,DK,Denmark,2015,,422,,,,,
dataflow,ESTAT:ENV_WASMUN(1.0),Municipal waste by waste management operations,A,Annual,DSP_I_RCV_E,Disposal - incineration (D10) and recovery - energy recovery (R1),KG_HAB,Kilograms per capita,DK,Denmark,2016,,419,,,,,
dataflow,ESTAT:ENV_WASMUN(1.0),Municipal waste by waste management operations,A,Annual,DSP_I_RCV_E,Disposal - incineration (D10) and recovery - energy recovery (R1),KG_HAB,Kilograms per capita,DK,Denmark,2017,,421,,,,,
dataflow,ESTAT:ENV_WASMUN(1.0),Municipal waste by waste management operations,A,Annual,DSP_I_RCV_E,Disposal - incineration (D10) and recovery - energy recovery (R1),KG_HAB,Kilograms per capita,DK,Denmark,2018,,397,,,,,
dataflow,ESTAT:ENV_WASMUN(1.0),Municipal waste by waste management operations,A,Annual,DSP_I_RCV_E,Disposal - incineration (D10) and recovery - energy recovery (R1),KG_HAB,Kilograms per capita,DK,Denmark,2019,,401,,,,,
dataflow,ESTAT:ENV_WASMUN(1.0),Municipal waste by waste management operations,A,Annual,DSP_I_RCV_E,Disposal - incineration (D10) and recovery - energy recovery (R1),KG_HAB,Kilograms per capita,DK,Denmark,2020,,435,,,,,
dataflow,ESTAT:ENV_WASMUN(1.0),Municipal waste by waste management operations,A,Annual,DSP_I_RCV_E,Disposal - incineration (D10) and recovery - energy recovery (R1),KG_HAB,Kilograms per capita,DK,Denmark,2021,,318,,,,,
dataflow,ESTAT:ENV_WASMUN(1.0),Municipal waste by waste management operations,A,Annual,DSP_I_RCV_E,Disposal - incineration (D10) and recovery - energy recovery (R1),KG_HAB,Kilograms per capita,DK,Denmark,2022,,364,,,,,
dataflow,ESTAT:ENV_WASMUN(1.0),Municipal waste by waste management operations,A,Annual,DSP_I_RCV_E,Disposal - incineration (D10) and recovery - energy recovery (R1),KG_HAB,Kilograms per capita,EE,Estonia,1995,,0,,,,,
dataflow,ESTAT:ENV_WASMUN(1.0),Municipal waste by waste management operations,A,Annual,DSP_I_RCV_E,Disposal - incineration (D10) and recovery - energy recovery (R1),KG_HAB,Kilograms per capita,EE,Estonia,1996,,0,,,,,
dataflow,ESTAT:ENV_WASMUN(1.0),Municipal waste by waste management operations,A,Annual,DSP_I_RCV_E,Disposal - incineration (D10) and recovery - energy recovery (R1),KG_HAB,Kilograms per capita,EE,Estonia,1997,,0,,,,,
dataflow,ESTAT:ENV_WASMUN(1.0),Municipal waste by waste management operations,A,Annual,DSP_I_RCV_E,Disposal - incineration (D10) and recovery - energy recovery (R1),KG_HAB,Kilograms per capita,EE,Estonia,1998,,0,,,,,
dataflow,ESTAT:ENV_WASMUN(1.0),Municipal waste by waste management operations,A,Annual,DSP_I_RCV_E,Disposal - incineration (D10) and recovery - energy recovery (R1),KG_HAB,Kilograms per capita,EE,Estonia,1999,,0,,,,,
dataflow,ESTAT:ENV_WASMUN(1.0),Municipal waste by waste management operations,A,Annual,DSP_I_RCV_E,Disposal - incineration (D10) and recovery - energy recovery (R1),KG_HAB,Kilograms per capita,EE,Estonia,2000,,0,,,,,
dataflow,ESTAT:ENV_WASMUN(1.0),Municipal waste by waste management operations,A,Annual,DSP_I_RCV_E,Disposal - incineration (D10) and recovery - energy recovery (R1),KG_HAB,Kilograms per capita,EE,Estonia,2001,,0,,,,,
dataflow,ESTAT:ENV_WASMUN(1.0),Municipal waste by waste management operations,A,Annual,DSP_I_RCV_E,Disposal - incineration (D10) and recovery - energy recovery (R1),KG_HAB,Kilograms per capita,EE,Estonia,2002,,0,,,,,
dataflow,ESTAT:ENV_WASMUN(1.0),Municipal waste by waste management operations,A,Annual,DSP_I_RCV_E,Disposal - incineration (D10) and recovery - energy recovery (R1),KG_HAB,Kilograms per capita,EE,Estonia,2003,,0,,,,,
dataflow,ESTAT:ENV_WASMUN(1.0),Municipal waste by waste management operations,A,Annual,DSP_I_RCV_E,Disposal - incineration (D10) and recovery - energy recovery (R1),KG_HAB,Kilograms per capita,EE,Estonia,2004,,0,,,,,
dataflow,ESTAT:ENV_WASMUN(1.0),Municipal waste by waste management operations,A,Annual,DSP_I_RCV_E,Disposal - incineration (D10) and recovery - energy recovery (R1),KG_HAB,Kilograms per capita,EE,Estonia,2005,,0,,,,,
dataflow,ESTAT:ENV_WASMUN(1.0),Municipal waste by waste management operations,A,Annual,DSP_I_RCV_E,Disposal - incineration (D10) and recovery - energy recovery (R1),KG_HAB,Kilograms per capita,EE,Estonia,2006,,1,,,,,
dataflow,ESTAT:ENV_WASMUN(1.0),Municipal waste by waste management operations,A,Annual,DSP_I_RCV_E,Disposal - incineration (D10) and recovery - energy recovery (R1),KG_HAB,Kilograms per capita,EE,Estonia,2007,,1,,,,,
dataflow,ESTAT:ENV_WASMUN(1.0),Municipal waste by waste management operations,A,Annual,DSP_I_RCV_E,Disposal - incineration (D10) and recovery - energy recovery (R1),KG_HAB,Kilograms per capita,EE,Estonia,2008,,1,,,,,
dataflow,ESTAT:ENV_WASMUN(1.0),Municipal waste by waste management operations,A,Annual,DSP_I_RCV_E,Disposal - incineration (D10) and recovery - energy recovery (R1),KG_HAB,Kilograms per capita,EE,Estonia,2009,,0,,,,,
dataflow,ESTAT:ENV_WASMUN(1.0),Municipal waste by waste management operations,A,Annual,DSP_I_RCV_E,Disposal - incineration (D10) and recovery - energy recovery (R1),KG_HAB,Kilograms per capita,EE,Estonia,2010,,0,,,,,
dataflow,ESTAT:ENV_WASMUN(1.0),Municipal waste by waste management operations,A,Annual,DSP_I_RCV_E,Disposal - incineration (D10) and recovery - energy recovery (R1),KG_HAB,Kilograms per capita,EE,Estonia,2011,,0,,,,,
dataflow,ESTAT:ENV_WASMUN(1.0),Municipal waste by waste management operations,A,Annual,DSP_I_RCV_E,Disposal - incineration (D10) and recovery - energy recovery (R1),KG_HAB,Kilograms per capita,EE,Estonia,2012,,35,,,,,
dataflow,ESTAT:ENV_WASMUN(1.0),Municipal waste by waste management operations,A,Annual,DSP_I_RCV_E,Disposal - incineration (D10) and recovery - energy recovery (R1),KG_HAB,Kilograms per capita,EE,Estonia,2013,,163,,,,,
dataflow,ESTAT:ENV_WASMUN(1.0),Municipal waste by waste management operations,A,Annual,DSP_I_RCV_E,Disposal - incineration (D10) and recovery - energy recovery (R1),KG_HAB,Kilograms per capita,EE,Estonia,2014,,169,,,,,
dataflow,ESTAT:ENV_WASMUN(1.0),Municipal waste by waste management operations,A,Annual,DSP_I_RCV_E,Disposal - incineration (D10) and recovery - energy recovery (R1),KG_HAB,Kilograms per capita,EE,Estonia,2015,,185,,,,,
dataflow,ESTAT:ENV_WASMUN(1.0),Municipal waste by waste management operations,A,Annual,DSP_I_RCV_E,Disposal - incineration (D10) and recovery - energy recovery (R1),KG_HAB,Kilograms per capita,EE,Estonia,2016,,184,,,,,
dataflow,ESTAT:ENV_WASMUN(1.0),Municipal waste by waste management operations,A,Annual,DSP_I_RCV_E,Disposal - incineration (D10) and recovery - energy recovery (R1),KG_HAB,Kilograms per capita,EE,Estonia,2017,,165,,,,,
dataflow,ESTAT:ENV_WASMUN(1.0),Municipal waste by waste management operations,A,Annual,DSP_I_RCV_E,Disposal - incineration (D10) and recovery - energy recovery (R1),KG_HAB,Kilograms per capita,EE,Estonia,2018,,167,,,,,
dataflow,ESTAT:ENV_WASMUN(1.0),Municipal waste by waste management operations,A,Annual,DSP_I_RCV_E,Disposal - incineration (D10) and recovery - energy recovery (R1),KG_HAB,Kilograms per capita,EE,Estonia,2019,,167,,,,,
dataflow,ESTAT:ENV_WASMUN(1.0),Municipal waste by waste management operations,A,Annual,DSP_I_RCV_E,Disposal - incineration (D10) and recovery - energy recovery (R1),KG_HAB,Kilograms per capita,EE,Estonia,2020,,164,,,,,
dataflow,ESTAT:ENV_WASMUN(1.0),Municipal waste by waste management operations,A,Annual,DSP_I_RCV_E,Disposal - incineration (D10) and recovery - energy recovery (R1),KG_HAB,Kilograms per capita,EE,Estonia,2021,,192,,,,,
dataflow,ESTAT:ENV_WASMUN(1.0),Municipal waste by waste management operations,A,Annual,DSP_I_RCV_E,Disposal - incineration (D10) and recovery - energy recovery (R1),KG_HAB,Kilograms per capita,EE,Estonia,2022,,157,,,,,
dataflow,ESTAT:ENV_WASMUN(1.0),Municipal waste by waste management operations,A,Annual,DSP_I_RCV_E,Disposal - incineration (D10) and recovery - energy recovery (R1),KG_HAB,Kilograms per capita,EE,Estonia,2023,,159,,,,,
dataflow,ESTAT:ENV_WASMUN(1.0),Municipal waste by waste management operations,A,Annual,DSP_I_RCV_E,Disposal - incineration (D10) and recovery - energy recovery (R1),KG_HAB,Kilograms per capita,EL,Greece,1997,,0,,,,,
dataflow,ESTAT:ENV_WASMUN(1.0),Municipal waste by waste management operations,A,Annual,DSP_I_RCV_E,Disposal - incineration (D10) and recovery - energy recovery (R1),KG_HAB,Kilograms per capita,EL,Greece,1998,,0,,,,,
dataflow,ESTAT:ENV_WASMUN(1.0),Municipal waste by waste management operations,A,Annual,DSP_I_RCV_E,Disposal - incineration (D10) and recovery - energy recovery (R1),KG_HAB,Kilograms per capita,EL,Greece,1999,,0,,,,,
dataflow,ESTAT:ENV_WASMUN(1.0),Municipal waste by waste management operations,A,Annual,DSP_I_RCV_E,Disposal - incineration (D10) and recovery - energy recovery (R1),KG_HAB,Kilograms per capita,EL,Greece,2000,,0,,,,,
dataflow,ESTAT:ENV_WASMUN(1.0),Municipal waste by waste management operations,A,Annual,DSP_I_RCV_E,Disposal - incineration (D10) and recovery - energy recovery (R1),KG_HAB,Kilograms per capita,EL,Greece,2001,,0,,,,,
dataflow,ESTAT:ENV_WASMUN(1.0),Municipal waste by waste management operations,A,Annual,DSP_I_RCV_E,Disposal - incineration (D10) and recovery - energy recovery (R1),KG_HAB,Kilograms per capita,EL,Greece,2002,,0,,,,,
dataflow,ESTAT:ENV_WASMUN(1.0),Municipal waste by waste management operations,A,Annual,DSP_I_RCV_E,Disposal - incineration (D10) and recovery - energy recovery (R1),KG_HAB,Kilograms per capita,EL,Greece,2003,,0,,,,,
dataflow,ESTAT:ENV_WASMUN(1.0),Municipal waste by waste management operations,A,Annual,DSP_I_RCV_E,Disposal - incineration (D10) and recovery - energy recovery (R1),KG_HAB,Kilograms per capita,EL,Greece,2004,,0,,,,,
dataflow,ESTAT:ENV_WASMUN(1.0),Municipal waste by waste management operations,A,Annual,DSP_I_RCV_E,Disposal - incineration (D10) and recovery - energy recovery (R1),KG_HAB,Kilograms per capita,EL,Greece,2005,,0,,,,,
dataflow,ESTAT:ENV_WASMUN(1.0),Municipal waste by waste management operations,A,Annual,DSP_I_RCV_E,Disposal - incineration (D10) and recovery - energy recovery (R1),KG_HAB,Kilograms per capita,EL,Greece,2006,,0,,,,,
dataflow,ESTAT:ENV_WASMUN(1.0),Municipal waste by waste management operations,A,Annual,DSP_I_RCV_E,Disposal - incineration (D10) and recovery - energy recovery (R1),KG_HAB,Kilograms per capita,EL,Greece,2007,,0,,,,,
dataflow,ESTAT:ENV_WASMUN(1.0),Municipal waste by waste management operations,A,Annual,DSP_I_RCV_E,Disposal - incineration (D10) and recovery - energy recovery (R1),KG_HAB,Kilograms per capita,EL,Greece,2008,,0,,,,,
dataflow,ESTAT:ENV_WASMUN(1.0),Municipal waste by waste management operations,A,Annual,DSP_I_RCV_E,Disposal - incineration (D10) and recovery - energy recovery (R1),KG_HAB,Kilograms per capita,EL,Greece,2009,,0,,,,,
dataflow,ESTAT:ENV_WASMUN(1.0),Municipal waste by waste management operations,A,Annual,DSP_I_RCV_E,Disposal - incineration (D10) and recovery - energy recovery (R1),KG_HAB,Kilograms per capita,EL,Greece,2010,,0,,,,,
dataflow,ESTAT:ENV_WASMUN(1.0),Municipal waste by waste management operations,A,Annual,DSP_I_RCV_E,Disposal - incineration (D10) and recovery - energy recovery (R1),KG_HAB,Kilograms per capita,EL,Greece,2011,,1,,,,,
dataflow,ESTAT:ENV_WASMUN(1.0),Municipal waste by waste management operations,A,Annual,DSP_I_RCV_E,Disposal - incineration (D10) and recovery - energy recovery (R1),KG_HAB,Kilograms per capita,EL,Greece,2012,,3,,,,,
dataflow,ESTAT:ENV_WASMUN(1.0),Municipal waste by waste management operations,A,Annual,DSP_I_RCV_E,Disposal - incineration (D10) and recovery - energy recovery (R1),KG_HAB,Kilograms per capita,EL,Greece,2016,,3,,i,value imputed by Eurostat or other receiving agencies,,
dataflow,ESTAT:ENV_WASMUN(1.0),Municipal waste by waste management operations,A,Annual,DSP_I_RCV_E,Disposal - incineration (D10) and recovery - energy recovery (R1),KG_HAB,Kilograms per capita,EL,Greece,2017,,5,,i,value imputed by Eurostat or other receiving agencies,,
dataflow,ESTAT:ENV_WASMUN(1.0),Municipal waste by waste management operations,A,Annual,DSP_I_RCV_E,Disposal - incineration (D10) and recovery - energy recovery (R1),KG_HAB,Kilograms per capita,EL,Greece,2018,,8,,i,value imputed by Eurostat or other receiving agencies,,
dataflow,ESTAT:ENV_WASMUN(1.0),Municipal waste by waste management operations,A,Annual,DSP_I_RCV_E,Disposal - incineration (D10) and recovery - energy recovery (R1),KG_HAB,Kilograms per capita,EL,Greece,2019,,7,,,,,
dataflow,ESTAT:ENV_WASMUN(1.0),Municipal waste by waste management operations,A,Annual,DSP_I_RCV_E,Disposal - incineration (D10) and recovery - energy recovery (R1),KG_HAB,Kilograms per capita,EL,Greece,2020,,8,,,,,
dataflow,ESTAT:ENV_WASMUN(1.0),Municipal waste by waste management operations,A,Annual,DSP_I_RCV_E,Disposal - incineration (D10) and recovery - energy recovery (R1),KG_HAB,Kilograms per capita,EL,Greece,2021,,8,,,,,
dataflow,ESTAT:ENV_WASMUN(1.0),Municipal waste by waste management operations,A,Annual,DSP_I_RCV_E,Disposal - incineration (D10) and recovery - energy recovery (R1),KG_HAB,Kilograms per capita,EL,Greece,2022,,8,,,,,
dataflow,ESTAT:ENV_WASMUN(1.0),Municipal waste by waste management operations,A,Annual,DSP_I_RCV_E,Disposal - incineration (D10) and recovery - energy recovery (R1),KG_HAB,Kilograms per capita,ES,Spain,1995,,24,,,,,
dataflow,ESTAT:ENV_WASMUN(1.0),Municipal waste by waste management operations,A,Annual,DSP_I_RCV_E,Disposal - incineration (D10) and recovery - energy recovery (R1),KG_HAB,Kilograms per capita,ES,Spain,1996,,24,,,,,
dataflow,ESTAT:ENV_WASMUN(1.0),Municipal waste by waste management operations,A,Annual,DSP_I_RCV_E,Disposal - incineration (D10) and recovery - energy recovery (R1),KG_HAB,Kilograms per capita,ES,Spain,1997,,35,,,,,
dataflow,ESTAT:ENV_WASMUN(1.0),Municipal waste by waste management operations,A,Annual,DSP_I_RCV_E,Disposal - incineration (D10) and recovery - energy recovery (R1),KG_HAB,Kilograms per capita,ES,Spain,1998,,37,,,,,
dataflow,ESTAT:ENV_WASMUN(1.0),Municipal waste by waste management operations,A,Annual,DSP_I_RCV_E,Disposal - incineration (D10) and recovery - energy recovery (R1),KG_HAB,Kilograms per capita,ES,Spain,1999,,35,,,,,
dataflow,ESTAT:ENV_WASMUN(1.0),Municipal waste by waste management operations,A,Annual,DSP_I_RCV_E,Disposal - incineration (D10) and recovery - energy recovery (R1),KG_HAB,Kilograms per capita,ES,Spain,2000,,36,,,,,
dataflow,ESTAT:ENV_WASMUN(1.0),Municipal waste by waste management operations,A,Annual,DSP_I_RCV_E,Disposal - incineration (D10) and recovery - energy recovery (R1),KG_HAB,Kilograms per capita,ES,Spain,2001,,36,,,,,
dataflow,ESTAT:ENV_WASMUN(1.0),Municipal waste by waste management operations,A,Annual,DSP_I_RCV_E,Disposal - incineration (D10) and recovery - energy recovery (R1),KG_HAB,Kilograms per capita,ES,Spain,2002,,38,,,,,
dataflow,ESTAT:ENV_WASMUN(1.0),Municipal waste by waste management operations,A,Annual,DSP_I_RCV_E,Disposal - incineration (D10) and recovery - energy recovery (R1),KG_HAB,Kilograms per capita,ES,Spain,2003,,42,,,,,
dataflow,ESTAT:ENV_WASMUN(1.0),Municipal waste by waste management operations,A,Annual,DSP_I_RCV_E,Disposal - incineration (D10) and recovery - energy recovery (R1),KG_HAB,Kilograms per capita,ES,Spain,2004,,31,,,,,
dataflow,ESTAT:ENV_WASMUN(1.0),Municipal waste by waste management operations,A,Annual,DSP_I_RCV_E,Disposal - incineration (D10) and recovery - energy recovery (R1),KG_HAB,Kilograms per capita,ES,Spain,2005,,44,,,,,
dataflow,ESTAT:ENV_WASMUN(1.0),Municipal waste by waste management operations,A,Annual,DSP_I_RCV_E,Disposal - incineration (D10) and recovery - energy recovery (R1),KG_HAB,Kilograms per capita,ES,Spain,2006,,54,,,,,
dataflow,ESTAT:ENV_WASMUN(1.0),Municipal waste by waste management operations,A,Annual,DSP_I_RCV_E,Disposal - incineration (D10) and recovery - energy recovery (R1),KG_HAB,Kilograms per capita,ES,Spain,2007,,57,,,,,
dataflow,ESTAT:ENV_WASMUN(1.0),Municipal waste by waste management operations,A,Annual,DSP_I_RCV_E,Disposal - incineration (D10) and recovery - energy recovery (R1),KG_HAB,Kilograms per capita,ES,Spain,2008,,47,,,,,
dataflow,ESTAT:ENV_WASMUN(1.0),Municipal waste by waste management operations,A,Annual,DSP_I_RCV_E,Disposal - incineration (D10) and recovery - energy recovery (R1),KG_HAB,Kilograms per capita,ES,Spain,2009,,48,,,,,
dataflow,ESTAT:ENV_WASMUN(1.0),Municipal waste by waste management operations,A,Annual,DSP_I_RCV_E,Disposal - incineration (D10) and recovery - energy recovery (R1),KG_HAB,Kilograms per capita,ES,Spain,2010,,44,,,,,
dataflow,ESTAT:ENV_WASMUN(1.0),Municipal waste by waste management operations,A,Annual,DSP_I_RCV_E,Disposal - incineration (D10) and recovery - energy recovery (R1),KG_HAB,Kilograms per capita,ES,Spain,2011,,50,,,,,
dataflow,ESTAT:ENV_WASMUN(1.0),Municipal waste by waste management operations,A,Annual,DSP_I_RCV_E,Disposal - incineration (D10) and recovery - energy recovery (R1),KG_HAB,Kilograms per capita,ES,Spain,2012,,45,,,,,
dataflow,ESTAT:ENV_WASMUN(1.0),Municipal waste by waste management operations,A,Annual,DSP_I_RCV_E,Disposal - incineration (D10) and recovery - energy recovery (R1),KG_HAB,Kilograms per capita,ES,Spain,2013,,53,,,,,
dataflow,ESTAT:ENV_WASMUN(1.0),Municipal waste by waste management operations,A,Annual,DSP_I_RCV_E,Disposal - incineration (D10) and recovery - energy recovery (R1),KG_HAB,Kilograms per capita,ES,Spain,2014,,52,,,,,
dataflow,ESTAT:ENV_WASMUN(1.0),Municipal waste by waste management operations,A,Annual,DSP_I_RCV_E,Disposal - incineration (D10) and recovery - energy recovery (R1),KG_HAB,Kilograms per capita,ES,Spain,2015,,58,,,,,
dataflow,ESTAT:ENV_WASMUN(1.0),Municipal waste by waste management operations,A,Annual,DSP_I_RCV_E,Disposal - incineration (D10) and recovery - energy recovery (R1),KG_HAB,Kilograms per capita,ES,Spain,2016,,56,,,,,
dataflow,ESTAT:ENV_WASMUN(1.0),Municipal waste by waste management operations,A,Annual,DSP_I_RCV_E,Disposal - incineration (D10) and recovery - energy recovery (R1),KG_HAB,Kilograms per capita,ES,Spain,2017,,60,,,,,
dataflow,ESTAT:ENV_WASMUN(1.0),Municipal waste by waste management operations,A,Annual,DSP_I_RCV_E,Disposal - incineration (D10) and recovery - energy recovery (R1),KG_HAB,Kilograms per capita,ES,Spain,2018,,55,,,,,
dataflow,ESTAT:ENV_WASMUN(1.0),Municipal waste by waste management operations,A,Annual,DSP_I_RCV_E,Disposal - incineration (D10) and recovery - energy recovery (R1),KG_HAB,Kilograms per capita,ES,Spain,2019,,52,,,,,
dataflow,ESTAT:ENV_WASMUN(1.0),Municipal waste by waste management operations,A,Annual,DSP_I_RCV_E,Disposal - incineration (D10) and recovery - energy recovery (R1),KG_HAB,Kilograms per capita,ES,Spain,2020,,47,,,,,
dataflow,ESTAT:ENV_WASMUN(1.0),Municipal waste by waste management operations,A,Annual,DSP_I_RCV_E,Disposal - incineration (D10) and recovery - energy recovery (R1),KG_HAB,Kilograms per capita,ES,Spain,2021,,51,,,,,
dataflow,ESTAT:ENV_WASMUN(1.0),Municipal waste by waste management operations,A,Annual,DSP_I_RCV_E,Disposal - incineration (D10) and recovery - energy recovery (R1),KG_HAB,Kilograms per capita,ES,Spain,2022,,49,,p,provisional,,
dataflow,ESTAT:ENV_WASMUN(1.0),Municipal waste by waste management operations,A,Annual,DSP_I_RCV_E,Disposal - incineration (D10) and recovery - energy recovery (R1),KG_HAB,Kilograms per capita,ES,Spain,2023,,49,,e,estimated,,
dataflow,ESTAT:ENV_WASMUN(1.0),Municipal waste by waste management operations,A,Annual,DSP_I_RCV_E,Disposal - incineration (D10) and recovery - energy recovery (R1),KG_HAB,Kilograms per capita,EU27_2020,European Union - 27 countries (from 2020),1995,,70,,i,value imputed by Eurostat or other receiving agencies,,
dataflow,ESTAT:ENV_WASMUN(1.0),Municipal waste by waste management operations,A,Annual,DSP_I_RCV_E,Disposal - incineration (D10) and recovery - energy recovery (R1),KG_HAB,Kilograms per capita,EU27_2020,European Union - 27 countries (from 2020),1996,,71,,i,value imputed by Eurostat or other receiving agencies,,
dataflow,ESTAT:ENV_WASMUN(1.0),Municipal waste by waste management operations,A,Annual,DSP_I_RCV_E,Disposal - incineration (D10) and recovery - energy recovery (R1),KG_HAB,Kilograms per capita,EU27_2020,European Union - 27 countries (from 2020),1997,,77,,i,value imputed by Eurostat or other receiving agencies,,
dataflow,ESTAT:ENV_WASMUN(1.0),Municipal waste by waste management operations,A,Annual,DSP_I_RCV_E,Disposal - incineration (D10) and recovery - energy recovery (R1),KG_HAB,Kilograms per capita,EU27_2020,European Union - 27 countries (from 2020),1998,,78,,i,value imputed by Eurostat or other receiving agencies,,
dataflow,ESTAT:ENV_WASMUN(1.0),Municipal waste by waste management operations,A,Annual,DSP_I_RCV_E,Disposal - incineration (D10) and recovery - energy recovery (R1),KG_HAB,Kilograms per capita,EU27_2020,European Union - 27 countries (from 2020),1999,,79,,i,value imputed by Eurostat or other receiving agencies,,
dataflow,ESTAT:ENV_WASMUN(1.0),Municipal waste by waste management operations,A,Annual,DSP_I_RCV_E,Disposal - incineration (D10) and recovery - energy recovery (R1),KG_HAB,Kilograms per capita,EU27_2020,European Union - 27 countries (from 2020),2000,,84,,i,value imputed by Eurostat or other receiving agencies,,
dataflow,ESTAT:ENV_WASMUN(1.0),Municipal waste by waste management operations,A,Annual,DSP_I_RCV_E,Disposal - incineration (D10) and recovery - energy recovery (R1),KG_HAB,Kilograms per capita,EU27_2020,European Union - 27 countries (from 2020),2001,,87,,i,value imputed by Eurostat or other receiving agencies,,
dataflow,ESTAT:ENV_WASMUN(1.0),Municipal waste by waste management operations,A,Annual,DSP_I_RCV_E,Disposal - incineration (D10) and recovery - energy recovery (R1),KG_HAB,Kilograms per capita,EU27_2020,European Union - 27 countries (from 2020),2002,,90,,i,value imputed by Eurostat or other receiving agencies,,
dataflow,ESTAT:ENV_WASMUN(1.0),Municipal waste by waste management operations,A,Annual,DSP_I_RCV_E,Disposal - incineration (D10) and recovery - energy recovery (R1),KG_HAB,Kilograms per capita,EU27_2020,European Union - 27 countries (from 2020),2003,,90,,i,value imputed by Eurostat or other receiving agencies,,
dataflow,ESTAT:ENV_WASMUN(1.0),Municipal waste by waste management operations,A,Annual,DSP_I_RCV_E,Disposal - incineration (D10) and recovery - energy recovery (R1),KG_HAB,Kilograms per capita,EU27_2020,European Union - 27 countries (from 2020),2004,,95,,i,value imputed by Eurostat or other receiving agencies,,
dataflow,ESTAT:ENV_WASMUN(1.0),Municipal waste by waste management operations,A,Annual,DSP_I_RCV_E,Disposal - incineration (D10) and recovery - energy recovery (R1),KG_HAB,Kilograms per capita,EU27_2020,European Union - 27 countries (from 2020),2005,,103,,i,value imputed by Eurostat or other receiving agencies,,
dataflow,ESTAT:ENV_WASMUN(1.0),Municipal waste by waste management operations,A,Annual,DSP_I_RCV_E,Disposal - incineration (D10) and recovery - energy recovery (R1),KG_HAB,Kilograms per capita,EU27_2020,European Union - 27 countries (from 2020),2006,,111,,i,value imputed by Eurostat or other receiving agencies,,
dataflow,ESTAT:ENV_WASMUN(1.0),Municipal waste by waste management operations,A,Annual,DSP_I_RCV_E,Disposal - incineration (D10) and recovery - energy recovery (R1),KG_HAB,Kilograms per capita,EU27_2020,European Union - 27 countries (from 2020),2007,,112,,i,value imputed by Eurostat or other receiving agencies,,
dataflow,ESTAT:ENV_WASMUN(1.0),Municipal waste by waste management operations,A,Annual,DSP_I_RCV_E,Disposal - incineration (D10) and recovery - energy recovery (R1),KG_HAB,Kilograms per capita,EU27_2020,European Union - 27 countries (from 2020),2008,,116,,i,value imputed by Eurostat or other receiving agencies,,
dataflow,ESTAT:ENV_WASMUN(1.0),Municipal waste by waste management operations,A,Annual,DSP_I_RCV_E,Disposal - incineration (D10) and recovery - energy recovery (R1),KG_HAB,Kilograms per capita,EU27_2020,European Union - 27 countries (from 2020),2009,,117,,i,value imputed by Eurostat or other receiving agencies,,
dataflow,ESTAT:ENV_WASMUN(1.0),Municipal waste by waste management operations,A,Annual,DSP_I_RCV_E,Disposal - incineration (D10) and recovery - energy recovery (R1),KG_HAB,Kilograms per capita,EU27_2020,European Union - 27 countries (from 2020),2010,,120,,i,value imputed by Eurostat or other receiving agencies,,
dataflow,ESTAT:ENV_WASMUN(1.0),Municipal waste by waste management operations,A,Annual,DSP_I_RCV_E,Disposal - incineration (D10) and recovery - energy recovery (R1),KG_HAB,Kilograms per capita,EU27_2020,European Union - 27 countries (from 2020),2011,,125,,i,value imputed by Eurostat or other receiving agencies,,
dataflow,ESTAT:ENV_WASMUN(1.0),Municipal waste by waste management operations,A,Annual,DSP_I_RCV_E,Disposal - incineration (D10) and recovery - energy recovery (R1),KG_HAB,Kilograms per capita,EU27_2020,European Union - 27 countries (from 2020),2012,,122,,i,value imputed by Eurostat or other receiving agencies,,
dataflow,ESTAT:ENV_WASMUN(1.0),Municipal waste by waste management operations,A,Annual,DSP_I_RCV_E,Disposal - incineration (D10) and recovery - energy recovery (R1),KG_HAB,Kilograms per capita,EU27_2020,European Union - 27 countries (from 2020),2013,,125,,i,value imputed by Eurostat or other receiving agencies,,
dataflow,ESTAT:ENV_WASMUN(1.0),Municipal waste by waste management operations,A,Annual,DSP_I_RCV_E,Disposal - incineration (D10) and recovery - energy recovery (R1),KG_HAB,Kilograms per capita,EU27_2020,European Union - 27 countries (from 2020),2014,,128,,i,value imputed by Eurostat or other receiving agencies,,
dataflow,ESTAT:ENV_WASMUN(1.0),Municipal waste by waste management operations,A,Annual,DSP_I_RCV_E,Disposal - incineration (D10) and recovery - energy recovery (R1),KG_HAB,Kilograms per capita,EU27_2020,European Union - 27 countries (from 2020),2015,,129,,i,value imputed by Eurostat or other receiving agencies,,
dataflow,ESTAT:ENV_WASMUN(1.0),Municipal waste by waste management operations,A,Annual,DSP_I_RCV_E,Disposal - incineration (D10) and recovery - energy recovery (R1),KG_HAB,Kilograms per capita,EU27_2020,European Union - 27 countries (from 2020),2016,,130,,i,value imputed by Eurostat or other receiving agencies,,
dataflow,ESTAT:ENV_WASMUN(1.0),Municipal waste by waste management operations,A,Annual,DSP_I_RCV_E,Disposal - incineration (D10) and recovery - energy recovery (R1),KG_HAB,Kilograms per capita,EU27_2020,European Union - 27 countries (from 2020),2017,,132,,i,value imputed by Eurostat or other receiving agencies,,
dataflow,ESTAT:ENV_WASMUN(1.0),Municipal waste by waste management operations,A,Annual,DSP_I_RCV_E,Disposal - incineration (D10) and recovery - energy recovery (R1),KG_HAB,Kilograms per capita,EU27_2020,European Union - 27 countries (from 2020),2018,,131,,i,value imputed by Eurostat or other receiving agencies,,
dataflow,ESTAT:ENV_WASMUN(1.0),Municipal waste by waste management operations,A,Annual,DSP_I_RCV_E,Disposal - incineration (D10) and recovery - energy recovery (R1),KG_HAB,Kilograms per capita,EU27_2020,European Union - 27 countries (from 2020),2019,,131,,i,value imputed by Eurostat or other receiving agencies,,
dataflow,ESTAT:ENV_WASMUN(1.0),Municipal waste by waste management operations,A,Annual,DSP_I_RCV_E,Disposal - incineration (D10) and recovery - energy recovery (R1),KG_HAB,Kilograms per capita,EU27_2020,European Union - 27 countries (from 2020),2020,,138,,i,value imputed by Eurostat or other receiving agencies,,
dataflow,ESTAT:ENV_WASMUN(1.0),Municipal waste by waste management operations,A,Annual,DSP_I_RCV_E,Disposal - incineration (D10) and recovery - energy recovery (R1),KG_HAB,Kilograms per capita,EU27_2020,European Union - 27 countries (from 2020),2021,,138,,i,value imputed by Eurostat or other receiving agencies,,
dataflow,ESTAT:ENV_WASMUN(1.0),Municipal waste by waste management operations,A,Annual,DSP_I_RCV_E,Disposal - incineration (D10) and recovery - energy recovery (R1),KG_HAB,Kilograms per capita,EU27_2020,European Union - 27 countries (from 2020),2022,,131,,i,value imputed by Eurostat or other receiving agencies,,
dataflow,ESTAT:ENV_WASMUN(1.0),Municipal waste by waste management operations,A,Annual,DSP_I_RCV_E,Disposal - incineration (D10) and recovery - energy recovery (R1),KG_HAB,Kilograms per capita,EU27_2020,European Union - 27 countries (from 2020),2023,,129,,i,value imputed by Eurostat or other receiving agencies,,
dataflow,ESTAT:ENV_WASMUN(1.0),Municipal waste by waste management operations,A,Annual,DSP_I_RCV_E,Disposal - incineration (D10) and recovery - energy recovery (R1),KG_HAB,Kilograms per capita,FI,Finland,2001,,41,,,,,
dataflow,ESTAT:ENV_WASMUN(1.0),Municipal waste by waste management operations,A,Annual,DSP_I_RCV_E,Disposal - incineration (D10) and recovery - energy recovery (R1),KG_HAB,Kilograms per capita,FI,Finland,2002,,42,,,,,
dataflow,ESTAT:ENV_WASMUN(1.0),Municipal waste by waste management operations,A,Annual,DSP_I_RCV_E,Disposal - incineration (D10) and recovery - energy recovery (R1),KG_HAB,Kilograms per capita,FI,Finland,2003,,49,,,,,
dataflow,ESTAT:ENV_WASMUN(1.0),Municipal waste by waste management operations,A,Annual,DSP_I_RCV_E,Disposal - incineration (D10) and recovery - energy recovery (R1),KG_HAB,Kilograms per capita,FI,Finland,2004,,54,,,,,
dataflow,ESTAT:ENV_WASMUN(1.0),Municipal waste by waste management operations,A,Annual,DSP_I_RCV_E,Disposal - incineration (D10) and recovery - energy recovery (R1),KG_HAB,Kilograms per capita,FI,Finland,2005,,43,,,,,
dataflow,ESTAT:ENV_WASMUN(1.0),Municipal waste by waste management operations,A,Annual,DSP_I_RCV_E,Disposal - incineration (D10) and recovery - energy recovery (R1),KG_HAB,Kilograms per capita,FI,Finland,2006,,42,,,,,
dataflow,ESTAT:ENV_WASMUN(1.0),Municipal waste by waste management operations,A,Annual,DSP_I_RCV_E,Disposal - incineration (D10) and recovery - energy recovery (R1),KG_HAB,Kilograms per capita,FI,Finland,2007,,59,,,,,
dataflow,ESTAT:ENV_WASMUN(1.0),Municipal waste by waste management operations,A,Annual,DSP_I_RCV_E,Disposal - incineration (D10) and recovery - energy recovery (R1),KG_HAB,Kilograms per capita,FI,Finland,2008,,90,,,,,
dataflow,ESTAT:ENV_WASMUN(1.0),Municipal waste by waste management operations,A,Annual,DSP_I_RCV_E,Disposal - incineration (D10) and recovery - energy recovery (R1),KG_HAB,Kilograms per capita,FI,Finland,2009,,87,,,,,
dataflow,ESTAT:ENV_WASMUN(1.0),Municipal waste by waste management operations,A,Annual,DSP_I_RCV_E,Disposal - incineration (D10) and recovery - energy recovery (R1),KG_HAB,Kilograms per capita,FI,Finland,2010,,104,,,,,
dataflow,ESTAT:ENV_WASMUN(1.0),Municipal waste by waste management operations,A,Annual,DSP_I_RCV_E,Disposal - incineration (D10) and recovery - energy recovery (R1),KG_HAB,Kilograms per capita,FI,Finland,2011,,126,,,,,
dataflow,ESTAT:ENV_WASMUN(1.0),Municipal waste by waste management operations,A,Annual,DSP_I_RCV_E,Disposal - incineration (D10) and recovery - energy recovery (R1),KG_HAB,Kilograms per capita,FI,Finland,2012,,171,,,,,
dataflow,ESTAT:ENV_WASMUN(1.0),Municipal waste by waste management operations,A,Annual,DSP_I_RCV_E,Disposal - incineration (D10) and recovery - energy recovery (R1),KG_HAB,Kilograms per capita,FI,Finland,2013,,209,,,,,
dataflow,ESTAT:ENV_WASMUN(1.0),Municipal waste by waste management operations,A,Annual,DSP_I_RCV_E,Disposal - incineration (D10) and recovery - energy recovery (R1),KG_HAB,Kilograms per capita,FI,Finland,2014,,241,,,,,
dataflow,ESTAT:ENV_WASMUN(1.0),Municipal waste by waste management operations,A,Annual,DSP_I_RCV_E,Disposal - incineration (D10) and recovery - energy recovery (R1),KG_HAB,Kilograms per capita,FI,Finland,2015,,239,,,,,
dataflow,ESTAT:ENV_WASMUN(1.0),Municipal waste by waste management operations,A,Annual,DSP_I_RCV_E,Disposal - incineration (D10) and recovery - energy recovery (R1),KG_HAB,Kilograms per capita,FI,Finland,2016,,276,,,,,
dataflow,ESTAT:ENV_WASMUN(1.0),Municipal waste by waste management operations,A,Annual,DSP_I_RCV_E,Disposal - incineration (D10) and recovery - energy recovery (R1),KG_HAB,Kilograms per capita,FI,Finland,2017,,299,,,,,
dataflow,ESTAT:ENV_WASMUN(1.0),Municipal waste by waste management operations,A,Annual,DSP_I_RCV_E,Disposal - incineration (D10) and recovery - energy recovery (R1),KG_HAB,Kilograms per capita,FI,Finland,2018,,314,,,,,
dataflow,ESTAT:ENV_WASMUN(1.0),Municipal waste by waste management operations,A,Annual,DSP_I_RCV_E,Disposal - incineration (D10) and recovery - energy recovery (R1),KG_HAB,Kilograms per capita,FI,Finland,2019,,314,,,,,
dataflow,ESTAT:ENV_WASMUN(1.0),Municipal waste by waste management operations,A,Annual,DSP_I_RCV_E,Disposal - incineration (D10) and recovery - energy recovery (R1),KG_HAB,Kilograms per capita,FI,Finland,2020,,350,,,,,
dataflow,ESTAT:ENV_WASMUN(1.0),Municipal waste by waste management operations,A,Annual,DSP_I_RCV_E,Disposal - incineration (D10) and recovery - energy recovery (R1),KG_HAB,Kilograms per capita,FI,Finland,2021,,382,,,,,
dataflow,ESTAT:ENV_WASMUN(1.0),Municipal waste by waste management operations,A,Annual,DSP_I_RCV_E,Disposal - incineration (D10) and recovery - energy recovery (R1),KG_HAB,Kilograms per capita,FI,Finland,2022,,292,,,,,
dataflow,ESTAT:ENV_WASMUN(1.0),Municipal waste by waste management operations,A,Annual,DSP_I_RCV_E,Disposal - incineration (D10) and recovery - energy recovery (R1),KG_HAB,Kilograms per capita,FI,Finland,2023,,256,,,,,
dataflow,ESTAT:ENV_WASMUN(1.0),Municipal waste by waste management operations,A,Annual,DSP_I_RCV_E,Disposal - incineration (D10) and recovery - energy recovery (R1),KG_HAB,Kilograms per capita,FR,France,1995,,178,,,,,
dataflow,ESTAT:ENV_WASMUN(1.0),Municipal waste by waste management operations,A,Annual,DSP_I_RCV_E,Disposal - incineration (D10) and recovery - energy recovery (R1),KG_HAB,Kilograms per capita,FR,France,1996,,170,,,,,
dataflow,ESTAT:ENV_WASMUN(1.0),Municipal waste by waste management operations,A,Annual,DSP_I_RCV_E,Disposal - incineration (D10) and recovery - energy recovery (R1),KG_HAB,Kilograms per capita,FR,France,1997,,170,,,,,
dataflow,ESTAT:ENV_WASMUN(1.0),Municipal waste by waste management operations,A,Annual,DSP_I_RCV_E,Disposal - incineration (D10) and recovery - energy recovery (R1),KG_HAB,Kilograms per capita,FR,France,1998,,167,,,,,
dataflow,ESTAT:ENV_WASMUN(1.0),Municipal waste by waste management operations,A,Annual,DSP_I_RCV_E,Disposal - incineration (D10) and recovery - energy recovery (R1),KG_HAB,Kilograms per capita,FR,France,1999,,168,,,,,
dataflow,ESTAT:ENV_WASMUN(1.0),Municipal waste by waste management operations,A,Annual,DSP_I_RCV_E,Disposal - incineration (D10) and recovery - energy recovery (R1),KG_HAB,Kilograms per capita,FR,France,2000,,169,,,,,
dataflow,ESTAT:ENV_WASMUN(1.0),Municipal waste by waste management operations,A,Annual,DSP_I_RCV_E,Disposal - incineration (D10) and recovery - energy recovery (R1),KG_HAB,Kilograms per capita,FR,France,2001,,174,,,,,
dataflow,ESTAT:ENV_WASMUN(1.0),Municipal waste by waste management operations,A,Annual,DSP_I_RCV_E,Disposal - incineration (D10) and recovery - energy recovery (R1),KG_HAB,Kilograms per capita,FR,France,2002,,180,,,,,
dataflow,ESTAT:ENV_WASMUN(1.0),Municipal waste by waste management operations,A,Annual,DSP_I_RCV_E,Disposal - incineration (D10) and recovery - energy recovery (R1),KG_HAB,Kilograms per capita,FR,France,2003,,172,,,,,
dataflow,ESTAT:ENV_WASMUN(1.0),Municipal waste by waste management operations,A,Annual,DSP_I_RCV_E,Disposal - incineration (D10) and recovery - energy recovery (R1),KG_HAB,Kilograms per capita,FR,France,2004,,180,,,,,
dataflow,ESTAT:ENV_WASMUN(1.0),Municipal waste by waste management operations,A,Annual,DSP_I_RCV_E,Disposal - incineration (D10) and recovery - energy recovery (R1),KG_HAB,Kilograms per capita,FR,France,2005,,183,,,,,
dataflow,ESTAT:ENV_WASMUN(1.0),Municipal waste by waste management operations,A,Annual,DSP_I_RCV_E,Disposal - incineration (D10) and recovery - energy recovery (R1),KG_HAB,Kilograms per capita,FR,France,2006,,182,,e,estimated,,
dataflow,ESTAT:ENV_WASMUN(1.0),Municipal waste by waste management operations,A,Annual,DSP_I_RCV_E,Disposal - incineration (D10) and recovery - energy recovery (R1),KG_HAB,Kilograms per capita,FR,France,2007,,181,,,,,
dataflow,ESTAT:ENV_WASMUN(1.0),Municipal waste by waste management operations,A,Annual,DSP_I_RCV_E,Disposal - incineration (D10) and recovery - energy recovery (R1),KG_HAB,Kilograms per capita,FR,France,2008,,182,,e,estimated,,
dataflow,ESTAT:ENV_WASMUN(1.0),Municipal waste by waste management operations,A,Annual,DSP_I_RCV_E,Disposal - incineration (D10) and recovery - energy recovery (R1),KG_HAB,Kilograms per capita,FR,France,2009,,184,,,,,
dataflow,ESTAT:ENV_WASMUN(1.0),Municipal waste by waste management operations,A,Annual,DSP_I_RCV_E,Disposal - incineration (D10) and recovery - energy recovery (R1),KG_HAB,Kilograms per capita,FR,France,2010,,186,,e,estimated,,
dataflow,ESTAT:ENV_WASMUN(1.0),Municipal waste by waste management operations,A,Annual,DSP_I_RCV_E,Disposal - incineration (D10) and recovery - energy recovery (R1),KG_HAB,Kilograms per capita,FR,France,2011,,188,,,,,
dataflow,ESTAT:ENV_WASMUN(1.0),Municipal waste by waste management operations,A,Annual,DSP_I_RCV_E,Disposal - incineration (D10) and recovery - energy recovery (R1),KG_HAB,Kilograms per capita,FR,France,2012,,186,,e,estimated,,
dataflow,ESTAT:ENV_WASMUN(1.0),Municipal waste by waste management operations,A,Annual,DSP_I_RCV_E,Disposal - incineration (D10) and recovery - energy recovery (R1),KG_HAB,Kilograms per capita,FR,France,2013,,184,,,,,
dataflow,ESTAT:ENV_WASMUN(1.0),Municipal waste by waste management operations,A,Annual,DSP_I_RCV_E,Disposal - incineration (D10) and recovery - energy recovery (R1),KG_HAB,Kilograms per capita,FR,France,2014,,183,,e,estimated,,
dataflow,ESTAT:ENV_WASMUN(1.0),Municipal waste by waste management operations,A,Annual,DSP_I_RCV_E,Disposal - incineration (D10) and recovery - energy recovery (R1),KG_HAB,Kilograms per capita,FR,France,2015,,183,,,,,
dataflow,ESTAT:ENV_WASMUN(1.0),Municipal waste by waste management operations,A,Annual,DSP_I_RCV_E,Disposal - incineration (D10) and recovery - energy recovery (R1),KG_HAB,Kilograms per capita,FR,France,2016,,175,,e,estimated,,
dataflow,ESTAT:ENV_WASMUN(1.0),Municipal waste by waste management operations,A,Annual,DSP_I_RCV_E,Disposal - incineration (D10) and recovery - energy recovery (R1),KG_HAB,Kilograms per capita,FR,France,2017,,174,,e,estimated,,
dataflow,ESTAT:ENV_WASMUN(1.0),Municipal waste by waste management operations,A,Annual,DSP_I_RCV_E,Disposal - incineration (D10) and recovery - energy recovery (R1),KG_HAB,Kilograms per capita,FR,France,2018,,173,,e,estimated,,
dataflow,ESTAT:ENV_WASMUN(1.0),Municipal waste by waste management operations,A,Annual,DSP_I_RCV_E,Disposal - incineration (D10) and recovery - energy recovery (R1),KG_HAB,Kilograms per capita,FR,France,2019,,171,,e,estimated,,
dataflow,ESTAT:ENV_WASMUN(1.0),Municipal waste by waste management operations,A,Annual,DSP_I_RCV_E,Disposal - incineration (D10) and recovery - energy recovery (R1),KG_HAB,Kilograms per capita,FR,France,2020,,173,,e,estimated,,
dataflow,ESTAT:ENV_WASMUN(1.0),Municipal waste by waste management operations,A,Annual,DSP_I_RCV_E,Disposal - incineration (D10) and recovery - energy recovery (R1),KG_HAB,Kilograms per capita,FR,France,2021,,181,,,,,
dataflow,ESTAT:ENV_WASMUN(1.0),Municipal waste by waste management operations,A,Annual,DSP_I_RCV_E,Disposal - incineration (D10) and recovery - energy recovery (R1),KG_HAB,Kilograms per capita,FR,France,2022,,166,,ep,"estimated, provisional",,
dataflow,ESTAT:ENV_WASMUN(1.0),Municipal waste by waste management operations,A,Annual,DSP_I_RCV_E,Disposal - incineration (D10) and recovery - energy recovery (R1),KG_HAB,Kilograms per capita,FR,France,2023,,161,,ep,"estimated, provisional",,
dataflow,ESTAT:ENV_WASMUN(1.0),Municipal waste by waste management operations,A,Annual,DSP_I_RCV_E,Disposal - incineration (D10) and recovery - energy recovery (R1),KG_HAB,Kilograms per capita,HR,Croatia,2006,,0,,,,,
dataflow,ESTAT:ENV_WASMUN(1.0),Municipal waste by waste management operations,A,Annual,DSP_I_RCV_E,Disposal - incineration (D10) and recovery - energy recovery (R1),KG_HAB,Kilograms per capita,HR,Croatia,2007,,0,,,,,
dataflow,ESTAT:ENV_WASMUN(1.0),Municipal waste by waste management operations,A,Annual,DSP_I_RCV_E,Disposal - incineration (D10) and recovery - energy recovery (R1),KG_HAB,Kilograms per capita,HR,Croatia,2008,,0,,,,,
dataflow,ESTAT:ENV_WASMUN(1.0),Municipal waste by waste management operations,A,Annual,DSP_I_RCV_E,Disposal - incineration (D10) and recovery - energy recovery (R1),KG_HAB,Kilograms per capita,HR,Croatia,2009,,0,,,,,
dataflow,ESTAT:ENV_WASMUN(1.0),Municipal waste by waste management operations,A,Annual,DSP_I_RCV_E,Disposal - incineration (D10) and recovery - energy recovery (R1),KG_HAB,Kilograms per capita,HR,Croatia,2010,,0,,,,,
dataflow,ESTAT:ENV_WASMUN(1.0),Municipal waste by waste management operations,A,Annual,DSP_I_RCV_E,Disposal - incineration (D10) and recovery - energy recovery (R1),KG_HAB,Kilograms per capita,HR,Croatia,2011,,0,,,,,
dataflow,ESTAT:ENV_WASMUN(1.0),Municipal waste by waste management operations,A,Annual,DSP_I_RCV_E,Disposal - incineration (D10) and recovery - energy recovery (R1),KG_HAB,Kilograms per capita,HR,Croatia,2012,,0,,,,,
dataflow,ESTAT:ENV_WASMUN(1.0),Municipal waste by waste management operations,A,Annual,DSP_I_RCV_E,Disposal - incineration (D10) and recovery - energy recovery (R1),KG_HAB,Kilograms per capita,HR,Croatia,2013,,0,,,,,
dataflow,ESTAT:ENV_WASMUN(1.0),Municipal waste by waste management operations,A,Annual,DSP_I_RCV_E,Disposal - incineration (D10) and recovery - energy recovery (R1),KG_HAB,Kilograms per capita,HR,Croatia,2014,,1,,,,,
dataflow,ESTAT:ENV_WASMUN(1.0),Municipal waste by waste management operations,A,Annual,DSP_I_RCV_E,Disposal - incineration (D10) and recovery - energy recovery (R1),KG_HAB,Kilograms per capita,HR,Croatia,2015,,0,,,,,
dataflow,ESTAT:ENV_WASMUN(1.0),Municipal waste by waste management operations,A,Annual,DSP_I_RCV_E,Disposal - incineration (D10) and recovery - energy recovery (R1),KG_HAB,Kilograms per capita,HR,Croatia,2016,,0,,,,,
dataflow,ESTAT:ENV_WASMUN(1.0),Municipal waste by waste management operations,A,Annual,DSP_I_RCV_E,Disposal - incineration (D10) and recovery - energy recovery (R1),KG_HAB,Kilograms per capita,HR,Croatia,2017,,0,,,,,
dataflow,ESTAT:ENV_WASMUN(1.0),Municipal waste by waste management operations,A,Annual,DSP_I_RCV_E,Disposal - incineration (D10) and recovery - energy recovery (R1),KG_HAB,Kilograms per capita,HR,Croatia,2018,,0,,,,,
dataflow,ESTAT:ENV_WASMUN(1.0),Municipal waste by waste management operations,A,Annual,DSP_I_RCV_E,Disposal - incineration (D10) and recovery - energy recovery (R1),KG_HAB,Kilograms per capita,HR,Croatia,2019,,0,,,,,
dataflow,ESTAT:ENV_WASMUN(1.0),Municipal waste by waste management operations,A,Annual,DSP_I_RCV_E,Disposal - incineration (D10) and recovery - energy recovery (R1),KG_HAB,Kilograms per capita,HR,Croatia,2020,,1,,,,,
dataflow,ESTAT:ENV_WASMUN(1.0),Municipal waste by waste management operations,A,Annual,DSP_I_RCV_E,Disposal - incineration (D10) and recovery - energy recovery (R1),KG_HAB,Kilograms per capita,HR,Croatia,2021,,1,,,,,
dataflow,ESTAT:ENV_WASMUN(1.0),Municipal waste by waste management operations,A,Annual,DSP_I_RCV_E,Disposal - incineration (D10) and recovery - energy recovery (R1),KG_HAB,Kilograms per capita,HR,Croatia,2022,,1,,,,,
dataflow,ESTAT:ENV_WASMUN(1.0),Municipal waste by waste management operations,A,Annual,DSP_I_RCV_E,Disposal - incineration (D10) and recovery - energy recovery (R1),KG_HAB,Kilograms per capita,HR,Croatia,2023,,8,,,,,
dataflow,ESTAT:ENV_WASMUN(1.0),Municipal waste by waste management operations,A,Annual,DSP_I_RCV_E,Disposal - incineration (D10) and recovery - energy recovery (R1),KG_HAB,Kilograms per capita,HU,Hungary,1995,,32,,,,,
dataflow,ESTAT:ENV_WASMUN(1.0),Municipal waste by waste management operations,A,Annual,DSP_I_RCV_E,Disposal - incineration (D10) and recovery - energy recovery (R1),KG_HAB,Kilograms per capita,HU,Hungary,1996,,32,,,,,
dataflow,ESTAT:ENV_WASMUN(1.0),Municipal waste by waste management operations,A,Annual,DSP_I_RCV_E,Disposal - incineration (D10) and recovery - energy recovery (R1),KG_HAB,Kilograms per capita,HU,Hungary,1997,,32,,,,,
dataflow,ESTAT:ENV_WASMUN(1.0),Municipal waste by waste management operations,A,Annual,DSP_I_RCV_E,Disposal - incineration (D10) and recovery - energy recovery (R1),KG_HAB,Kilograms per capita,HU,Hungary,1998,,35,,,,,
dataflow,ESTAT:ENV_WASMUN(1.0),Municipal waste by waste management operations,A,Annual,DSP_I_RCV_E,Disposal - incineration (D10) and recovery - energy recovery (R1),KG_HAB,Kilograms per capita,HU,Hungary,1999,,34,,,,,
dataflow,ESTAT:ENV_WASMUN(1.0),Municipal waste by waste management operations,A,Annual,DSP_I_RCV_E,Disposal - incineration (D10) and recovery - energy recovery (R1),KG_HAB,Kilograms per capita,HU,Hungary,2000,,34,,,,,
dataflow,ESTAT:ENV_WASMUN(1.0),Municipal waste by waste management operations,A,Annual,DSP_I_RCV_E,Disposal - incineration (D10) and recovery - energy recovery (R1),KG_HAB,Kilograms per capita,HU,Hungary,2001,,35,,,,,
dataflow,ESTAT:ENV_WASMUN(1.0),Municipal waste by waste management operations,A,Annual,DSP_I_RCV_E,Disposal - incineration (D10) and recovery - energy recovery (R1),KG_HAB,Kilograms per capita,HU,Hungary,2002,,28,,,,,
dataflow,ESTAT:ENV_WASMUN(1.0),Municipal waste by waste management operations,A,Annual,DSP_I_RCV_E,Disposal - incineration (D10) and recovery - energy recovery (R1),KG_HAB,Kilograms per capita,HU,Hungary,2003,,24,,,,,
dataflow,ESTAT:ENV_WASMUN(1.0),Municipal waste by waste management operations,A,Annual,DSP_I_RCV_E,Disposal - incineration (D10) and recovery - energy recovery (R1),KG_HAB,Kilograms per capita,HU,Hungary,2004,,15,,,,,
dataflow,ESTAT:ENV_WASMUN(1.0),Municipal waste by waste management operations,A,Annual,DSP_I_RCV_E,Disposal - incineration (D10) and recovery - energy recovery (R1),KG_HAB,Kilograms per capita,HU,Hungary,2005,,30,,,,,
dataflow,ESTAT:ENV_WASMUN(1.0),Municipal waste by waste management operations,A,Annual,DSP_I_RCV_E,Disposal - incineration (D10) and recovery - energy recovery (R1),KG_HAB,Kilograms per capita,HU,Hungary,2006,,39,,,,,
dataflow,ESTAT:ENV_WASMUN(1.0),Municipal waste by waste management operations,A,Annual,DSP_I_RCV_E,Disposal - incineration (D10) and recovery - energy recovery (R1),KG_HAB,Kilograms per capita,HU,Hungary,2007,,38,,,,,
dataflow,ESTAT:ENV_WASMUN(1.0),Municipal waste by waste management operations,A,Annual,DSP_I_RCV_E,Disposal - incineration (D10) and recovery - energy recovery (R1),KG_HAB,Kilograms per capita,HU,Hungary,2008,,39,,,,,
dataflow,ESTAT:ENV_WASMUN(1.0),Municipal waste by waste management operations,A,Annual,DSP_I_RCV_E,Disposal - incineration (D10) and recovery - energy recovery (R1),KG_HAB,Kilograms per capita,HU,Hungary,2009,,41,,,,,
dataflow,ESTAT:ENV_WASMUN(1.0),Municipal waste by waste management operations,A,Annual,DSP_I_RCV_E,Disposal - incineration (D10) and recovery - energy recovery (R1),KG_HAB,Kilograms per capita,HU,Hungary,2010,,41,,,,,
dataflow,ESTAT:ENV_WASMUN(1.0),Municipal waste by waste management operations,A,Annual,DSP_I_RCV_E,Disposal - incineration (D10) and recovery - energy recovery (R1),KG_HAB,Kilograms per capita,HU,Hungary,2011,,41,,,,,
dataflow,ESTAT:ENV_WASMUN(1.0),Municipal waste by waste management operations,A,Annual,DSP_I_RCV_E,Disposal - incineration (D10) and recovery - energy recovery (R1),KG_HAB,Kilograms per capita,HU,Hungary,2012,,37,,,,,
dataflow,ESTAT:ENV_WASMUN(1.0),Municipal waste by waste management operations,A,Annual,DSP_I_RCV_E,Disposal - incineration (D10) and recovery - energy recovery (R1),KG_HAB,Kilograms per capita,HU,Hungary,2013,,34,,,,,
dataflow,ESTAT:ENV_WASMUN(1.0),Municipal waste by waste management operations,A,Annual,DSP_I_RCV_E,Disposal - incineration (D10) and recovery - energy recovery (R1),KG_HAB,Kilograms per capita,HU,Hungary,2014,,38,,,,,
dataflow,ESTAT:ENV_WASMUN(1.0),Municipal waste by waste management operations,A,Annual,DSP_I_RCV_E,Disposal - incineration (D10) and recovery - energy recovery (R1),KG_HAB,Kilograms per capita,HU,Hungary,2015,,54,,,,,
dataflow,ESTAT:ENV_WASMUN(1.0),Municipal waste by waste management operations,A,Annual,DSP_I_RCV_E,Disposal - incineration (D10) and recovery - energy recovery (R1),KG_HAB,Kilograms per capita,HU,Hungary,2016,,57,,,,,
dataflow,ESTAT:ENV_WASMUN(1.0),Municipal waste by waste management operations,A,Annual,DSP_I_RCV_E,Disposal - incineration (D10) and recovery - energy recovery (R1),KG_HAB,Kilograms per capita,HU,Hungary,2017,,63,,,,,
dataflow,ESTAT:ENV_WASMUN(1.0),Municipal waste by waste management operations,A,Annual,DSP_I_RCV_E,Disposal - incineration (D10) and recovery - energy recovery (R1),KG_HAB,Kilograms per capita,HU,Hungary,2018,,52,,,,,
dataflow,ESTAT:ENV_WASMUN(1.0),Municipal waste by waste management operations,A,Annual,DSP_I_RCV_E,Disposal - incineration (D10) and recovery - energy recovery (R1),KG_HAB,Kilograms per capita,HU,Hungary,2019,,53,,,,,
dataflow,ESTAT:ENV_WASMUN(1.0),Municipal waste by waste management operations,A,Annual,DSP_I_RCV_E,Disposal - incineration (D10) and recovery - energy recovery (R1),KG_HAB,Kilograms per capita,HU,Hungary,2020,,49,,,,,
dataflow,ESTAT:ENV_WASMUN(1.0),Municipal waste by waste management operations,A,Annual,DSP_I_RCV_E,Disposal - incineration (D10) and recovery - energy recovery (R1),KG_HAB,Kilograms per capita,HU,Hungary,2021,,52,,,,,
dataflow,ESTAT:ENV_WASMUN(1.0),Municipal waste by waste management operations,A,Annual,DSP_I_RCV_E,Disposal - incineration (D10) and recovery - energy recovery (R1),KG_HAB,Kilograms per capita,HU,Hungary,2022,,48,,,,,
dataflow,ESTAT:ENV_WASMUN(1.0),Municipal waste by waste management operations,A,Annual,DSP_I_RCV_E,Disposal - incineration (D10) and recovery - energy recovery (R1),KG_HAB,Kilograms per capita,HU,Hungary,2023,,53,,,,,
dataflow,ESTAT:ENV_WASMUN(1.0),Municipal waste by waste management operations,A,Annual,DSP_I_RCV_E,Disposal - incineration (D10) and recovery - energy recovery (R1),KG_HAB,Kilograms per capita,IE,Ireland,1995,,0,,,,,
dataflow,ESTAT:ENV_WASMUN(1.0),Municipal waste by waste management operations,A,Annual,DSP_I_RCV_E,Disposal - incineration (D10) and recovery - energy recovery (R1),KG_HAB,Kilograms per capita,IE,Ireland,1996,,0,,,,,
dataflow,ESTAT:ENV_WASMUN(1.0),Municipal waste by waste management operations,A,Annual,DSP_I_RCV_E,Disposal - incineration (D10) and recovery - energy recovery (R1),KG_HAB,Kilograms per capita,IE,Ireland,1997,,0,,,,,
dataflow,ESTAT:ENV_WASMUN(1.0),Municipal waste by waste management operations,A,Annual,DSP_I_RCV_E,Disposal - incineration (D10) and recovery - energy recovery (R1),KG_HAB,Kilograms per capita,IE,Ireland,1998,,0,,,,,
dataflow,ESTAT:ENV_WASMUN(1.0),Municipal waste by waste management operations,A,Annual,DSP_I_RCV_E,Disposal - incineration (D10) and recovery - energy recovery (R1),KG_HAB,Kilograms per capita,IE,Ireland,1999,,0,,,,,
dataflow,ESTAT:ENV_WASMUN(1.0),Municipal waste by waste management operations,A,Annual,DSP_I_RCV_E,Disposal - incineration (D10) and recovery - energy recovery (R1),KG_HAB,Kilograms per capita,IE,Ireland,2000,,0,,,,,
dataflow,ESTAT:ENV_WASMUN(1.0),Municipal waste by waste management operations,A,Annual,DSP_I_RCV_E,Disposal - incineration (D10) and recovery - energy recovery (R1),KG_HAB,Kilograms per capita,IE,Ireland,2001,,0,,,,,
dataflow,ESTAT:ENV_WASMUN(1.0),Municipal waste by waste management operations,A,Annual,DSP_I_RCV_E,Disposal - incineration (D10) and recovery - energy recovery (R1),KG_HAB,Kilograms per capita,IE,Ireland,2002,,0,,,,,
dataflow,ESTAT:ENV_WASMUN(1.0),Municipal waste by waste management operations,A,Annual,DSP_I_RCV_E,Disposal - incineration (D10) and recovery - energy recovery (R1),KG_HAB,Kilograms per capita,IE,Ireland,2003,,0,,,,,
dataflow,ESTAT:ENV_WASMUN(1.0),Municipal waste by waste management operations,A,Annual,DSP_I_RCV_E,Disposal - incineration (D10) and recovery - energy recovery (R1),KG_HAB,Kilograms per capita,IE,Ireland,2004,,0,,,,,
dataflow,ESTAT:ENV_WASMUN(1.0),Municipal waste by waste management operations,A,Annual,DSP_I_RCV_E,Disposal - incineration (D10) and recovery - energy recovery (R1),KG_HAB,Kilograms per capita,IE,Ireland,2005,,0,,,,,
dataflow,ESTAT:ENV_WASMUN(1.0),Municipal waste by waste management operations,A,Annual,DSP_I_RCV_E,Disposal - incineration (D10) and recovery - energy recovery (R1),KG_HAB,Kilograms per capita,IE,Ireland,2006,,0,,,,,
dataflow,ESTAT:ENV_WASMUN(1.0),Municipal waste by waste management operations,A,Annual,DSP_I_RCV_E,Disposal - incineration (D10) and recovery - energy recovery (R1),KG_HAB,Kilograms per capita,IE,Ireland,2007,,0,,,,,
dataflow,ESTAT:ENV_WASMUN(1.0),Municipal waste by waste management operations,A,Annual,DSP_I_RCV_E,Disposal - incineration (D10) and recovery - energy recovery (R1),KG_HAB,Kilograms per capita,IE,Ireland,2008,,18,,,,,
dataflow,ESTAT:ENV_WASMUN(1.0),Municipal waste by waste management operations,A,Annual,DSP_I_RCV_E,Disposal - incineration (D10) and recovery - energy recovery (R1),KG_HAB,Kilograms per capita,IE,Ireland,2009,,24,,,,,
dataflow,ESTAT:ENV_WASMUN(1.0),Municipal waste by waste management operations,A,Annual,DSP_I_RCV_E,Disposal - incineration (D10) and recovery - energy recovery (R1),KG_HAB,Kilograms per capita,IE,Ireland,2010,,24,,,,,
dataflow,ESTAT:ENV_WASMUN(1.0),Municipal waste by waste management operations,A,Annual,DSP_I_RCV_E,Disposal - incineration (D10) and recovery - energy recovery (R1),KG_HAB,Kilograms per capita,IE,Ireland,2011,,43,,,,,
dataflow,ESTAT:ENV_WASMUN(1.0),Municipal waste by waste management operations,A,Annual,DSP_I_RCV_E,Disposal - incineration (D10) and recovery - energy recovery (R1),KG_HAB,Kilograms per capita,IE,Ireland,2012,,93,,,,,
dataflow,ESTAT:ENV_WASMUN(1.0),Municipal waste by waste management operations,A,Annual,DSP_I_RCV_E,Disposal - incineration (D10) and recovery - energy recovery (R1),KG_HAB,Kilograms per capita,IE,Ireland,2014,,192,,,,,
dataflow,ESTAT:ENV_WASMUN(1.0),Municipal waste by waste management operations,A,Annual,DSP_I_RCV_E,Disposal - incineration (D10) and recovery - energy recovery (R1),KG_HAB,Kilograms per capita,IE,Ireland,2016,,170,,,,,
dataflow,ESTAT:ENV_WASMUN(1.0),Municipal waste by waste management operations,A,Annual,DSP_I_RCV_E,Disposal - incineration (D10) and recovery - energy recovery (R1),KG_HAB,Kilograms per capita,IE,Ireland,2017,,182,,,,,
dataflow,ESTAT:ENV_WASMUN(1.0),Municipal waste by waste management operations,A,Annual,DSP_I_RCV_E,Disposal - incineration (D10) and recovery - energy recovery (R1),KG_HAB,Kilograms per capita,IE,Ireland,2018,,254,,,,,
dataflow,ESTAT:ENV_WASMUN(1.0),Municipal waste by waste management operations,A,Annual,DSP_I_RCV_E,Disposal - incineration (D10) and recovery - energy recovery (R1),KG_HAB,Kilograms per capita,IE,Ireland,2019,,284,,,,,
dataflow,ESTAT:ENV_WASMUN(1.0),Municipal waste by waste management operations,A,Annual,DSP_I_RCV_E,Disposal - incineration (D10) and recovery - energy recovery (R1),KG_HAB,Kilograms per capita,IE,Ireland,2020,,268,,,,,
dataflow,ESTAT:ENV_WASMUN(1.0),Municipal waste by waste management operations,A,Annual,DSP_I_RCV_E,Disposal - incineration (D10) and recovery - energy recovery (R1),KG_HAB,Kilograms per capita,IS,Iceland,1995,,56,,,,,
dataflow,ESTAT:ENV_WASMUN(1.0),Municipal waste by waste management operations,A,Annual,DSP_I_RCV_E,Disposal - incineration (D10) and recovery - energy recovery (R1),KG_HAB,Kilograms per capita,IS,Iceland,1996,,56,,,,,
dataflow,ESTAT:ENV_WASMUN(1.0),Municipal waste by waste management operations,A,Annual,DSP_I_RCV_E,Disposal - incineration (D10) and recovery - energy recovery (R1),KG_HAB,Kilograms per capita,IS,Iceland,1997,,55,,,,,
dataflow,ESTAT:ENV_WASMUN(1.0),Municipal waste by waste management operations,A,Annual,DSP_I_RCV_E,Disposal - incineration (D10) and recovery - energy recovery (R1),KG_HAB,Kilograms per capita,IS,Iceland,1998,,55,,,,,
dataflow,ESTAT:ENV_WASMUN(1.0),Municipal waste by waste management operations,A,Annual,DSP_I_RCV_E,Disposal - incineration (D10) and recovery - energy recovery (R1),KG_HAB,Kilograms per capita,IS,Iceland,1999,,54,,,,,
dataflow,ESTAT:ENV_WASMUN(1.0),Municipal waste by waste management operations,A,Annual,DSP_I_RCV_E,Disposal - incineration (D10) and recovery - energy recovery (R1),KG_HAB,Kilograms per capita,IS,Iceland,2000,,60,,,,,
dataflow,ESTAT:ENV_WASMUN(1.0),Municipal waste by waste management operations,A,Annual,DSP_I_RCV_E,Disposal - incineration (D10) and recovery - energy recovery (R1),KG_HAB,Kilograms per capita,IS,Iceland,2001,,39,,,,,
dataflow,ESTAT:ENV_WASMUN(1.0),Municipal waste by waste management operations,A,Annual,DSP_I_RCV_E,Disposal - incineration (D10) and recovery - energy recovery (R1),KG_HAB,Kilograms per capita,IS,Iceland,2002,,35,,,,,
dataflow,ESTAT:ENV_WASMUN(1.0),Municipal waste by waste management operations,A,Annual,DSP_I_RCV_E,Disposal - incineration (D10) and recovery - energy recovery (R1),KG_HAB,Kilograms per capita,IS,Iceland,2003,,45,,,,,
dataflow,ESTAT:ENV_WASMUN(1.0),Municipal waste by waste management operations,A,Annual,DSP_I_RCV_E,Disposal - incineration (D10) and recovery - energy recovery (R1),KG_HAB,Kilograms per capita,IS,Iceland,2004,,51,,,,,
dataflow,ESTAT:ENV_WASMUN(1.0),Municipal waste by waste management operations,A,Annual,DSP_I_RCV_E,Disposal - incineration (D10) and recovery - energy recovery (R1),KG_HAB,Kilograms per capita,IS,Iceland,2005,,44,,,,,
dataflow,ESTAT:ENV_WASMUN(1.0),Municipal waste by waste management operations,A,Annual,DSP_I_RCV_E,Disposal - incineration (D10) and recovery - energy recovery (R1),KG_HAB,Kilograms per capita,IS,Iceland,2006,,43,,,,,
dataflow,ESTAT:ENV_WASMUN(1.0),Municipal waste by waste management operations,A,Annual,DSP_I_RCV_E,Disposal - incineration (D10) and recovery - energy recovery (R1),KG_HAB,Kilograms per capita,IS,Iceland,2007,,55,,,,,
dataflow,ESTAT:ENV_WASMUN(1.0),Municipal waste by waste management operations,A,Annual,DSP_I_RCV_E,Disposal - incineration (D10) and recovery - energy recovery (R1),KG_HAB,Kilograms per capita,IS,Iceland,2008,,41,,,,,
dataflow,ESTAT:ENV_WASMUN(1.0),Municipal waste by waste management operations,A,Annual,DSP_I_RCV_E,Disposal - incineration (D10) and recovery - energy recovery (R1),KG_HAB,Kilograms per capita,IS,Iceland,2009,,35,,,,,
dataflow,ESTAT:ENV_WASMUN(1.0),Municipal waste by waste management operations,A,Annual,DSP_I_RCV_E,Disposal - incineration (D10) and recovery - energy recovery (R1),KG_HAB,Kilograms per capita,IS,Iceland,2010,,38,,,,,
dataflow,ESTAT:ENV_WASMUN(1.0),Municipal waste by waste management operations,A,Annual,DSP_I_RCV_E,Disposal - incineration (D10) and recovery - energy recovery (R1),KG_HAB,Kilograms per capita,IS,Iceland,2011,,31,,,,,
dataflow,ESTAT:ENV_WASMUN(1.0),Municipal waste by waste management operations,A,Annual,DSP_I_RCV_E,Disposal - incineration (D10) and recovery - energy recovery (R1),KG_HAB,Kilograms per capita,IS,Iceland,2012,,28,,,,,
dataflow,ESTAT:ENV_WASMUN(1.0),Municipal waste by waste management operations,A,Annual,DSP_I_RCV_E,Disposal - incineration (D10) and recovery - energy recovery (R1),KG_HAB,Kilograms per capita,IS,Iceland,2013,,19,,,,,
dataflow,ESTAT:ENV_WASMUN(1.0),Municipal waste by waste management operations,A,Annual,DSP_I_RCV_E,Disposal - incineration (D10) and recovery - energy recovery (R1),KG_HAB,Kilograms per capita,IS,Iceland,2014,,21,,,,,
dataflow,ESTAT:ENV_WASMUN(1.0),Municipal waste by waste management operations,A,Annual,DSP_I_RCV_E,Disposal - incineration (D10) and recovery - energy recovery (R1),KG_HAB,Kilograms per capita,IS,Iceland,2015,,20,,,,,
dataflow,ESTAT:ENV_WASMUN(1.0),Municipal waste by waste management operations,A,Annual,DSP_I_RCV_E,Disposal - incineration (D10) and recovery - energy recovery (R1),KG_HAB,Kilograms per capita,IS,Iceland,2016,,25,,,,,
dataflow,ESTAT:ENV_WASMUN(1.0),Municipal waste by waste management operations,A,Annual,DSP_I_RCV_E,Disposal - incineration (D10) and recovery - energy recovery (R1),KG_HAB,Kilograms per capita,IS,Iceland,2017,,24,,,,,
dataflow,ESTAT:ENV_WASMUN(1.0),Municipal waste by waste management operations,A,Annual,DSP_I_RCV_E,Disposal - incineration (D10) and recovery - energy recovery (R1),KG_HAB,Kilograms per capita,IS,Iceland,2018,,33,,,,,
dataflow,ESTAT:ENV_WASMUN(1.0),Municipal waste by waste management operations,A,Annual,DSP_I_RCV_E,Disposal - incineration (D10) and recovery - energy recovery (R1),KG_HAB,Kilograms per capita,IS,Iceland,2020,,64,,,,,
dataflow,ESTAT:ENV_WASMUN(1.0),Municipal waste by waste management operations,A,Annual,DSP_I_RCV_E,Disposal - incineration (D10) and recovery - energy recovery (R1),KG_HAB,Kilograms per capita,IS,Iceland,2021,,55,,,,,
dataflow,ESTAT:ENV_WASMUN(1.0),Municipal waste by waste management operations,A,Annual,DSP_I_RCV_E,Disposal - incineration (D10) and recovery - energy recovery (R1),KG_HAB,Kilograms per capita,IS,Iceland,2022,,93,,,,,
dataflow,ESTAT:ENV_WASMUN(1.0),Municipal waste by waste management operations,A,Annual,DSP_I_RCV_E,Disposal - incineration (D10) and recovery - energy recovery (R1),KG_HAB,Kilograms per capita,IT,Italy,1995,,24,,,,,
dataflow,ESTAT:ENV_WASMUN(1.0),Municipal waste by waste management operations,A,Annual,DSP_I_RCV_E,Disposal - incineration (D10) and recovery - energy recovery (R1),KG_HAB,Kilograms per capita,IT,Italy,1996,,21,,e,estimated,,
dataflow,ESTAT:ENV_WASMUN(1.0),Municipal waste by waste management operations,A,Annual,DSP_I_RCV_E,Disposal - incineration (D10) and recovery - energy recovery (R1),KG_HAB,Kilograms per capita,IT,Italy,1997,,31,,,,,
dataflow,ESTAT:ENV_WASMUN(1.0),Municipal waste by waste management operations,A,Annual,DSP_I_RCV_E,Disposal - incineration (D10) and recovery - energy recovery (R1),KG_HAB,Kilograms per capita,IT,Italy,1998,,34,,,,,
dataflow,ESTAT:ENV_WASMUN(1.0),Municipal waste by waste management operations,A,Annual,DSP_I_RCV_E,Disposal - incineration (D10) and recovery - energy recovery (R1),KG_HAB,Kilograms per capita,IT,Italy,1999,,37,,,,,
dataflow,ESTAT:ENV_WASMUN(1.0),Municipal waste by waste management operations,A,Annual,DSP_I_RCV_E,Disposal - incineration (D10) and recovery - energy recovery (R1),KG_HAB,Kilograms per capita,IT,Italy,2000,,39,,,,,
dataflow,ESTAT:ENV_WASMUN(1.0),Municipal waste by waste management operations,A,Annual,DSP_I_RCV_E,Disposal - incineration (D10) and recovery - energy recovery (R1),KG_HAB,Kilograms per capita,IT,Italy,2001,,44,,,,,
dataflow,ESTAT:ENV_WASMUN(1.0),Municipal waste by waste management operations,A,Annual,DSP_I_RCV_E,Disposal - incineration (D10) and recovery - energy recovery (R1),KG_HAB,Kilograms per capita,IT,Italy,2002,,47,,,,,
dataflow,ESTAT:ENV_WASMUN(1.0),Municipal waste by waste management operations,A,Annual,DSP_I_RCV_E,Disposal - incineration (D10) and recovery - energy recovery (R1),KG_HAB,Kilograms per capita,IT,Italy,2003,,55,,,,,
dataflow,ESTAT:ENV_WASMUN(1.0),Municipal waste by waste management operations,A,Annual,DSP_I_RCV_E,Disposal - incineration (D10) and recovery - energy recovery (R1),KG_HAB,Kilograms per capita,IT,Italy,2004,,61,,,,,
dataflow,ESTAT:ENV_WASMUN(1.0),Municipal waste by waste management operations,A,Annual,DSP_I_RCV_E,Disposal - incineration (D10) and recovery - energy recovery (R1),KG_HAB,Kilograms per capita,IT,Italy,2005,,66,,,,,
dataflow,ESTAT:ENV_WASMUN(1.0),Municipal waste by waste management operations,A,Annual,DSP_I_RCV_E,Disposal - incineration (D10) and recovery - energy recovery (R1),KG_HAB,Kilograms per capita,IT,Italy,2006,,71,,,,,
dataflow,ESTAT:ENV_WASMUN(1.0),Municipal waste by waste management operations,A,Annual,DSP_I_RCV_E,Disposal - incineration (D10) and recovery - energy recovery (R1),KG_HAB,Kilograms per capita,IT,Italy,2007,,69,,,,,
dataflow,ESTAT:ENV_WASMUN(1.0),Municipal waste by waste management operations,A,Annual,DSP_I_RCV_E,Disposal - incineration (D10) and recovery - energy recovery (R1),KG_HAB,Kilograms per capita,IT,Italy,2008,,74,,,,,
dataflow,ESTAT:ENV_WASMUN(1.0),Municipal waste by waste management operations,A,Annual,DSP_I_RCV_E,Disposal - incineration (D10) and recovery - energy recovery (R1),KG_HAB,Kilograms per capita,IT,Italy,2009,,80,,,,,
dataflow,ESTAT:ENV_WASMUN(1.0),Municipal waste by waste management operations,A,Annual,DSP_I_RCV_E,Disposal - incineration (D10) and recovery - energy recovery (R1),KG_HAB,Kilograms per capita,IT,Italy,2010,,91,,,,,
dataflow,ESTAT:ENV_WASMUN(1.0),Municipal waste by waste management operations,A,Annual,DSP_I_RCV_E,Disposal - incineration (D10) and recovery - energy recovery (R1),KG_HAB,Kilograms per capita,IT,Italy,2011,,93,,,,,
dataflow,ESTAT:ENV_WASMUN(1.0),Municipal waste by waste management operations,A,Annual,DSP_I_RCV_E,Disposal - incineration (D10) and recovery - energy recovery (R1),KG_HAB,Kilograms per capita,IT,Italy,2012,,92,,,,,
dataflow,ESTAT:ENV_WASMUN(1.0),Municipal waste by waste management operations,A,Annual,DSP_I_RCV_E,Disposal - incineration (D10) and recovery - energy recovery (R1),KG_HAB,Kilograms per capita,IT,Italy,2013,,99,,,,,
dataflow,ESTAT:ENV_WASMUN(1.0),Municipal waste by waste management operations,A,Annual,DSP_I_RCV_E,Disposal - incineration (D10) and recovery - energy recovery (R1),KG_HAB,Kilograms per capita,IT,Italy,2014,,97,,,,,
dataflow,ESTAT:ENV_WASMUN(1.0),Municipal waste by waste management operations,A,Annual,DSP_I_RCV_E,Disposal - incineration (D10) and recovery - energy recovery (R1),KG_HAB,Kilograms per capita,IT,Italy,2015,,100,,b,break in time series,,
dataflow,ESTAT:ENV_WASMUN(1.0),Municipal waste by waste management operations,A,Annual,DSP_I_RCV_E,Disposal - incineration (D10) and recovery - energy recovery (R1),KG_HAB,Kilograms per capita,IT,Italy,2016,,98,,,,,
dataflow,ESTAT:ENV_WASMUN(1.0),Municipal waste by waste management operations,A,Annual,DSP_I_RCV_E,Disposal - incineration (D10) and recovery - energy recovery (R1),KG_HAB,Kilograms per capita,IT,Italy,2017,,94,,,,,
dataflow,ESTAT:ENV_WASMUN(1.0),Municipal waste by waste management operations,A,Annual,DSP_I_RCV_E,Disposal - incineration (D10) and recovery - energy recovery (R1),KG_HAB,Kilograms per capita,IT,Italy,2018,,96,,,,,
dataflow,ESTAT:ENV_WASMUN(1.0),Municipal waste by waste management operations,A,Annual,DSP_I_RCV_E,Disposal - incineration (D10) and recovery - energy recovery (R1),KG_HAB,Kilograms per capita,IT,Italy,2019,,99,,,,,
dataflow,ESTAT:ENV_WASMUN(1.0),Municipal waste by waste management operations,A,Annual,DSP_I_RCV_E,Disposal - incineration (D10) and recovery - energy recovery (R1),KG_HAB,Kilograms per capita,IT,Italy,2020,,94,,,,,
dataflow,ESTAT:ENV_WASMUN(1.0),Municipal waste by waste management operations,A,Annual,DSP_I_RCV_E,Disposal - incineration (D10) and recovery - energy recovery (R1),KG_HAB,Kilograms per capita,IT,Italy,2021,,95,,,,,
dataflow,ESTAT:ENV_WASMUN(1.0),Municipal waste by waste management operations,A,Annual,DSP_I_RCV_E,Disposal - incineration (D10) and recovery - energy recovery (R1),KG_HAB,Kilograms per capita,IT,Italy,2022,,90,,,,,
dataflow,ESTAT:ENV_WASMUN(1.0),Municipal waste by waste management operations,A,Annual,DSP_I_RCV_E,Disposal - incineration (D10) and recovery - energy recovery (R1),KG_HAB,Kilograms per capita,LT,Lithuania,1995,,0,,,,,
dataflow,ESTAT:ENV_WASMUN(1.0),Municipal waste by waste management operations,A,Annual,DSP_I_RCV_E,Disposal - incineration (D10) and recovery - energy recovery (R1),KG_HAB,Kilograms per capita,LT,Lithuania,1996,,0,,,,,
dataflow,ESTAT:ENV_WASMUN(1.0),Municipal waste by waste management operations,A,Annual,DSP_I_RCV_E,Disposal - incineration (D10) and recovery - energy recovery (R1),KG_HAB,Kilograms per capita,LT,Lithuania,1997,,0,,,,,
dataflow,ESTAT:ENV_WASMUN(1.0),Municipal waste by waste management operations,A,Annual,DSP_I_RCV_E,Disposal - incineration (D10) and recovery - energy recovery (R1),KG_HAB,Kilograms per capita,LT,Lithuania,1998,,0,,,,,
dataflow,ESTAT:ENV_WASMUN(1.0),Municipal waste by waste management operations,A,Annual,DSP_I_RCV_E,Disposal - incineration (D10) and recovery - energy recovery (R1),KG_HAB,Kilograms per capita,LT,Lithuania,1999,,0,,,,,
dataflow,ESTAT:ENV_WASMUN(1.0),Municipal waste by waste management operations,A,Annual,DSP_I_RCV_E,Disposal - incineration (D10) and recovery - energy recovery (R1),KG_HAB,Kilograms per capita,LT,Lithuania,2000,,0,,,,,
dataflow,ESTAT:ENV_WASMUN(1.0),Municipal waste by waste management operations,A,Annual,DSP_I_RCV_E,Disposal - incineration (D10) and recovery - energy recovery (R1),KG_HAB,Kilograms per capita,LT,Lithuania,2001,,0,,,,,
dataflow,ESTAT:ENV_WASMUN(1.0),Municipal waste by waste management operations,A,Annual,DSP_I_RCV_E,Disposal - incineration (D10) and recovery - energy recovery (R1),KG_HAB,Kilograms per capita,LT,Lithuania,2002,,0,,,,,
dataflow,ESTAT:ENV_WASMUN(1.0),Municipal waste by waste management operations,A,Annual,DSP_I_RCV_E,Disposal - incineration (D10) and recovery - energy recovery (R1),KG_HAB,Kilograms per capita,LT,Lithuania,2003,,0,,,,,
dataflow,ESTAT:ENV_WASMUN(1.0),Municipal waste by waste management operations,A,Annual,DSP_I_RCV_E,Disposal - incineration (D10) and recovery - energy recovery (R1),KG_HAB,Kilograms per capita,LT,Lithuania,2004,,0,,,,,
dataflow,ESTAT:ENV_WASMUN(1.0),Municipal waste by waste management operations,A,Annual,DSP_I_RCV_E,Disposal - incineration (D10) and recovery - energy recovery (R1),KG_HAB,Kilograms per capita,LT,Lithuania,2005,,0,,,,,
dataflow,ESTAT:ENV_WASMUN(1.0),Municipal waste by waste management operations,A,Annual,DSP_I_RCV_E,Disposal - incineration (D10) and recovery - energy recovery (R1),KG_HAB,Kilograms per capita,LT,Lithuania,2006,,0,,,,,
dataflow,ESTAT:ENV_WASMUN(1.0),Municipal waste by waste management operations,A,Annual,DSP_I_RCV_E,Disposal - incineration (D10) and recovery - energy recovery (R1),KG_HAB,Kilograms per capita,LT,Lithuania,2007,,0,,,,,
dataflow,ESTAT:ENV_WASMUN(1.0),Municipal waste by waste management operations,A,Annual,DSP_I_RCV_E,Disposal - incineration (D10) and recovery - energy recovery (R1),KG_HAB,Kilograms per capita,LT,Lithuania,2008,,0,,,,,
dataflow,ESTAT:ENV_WASMUN(1.0),Municipal waste by waste management operations,A,Annual,DSP_I_RCV_E,Disposal - incineration (D10) and recovery - energy recovery (R1),KG_HAB,Kilograms per capita,LT,Lithuania,2009,,0,,,,,
dataflow,ESTAT:ENV_WASMUN(1.0),Municipal waste by waste management operations,A,Annual,DSP_I_RCV_E,Disposal - incineration (D10) and recovery - energy recovery (R1),KG_HAB,Kilograms per capita,LT,Lithuania,2010,,0,,,,,
dataflow,ESTAT:ENV_WASMUN(1.0),Municipal waste by waste management operations,A,Annual,DSP_I_RCV_E,Disposal - incineration (D10) and recovery - energy recovery (R1),KG_HAB,Kilograms per capita,LT,Lithuania,2011,,2,,,,,
dataflow,ESTAT:ENV_WASMUN(1.0),Municipal waste by waste management operations,A,Annual,DSP_I_RCV_E,Disposal - incineration (D10) and recovery - energy recovery (R1),KG_HAB,Kilograms per capita,LT,Lithuania,2012,,0,,,,,
dataflow,ESTAT:ENV_WASMUN(1.0),Municipal waste by waste management operations,A,Annual,DSP_I_RCV_E,Disposal - incineration (D10) and recovery - energy recovery (R1),KG_HAB,Kilograms per capita,LT,Lithuania,2013,,31,,,,,
dataflow,ESTAT:ENV_WASMUN(1.0),Municipal waste by waste management operations,A,Annual,DSP_I_RCV_E,Disposal - incineration (D10) and recovery - energy recovery (R1),KG_HAB,Kilograms per capita,LT,Lithuania,2014,,38,,,,,
dataflow,ESTAT:ENV_WASMUN(1.0),Municipal waste by waste management operations,A,Annual,DSP_I_RCV_E,Disposal - incineration (D10) and recovery - energy recovery (R1),KG_HAB,Kilograms per capita,LT,Lithuania,2015,,51,,,,,
dataflow,ESTAT:ENV_WASMUN(1.0),Municipal waste by waste management operations,A,Annual,DSP_I_RCV_E,Disposal - incineration (D10) and recovery - energy recovery (R1),KG_HAB,Kilograms per capita,LT,Lithuania,2016,,77,,,,,
dataflow,ESTAT:ENV_WASMUN(1.0),Municipal waste by waste management operations,A,Annual,DSP_I_RCV_E,Disposal - incineration (D10) and recovery - energy recovery (R1),KG_HAB,Kilograms per capita,LT,Lithuania,2017,,83,,,,,
dataflow,ESTAT:ENV_WASMUN(1.0),Municipal waste by waste management operations,A,Annual,DSP_I_RCV_E,Disposal - incineration (D10) and recovery - energy recovery (R1),KG_HAB,Kilograms per capita,LT,Lithuania,2018,,58,,,,,
dataflow,ESTAT:ENV_WASMUN(1.0),Municipal waste by waste management operations,A,Annual,DSP_I_RCV_E,Disposal - incineration (D10) and recovery - energy recovery (R1),KG_HAB,Kilograms per capita,LT,Lithuania,2019,,69,,,,,
dataflow,ESTAT:ENV_WASMUN(1.0),Municipal waste by waste management operations,A,Annual,DSP_I_RCV_E,Disposal - incineration (D10) and recovery - energy recovery (R1),KG_HAB,Kilograms per capita,LT,Lithuania,2020,,124,,,,,
dataflow,ESTAT:ENV_WASMUN(1.0),Municipal waste by waste management operations,A,Annual,DSP_I_RCV_E,Disposal - incineration (D10) and recovery - energy recovery (R1),KG_HAB,Kilograms per capita,LT,Lithuania,2021,,168,,,,,
dataflow,ESTAT:ENV_WASMUN(1.0),Municipal waste by waste management operations,A,Annual,DSP_I_RCV_E,Disposal - incineration (D10) and recovery - energy recovery (R1),KG_HAB,Kilograms per capita,LT,Lithuania,2022,,177,,,,,
dataflow,ESTAT:ENV_WASMUN(1.0),Municipal waste by waste management operations,A,Annual,DSP_I_RCV_E,Disposal - incineration (D10) and recovery - energy recovery (R1),KG_HAB,Kilograms per capita,LT,Lithuania,2023,,180,,,,,
dataflow,ESTAT:ENV_WASMUN(1.0),Municipal waste by waste management operations,A,Annual,DSP_I_RCV_E,Disposal - incineration (D10) and recovery - energy recovery (R1),KG_HAB,Kilograms per capita,LU,Luxembourg,1995,,310,,,,,
dataflow,ESTAT:ENV_WASMUN(1.0),Municipal waste by waste management operations,A,Annual,DSP_I_RCV_E,Disposal - incineration (D10) and recovery - energy recovery (R1),KG_HAB,Kilograms per capita,LU,Luxembourg,1996,,304,,,,,
dataflow,ESTAT:ENV_WASMUN(1.0),Municipal waste by waste management operations,A,Annual,DSP_I_RCV_E,Disposal - incineration (D10) and recovery - energy recovery (R1),KG_HAB,Kilograms per capita,LU,Luxembourg,1997,,298,,,,,
dataflow,ESTAT:ENV_WASMUN(1.0),Municipal waste by waste management operations,A,Annual,DSP_I_RCV_E,Disposal - incineration (D10) and recovery - energy recovery (R1),KG_HAB,Kilograms per capita,LU,Luxembourg,1998,,287,,,,,
dataflow,ESTAT:ENV_WASMUN(1.0),Municipal waste by waste management operations,A,Annual,DSP_I_RCV_E,Disposal - incineration (D10) and recovery - energy recovery (R1),KG_HAB,Kilograms per capita,LU,Luxembourg,1999,,309,,,,,
dataflow,ESTAT:ENV_WASMUN(1.0),Municipal waste by waste management operations,A,Annual,DSP_I_RCV_E,Disposal - incineration (D10) and recovery - energy recovery (R1),KG_HAB,Kilograms per capita,LU,Luxembourg,2000,,282,,,,,
dataflow,ESTAT:ENV_WASMUN(1.0),Municipal waste by waste management operations,A,Annual,DSP_I_RCV_E,Disposal - incineration (D10) and recovery - energy recovery (R1),KG_HAB,Kilograms per capita,LU,Luxembourg,2001,,274,,,,,
dataflow,ESTAT:ENV_WASMUN(1.0),Municipal waste by waste management operations,A,Annual,DSP_I_RCV_E,Disposal - incineration (D10) and recovery - energy recovery (R1),KG_HAB,Kilograms per capita,LU,Luxembourg,2002,,274,,,,,
dataflow,ESTAT:ENV_WASMUN(1.0),Municipal waste by waste management operations,A,Annual,DSP_I_RCV_E,Disposal - incineration (D10) and recovery - energy recovery (R1),KG_HAB,Kilograms per capita,LU,Luxembourg,2003,,266,,,,,
dataflow,ESTAT:ENV_WASMUN(1.0),Municipal waste by waste management operations,A,Annual,DSP_I_RCV_E,Disposal - incineration (D10) and recovery - energy recovery (R1),KG_HAB,Kilograms per capita,LU,Luxembourg,2004,,284,,,,,
dataflow,ESTAT:ENV_WASMUN(1.0),Municipal waste by waste management operations,A,Annual,DSP_I_RCV_E,Disposal - incineration (D10) and recovery - energy recovery (R1),KG_HAB,Kilograms per capita,LU,Luxembourg,2005,,254,,,,,
dataflow,ESTAT:ENV_WASMUN(1.0),Municipal waste by waste management operations,A,Annual,DSP_I_RCV_E,Disposal - incineration (D10) and recovery - energy recovery (R1),KG_HAB,Kilograms per capita,LU,Luxembourg,2006,,265,,,,,
dataflow,ESTAT:ENV_WASMUN(1.0),Municipal waste by waste management operations,A,Annual,DSP_I_RCV_E,Disposal - incineration (D10) and recovery - energy recovery (R1),KG_HAB,Kilograms per capita,LU,Luxembourg,2007,,266,,,,,
dataflow,ESTAT:ENV_WASMUN(1.0),Municipal waste by waste management operations,A,Annual,DSP_I_RCV_E,Disposal - incineration (D10) and recovery - energy recovery (R1),KG_HAB,Kilograms per capita,LU,Luxembourg,2008,,269,,,,,
dataflow,ESTAT:ENV_WASMUN(1.0),Municipal waste by waste management operations,A,Annual,DSP_I_RCV_E,Disposal - incineration (D10) and recovery - energy recovery (R1),KG_HAB,Kilograms per capita,LU,Luxembourg,2009,,262,,,,,
dataflow,ESTAT:ENV_WASMUN(1.0),Municipal waste by waste management operations,A,Annual,DSP_I_RCV_E,Disposal - incineration (D10) and recovery - energy recovery (R1),KG_HAB,Kilograms per capita,LU,Luxembourg,2010,,256,,,,,
dataflow,ESTAT:ENV_WASMUN(1.0),Municipal waste by waste management operations,A,Annual,DSP_I_RCV_E,Disposal - incineration (D10) and recovery - energy recovery (R1),KG_HAB,Kilograms per capita,LU,Luxembourg,2011,,261,,,,,
dataflow,ESTAT:ENV_WASMUN(1.0),Municipal waste by waste management operations,A,Annual,DSP_I_RCV_E,Disposal - incineration (D10) and recovery - energy recovery (R1),KG_HAB,Kilograms per capita,LU,Luxembourg,2012,,249,,,,,
dataflow,ESTAT:ENV_WASMUN(1.0),Municipal waste by waste management operations,A,Annual,DSP_I_RCV_E,Disposal - incineration (D10) and recovery - energy recovery (R1),KG_HAB,Kilograms per capita,LU,Luxembourg,2013,,243,,,,,
dataflow,ESTAT:ENV_WASMUN(1.0),Municipal waste by waste management operations,A,Annual,DSP_I_RCV_E,Disposal - incineration (D10) and recovery - energy recovery (R1),KG_HAB,Kilograms per capita,LU,Luxembourg,2014,,237,,,,,
dataflow,ESTAT:ENV_WASMUN(1.0),Municipal waste by waste management operations,A,Annual,DSP_I_RCV_E,Disposal - incineration (D10) and recovery - energy recovery (R1),KG_HAB,Kilograms per capita,LU,Luxembourg,2015,,274,,,,,
dataflow,ESTAT:ENV_WASMUN(1.0),Municipal waste by waste management operations,A,Annual,DSP_I_RCV_E,Disposal - incineration (D10) and recovery - energy recovery (R1),KG_HAB,Kilograms per capita,LU,Luxembourg,2016,,379,,b,break in time series,,
dataflow,ESTAT:ENV_WASMUN(1.0),Municipal waste by waste management operations,A,Annual,DSP_I_RCV_E,Disposal - incineration (D10) and recovery - energy recovery (R1),KG_HAB,Kilograms per capita,LU,Luxembourg,2017,,372,,,,,
dataflow,ESTAT:ENV_WASMUN(1.0),Municipal waste by waste management operations,A,Annual,DSP_I_RCV_E,Disposal - incineration (D10) and recovery - energy recovery (R1),KG_HAB,Kilograms per capita,LU,Luxembourg,2018,,375,,,,,
dataflow,ESTAT:ENV_WASMUN(1.0),Municipal waste by waste management operations,A,Annual,DSP_I_RCV_E,Disposal - incineration (D10) and recovery - energy recovery (R1),KG_HAB,Kilograms per capita,LU,Luxembourg,2019,,369,,e,estimated,,
dataflow,ESTAT:ENV_WASMUN(1.0),Municipal waste by waste management operations,A,Annual,DSP_I_RCV_E,Disposal - incineration (D10) and recovery - energy recovery (R1),KG_HAB,Kilograms per capita,LU,Luxembourg,2020,,341,,i,value imputed by Eurostat or other receiving agencies,,
dataflow,ESTAT:ENV_WASMUN(1.0),Municipal waste by waste management operations,A,Annual,DSP_I_RCV_E,Disposal - incineration (D10) and recovery - energy recovery (R1),KG_HAB,Kilograms per capita,LU,Luxembourg,2021,,323,,,,,
dataflow,ESTAT:ENV_WASMUN(1.0),Municipal waste by waste management operations,A,Annual,DSP_I_RCV_E,Disposal - incineration (D10) and recovery - energy recovery (R1),KG_HAB,Kilograms per capita,LU,Luxembourg,2022,,299,,,,,
dataflow,ESTAT:ENV_WASMUN(1.0),Municipal waste by waste management operations,A,Annual,DSP_I_RCV_E,Disposal - incineration (D10) and recovery - energy recovery (R1),KG_HAB,Kilograms per capita,LU,Luxembourg,2023,,291,,,,,
dataflow,ESTAT:ENV_WASMUN(1.0),Municipal waste by waste management operations,A,Annual,DSP_I_RCV_E,Disposal - incineration (D10) and recovery - energy recovery (R1),KG_HAB,Kilograms per capita,LV,Latvia,1995,,0,,,,,
dataflow,ESTAT:ENV_WASMUN(1.0),Municipal waste by waste management operations,A,Annual,DSP_I_RCV_E,Disposal - incineration (D10) and recovery - energy recovery (R1),KG_HAB,Kilograms per capita,LV,Latvia,1996,,0,,,,,
dataflow,ESTAT:ENV_WASMUN(1.0),Municipal waste by waste management operations,A,Annual,DSP_I_RCV_E,Disposal - incineration (D10) and recovery - energy recovery (R1),KG_HAB,Kilograms per capita,LV,Latvia,1997,,0,,,,,
dataflow,ESTAT:ENV_WASMUN(1.0),Municipal waste by waste management operations,A,Annual,DSP_I_RCV_E,Disposal - incineration (D10) and recovery - energy recovery (R1),KG_HAB,Kilograms per capita,LV,Latvia,1998,,0,,,,,
dataflow,ESTAT:ENV_WASMUN(1.0),Municipal waste by waste management operations,A,Annual,DSP_I_RCV_E,Disposal - incineration (D10) and recovery - energy recovery (R1),KG_HAB,Kilograms per capita,LV,Latvia,1999,,0,,,,,
dataflow,ESTAT:ENV_WASMUN(1.0),Municipal waste by waste management operations,A,Annual,DSP_I_RCV_E,Disposal - incineration (D10) and recovery - energy recovery (R1),KG_HAB,Kilograms per capita,LV,Latvia,2000,,0,,,,,
dataflow,ESTAT:ENV_WASMUN(1.0),Municipal waste by waste management operations,A,Annual,DSP_I_RCV_E,Disposal - incineration (D10) and recovery - energy recovery (R1),KG_HAB,Kilograms per capita,LV,Latvia,2001,,4,,,,,
dataflow,ESTAT:ENV_WASMUN(1.0),Municipal waste by waste management operations,A,Annual,DSP_I_RCV_E,Disposal - incineration (D10) and recovery - energy recovery (R1),KG_HAB,Kilograms per capita,LV,Latvia,2002,,5,,,,,
dataflow,ESTAT:ENV_WASMUN(1.0),Municipal waste by waste management operations,A,Annual,DSP_I_RCV_E,Disposal - incineration (D10) and recovery - energy recovery (R1),KG_HAB,Kilograms per capita,LV,Latvia,2003,,5,,,,,
dataflow,ESTAT:ENV_WASMUN(1.0),Municipal waste by waste management operations,A,Annual,DSP_I_RCV_E,Disposal - incineration (D10) and recovery - energy recovery (R1),KG_HAB,Kilograms per capita,LV,Latvia,2004,,6,,,,,
dataflow,ESTAT:ENV_WASMUN(1.0),Municipal waste by waste management operations,A,Annual,DSP_I_RCV_E,Disposal - incineration (D10) and recovery - energy recovery (R1),KG_HAB,Kilograms per capita,LV,Latvia,2005,,3,,,,,
dataflow,ESTAT:ENV_WASMUN(1.0),Municipal waste by waste management operations,A,Annual,DSP_I_RCV_E,Disposal - incineration (D10) and recovery - energy recovery (R1),KG_HAB,Kilograms per capita,LV,Latvia,2006,,2,,,,,
dataflow,ESTAT:ENV_WASMUN(1.0),Municipal waste by waste management operations,A,Annual,DSP_I_RCV_E,Disposal - incineration (D10) and recovery - energy recovery (R1),KG_HAB,Kilograms per capita,LV,Latvia,2007,,2,,,,,
dataflow,ESTAT:ENV_WASMUN(1.0),Municipal waste by waste management operations,A,Annual,DSP_I_RCV_E,Disposal - incineration (D10) and recovery - energy recovery (R1),KG_HAB,Kilograms per capita,LV,Latvia,2008,,1,,,,,
dataflow,ESTAT:ENV_WASMUN(1.0),Municipal waste by waste management operations,A,Annual,DSP_I_RCV_E,Disposal - incineration (D10) and recovery - energy recovery (R1),KG_HAB,Kilograms per capita,LV,Latvia,2009,,0,,,,,
dataflow,ESTAT:ENV_WASMUN(1.0),Municipal waste by waste management operations,A,Annual,DSP_I_RCV_E,Disposal - incineration (D10) and recovery - energy recovery (R1),KG_HAB,Kilograms per capita,LV,Latvia,2010,,0,,,,,
dataflow,ESTAT:ENV_WASMUN(1.0),Municipal waste by waste management operations,A,Annual,DSP_I_RCV_E,Disposal - incineration (D10) and recovery - energy recovery (R1),KG_HAB,Kilograms per capita,LV,Latvia,2011,,0,,,,,
dataflow,ESTAT:ENV_WASMUN(1.0),Municipal waste by waste management operations,A,Annual,DSP_I_RCV_E,Disposal - incineration (D10) and recovery - energy recovery (R1),KG_HAB,Kilograms per capita,LV,Latvia,2012,,1,,,,,
dataflow,ESTAT:ENV_WASMUN(1.0),Municipal waste by waste management operations,A,Annual,DSP_I_RCV_E,Disposal - incineration (D10) and recovery - energy recovery (R1),KG_HAB,Kilograms per capita,LV,Latvia,2013,,6,,,,,
dataflow,ESTAT:ENV_WASMUN(1.0),Municipal waste by waste management operations,A,Annual,DSP_I_RCV_E,Disposal - incineration (D10) and recovery - energy recovery (R1),KG_HAB,Kilograms per capita,LV,Latvia,2014,,5,,,,,
dataflow,ESTAT:ENV_WASMUN(1.0),Municipal waste by waste management operations,A,Annual,DSP_I_RCV_E,Disposal - incineration (D10) and recovery - energy recovery (R1),KG_HAB,Kilograms per capita,LV,Latvia,2015,,8,,,,,
dataflow,ESTAT:ENV_WASMUN(1.0),Municipal waste by waste management operations,A,Annual,DSP_I_RCV_E,Disposal - incineration (D10) and recovery - energy recovery (R1),KG_HAB,Kilograms per capita,LV,Latvia,2016,,10,,,,,
dataflow,ESTAT:ENV_WASMUN(1.0),Municipal waste by waste management operations,A,Annual,DSP_I_RCV_E,Disposal - incineration (D10) and recovery - energy recovery (R1),KG_HAB,Kilograms per capita,LV,Latvia,2017,,11,,,,,
dataflow,ESTAT:ENV_WASMUN(1.0),Municipal waste by waste management operations,A,Annual,DSP_I_RCV_E,Disposal - incineration (D10) and recovery - energy recovery (R1),KG_HAB,Kilograms per capita,LV,Latvia,2018,,8,,,,,
dataflow,ESTAT:ENV_WASMUN(1.0),Municipal waste by waste management operations,A,Annual,DSP_I_RCV_E,Disposal - incineration (D10) and recovery - energy recovery (R1),KG_HAB,Kilograms per capita,LV,Latvia,2019,,15,,i,value imputed by Eurostat or other receiving agencies,,
dataflow,ESTAT:ENV_WASMUN(1.0),Municipal waste by waste management operations,A,Annual,DSP_I_RCV_E,Disposal - incineration (D10) and recovery - energy recovery (R1),KG_HAB,Kilograms per capita,LV,Latvia,2020,,13,,,,,
dataflow,ESTAT:ENV_WASMUN(1.0),Municipal waste by waste management operations,A,Annual,DSP_I_RCV_E,Disposal - incineration (D10) and recovery - energy recovery (R1),KG_HAB,Kilograms per capita,LV,Latvia,2021,,16,,,,,
dataflow,ESTAT:ENV_WASMUN(1.0),Municipal waste by waste management operations,A,Annual,DSP_I_RCV_E,Disposal - incineration (D10) and recovery - energy recovery (R1),KG_HAB,Kilograms per capita,LV,Latvia,2022,,14,,,,,
dataflow,ESTAT:ENV_WASMUN(1.0),Municipal waste by waste management operations,A,Annual,DSP_I_RCV_E,Disposal - incineration (D10) and recovery - energy recovery (R1),KG_HAB,Kilograms per capita,ME,Montenegro,2012,,0,,e,estimated,,
dataflow,ESTAT:ENV_WASMUN(1.0),Municipal waste by waste management operations,A,Annual,DSP_I_RCV_E,Disposal - incineration (D10) and recovery - energy recovery (R1),KG_HAB,Kilograms per capita,ME,Montenegro,2013,,0,,e,estimated,,
dataflow,ESTAT:ENV_WASMUN(1.0),Municipal waste by waste management operations,A,Annual,DSP_I_RCV_E,Disposal - incineration (D10) and recovery - energy recovery (R1),KG_HAB,Kilograms per capita,ME,Montenegro,2014,,0,,e,estimated,,
dataflow,ESTAT:ENV_WASMUN(1.0),Municipal waste by waste management operations,A,Annual,DSP_I_RCV_E,Disposal - incineration (D10) and recovery - energy recovery (R1),KG_HAB,Kilograms per capita,ME,Montenegro,2015,,0,,e,estimated,,
dataflow,ESTAT:ENV_WASMUN(1.0),Municipal waste by waste management operations,A,Annual,DSP_I_RCV_E,Disposal - incineration (D10) and recovery - energy recovery (R1),KG_HAB,Kilograms per capita,ME,Montenegro,2016,,0,,e,estimated,,
dataflow,ESTAT:ENV_WASMUN(1.0),Municipal waste by waste management operations,A,Annual,DSP_I_RCV_E,Disposal - incineration (D10) and recovery - energy recovery (R1),KG_HAB,Kilograms per capita,ME,Montenegro,2018,,0,,e,estimated,,
dataflow,ESTAT:ENV_WASMUN(1.0),Municipal waste by waste management operations,A,Annual,DSP_I_RCV_E,Disposal - incineration (D10) and recovery - energy recovery (R1),KG_HAB,Kilograms per capita,ME,Montenegro,2019,,0,,e,estimated,,
dataflow,ESTAT:ENV_WASMUN(1.0),Municipal waste by waste management operations,A,Annual,DSP_I_RCV_E,Disposal - incineration (D10) and recovery - energy recovery (R1),KG_HAB,Kilograms per capita,ME,Montenegro,2020,,0,,e,estimated,,
dataflow,ESTAT:ENV_WASMUN(1.0),Municipal waste by waste management operations,A,Annual,DSP_I_RCV_E,Disposal - incineration (D10) and recovery - energy recovery (R1),KG_HAB,Kilograms per capita,ME,Montenegro,2021,,0,,e,estimated,,
dataflow,ESTAT:ENV_WASMUN(1.0),Municipal waste by waste management operations,A,Annual,DSP_I_RCV_E,Disposal - incineration (D10) and recovery - energy recovery (R1),KG_HAB,Kilograms per capita,ME,Montenegro,2022,,0,,e,estimated,,
dataflow,ESTAT:ENV_WASMUN(1.0),Municipal waste by waste management operations,A,Annual,DSP_I_RCV_E,Disposal - incineration (D10) and recovery - energy recovery (R1),KG_HAB,Kilograms per capita,ME,Montenegro,2023,,0,,e,estimated,,
dataflow,ESTAT:ENV_WASMUN(1.0),Municipal waste by waste management operations,A,Annual,DSP_I_RCV_E,Disposal - incineration (D10) and recovery - energy recovery (R1),KG_HAB,Kilograms per capita,MK,North Macedonia,2008,,0,,,,,
dataflow,ESTAT:ENV_WASMUN(1.0),Municipal waste by waste management operations,A,Annual,DSP_I_RCV_E,Disposal - incineration (D10) and recovery - energy recovery (R1),KG_HAB,Kilograms per capita,MK,North Macedonia,2011,,0,,,,,
dataflow,ESTAT:ENV_WASMUN(1.0),Municipal waste by waste management operations,A,Annual,DSP_I_RCV_E,Disposal - incineration (D10) and recovery - energy recovery (R1),KG_HAB,Kilograms per capita,MK,North Macedonia,2022,,0,,,,,
dataflow,ESTAT:ENV_WASMUN(1.0),Municipal waste by waste management operations,A,Annual,DSP_I_RCV_E,Disposal - incineration (D10) and recovery - energy recovery (R1),KG_HAB,Kilograms per capita,MT,Malta,1995,,0,,,,,
dataflow,ESTAT:ENV_WASMUN(1.0),Municipal waste by waste management operations,A,Annual,DSP_I_RCV_E,Disposal - incineration (D10) and recovery - energy recovery (R1),KG_HAB,Kilograms per capita,MT,Malta,1996,,0,,,,,
dataflow,ESTAT:ENV_WASMUN(1.0),Municipal waste by waste management operations,A,Annual,DSP_I_RCV_E,Disposal - incineration (D10) and recovery - energy recovery (R1),KG_HAB,Kilograms per capita,MT,Malta,1997,,0,,,,,
dataflow,ESTAT:ENV_WASMUN(1.0),Municipal waste by waste management operations,A,Annual,DSP_I_RCV_E,Disposal - incineration (D10) and recovery - energy recovery (R1),KG_HAB,Kilograms per capita,MT,Malta,1998,,0,,,,,
dataflow,ESTAT:ENV_WASMUN(1.0),Municipal waste by waste management operations,A,Annual,DSP_I_RCV_E,Disposal - incineration (D10) and recovery - energy recovery (R1),KG_HAB,Kilograms per capita,MT,Malta,1999,,0,,,,,
dataflow,ESTAT:ENV_WASMUN(1.0),Municipal waste by waste management operations,A,Annual,DSP_I_RCV_E,Disposal - incineration (D10) and recovery - energy recovery (R1),KG_HAB,Kilograms per capita,MT,Malta,2000,,0,,,,,
dataflow,ESTAT:ENV_WASMUN(1.0),Municipal waste by waste management operations,A,Annual,DSP_I_RCV_E,Disposal - incineration (D10) and recovery - energy recovery (R1),KG_HAB,Kilograms per capita,MT,Malta,2001,,0,,,,,
dataflow,ESTAT:ENV_WASMUN(1.0),Municipal waste by waste management operations,A,Annual,DSP_I_RCV_E,Disposal - incineration (D10) and recovery - energy recovery (R1),KG_HAB,Kilograms per capita,MT,Malta,2002,,0,,,,,
dataflow,ESTAT:ENV_WASMUN(1.0),Municipal waste by waste management operations,A,Annual,DSP_I_RCV_E,Disposal - incineration (D10) and recovery - energy recovery (R1),KG_HAB,Kilograms per capita,MT,Malta,2003,,0,,,,,
dataflow,ESTAT:ENV_WASMUN(1.0),Municipal waste by waste management operations,A,Annual,DSP_I_RCV_E,Disposal - incineration (D10) and recovery - energy recovery (R1),KG_HAB,Kilograms per capita,MT,Malta,2004,,0,,,,,
dataflow,ESTAT:ENV_WASMUN(1.0),Municipal waste by waste management operations,A,Annual,DSP_I_RCV_E,Disposal - incineration (D10) and recovery - energy recovery (R1),KG_HAB,Kilograms per capita,MT,Malta,2005,,0,,,,,
dataflow,ESTAT:ENV_WASMUN(1.0),Municipal waste by waste management operations,A,Annual,DSP_I_RCV_E,Disposal - incineration (D10) and recovery - energy recovery (R1),KG_HAB,Kilograms per capita,MT,Malta,2006,,0,,,,,
dataflow,ESTAT:ENV_WASMUN(1.0),Municipal waste by waste management operations,A,Annual,DSP_I_RCV_E,Disposal - incineration (D10) and recovery - energy recovery (R1),KG_HAB,Kilograms per capita,MT,Malta,2007,,0,,,,,
dataflow,ESTAT:ENV_WASMUN(1.0),Municipal waste by waste management operations,A,Annual,DSP_I_RCV_E,Disposal - incineration (D10) and recovery - energy recovery (R1),KG_HAB,Kilograms per capita,MT,Malta,2008,,0,,,,,
dataflow,ESTAT:ENV_WASMUN(1.0),Municipal waste by waste management operations,A,Annual,DSP_I_RCV_E,Disposal - incineration (D10) and recovery - energy recovery (R1),KG_HAB,Kilograms per capita,MT,Malta,2009,,0,,,,,
dataflow,ESTAT:ENV_WASMUN(1.0),Municipal waste by waste management operations,A,Annual,DSP_I_RCV_E,Disposal - incineration (D10) and recovery - energy recovery (R1),KG_HAB,Kilograms per capita,MT,Malta,2010,,0,,,,,
dataflow,ESTAT:ENV_WASMUN(1.0),Municipal waste by waste management operations,A,Annual,DSP_I_RCV_E,Disposal - incineration (D10) and recovery - energy recovery (R1),KG_HAB,Kilograms per capita,MT,Malta,2011,,6,,,,,
dataflow,ESTAT:ENV_WASMUN(1.0),Municipal waste by waste management operations,A,Annual,DSP_I_RCV_E,Disposal - incineration (D10) and recovery - energy recovery (R1),KG_HAB,Kilograms per capita,MT,Malta,2012,,3,,,,,
dataflow,ESTAT:ENV_WASMUN(1.0),Municipal waste by waste management operations,A,Annual,DSP_I_RCV_E,Disposal - incineration (D10) and recovery - energy recovery (R1),KG_HAB,Kilograms per capita,MT,Malta,2013,,2,,,,,
dataflow,ESTAT:ENV_WASMUN(1.0),Municipal waste by waste management operations,A,Annual,DSP_I_RCV_E,Disposal - incineration (D10) and recovery - energy recovery (R1),KG_HAB,Kilograms per capita,MT,Malta,2014,,2,,,,,
dataflow,ESTAT:ENV_WASMUN(1.0),Municipal waste by waste management operations,A,Annual,DSP_I_RCV_E,Disposal - incineration (D10) and recovery - energy recovery (R1),KG_HAB,Kilograms per capita,MT,Malta,2015,,2,,,,,
dataflow,ESTAT:ENV_WASMUN(1.0),Municipal waste by waste management operations,A,Annual,DSP_I_RCV_E,Disposal - incineration (D10) and recovery - energy recovery (R1),KG_HAB,Kilograms per capita,MT,Malta,2016,,2,,,,,
dataflow,ESTAT:ENV_WASMUN(1.0),Municipal waste by waste management operations,A,Annual,DSP_I_RCV_E,Disposal - incineration (D10) and recovery - energy recovery (R1),KG_HAB,Kilograms per capita,MT,Malta,2017,,0,,,,,
dataflow,ESTAT:ENV_WASMUN(1.0),Municipal waste by waste management operations,A,Annual,DSP_I_RCV_E,Disposal - incineration (D10) and recovery - energy recovery (R1),KG_HAB,Kilograms per capita,MT,Malta,2018,,0,,,,,
dataflow,ESTAT:ENV_WASMUN(1.0),Municipal waste by waste management operations,A,Annual,DSP_I_RCV_E,Disposal - incineration (D10) and recovery - energy recovery (R1),KG_HAB,Kilograms per capita,MT,Malta,2019,,0,,,,,
dataflow,ESTAT:ENV_WASMUN(1.0),Municipal waste by waste management operations,A,Annual,DSP_I_RCV_E,Disposal - incineration (D10) and recovery - energy recovery (R1),KG_HAB,Kilograms per capita,MT,Malta,2020,,0,,,,,
dataflow,ESTAT:ENV_WASMUN(1.0),Municipal waste by waste management operations,A,Annual,DSP_I_RCV_E,Disposal - incineration (D10) and recovery - energy recovery (R1),KG_HAB,Kilograms per capita,MT,Malta,2021,,25,,,,,
dataflow,ESTAT:ENV_WASMUN(1.0),Municipal waste by waste management operations,A,Annual,DSP_I_RCV_E,Disposal - incineration (D10) and recovery - energy recovery (R1),KG_HAB,Kilograms per capita,MT,Malta,2022,,8,,,,,
dataflow,ESTAT:ENV_WASMUN(1.0),Municipal waste by waste management operations,A,Annual,DSP_I_RCV_E,Disposal - incineration (D10) and recovery - energy recovery (R1),KG_HAB,Kilograms per capita,MT,Malta,2023,,16,,,,,
dataflow,ESTAT:ENV_WASMUN(1.0),Municipal waste by waste management operations,A,Annual,DSP_I_RCV_E,Disposal - incineration (D10) and recovery - energy recovery (R1),KG_HAB,Kilograms per capita,NL,Netherlands,2008,,300,,b,break in time series,,
dataflow,ESTAT:ENV_WASMUN(1.0),Municipal waste by waste management operations,A,Annual,DSP_I_RCV_E,Disposal - incineration (D10) and recovery - energy recovery (R1),KG_HAB,Kilograms per capita,NL,Netherlands,2009,,291,,,,,
dataflow,ESTAT:ENV_WASMUN(1.0),Municipal waste by waste management operations,A,Annual,DSP_I_RCV_E,Disposal - incineration (D10) and recovery - energy recovery (R1),KG_HAB,Kilograms per capita,NL,Netherlands,2010,,281,,,,,
dataflow,ESTAT:ENV_WASMUN(1.0),Municipal waste by waste management operations,A,Annual,DSP_I_RCV_E,Disposal - incineration (D10) and recovery - energy recovery (R1),KG_HAB,Kilograms per capita,NL,Netherlands,2011,,280,,,,,
dataflow,ESTAT:ENV_WASMUN(1.0),Municipal waste by waste management operations,A,Annual,DSP_I_RCV_E,Disposal - incineration (D10) and recovery - energy recovery (R1),KG_HAB,Kilograms per capita,NL,Netherlands,2012,,269,,,,,
dataflow,ESTAT:ENV_WASMUN(1.0),Municipal waste by waste management operations,A,Annual,DSP_I_RCV_E,Disposal - incineration (D10) and recovery - energy recovery (R1),KG_HAB,Kilograms per capita,NL,Netherlands,2013,,256,,,,,
dataflow,ESTAT:ENV_WASMUN(1.0),Municipal waste by waste management operations,A,Annual,DSP_I_RCV_E,Disposal - incineration (D10) and recovery - energy recovery (R1),KG_HAB,Kilograms per capita,NL,Netherlands,2014,,251,,,,,
dataflow,ESTAT:ENV_WASMUN(1.0),Municipal waste by waste management operations,A,Annual,DSP_I_RCV_E,Disposal - incineration (D10) and recovery - energy recovery (R1),KG_HAB,Kilograms per capita,NL,Netherlands,2015,,245,,,,,
dataflow,ESTAT:ENV_WASMUN(1.0),Municipal waste by waste management operations,A,Annual,DSP_I_RCV_E,Disposal - incineration (D10) and recovery - energy recovery (R1),KG_HAB,Kilograms per capita,NL,Netherlands,2016,,235,,,,,
dataflow,ESTAT:ENV_WASMUN(1.0),Municipal waste by waste management operations,A,Annual,DSP_I_RCV_E,Disposal - incineration (D10) and recovery - energy recovery (R1),KG_HAB,Kilograms per capita,NL,Netherlands,2017,,226,,,,,
dataflow,ESTAT:ENV_WASMUN(1.0),Municipal waste by waste management operations,A,Annual,DSP_I_RCV_E,Disposal - incineration (D10) and recovery - energy recovery (R1),KG_HAB,Kilograms per capita,NL,Netherlands,2018,,218,,,,,
dataflow,ESTAT:ENV_WASMUN(1.0),Municipal waste by waste management operations,A,Annual,DSP_I_RCV_E,Disposal - incineration (D10) and recovery - energy recovery (R1),KG_HAB,Kilograms per capita,NL,Netherlands,2019,,212,,,,,
dataflow,ESTAT:ENV_WASMUN(1.0),Municipal waste by waste management operations,A,Annual,DSP_I_RCV_E,Disposal - incineration (D10) and recovery - energy recovery (R1),KG_HAB,Kilograms per capita,NL,Netherlands,2020,,222,,,,,
dataflow,ESTAT:ENV_WASMUN(1.0),Municipal waste by waste management operations,A,Annual,DSP_I_RCV_E,Disposal - incineration (D10) and recovery - energy recovery (R1),KG_HAB,Kilograms per capita,NL,Netherlands,2021,,210,,,,,
dataflow,ESTAT:ENV_WASMUN(1.0),Municipal waste by waste management operations,A,Annual,DSP_I_RCV_E,Disposal - incineration (D10) and recovery - energy recovery (R1),KG_HAB,Kilograms per capita,NL,Netherlands,2022,,194,,p,provisional,,
dataflow,ESTAT:ENV_WASMUN(1.0),Municipal waste by waste management operations,A,Annual,DSP_I_RCV_E,Disposal - incineration (D10) and recovery - energy recovery (R1),KG_HAB,Kilograms per capita,NL,Netherlands,2023,,188,,,,,
dataflow,ESTAT:ENV_WASMUN(1.0),Municipal waste by waste management operations,A,Annual,DSP_I_RCV_E,Disposal - incineration (D10) and recovery - energy recovery (R1),KG_HAB,Kilograms per capita,NO,Norway,1995,,84,,,,,
dataflow,ESTAT:ENV_WASMUN(1.0),Municipal waste by waste management operations,A,Annual,DSP_I_RCV_E,Disposal - incineration (D10) and recovery - energy recovery (R1),KG_HAB,Kilograms per capita,NO,Norway,1996,,81,,,,,
dataflow,ESTAT:ENV_WASMUN(1.0),Municipal waste by waste management operations,A,Annual,DSP_I_RCV_E,Disposal - incineration (D10) and recovery - energy recovery (R1),KG_HAB,Kilograms per capita,NO,Norway,1997,,83,,,,,
dataflow,ESTAT:ENV_WASMUN(1.0),Municipal waste by waste management operations,A,Annual,DSP_I_RCV_E,Disposal - incineration (D10) and recovery - energy recovery (R1),KG_HAB,Kilograms per capita,NO,Norway,1998,,84,,,,,
dataflow,ESTAT:ENV_WASMUN(1.0),Municipal waste by waste management operations,A,Annual,DSP_I_RCV_E,Disposal - incineration (D10) and recovery - energy recovery (R1),KG_HAB,Kilograms per capita,NO,Norway,1999,,92,,,,,
dataflow,ESTAT:ENV_WASMUN(1.0),Municipal waste by waste management operations,A,Annual,DSP_I_RCV_E,Disposal - incineration (D10) and recovery - energy recovery (R1),KG_HAB,Kilograms per capita,NO,Norway,2000,,90,,,,,
dataflow,ESTAT:ENV_WASMUN(1.0),Municipal waste by waste management operations,A,Annual,DSP_I_RCV_E,Disposal - incineration (D10) and recovery - energy recovery (R1),KG_HAB,Kilograms per capita,NO,Norway,2001,,107,,b,break in time series,,
dataflow,ESTAT:ENV_WASMUN(1.0),Municipal waste by waste management operations,A,Annual,DSP_I_RCV_E,Disposal - incineration (D10) and recovery - energy recovery (R1),KG_HAB,Kilograms per capita,NO,Norway,2002,,120,,,,,
dataflow,ESTAT:ENV_WASMUN(1.0),Municipal waste by waste management operations,A,Annual,DSP_I_RCV_E,Disposal - incineration (D10) and recovery - energy recovery (R1),KG_HAB,Kilograms per capita,NO,Norway,2003,,131,,,,,
dataflow,ESTAT:ENV_WASMUN(1.0),Municipal waste by waste management operations,A,Annual,DSP_I_RCV_E,Disposal - incineration (D10) and recovery - energy recovery (R1),KG_HAB,Kilograms per capita,NO,Norway,2004,,128,,,,,
dataflow,ESTAT:ENV_WASMUN(1.0),Municipal waste by waste management operations,A,Annual,DSP_I_RCV_E,Disposal - incineration (D10) and recovery - energy recovery (R1),KG_HAB,Kilograms per capita,NO,Norway,2005,,142,,,,,
dataflow,ESTAT:ENV_WASMUN(1.0),Municipal waste by waste management operations,A,Annual,DSP_I_RCV_E,Disposal - incineration (D10) and recovery - energy recovery (R1),KG_HAB,Kilograms per capita,NO,Norway,2006,,145,,,,,
dataflow,ESTAT:ENV_WASMUN(1.0),Municipal waste by waste management operations,A,Annual,DSP_I_RCV_E,Disposal - incineration (D10) and recovery - energy recovery (R1),KG_HAB,Kilograms per capita,NO,Norway,2007,,184,,,,,
dataflow,ESTAT:ENV_WASMUN(1.0),Municipal waste by waste management operations,A,Annual,DSP_I_RCV_E,Disposal - incineration (D10) and recovery - energy recovery (R1),KG_HAB,Kilograms per capita,NO,Norway,2008,,183,,,,,
dataflow,ESTAT:ENV_WASMUN(1.0),Municipal waste by waste management operations,A,Annual,DSP_I_RCV_E,Disposal - incineration (D10) and recovery - energy recovery (R1),KG_HAB,Kilograms per capita,NO,Norway,2009,,195,,,,,
dataflow,ESTAT:ENV_WASMUN(1.0),Municipal waste by waste management operations,A,Annual,DSP_I_RCV_E,Disposal - incineration (D10) and recovery - energy recovery (R1),KG_HAB,Kilograms per capita,NO,Norway,2010,,236,,,,,
dataflow,ESTAT:ENV_WASMUN(1.0),Municipal waste by waste management operations,A,Annual,DSP_I_RCV_E,Disposal - incineration (D10) and recovery - energy recovery (R1),KG_HAB,Kilograms per capita,NO,Norway,2011,,271,,,,,
dataflow,ESTAT:ENV_WASMUN(1.0),Municipal waste by waste management operations,A,Annual,DSP_I_RCV_E,Disposal - incineration (D10) and recovery - energy recovery (R1),KG_HAB,Kilograms per capita,NO,Norway,2012,,268,,,,,
dataflow,ESTAT:ENV_WASMUN(1.0),Municipal waste by waste management operations,A,Annual,DSP_I_RCV_E,Disposal - incineration (D10) and recovery - energy recovery (R1),KG_HAB,Kilograms per capita,NO,Norway,2013,,285,,,,,
dataflow,ESTAT:ENV_WASMUN(1.0),Municipal waste by waste management operations,A,Annual,DSP_I_RCV_E,Disposal - incineration (D10) and recovery - energy recovery (R1),KG_HAB,Kilograms per capita,NO,Norway,2014,,224,,b,break in time series,,
dataflow,ESTAT:ENV_WASMUN(1.0),Municipal waste by waste management operations,A,Annual,DSP_I_RCV_E,Disposal - incineration (D10) and recovery - energy recovery (R1),KG_HAB,Kilograms per capita,NO,Norway,2015,,221,,,,,
dataflow,ESTAT:ENV_WASMUN(1.0),Municipal waste by waste management operations,A,Annual,DSP_I_RCV_E,Disposal - incineration (D10) and recovery - energy recovery (R1),KG_HAB,Kilograms per capita,NO,Norway,2016,,404,,b,break in time series,,
dataflow,ESTAT:ENV_WASMUN(1.0),Municipal waste by waste management operations,A,Annual,DSP_I_RCV_E,Disposal - incineration (D10) and recovery - energy recovery (R1),KG_HAB,Kilograms per capita,NO,Norway,2017,,396,,,,,
dataflow,ESTAT:ENV_WASMUN(1.0),Municipal waste by waste management operations,A,Annual,DSP_I_RCV_E,Disposal - incineration (D10) and recovery - energy recovery (R1),KG_HAB,Kilograms per capita,NO,Norway,2018,,378,,,,,
dataflow,ESTAT:ENV_WASMUN(1.0),Municipal waste by waste management operations,A,Annual,DSP_I_RCV_E,Disposal - incineration (D10) and recovery - energy recovery (R1),KG_HAB,Kilograms per capita,NO,Norway,2019,,384,,,,,
dataflow,ESTAT:ENV_WASMUN(1.0),Municipal waste by waste management operations,A,Annual,DSP_I_RCV_E,Disposal - incineration (D10) and recovery - energy recovery (R1),KG_HAB,Kilograms per capita,NO,Norway,2020,,337,,b,break in time series,,
dataflow,ESTAT:ENV_WASMUN(1.0),Municipal waste by waste management operations,A,Annual,DSP_I_RCV_E,Disposal - incineration (D10) and recovery - energy recovery (R1),KG_HAB,Kilograms per capita,NO,Norway,2021,,399,,,,,
dataflow,ESTAT:ENV_WASMUN(1.0),Municipal waste by waste management operations,A,Annual,DSP_I_RCV_E,Disposal - incineration (D10) and recovery - energy recovery (R1),KG_HAB,Kilograms per capita,NO,Norway,2022,,393,,,,,
dataflow,ESTAT:ENV_WASMUN(1.0),Municipal waste by waste management operations,A,Annual,DSP_I_RCV_E,Disposal - incineration (D10) and recovery - energy recovery (R1),KG_HAB,Kilograms per capita,NO,Norway,2023,,339,,,,,
dataflow,ESTAT:ENV_WASMUN(1.0),Municipal waste by waste management operations,A,Annual,DSP_I_RCV_E,Disposal - incineration (D10) and recovery - energy recovery (R1),KG_HAB,Kilograms per capita,PL,Poland,1995,,0,,,,,
dataflow,ESTAT:ENV_WASMUN(1.0),Municipal waste by waste management operations,A,Annual,DSP_I_RCV_E,Disposal - incineration (D10) and recovery - energy recovery (R1),KG_HAB,Kilograms per capita,PL,Poland,1996,,0,,,,,
dataflow,ESTAT:ENV_WASMUN(1.0),Municipal waste by waste management operations,A,Annual,DSP_I_RCV_E,Disposal - incineration (D10) and recovery - energy recovery (R1),KG_HAB,Kilograms per capita,PL,Poland,1997,,0,,,,,
dataflow,ESTAT:ENV_WASMUN(1.0),Municipal waste by waste management operations,A,Annual,DSP_I_RCV_E,Disposal - incineration (D10) and recovery - energy recovery (R1),KG_HAB,Kilograms per capita,PL,Poland,1998,,0,,,,,
dataflow,ESTAT:ENV_WASMUN(1.0),Municipal waste by waste management operations,A,Annual,DSP_I_RCV_E,Disposal - incineration (D10) and recovery - energy recovery (R1),KG_HAB,Kilograms per capita,PL,Poland,1999,,0,,,,,
dataflow,ESTAT:ENV_WASMUN(1.0),Municipal waste by waste management operations,A,Annual,DSP_I_RCV_E,Disposal - incineration (D10) and recovery - energy recovery (R1),KG_HAB,Kilograms per capita,PL,Poland,2000,,0,,,,,
dataflow,ESTAT:ENV_WASMUN(1.0),Municipal waste by waste management operations,A,Annual,DSP_I_RCV_E,Disposal - incineration (D10) and recovery - energy recovery (R1),KG_HAB,Kilograms per capita,PL,Poland,2001,,0,,,,,
dataflow,ESTAT:ENV_WASMUN(1.0),Municipal waste by waste management operations,A,Annual,DSP_I_RCV_E,Disposal - incineration (D10) and recovery - energy recovery (R1),KG_HAB,Kilograms per capita,PL,Poland,2002,,1,,,,,
dataflow,ESTAT:ENV_WASMUN(1.0),Municipal waste by waste management operations,A,Annual,DSP_I_RCV_E,Disposal - incineration (D10) and recovery - energy recovery (R1),KG_HAB,Kilograms per capita,PL,Poland,2003,,1,,,,,
dataflow,ESTAT:ENV_WASMUN(1.0),Municipal waste by waste management operations,A,Annual,DSP_I_RCV_E,Disposal - incineration (D10) and recovery - energy recovery (R1),KG_HAB,Kilograms per capita,PL,Poland,2004,,1,,,,,
dataflow,ESTAT:ENV_WASMUN(1.0),Municipal waste by waste management operations,A,Annual,DSP_I_RCV_E,Disposal - incineration (D10) and recovery - energy recovery (R1),KG_HAB,Kilograms per capita,PL,Poland,2005,,1,,,,,
dataflow,ESTAT:ENV_WASMUN(1.0),Municipal waste by waste management operations,A,Annual,DSP_I_RCV_E,Disposal - incineration (D10) and recovery - energy recovery (R1),KG_HAB,Kilograms per capita,PL,Poland,2006,,1,,,,,
dataflow,ESTAT:ENV_WASMUN(1.0),Municipal waste by waste management operations,A,Annual,DSP_I_RCV_E,Disposal - incineration (D10) and recovery - energy recovery (R1),KG_HAB,Kilograms per capita,PL,Poland,2007,,1,,,,,
dataflow,ESTAT:ENV_WASMUN(1.0),Municipal waste by waste management operations,A,Annual,DSP_I_RCV_E,Disposal - incineration (D10) and recovery - energy recovery (R1),KG_HAB,Kilograms per capita,PL,Poland,2008,,1,,,,,
dataflow,ESTAT:ENV_WASMUN(1.0),Municipal waste by waste management operations,A,Annual,DSP_I_RCV_E,Disposal - incineration (D10) and recovery - energy recovery (R1),KG_HAB,Kilograms per capita,PL,Poland,2009,,1,,,,,
dataflow,ESTAT:ENV_WASMUN(1.0),Municipal waste by waste management operations,A,Annual,DSP_I_RCV_E,Disposal - incineration (D10) and recovery - energy recovery (R1),KG_HAB,Kilograms per capita,PL,Poland,2010,,1,,,,,
dataflow,ESTAT:ENV_WASMUN(1.0),Municipal waste by waste management operations,A,Annual,DSP_I_RCV_E,Disposal - incineration (D10) and recovery - energy recovery (R1),KG_HAB,Kilograms per capita,PL,Poland,2011,,1,,,,,
dataflow,ESTAT:ENV_WASMUN(1.0),Municipal waste by waste management operations,A,Annual,DSP_I_RCV_E,Disposal - incineration (D10) and recovery - energy recovery (R1),KG_HAB,Kilograms per capita,PL,Poland,2012,,1,,,,,
dataflow,ESTAT:ENV_WASMUN(1.0),Municipal waste by waste management operations,A,Annual,DSP_I_RCV_E,Disposal - incineration (D10) and recovery - energy recovery (R1),KG_HAB,Kilograms per capita,PL,Poland,2013,,20,,be,"break in time series, estimated",,
dataflow,ESTAT:ENV_WASMUN(1.0),Municipal waste by waste management operations,A,Annual,DSP_I_RCV_E,Disposal - incineration (D10) and recovery - energy recovery (R1),KG_HAB,Kilograms per capita,PL,Poland,2014,,41,,be,"break in time series, estimated",,
dataflow,ESTAT:ENV_WASMUN(1.0),Municipal waste by waste management operations,A,Annual,DSP_I_RCV_E,Disposal - incineration (D10) and recovery - energy recovery (R1),KG_HAB,Kilograms per capita,PL,Poland,2015,,38,,e,estimated,,
dataflow,ESTAT:ENV_WASMUN(1.0),Municipal waste by waste management operations,A,Annual,DSP_I_RCV_E,Disposal - incineration (D10) and recovery - energy recovery (R1),KG_HAB,Kilograms per capita,PL,Poland,2016,,60,,e,estimated,,
dataflow,ESTAT:ENV_WASMUN(1.0),Municipal waste by waste management operations,A,Annual,DSP_I_RCV_E,Disposal - incineration (D10) and recovery - energy recovery (R1),KG_HAB,Kilograms per capita,PL,Poland,2017,,77,,e,estimated,,
dataflow,ESTAT:ENV_WASMUN(1.0),Municipal waste by waste management operations,A,Annual,DSP_I_RCV_E,Disposal - incineration (D10) and recovery - energy recovery (R1),KG_HAB,Kilograms per capita,PL,Poland,2018,,79,,e,estimated,,
dataflow,ESTAT:ENV_WASMUN(1.0),Municipal waste by waste management operations,A,Annual,DSP_I_RCV_E,Disposal - incineration (D10) and recovery - energy recovery (R1),KG_HAB,Kilograms per capita,PL,Poland,2019,,77,,e,estimated,,
dataflow,ESTAT:ENV_WASMUN(1.0),Municipal waste by waste management operations,A,Annual,DSP_I_RCV_E,Disposal - incineration (D10) and recovery - energy recovery (R1),KG_HAB,Kilograms per capita,PL,Poland,2020,,75,,,,,
dataflow,ESTAT:ENV_WASMUN(1.0),Municipal waste by waste management operations,A,Annual,DSP_I_RCV_E,Disposal - incineration (D10) and recovery - energy recovery (R1),KG_HAB,Kilograms per capita,PL,Poland,2021,,78,,,,,
dataflow,ESTAT:ENV_WASMUN(1.0),Municipal waste by waste management operations,A,Annual,DSP_I_RCV_E,Disposal - incineration (D10) and recovery - energy recovery (R1),KG_HAB,Kilograms per capita,PL,Poland,2022,,77,,,,,
dataflow,ESTAT:ENV_WASMUN(1.0),Municipal waste by waste management operations,A,Annual,DSP_I_RCV_E,Disposal - incineration (D10) and recovery - energy recovery (R1),KG_HAB,Kilograms per capita,PL,Poland,2023,,76,,,,,
dataflow,ESTAT:ENV_WASMUN(1.0),Municipal waste by waste management operations,A,Annual,DSP_I_RCV_E,Disposal - incineration (D10) and recovery - energy recovery (R1),KG_HAB,Kilograms per capita,PT,Portugal,1995,,0,,,,,
dataflow,ESTAT:ENV_WASMUN(1.0),Municipal waste by waste management operations,A,Annual,DSP_I_RCV_E,Disposal - incineration (D10) and recovery - energy recovery (R1),KG_HAB,Kilograms per capita,PT,Portugal,1996,,1,,,,,
dataflow,ESTAT:ENV_WASMUN(1.0),Municipal waste by waste management operations,A,Annual,DSP_I_RCV_E,Disposal - incineration (D10) and recovery - energy recovery (R1),KG_HAB,Kilograms per capita,PT,Portugal,1997,,1,,,,,
dataflow,ESTAT:ENV_WASMUN(1.0),Municipal waste by waste management operations,A,Annual,DSP_I_RCV_E,Disposal - incineration (D10) and recovery - energy recovery (R1),KG_HAB,Kilograms per capita,PT,Portugal,1998,,0,,,,,
dataflow,ESTAT:ENV_WASMUN(1.0),Municipal waste by waste management operations,A,Annual,DSP_I_RCV_E,Disposal - incineration (D10) and recovery - energy recovery (R1),KG_HAB,Kilograms per capita,PT,Portugal,1999,,0,,,,,
dataflow,ESTAT:ENV_WASMUN(1.0),Municipal waste by waste management operations,A,Annual,DSP_I_RCV_E,Disposal - incineration (D10) and recovery - energy recovery (R1),KG_HAB,Kilograms per capita,PT,Portugal,2000,,96,,,,,
dataflow,ESTAT:ENV_WASMUN(1.0),Municipal waste by waste management operations,A,Annual,DSP_I_RCV_E,Disposal - incineration (D10) and recovery - energy recovery (R1),KG_HAB,Kilograms per capita,PT,Portugal,2001,,94,,,,,
dataflow,ESTAT:ENV_WASMUN(1.0),Municipal waste by waste management operations,A,Annual,DSP_I_RCV_E,Disposal - incineration (D10) and recovery - energy recovery (R1),KG_HAB,Kilograms per capita,PT,Portugal,2002,,91,,b,break in time series,,
dataflow,ESTAT:ENV_WASMUN(1.0),Municipal waste by waste management operations,A,Annual,DSP_I_RCV_E,Disposal - incineration (D10) and recovery - energy recovery (R1),KG_HAB,Kilograms per capita,PT,Portugal,2003,,96,,,,,
dataflow,ESTAT:ENV_WASMUN(1.0),Municipal waste by waste management operations,A,Annual,DSP_I_RCV_E,Disposal - incineration (D10) and recovery - energy recovery (R1),KG_HAB,Kilograms per capita,PT,Portugal,2004,,95,,,,,
dataflow,ESTAT:ENV_WASMUN(1.0),Municipal waste by waste management operations,A,Annual,DSP_I_RCV_E,Disposal - incineration (D10) and recovery - energy recovery (R1),KG_HAB,Kilograms per capita,PT,Portugal,2005,,101,,,,,
dataflow,ESTAT:ENV_WASMUN(1.0),Municipal waste by waste management operations,A,Annual,DSP_I_RCV_E,Disposal - incineration (D10) and recovery - energy recovery (R1),KG_HAB,Kilograms per capita,PT,Portugal,2006,,93,,,,,
dataflow,ESTAT:ENV_WASMUN(1.0),Municipal waste by waste management operations,A,Annual,DSP_I_RCV_E,Disposal - incineration (D10) and recovery - energy recovery (R1),KG_HAB,Kilograms per capita,PT,Portugal,2007,,90,,b,break in time series,,
dataflow,ESTAT:ENV_WASMUN(1.0),Municipal waste by waste management operations,A,Annual,DSP_I_RCV_E,Disposal - incineration (D10) and recovery - energy recovery (R1),KG_HAB,Kilograms per capita,PT,Portugal,2008,,94,,,,,
dataflow,ESTAT:ENV_WASMUN(1.0),Municipal waste by waste management operations,A,Annual,DSP_I_RCV_E,Disposal - incineration (D10) and recovery - energy recovery (R1),KG_HAB,Kilograms per capita,PT,Portugal,2009,,102,,,,,
dataflow,ESTAT:ENV_WASMUN(1.0),Municipal waste by waste management operations,A,Annual,DSP_I_RCV_E,Disposal - incineration (D10) and recovery - energy recovery (R1),KG_HAB,Kilograms per capita,PT,Portugal,2010,,100,,,,,
dataflow,ESTAT:ENV_WASMUN(1.0),Municipal waste by waste management operations,A,Annual,DSP_I_RCV_E,Disposal - incineration (D10) and recovery - energy recovery (R1),KG_HAB,Kilograms per capita,PT,Portugal,2011,,103,,,,,
dataflow,ESTAT:ENV_WASMUN(1.0),Municipal waste by waste management operations,A,Annual,DSP_I_RCV_E,Disposal - incineration (D10) and recovery - energy recovery (R1),KG_HAB,Kilograms per capita,PT,Portugal,2012,,88,,,,,
dataflow,ESTAT:ENV_WASMUN(1.0),Municipal waste by waste management operations,A,Annual,DSP_I_RCV_E,Disposal - incineration (D10) and recovery - energy recovery (R1),KG_HAB,Kilograms per capita,PT,Portugal,2013,,104,,,,,
dataflow,ESTAT:ENV_WASMUN(1.0),Municipal waste by waste management operations,A,Annual,DSP_I_RCV_E,Disposal - incineration (D10) and recovery - energy recovery (R1),KG_HAB,Kilograms per capita,PT,Portugal,2014,,93,,,,,
dataflow,ESTAT:ENV_WASMUN(1.0),Municipal waste by waste management operations,A,Annual,DSP_I_RCV_E,Disposal - incineration (D10) and recovery - energy recovery (R1),KG_HAB,Kilograms per capita,PT,Portugal,2015,,91,,,,,
dataflow,ESTAT:ENV_WASMUN(1.0),Municipal waste by waste management operations,A,Annual,DSP_I_RCV_E,Disposal - incineration (D10) and recovery - energy recovery (R1),KG_HAB,Kilograms per capita,PT,Portugal,2016,,92,,,,,
dataflow,ESTAT:ENV_WASMUN(1.0),Municipal waste by waste management operations,A,Annual,DSP_I_RCV_E,Disposal - incineration (D10) and recovery - energy recovery (R1),KG_HAB,Kilograms per capita,PT,Portugal,2017,,96,,,,,
dataflow,ESTAT:ENV_WASMUN(1.0),Municipal waste by waste management operations,A,Annual,DSP_I_RCV_E,Disposal - incineration (D10) and recovery - energy recovery (R1),KG_HAB,Kilograms per capita,PT,Portugal,2018,,92,,,,,
dataflow,ESTAT:ENV_WASMUN(1.0),Municipal waste by waste management operations,A,Annual,DSP_I_RCV_E,Disposal - incineration (D10) and recovery - energy recovery (R1),KG_HAB,Kilograms per capita,PT,Portugal,2019,,96,,,,,
dataflow,ESTAT:ENV_WASMUN(1.0),Municipal waste by waste management operations,A,Annual,DSP_I_RCV_E,Disposal - incineration (D10) and recovery - energy recovery (R1),KG_HAB,Kilograms per capita,PT,Portugal,2020,,109,,,,,
dataflow,ESTAT:ENV_WASMUN(1.0),Municipal waste by waste management operations,A,Annual,DSP_I_RCV_E,Disposal - incineration (D10) and recovery - energy recovery (R1),KG_HAB,Kilograms per capita,PT,Portugal,2021,,120,,,,,
dataflow,ESTAT:ENV_WASMUN(1.0),Municipal waste by waste management operations,A,Annual,DSP_I_RCV_E,Disposal - incineration (D10) and recovery - energy recovery (R1),KG_HAB,Kilograms per capita,PT,Portugal,2022,,103,,,,,
dataflow,ESTAT:ENV_WASMUN(1.0),Municipal waste by waste management operations,A,Annual,DSP_I_RCV_E,Disposal - incineration (D10) and recovery - energy recovery (R1),KG_HAB,Kilograms per capita,PT,Portugal,2023,,92,,,,,
dataflow,ESTAT:ENV_WASMUN(1.0),Municipal waste by waste management operations,A,Annual,DSP_I_RCV_E,Disposal - incineration (D10) and recovery - energy recovery (R1),KG_HAB,Kilograms per capita,RO,Romania,1995,,0,,,,,
dataflow,ESTAT:ENV_WASMUN(1.0),Municipal waste by waste management operations,A,Annual,DSP_I_RCV_E,Disposal - incineration (D10) and recovery - energy recovery (R1),KG_HAB,Kilograms per capita,RO,Romania,1996,,0,,,,,
dataflow,ESTAT:ENV_WASMUN(1.0),Municipal waste by waste management operations,A,Annual,DSP_I_RCV_E,Disposal - incineration (D10) and recovery - energy recovery (R1),KG_HAB,Kilograms per capita,RO,Romania,1997,,0,,,,,
dataflow,ESTAT:ENV_WASMUN(1.0),Municipal waste by waste management operations,A,Annual,DSP_I_RCV_E,Disposal - incineration (D10) and recovery - energy recovery (R1),KG_HAB,Kilograms per capita,RO,Romania,1998,,0,,,,,
dataflow,ESTAT:ENV_WASMUN(1.0),Municipal waste by waste management operations,A,Annual,DSP_I_RCV_E,Disposal - incineration (D10) and recovery - energy recovery (R1),KG_HAB,Kilograms per capita,RO,Romania,1999,,0,,,,,
dataflow,ESTAT:ENV_WASMUN(1.0),Municipal waste by waste management operations,A,Annual,DSP_I_RCV_E,Disposal - incineration (D10) and recovery - energy recovery (R1),KG_HAB,Kilograms per capita,RO,Romania,2000,,0,,,,,
dataflow,ESTAT:ENV_WASMUN(1.0),Municipal waste by waste management operations,A,Annual,DSP_I_RCV_E,Disposal - incineration (D10) and recovery - energy recovery (R1),KG_HAB,Kilograms per capita,RO,Romania,2001,,0,,,,,
dataflow,ESTAT:ENV_WASMUN(1.0),Municipal waste by waste management operations,A,Annual,DSP_I_RCV_E,Disposal - incineration (D10) and recovery - energy recovery (R1),KG_HAB,Kilograms per capita,RO,Romania,2002,,0,,,,,
dataflow,ESTAT:ENV_WASMUN(1.0),Municipal waste by waste management operations,A,Annual,DSP_I_RCV_E,Disposal - incineration (D10) and recovery - energy recovery (R1),KG_HAB,Kilograms per capita,RO,Romania,2003,,0,,,,,
dataflow,ESTAT:ENV_WASMUN(1.0),Municipal waste by waste management operations,A,Annual,DSP_I_RCV_E,Disposal - incineration (D10) and recovery - energy recovery (R1),KG_HAB,Kilograms per capita,RO,Romania,2004,,0,,,,,
dataflow,ESTAT:ENV_WASMUN(1.0),Municipal waste by waste management operations,A,Annual,DSP_I_RCV_E,Disposal - incineration (D10) and recovery - energy recovery (R1),KG_HAB,Kilograms per capita,RO,Romania,2005,,0,,,,,
dataflow,ESTAT:ENV_WASMUN(1.0),Municipal waste by waste management operations,A,Annual,DSP_I_RCV_E,Disposal - incineration (D10) and recovery - energy recovery (R1),KG_HAB,Kilograms per capita,RO,Romania,2006,,0,,,,,
dataflow,ESTAT:ENV_WASMUN(1.0),Municipal waste by waste management operations,A,Annual,DSP_I_RCV_E,Disposal - incineration (D10) and recovery - energy recovery (R1),KG_HAB,Kilograms per capita,RO,Romania,2007,,0,,,,,
dataflow,ESTAT:ENV_WASMUN(1.0),Municipal waste by waste management operations,A,Annual,DSP_I_RCV_E,Disposal - incineration (D10) and recovery - energy recovery (R1),KG_HAB,Kilograms per capita,RO,Romania,2008,,0,,,,,
dataflow,ESTAT:ENV_WASMUN(1.0),Municipal waste by waste management operations,A,Annual,DSP_I_RCV_E,Disposal - incineration (D10) and recovery - energy recovery (R1),KG_HAB,Kilograms per capita,RO,Romania,2009,,0,,,,,
dataflow,ESTAT:ENV_WASMUN(1.0),Municipal waste by waste management operations,A,Annual,DSP_I_RCV_E,Disposal - incineration (D10) and recovery - energy recovery (R1),KG_HAB,Kilograms per capita,RO,Romania,2010,,1,,b,break in time series,,
dataflow,ESTAT:ENV_WASMUN(1.0),Municipal waste by waste management operations,A,Annual,DSP_I_RCV_E,Disposal - incineration (D10) and recovery - energy recovery (R1),KG_HAB,Kilograms per capita,RO,Romania,2011,,2,,,,,
dataflow,ESTAT:ENV_WASMUN(1.0),Municipal waste by waste management operations,A,Annual,DSP_I_RCV_E,Disposal - incineration (D10) and recovery - energy recovery (R1),KG_HAB,Kilograms per capita,RO,Romania,2012,,4,,,,,
dataflow,ESTAT:ENV_WASMUN(1.0),Municipal waste by waste management operations,A,Annual,DSP_I_RCV_E,Disposal - incineration (D10) and recovery - energy recovery (R1),KG_HAB,Kilograms per capita,RO,Romania,2013,,5,,,,,
dataflow,ESTAT:ENV_WASMUN(1.0),Municipal waste by waste management operations,A,Annual,DSP_I_RCV_E,Disposal - incineration (D10) and recovery - energy recovery (R1),KG_HAB,Kilograms per capita,RO,Romania,2014,,7,,,,,
dataflow,ESTAT:ENV_WASMUN(1.0),Municipal waste by waste management operations,A,Annual,DSP_I_RCV_E,Disposal - incineration (D10) and recovery - energy recovery (R1),KG_HAB,Kilograms per capita,RO,Romania,2015,,6,,,,,
dataflow,ESTAT:ENV_WASMUN(1.0),Municipal waste by waste management operations,A,Annual,DSP_I_RCV_E,Disposal - incineration (D10) and recovery - energy recovery (R1),KG_HAB,Kilograms per capita,RO,Romania,2016,,11,,,,,
dataflow,ESTAT:ENV_WASMUN(1.0),Municipal waste by waste management operations,A,Annual,DSP_I_RCV_E,Disposal - incineration (D10) and recovery - energy recovery (R1),KG_HAB,Kilograms per capita,RO,Romania,2017,,12,,,,,
dataflow,ESTAT:ENV_WASMUN(1.0),Municipal waste by waste management operations,A,Annual,DSP_I_RCV_E,Disposal - incineration (D10) and recovery - energy recovery (R1),KG_HAB,Kilograms per capita,RO,Romania,2018,,12,,,,,
dataflow,ESTAT:ENV_WASMUN(1.0),Municipal waste by waste management operations,A,Annual,DSP_I_RCV_E,Disposal - incineration (D10) and recovery - energy recovery (R1),KG_HAB,Kilograms per capita,RO,Romania,2019,,13,,,,,
dataflow,ESTAT:ENV_WASMUN(1.0),Municipal waste by waste management operations,A,Annual,DSP_I_RCV_E,Disposal - incineration (D10) and recovery - energy recovery (R1),KG_HAB,Kilograms per capita,RO,Romania,2020,,15,,,,,
dataflow,ESTAT:ENV_WASMUN(1.0),Municipal waste by waste management operations,A,Annual,DSP_I_RCV_E,Disposal - incineration (D10) and recovery - energy recovery (R1),KG_HAB,Kilograms per capita,RO,Romania,2021,,18,,,,,
dataflow,ESTAT:ENV_WASMUN(1.0),Municipal waste by waste management operations,A,Annual,DSP_I_RCV_E,Disposal - incineration (D10) and recovery - energy recovery (R1),KG_HAB,Kilograms per capita,RO,Romania,2022,,23,,,,,
dataflow,ESTAT:ENV_WASMUN(1.0),Municipal waste by waste management operations,A,Annual,DSP_I_RCV_E,Disposal - incineration (D10) and recovery - energy recovery (R1),KG_HAB,Kilograms per capita,RS,Serbia,2006,,0,,,,,
dataflow,ESTAT:ENV_WASMUN(1.0),Municipal waste by waste management operations,A,Annual,DSP_I_RCV_E,Disposal - incineration (D10) and recovery - energy recovery (R1),KG_HAB,Kilograms per capita,RS,Serbia,2007,,0,,,,,
dataflow,ESTAT:ENV_WASMUN(1.0),Municipal waste by waste management operations,A,Annual,DSP_I_RCV_E,Disposal - incineration (D10) and recovery - energy recovery (R1),KG_HAB,Kilograms per capita,RS,Serbia,2008,,0,,,,,
dataflow,ESTAT:ENV_WASMUN(1.0),Municipal waste by waste management operations,A,Annual,DSP_I_RCV_E,Disposal - incineration (D10) and recovery - energy recovery (R1),KG_HAB,Kilograms per capita,RS,Serbia,2009,,0,,,,,
dataflow,ESTAT:ENV_WASMUN(1.0),Municipal waste by waste management operations,A,Annual,DSP_I_RCV_E,Disposal - incineration (D10) and recovery - energy recovery (R1),KG_HAB,Kilograms per capita,RS,Serbia,2010,,0,,,,,
dataflow,ESTAT:ENV_WASMUN(1.0),Municipal waste by waste management operations,A,Annual,DSP_I_RCV_E,Disposal - incineration (D10) and recovery - energy recovery (R1),KG_HAB,Kilograms per capita,RS,Serbia,2011,,0,,,,,
dataflow,ESTAT:ENV_WASMUN(1.0),Municipal waste by waste management operations,A,Annual,DSP_I_RCV_E,Disposal - incineration (D10) and recovery - energy recovery (R1),KG_HAB,Kilograms per capita,RS,Serbia,2012,,0,,,,,
dataflow,ESTAT:ENV_WASMUN(1.0),Municipal waste by waste management operations,A,Annual,DSP_I_RCV_E,Disposal - incineration (D10) and recovery - energy recovery (R1),KG_HAB,Kilograms per capita,RS,Serbia,2013,,0,,,,,
dataflow,ESTAT:ENV_WASMUN(1.0),Municipal waste by waste management operations,A,Annual,DSP_I_RCV_E,Disposal - incineration (D10) and recovery - energy recovery (R1),KG_HAB,Kilograms per capita,RS,Serbia,2014,,0,,,,,
dataflow,ESTAT:ENV_WASMUN(1.0),Municipal waste by waste management operations,A,Annual,DSP_I_RCV_E,Disposal - incineration (D10) and recovery - energy recovery (R1),KG_HAB,Kilograms per capita,RS,Serbia,2015,,0,,,,,
dataflow,ESTAT:ENV_WASMUN(1.0),Municipal waste by waste management operations,A,Annual,DSP_I_RCV_E,Disposal - incineration (D10) and recovery - energy recovery (R1),KG_HAB,Kilograms per capita,RS,Serbia,2016,,0,,,,,
dataflow,ESTAT:ENV_WASMUN(1.0),Municipal waste by waste management operations,A,Annual,DSP_I_RCV_E,Disposal - incineration (D10) and recovery - energy recovery (R1),KG_HAB,Kilograms per capita,RS,Serbia,2017,,0,,,,,
dataflow,ESTAT:ENV_WASMUN(1.0),Municipal waste by waste management operations,A,Annual,DSP_I_RCV_E,Disposal - incineration (D10) and recovery - energy recovery (R1),KG_HAB,Kilograms per capita,RS,Serbia,2018,,0,,,,,
dataflow,ESTAT:ENV_WASMUN(1.0),Municipal waste by waste management operations,A,Annual,DSP_I_RCV_E,Disposal - incineration (D10) and recovery - energy recovery (R1),KG_HAB,Kilograms per capita,RS,Serbia,2022,,2,,,,,
dataflow,ESTAT:ENV_WASMUN(1.0),Municipal waste by waste management operations,A,Annual,DSP_I_RCV_E,Disposal - incineration (D10) and recovery - energy recovery (R1),KG_HAB,Kilograms per capita,RS,Serbia,2023,,2,,,,,
dataflow,ESTAT:ENV_WASMUN(1.0),Municipal waste by waste management operations,A,Annual,DSP_I_RCV_E,Disposal - incineration (D10) and recovery - energy recovery (R1),KG_HAB,Kilograms per capita,SE,Sweden,1995,,148,,,,,
dataflow,ESTAT:ENV_WASMUN(1.0),Municipal waste by waste management operations,A,Annual,DSP_I_RCV_E,Disposal - incineration (D10) and recovery - energy recovery (R1),KG_HAB,Kilograms per capita,SE,Sweden,1996,,147,,,,,
dataflow,ESTAT:ENV_WASMUN(1.0),Municipal waste by waste management operations,A,Annual,DSP_I_RCV_E,Disposal - incineration (D10) and recovery - energy recovery (R1),KG_HAB,Kilograms per capita,SE,Sweden,1997,,150,,,,,
dataflow,ESTAT:ENV_WASMUN(1.0),Municipal waste by waste management operations,A,Annual,DSP_I_RCV_E,Disposal - incineration (D10) and recovery - energy recovery (R1),KG_HAB,Kilograms per capita,SE,Sweden,1998,,165,,,,,
dataflow,ESTAT:ENV_WASMUN(1.0),Municipal waste by waste management operations,A,Annual,DSP_I_RCV_E,Disposal - incineration (D10) and recovery - energy recovery (R1),KG_HAB,Kilograms per capita,SE,Sweden,1999,,163,,,,,
dataflow,ESTAT:ENV_WASMUN(1.0),Municipal waste by waste management operations,A,Annual,DSP_I_RCV_E,Disposal - incineration (D10) and recovery - energy recovery (R1),KG_HAB,Kilograms per capita,SE,Sweden,2000,,164,,,,,
dataflow,ESTAT:ENV_WASMUN(1.0),Municipal waste by waste management operations,A,Annual,DSP_I_RCV_E,Disposal - incineration (D10) and recovery - energy recovery (R1),KG_HAB,Kilograms per capita,SE,Sweden,2001,,169,,,,,
dataflow,ESTAT:ENV_WASMUN(1.0),Municipal waste by waste management operations,A,Annual,DSP_I_RCV_E,Disposal - incineration (D10) and recovery - energy recovery (R1),KG_HAB,Kilograms per capita,SE,Sweden,2002,,188,,,,,
dataflow,ESTAT:ENV_WASMUN(1.0),Municipal waste by waste management operations,A,Annual,DSP_I_RCV_E,Disposal - incineration (D10) and recovery - energy recovery (R1),KG_HAB,Kilograms per capita,SE,Sweden,2003,,208,,,,,
dataflow,ESTAT:ENV_WASMUN(1.0),Municipal waste by waste management operations,A,Annual,DSP_I_RCV_E,Disposal - incineration (D10) and recovery - energy recovery (R1),KG_HAB,Kilograms per capita,SE,Sweden,2004,,216,,,,,
dataflow,ESTAT:ENV_WASMUN(1.0),Municipal waste by waste management operations,A,Annual,DSP_I_RCV_E,Disposal - incineration (D10) and recovery - energy recovery (R1),KG_HAB,Kilograms per capita,SE,Sweden,2005,,242,,,,,
dataflow,ESTAT:ENV_WASMUN(1.0),Municipal waste by waste management operations,A,Annual,DSP_I_RCV_E,Disposal - incineration (D10) and recovery - energy recovery (R1),KG_HAB,Kilograms per capita,SE,Sweden,2006,,232,,,,,
dataflow,ESTAT:ENV_WASMUN(1.0),Municipal waste by waste management operations,A,Annual,DSP_I_RCV_E,Disposal - incineration (D10) and recovery - energy recovery (R1),KG_HAB,Kilograms per capita,SE,Sweden,2007,,240,,,,,
dataflow,ESTAT:ENV_WASMUN(1.0),Municipal waste by waste management operations,A,Annual,DSP_I_RCV_E,Disposal - incineration (D10) and recovery - energy recovery (R1),KG_HAB,Kilograms per capita,SE,Sweden,2008,,249,,,,,
dataflow,ESTAT:ENV_WASMUN(1.0),Municipal waste by waste management operations,A,Annual,DSP_I_RCV_E,Disposal - incineration (D10) and recovery - energy recovery (R1),KG_HAB,Kilograms per capita,SE,Sweden,2009,,234,,,,,
dataflow,ESTAT:ENV_WASMUN(1.0),Municipal waste by waste management operations,A,Annual,DSP_I_RCV_E,Disposal - incineration (D10) and recovery - energy recovery (R1),KG_HAB,Kilograms per capita,SE,Sweden,2010,,226,,,,,
dataflow,ESTAT:ENV_WASMUN(1.0),Municipal waste by waste management operations,A,Annual,DSP_I_RCV_E,Disposal - incineration (D10) and recovery - energy recovery (R1),KG_HAB,Kilograms per capita,SE,Sweden,2011,,237,,,,,
dataflow,ESTAT:ENV_WASMUN(1.0),Municipal waste by waste management operations,A,Annual,DSP_I_RCV_E,Disposal - incineration (D10) and recovery - energy recovery (R1),KG_HAB,Kilograms per capita,SE,Sweden,2012,,239,,,,,
dataflow,ESTAT:ENV_WASMUN(1.0),Municipal waste by waste management operations,A,Annual,DSP_I_RCV_E,Disposal - incineration (D10) and recovery - energy recovery (R1),KG_HAB,Kilograms per capita,SE,Sweden,2013,,233,,,,,
dataflow,ESTAT:ENV_WASMUN(1.0),Municipal waste by waste management operations,A,Annual,DSP_I_RCV_E,Disposal - incineration (D10) and recovery - energy recovery (R1),KG_HAB,Kilograms per capita,SE,Sweden,2014,,222,,,,,
dataflow,ESTAT:ENV_WASMUN(1.0),Municipal waste by waste management operations,A,Annual,DSP_I_RCV_E,Disposal - incineration (D10) and recovery - energy recovery (R1),KG_HAB,Kilograms per capita,SE,Sweden,2015,,233,,,,,
dataflow,ESTAT:ENV_WASMUN(1.0),Municipal waste by waste management operations,A,Annual,DSP_I_RCV_E,Disposal - incineration (D10) and recovery - energy recovery (R1),KG_HAB,Kilograms per capita,SE,Sweden,2016,,228,,,,,
dataflow,ESTAT:ENV_WASMUN(1.0),Municipal waste by waste management operations,A,Annual,DSP_I_RCV_E,Disposal - incineration (D10) and recovery - energy recovery (R1),KG_HAB,Kilograms per capita,SE,Sweden,2017,,239,,,,,
dataflow,ESTAT:ENV_WASMUN(1.0),Municipal waste by waste management operations,A,Annual,DSP_I_RCV_E,Disposal - incineration (D10) and recovery - energy recovery (R1),KG_HAB,Kilograms per capita,SE,Sweden,2018,,232,,,,,
dataflow,ESTAT:ENV_WASMUN(1.0),Municipal waste by waste management operations,A,Annual,DSP_I_RCV_E,Disposal - incineration (D10) and recovery - energy recovery (R1),KG_HAB,Kilograms per capita,SE,Sweden,2019,,236,,,,,
dataflow,ESTAT:ENV_WASMUN(1.0),Municipal waste by waste management operations,A,Annual,DSP_I_RCV_E,Disposal - incineration (D10) and recovery - energy recovery (R1),KG_HAB,Kilograms per capita,SE,Sweden,2020,,259,,be,"break in time series, estimated",,
dataflow,ESTAT:ENV_WASMUN(1.0),Municipal waste by waste management operations,A,Annual,DSP_I_RCV_E,Disposal - incineration (D10) and recovery - energy recovery (R1),KG_HAB,Kilograms per capita,SE,Sweden,2021,,249,,e,estimated,,
dataflow,ESTAT:ENV_WASMUN(1.0),Municipal waste by waste management operations,A,Annual,DSP_I_RCV_E,Disposal - incineration (D10) and recovery - energy recovery (R1),KG_HAB,Kilograms per capita,SE,Sweden,2022,,233,,e,estimated,,
dataflow,ESTAT:ENV_WASMUN(1.0),Municipal waste by waste management operations,A,Annual,DSP_I_RCV_E,Disposal - incineration (D10) and recovery - energy recovery (R1),KG_HAB,Kilograms per capita,SE,Sweden,2023,,230,,e,estimated,,
dataflow,ESTAT:ENV_WASMUN(1.0),Municipal waste by waste management operations,A,Annual,DSP_I_RCV_E,Disposal - incineration (D10) and recovery - energy recovery (R1),KG_HAB,Kilograms per capita,SI,Slovenia,1995,,0,,,,,
dataflow,ESTAT:ENV_WASMUN(1.0),Municipal waste by waste management operations,A,Annual,DSP_I_RCV_E,Disposal - incineration (D10) and recovery - energy recovery (R1),KG_HAB,Kilograms per capita,SI,Slovenia,1996,,0,,,,,
dataflow,ESTAT:ENV_WASMUN(1.0),Municipal waste by waste management operations,A,Annual,DSP_I_RCV_E,Disposal - incineration (D10) and recovery - energy recovery (R1),KG_HAB,Kilograms per capita,SI,Slovenia,1997,,0,,,,,
dataflow,ESTAT:ENV_WASMUN(1.0),Municipal waste by waste management operations,A,Annual,DSP_I_RCV_E,Disposal - incineration (D10) and recovery - energy recovery (R1),KG_HAB,Kilograms per capita,SI,Slovenia,1998,,0,,,,,
dataflow,ESTAT:ENV_WASMUN(1.0),Municipal waste by waste management operations,A,Annual,DSP_I_RCV_E,Disposal - incineration (D10) and recovery - energy recovery (R1),KG_HAB,Kilograms per capita,SI,Slovenia,1999,,0,,,,,
dataflow,ESTAT:ENV_WASMUN(1.0),Municipal waste by waste management operations,A,Annual,DSP_I_RCV_E,Disposal - incineration (D10) and recovery - energy recovery (R1),KG_HAB,Kilograms per capita,SI,Slovenia,2000,,0,,,,,
dataflow,ESTAT:ENV_WASMUN(1.0),Municipal waste by waste management operations,A,Annual,DSP_I_RCV_E,Disposal - incineration (D10) and recovery - energy recovery (R1),KG_HAB,Kilograms per capita,SI,Slovenia,2001,,0,,,,,
dataflow,ESTAT:ENV_WASMUN(1.0),Municipal waste by waste management operations,A,Annual,DSP_I_RCV_E,Disposal - incineration (D10) and recovery - energy recovery (R1),KG_HAB,Kilograms per capita,SI,Slovenia,2002,,2,,,,,
dataflow,ESTAT:ENV_WASMUN(1.0),Municipal waste by waste management operations,A,Annual,DSP_I_RCV_E,Disposal - incineration (D10) and recovery - energy recovery (R1),KG_HAB,Kilograms per capita,SI,Slovenia,2003,,3,,,,,
dataflow,ESTAT:ENV_WASMUN(1.0),Municipal waste by waste management operations,A,Annual,DSP_I_RCV_E,Disposal - incineration (D10) and recovery - energy recovery (R1),KG_HAB,Kilograms per capita,SI,Slovenia,2004,,8,,,,,
dataflow,ESTAT:ENV_WASMUN(1.0),Municipal waste by waste management operations,A,Annual,DSP_I_RCV_E,Disposal - incineration (D10) and recovery - energy recovery (R1),KG_HAB,Kilograms per capita,SI,Slovenia,2005,,1,,,,,
dataflow,ESTAT:ENV_WASMUN(1.0),Municipal waste by waste management operations,A,Annual,DSP_I_RCV_E,Disposal - incineration (D10) and recovery - energy recovery (R1),KG_HAB,Kilograms per capita,SI,Slovenia,2006,,0,,,,,
dataflow,ESTAT:ENV_WASMUN(1.0),Municipal waste by waste management operations,A,Annual,DSP_I_RCV_E,Disposal - incineration (D10) and recovery - energy recovery (R1),KG_HAB,Kilograms per capita,SI,Slovenia,2007,,0,,,,,
dataflow,ESTAT:ENV_WASMUN(1.0),Municipal waste by waste management operations,A,Annual,DSP_I_RCV_E,Disposal - incineration (D10) and recovery - energy recovery (R1),KG_HAB,Kilograms per capita,SI,Slovenia,2008,,7,,,,,
dataflow,ESTAT:ENV_WASMUN(1.0),Municipal waste by waste management operations,A,Annual,DSP_I_RCV_E,Disposal - incineration (D10) and recovery - energy recovery (R1),KG_HAB,Kilograms per capita,SI,Slovenia,2009,,7,,,,,
dataflow,ESTAT:ENV_WASMUN(1.0),Municipal waste by waste management operations,A,Annual,DSP_I_RCV_E,Disposal - incineration (D10) and recovery - energy recovery (R1),KG_HAB,Kilograms per capita,SI,Slovenia,2010,,4,,,,,
dataflow,ESTAT:ENV_WASMUN(1.0),Municipal waste by waste management operations,A,Annual,DSP_I_RCV_E,Disposal - incineration (D10) and recovery - energy recovery (R1),KG_HAB,Kilograms per capita,SI,Slovenia,2011,,6,,,,,
dataflow,ESTAT:ENV_WASMUN(1.0),Municipal waste by waste management operations,A,Annual,DSP_I_RCV_E,Disposal - incineration (D10) and recovery - energy recovery (R1),KG_HAB,Kilograms per capita,SI,Slovenia,2012,,5,,,,,
dataflow,ESTAT:ENV_WASMUN(1.0),Municipal waste by waste management operations,A,Annual,DSP_I_RCV_E,Disposal - incineration (D10) and recovery - energy recovery (R1),KG_HAB,Kilograms per capita,SI,Slovenia,2013,,2,,,,,
dataflow,ESTAT:ENV_WASMUN(1.0),Municipal waste by waste management operations,A,Annual,DSP_I_RCV_E,Disposal - incineration (D10) and recovery - energy recovery (R1),KG_HAB,Kilograms per capita,SI,Slovenia,2014,,1,,,,,
dataflow,ESTAT:ENV_WASMUN(1.0),Municipal waste by waste management operations,A,Annual,DSP_I_RCV_E,Disposal - incineration (D10) and recovery - energy recovery (R1),KG_HAB,Kilograms per capita,SI,Slovenia,2015,,77,,be,"break in time series, estimated",,
dataflow,ESTAT:ENV_WASMUN(1.0),Municipal waste by waste management operations,A,Annual,DSP_I_RCV_E,Disposal - incineration (D10) and recovery - energy recovery (R1),KG_HAB,Kilograms per capita,SI,Slovenia,2016,,91,,e,estimated,,
dataflow,ESTAT:ENV_WASMUN(1.0),Municipal waste by waste management operations,A,Annual,DSP_I_RCV_E,Disposal - incineration (D10) and recovery - energy recovery (R1),KG_HAB,Kilograms per capita,SI,Slovenia,2017,,54,,e,estimated,,
dataflow,ESTAT:ENV_WASMUN(1.0),Municipal waste by waste management operations,A,Annual,DSP_I_RCV_E,Disposal - incineration (D10) and recovery - energy recovery (R1),KG_HAB,Kilograms per capita,SI,Slovenia,2018,,50,,e,estimated,,
dataflow,ESTAT:ENV_WASMUN(1.0),Municipal waste by waste management operations,A,Annual,DSP_I_RCV_E,Disposal - incineration (D10) and recovery - energy recovery (R1),KG_HAB,Kilograms per capita,SI,Slovenia,2019,,66,,e,estimated,,
dataflow,ESTAT:ENV_WASMUN(1.0),Municipal waste by waste management operations,A,Annual,DSP_I_RCV_E,Disposal - incineration (D10) and recovery - energy recovery (R1),KG_HAB,Kilograms per capita,SI,Slovenia,2020,,64,,e,estimated,,
dataflow,ESTAT:ENV_WASMUN(1.0),Municipal waste by waste management operations,A,Annual,DSP_I_RCV_E,Disposal - incineration (D10) and recovery - energy recovery (R1),KG_HAB,Kilograms per capita,SI,Slovenia,2021,,56,,,,,
dataflow,ESTAT:ENV_WASMUN(1.0),Municipal waste by waste management operations,A,Annual,DSP_I_RCV_E,Disposal - incineration (D10) and recovery - energy recovery (R1),KG_HAB,Kilograms per capita,SI,Slovenia,2022,,62,,,,,
dataflow,ESTAT:ENV_WASMUN(1.0),Municipal waste by waste management operations,A,Annual,DSP_I_RCV_E,Disposal - incineration (D10) and recovery - energy recovery (R1),KG_HAB,Kilograms per capita,SI,Slovenia,2023,,69,,,,,
dataflow,ESTAT:ENV_WASMUN(1.0),Municipal waste by waste management operations,A,Annual,DSP_I_RCV_E,Disposal - incineration (D10) and recovery - energy recovery (R1),KG_HAB,Kilograms per capita,SK,Slovakia,1995,,28,,,,,
dataflow,ESTAT:ENV_WASMUN(1.0),Municipal waste by waste management operations,A,Annual,DSP_I_RCV_E,Disposal - incineration (D10) and recovery - energy recovery (R1),KG_HAB,Kilograms per capita,SK,Slovakia,1996,,28,,,,,
dataflow,ESTAT:ENV_WASMUN(1.0),Municipal waste by waste management operations,A,Annual,DSP_I_RCV_E,Disposal - incineration (D10) and recovery - energy recovery (R1),KG_HAB,Kilograms per capita,SK,Slovakia,1997,,30,,e,estimated,,
dataflow,ESTAT:ENV_WASMUN(1.0),Municipal waste by waste management operations,A,Annual,DSP_I_RCV_E,Disposal - incineration (D10) and recovery - energy recovery (R1),KG_HAB,Kilograms per capita,SK,Slovakia,1998,,33,,,,,
dataflow,ESTAT:ENV_WASMUN(1.0),Municipal waste by waste management operations,A,Annual,DSP_I_RCV_E,Disposal - incineration (D10) and recovery - energy recovery (R1),KG_HAB,Kilograms per capita,SK,Slovakia,1999,,32,,,,,
dataflow,ESTAT:ENV_WASMUN(1.0),Municipal waste by waste management operations,A,Annual,DSP_I_RCV_E,Disposal - incineration (D10) and recovery - energy recovery (R1),KG_HAB,Kilograms per capita,SK,Slovakia,2000,,39,,,,,
dataflow,ESTAT:ENV_WASMUN(1.0),Municipal waste by waste management operations,A,Annual,DSP_I_RCV_E,Disposal - incineration (D10) and recovery - energy recovery (R1),KG_HAB,Kilograms per capita,SK,Slovakia,2001,,25,,,,,
dataflow,ESTAT:ENV_WASMUN(1.0),Municipal waste by waste management operations,A,Annual,DSP_I_RCV_E,Disposal - incineration (D10) and recovery - energy recovery (R1),KG_HAB,Kilograms per capita,SK,Slovakia,2002,,29,,,,,
dataflow,ESTAT:ENV_WASMUN(1.0),Municipal waste by waste management operations,A,Annual,DSP_I_RCV_E,Disposal - incineration (D10) and recovery - energy recovery (R1),KG_HAB,Kilograms per capita,SK,Slovakia,2003,,30,,,,,
dataflow,ESTAT:ENV_WASMUN(1.0),Municipal waste by waste management operations,A,Annual,DSP_I_RCV_E,Disposal - incineration (D10) and recovery - energy recovery (R1),KG_HAB,Kilograms per capita,SK,Slovakia,2004,,34,,,,,
dataflow,ESTAT:ENV_WASMUN(1.0),Municipal waste by waste management operations,A,Annual,DSP_I_RCV_E,Disposal - incineration (D10) and recovery - energy recovery (R1),KG_HAB,Kilograms per capita,SK,Slovakia,2005,,34,,b,break in time series,,
dataflow,ESTAT:ENV_WASMUN(1.0),Municipal waste by waste management operations,A,Annual,DSP_I_RCV_E,Disposal - incineration (D10) and recovery - energy recovery (R1),KG_HAB,Kilograms per capita,SK,Slovakia,2006,,35,,b,break in time series,,
dataflow,ESTAT:ENV_WASMUN(1.0),Municipal waste by waste management operations,A,Annual,DSP_I_RCV_E,Disposal - incineration (D10) and recovery - energy recovery (R1),KG_HAB,Kilograms per capita,SK,Slovakia,2007,,34,,,,,
dataflow,ESTAT:ENV_WASMUN(1.0),Municipal waste by waste management operations,A,Annual,DSP_I_RCV_E,Disposal - incineration (D10) and recovery - energy recovery (R1),KG_HAB,Kilograms per capita,SK,Slovakia,2008,,29,,,,,
dataflow,ESTAT:ENV_WASMUN(1.0),Municipal waste by waste management operations,A,Annual,DSP_I_RCV_E,Disposal - incineration (D10) and recovery - energy recovery (R1),KG_HAB,Kilograms per capita,SK,Slovakia,2009,,34,,,,,
dataflow,ESTAT:ENV_WASMUN(1.0),Municipal waste by waste management operations,A,Annual,DSP_I_RCV_E,Disposal - incineration (D10) and recovery - energy recovery (R1),KG_HAB,Kilograms per capita,SK,Slovakia,2010,,34,,,,,
dataflow,ESTAT:ENV_WASMUN(1.0),Municipal waste by waste management operations,A,Annual,DSP_I_RCV_E,Disposal - incineration (D10) and recovery - energy recovery (R1),KG_HAB,Kilograms per capita,SK,Slovakia,2011,,34,,,,,
dataflow,ESTAT:ENV_WASMUN(1.0),Municipal waste by waste management operations,A,Annual,DSP_I_RCV_E,Disposal - incineration (D10) and recovery - energy recovery (R1),KG_HAB,Kilograms per capita,SK,Slovakia,2012,,31,,,,,
dataflow,ESTAT:ENV_WASMUN(1.0),Municipal waste by waste management operations,A,Annual,DSP_I_RCV_E,Disposal - incineration (D10) and recovery - energy recovery (R1),KG_HAB,Kilograms per capita,SK,Slovakia,2013,,32,,,,,
dataflow,ESTAT:ENV_WASMUN(1.0),Municipal waste by waste management operations,A,Annual,DSP_I_RCV_E,Disposal - incineration (D10) and recovery - energy recovery (R1),KG_HAB,Kilograms per capita,SK,Slovakia,2014,,35,,,,,
dataflow,ESTAT:ENV_WASMUN(1.0),Municipal waste by waste management operations,A,Annual,DSP_I_RCV_E,Disposal - incineration (D10) and recovery - energy recovery (R1),KG_HAB,Kilograms per capita,SK,Slovakia,2015,,35,,,,,
dataflow,ESTAT:ENV_WASMUN(1.0),Municipal waste by waste management operations,A,Annual,DSP_I_RCV_E,Disposal - incineration (D10) and recovery - energy recovery (R1),KG_HAB,Kilograms per capita,SK,Slovakia,2016,,36,,,,,
dataflow,ESTAT:ENV_WASMUN(1.0),Municipal waste by waste management operations,A,Annual,DSP_I_RCV_E,Disposal - incineration (D10) and recovery - energy recovery (R1),KG_HAB,Kilograms per capita,SK,Slovakia,2017,,36,,,,,
dataflow,ESTAT:ENV_WASMUN(1.0),Municipal waste by waste management operations,A,Annual,DSP_I_RCV_E,Disposal - incineration (D10) and recovery - energy recovery (R1),KG_HAB,Kilograms per capita,SK,Slovakia,2018,,34,,,,,
dataflow,ESTAT:ENV_WASMUN(1.0),Municipal waste by waste management operations,A,Annual,DSP_I_RCV_E,Disposal - incineration (D10) and recovery - energy recovery (R1),KG_HAB,Kilograms per capita,SK,Slovakia,2019,,39,,,,,
dataflow,ESTAT:ENV_WASMUN(1.0),Municipal waste by waste management operations,A,Annual,DSP_I_RCV_E,Disposal - incineration (D10) and recovery - energy recovery (R1),KG_HAB,Kilograms per capita,SK,Slovakia,2020,,35,,,,,
dataflow,ESTAT:ENV_WASMUN(1.0),Municipal waste by waste management operations,A,Annual,DSP_I_RCV_E,Disposal - incineration (D10) and recovery - energy recovery (R1),KG_HAB,Kilograms per capita,SK,Slovakia,2021,,40,,,,,
dataflow,ESTAT:ENV_WASMUN(1.0),Municipal waste by waste management operations,A,Annual,DSP_I_RCV_E,Disposal - incineration (D10) and recovery - energy recovery (R1),KG_HAB,Kilograms per capita,SK,Slovakia,2022,,38,,,,,
dataflow,ESTAT:ENV_WASMUN(1.0),Municipal waste by waste management operations,A,Annual,DSP_I_RCV_E,Disposal - incineration (D10) and recovery - energy recovery (R1),KG_HAB,Kilograms per capita,SK,Slovakia,2023,,36,,,,,
dataflow,ESTAT:ENV_WASMUN(1.0),Municipal waste by waste management operations,A,Annual,DSP_I_RCV_E,Disposal - incineration (D10) and recovery - energy recovery (R1),KG_HAB,Kilograms per capita,TR,Türkiye,1995,,0,,,,,
dataflow,ESTAT:ENV_WASMUN(1.0),Municipal waste by waste management operations,A,Annual,DSP_I_RCV_E,Disposal - incineration (D10) and recovery - energy recovery (R1),KG_HAB,Kilograms per capita,TR,Türkiye,1996,,0,,,,,
dataflow,ESTAT:ENV_WASMUN(1.0),Municipal waste by waste management operations,A,Annual,DSP_I_RCV_E,Disposal - incineration (D10) and recovery - energy recovery (R1),KG_HAB,Kilograms per capita,TR,Türkiye,1997,,0,,,,,
dataflow,ESTAT:ENV_WASMUN(1.0),Municipal waste by waste management operations,A,Annual,DSP_I_RCV_E,Disposal - incineration (D10) and recovery - energy recovery (R1),KG_HAB,Kilograms per capita,TR,Türkiye,1998,,0,,,,,
dataflow,ESTAT:ENV_WASMUN(1.0),Municipal waste by waste management operations,A,Annual,DSP_I_RCV_E,Disposal - incineration (D10) and recovery - energy recovery (R1),KG_HAB,Kilograms per capita,TR,Türkiye,1999,,0,,,,,
dataflow,ESTAT:ENV_WASMUN(1.0),Municipal waste by waste management operations,A,Annual,DSP_I_RCV_E,Disposal - incineration (D10) and recovery - energy recovery (R1),KG_HAB,Kilograms per capita,TR,Türkiye,2000,,0,,,,,
dataflow,ESTAT:ENV_WASMUN(1.0),Municipal waste by waste management operations,A,Annual,DSP_I_RCV_E,Disposal - incineration (D10) and recovery - energy recovery (R1),KG_HAB,Kilograms per capita,TR,Türkiye,2001,,0,,,,,
dataflow,ESTAT:ENV_WASMUN(1.0),Municipal waste by waste management operations,A,Annual,DSP_I_RCV_E,Disposal - incineration (D10) and recovery - energy recovery (R1),KG_HAB,Kilograms per capita,TR,Türkiye,2002,,0,,,,,
dataflow,ESTAT:ENV_WASMUN(1.0),Municipal waste by waste management operations,A,Annual,DSP_I_RCV_E,Disposal - incineration (D10) and recovery - energy recovery (R1),KG_HAB,Kilograms per capita,TR,Türkiye,2003,,0,,,,,
dataflow,ESTAT:ENV_WASMUN(1.0),Municipal waste by waste management operations,A,Annual,DSP_I_RCV_E,Disposal - incineration (D10) and recovery - energy recovery (R1),KG_HAB,Kilograms per capita,TR,Türkiye,2004,,0,,,,,
dataflow,ESTAT:ENV_WASMUN(1.0),Municipal waste by waste management operations,A,Annual,DSP_I_RCV_E,Disposal - incineration (D10) and recovery - energy recovery (R1),KG_HAB,Kilograms per capita,TR,Türkiye,2005,,0,,,,,
dataflow,ESTAT:ENV_WASMUN(1.0),Municipal waste by waste management operations,A,Annual,DSP_I_RCV_E,Disposal - incineration (D10) and recovery - energy recovery (R1),KG_HAB,Kilograms per capita,TR,Türkiye,2006,,0,,,,,
dataflow,ESTAT:ENV_WASMUN(1.0),Municipal waste by waste management operations,A,Annual,DSP_I_RCV_E,Disposal - incineration (D10) and recovery - energy recovery (R1),KG_HAB,Kilograms per capita,TR,Türkiye,2007,,0,,,,,
dataflow,ESTAT:ENV_WASMUN(1.0),Municipal waste by waste management operations,A,Annual,DSP_I_RCV_E,Disposal - incineration (D10) and recovery - energy recovery (R1),KG_HAB,Kilograms per capita,TR,Türkiye,2008,,0,,,,,
dataflow,ESTAT:ENV_WASMUN(1.0),Municipal waste by waste management operations,A,Annual,DSP_I_RCV_E,Disposal - incineration (D10) and recovery - energy recovery (R1),KG_HAB,Kilograms per capita,TR,Türkiye,2009,,0,,,,,
dataflow,ESTAT:ENV_WASMUN(1.0),Municipal waste by waste management operations,A,Annual,DSP_I_RCV_E,Disposal - incineration (D10) and recovery - energy recovery (R1),KG_HAB,Kilograms per capita,TR,Türkiye,2010,,0,,,,,
dataflow,ESTAT:ENV_WASMUN(1.0),Municipal waste by waste management operations,A,Annual,DSP_I_RCV_E,Disposal - incineration (D10) and recovery - energy recovery (R1),KG_HAB,Kilograms per capita,TR,Türkiye,2011,,0,,,,,
dataflow,ESTAT:ENV_WASMUN(1.0),Municipal waste by waste management operations,A,Annual,DSP_I_RCV_E,Disposal - incineration (D10) and recovery - energy recovery (R1),KG_HAB,Kilograms per capita,TR,Türkiye,2012,,0,,,,,
dataflow,ESTAT:ENV_WASMUN(1.0),Municipal waste by waste management operations,A,Annual,DSP_I_RCV_E,Disposal - incineration (D10) and recovery - energy recovery (R1),KG_HAB,Kilograms per capita,TR,Türkiye,2013,,0,,,,,
dataflow,ESTAT:ENV_WASMUN(1.0),Municipal waste by waste management operations,A,Annual,DSP_I_RCV_E,Disposal - incineration (D10) and recovery - energy recovery (R1),KG_HAB,Kilograms per capita,TR,Türkiye,2014,,0,,,,,
dataflow,ESTAT:ENV_WASMUN(1.0),Municipal waste by waste management operations,A,Annual,DSP_I_RCV_E,Disposal - incineration (D10) and recovery - energy recovery (R1),KG_HAB,Kilograms per capita,TR,Türkiye,2015,,0,,,,,
dataflow,ESTAT:ENV_WASMUN(1.0),Municipal waste by waste management operations,A,Annual,DSP_I_RCV_E,Disposal - incineration (D10) and recovery - energy recovery (R1),KG_HAB,Kilograms per capita,TR,Türkiye,2016,,0,,,,,
dataflow,ESTAT:ENV_WASMUN(1.0),Municipal waste by waste management operations,A,Annual,DSP_I_RCV_E,Disposal - incineration (D10) and recovery - energy recovery (R1),KG_HAB,Kilograms per capita,TR,Türkiye,2017,,0,,,,,
dataflow,ESTAT:ENV_WASMUN(1.0),Municipal waste by waste management operations,A,Annual,DSP_I_RCV_E,Disposal - incineration (D10) and recovery - energy recovery (R1),KG_HAB,Kilograms per capita,TR,Türkiye,2018,,0,,,,,
dataflow,ESTAT:ENV_WASMUN(1.0),Municipal waste by waste management operations,A,Annual,DSP_I_RCV_E,Disposal - incineration (D10) and recovery - energy recovery (R1),KG_HAB,Kilograms per capita,TR,Türkiye,2019,,0,,,,,
dataflow,ESTAT:ENV_WASMUN(1.0),Municipal waste by waste management operations,A,Annual,DSP_I_RCV_E,Disposal - incineration (D10) and recovery - energy recovery (R1),KG_HAB,Kilograms per capita,TR,Türkiye,2020,,0,,,,,
dataflow,ESTAT:ENV_WASMUN(1.0),Municipal waste by waste management operations,A,Annual,DSP_I_RCV_E,Disposal - incineration (D10) and recovery - energy recovery (R1),KG_HAB,Kilograms per capita,TR,Türkiye,2021,,0,,,,,
dataflow,ESTAT:ENV_WASMUN(1.0),Municipal waste by waste management operations,A,Annual,DSP_I_RCV_E,Disposal - incineration (D10) and recovery - energy recovery (R1),KG_HAB,Kilograms per capita,XK,Kosovo*,2020,,0,,,,,
dataflow,ESTAT:ENV_WASMUN(1.0),Municipal waste by waste management operations,A,Annual,DSP_I_RCV_E,Disposal - incineration (D10) and recovery - energy recovery (R1),KG_HAB,Kilograms per capita,XK,Kosovo*,2021,,0,,,,,
dataflow,ESTAT:ENV_WASMUN(1.0),Municipal waste by waste management operations,A,Annual,DSP_I_RCV_E,Disposal - incineration (D10) and recovery - energy recovery (R1),KG_HAB,Kilograms per capita,XK,Kosovo*,2022,,0,,,,,
dataflow,ESTAT:ENV_WASMUN(1.0),Municipal waste by waste management operations,A,Annual,DSP_I_RCV_E,Disposal - incineration (D10) and recovery - energy recovery (R1),THS_T,Thousand tonnes,AL,Albania,2013,,92,,,,,
dataflow,ESTAT:ENV_WASMUN(1.0),Municipal waste by waste management operations,A,Annual,DSP_I_RCV_E,Disposal - incineration (D10) and recovery - energy recovery (R1),THS_T,Thousand tonnes,AL,Albania,2014,,44,,,,,
dataflow,ESTAT:ENV_WASMUN(1.0),Municipal waste by waste management operations,A,Annual,DSP_I_RCV_E,Disposal - incineration (D10) and recovery - energy recovery (R1),THS_T,Thousand tonnes,AL,Albania,2015,,58,,,,,
dataflow,ESTAT:ENV_WASMUN(1.0),Municipal waste by waste management operations,A,Annual,DSP_I_RCV_E,Disposal - incineration (D10) and recovery - energy recovery (R1),THS_T,Thousand tonnes,AL,Albania,2016,,60,,,,,
dataflow,ESTAT:ENV_WASMUN(1.0),Municipal waste by waste management operations,A,Annual,DSP_I_RCV_E,Disposal - incineration (D10) and recovery - energy recovery (R1),THS_T,Thousand tonnes,AL,Albania,2017,,43,,,,,
dataflow,ESTAT:ENV_WASMUN(1.0),Municipal waste by waste management operations,A,Annual,DSP_I_RCV_E,Disposal - incineration (D10) and recovery - energy recovery (R1),THS_T,Thousand tonnes,AL,Albania,2018,,63,,,,,
dataflow,ESTAT:ENV_WASMUN(1.0),Municipal waste by waste management operations,A,Annual,DSP_I_RCV_E,Disposal - incineration (D10) and recovery - energy recovery (R1),THS_T,Thousand tonnes,AL,Albania,2019,,12,,,,,
dataflow,ESTAT:ENV_WASMUN(1.0),Municipal waste by waste management operations,A,Annual,DSP_I_RCV_E,Disposal - incineration (D10) and recovery - energy recovery (R1),THS_T,Thousand tonnes,AL,Albania,2020,,12,,,,,
dataflow,ESTAT:ENV_WASMUN(1.0),Municipal waste by waste management operations,A,Annual,DSP_I_RCV_E,Disposal - incineration (D10) and recovery - energy recovery (R1),THS_T,Thousand tonnes,AL,Albania,2021,,18,,,,,
dataflow,ESTAT:ENV_WASMUN(1.0),Municipal waste by waste management operations,A,Annual,DSP_I_RCV_E,Disposal - incineration (D10) and recovery - energy recovery (R1),THS_T,Thousand tonnes,AL,Albania,2022,,36,,,,,
dataflow,ESTAT:ENV_WASMUN(1.0),Municipal waste by waste management operations,A,Annual,DSP_I_RCV_E,Disposal - incineration (D10) and recovery - energy recovery (R1),THS_T,Thousand tonnes,AL,Albania,2023,,39,,,,,
dataflow,ESTAT:ENV_WASMUN(1.0),Municipal waste by waste management operations,A,Annual,DSP_I_RCV_E,Disposal - incineration (D10) and recovery - energy recovery (R1),THS_T,Thousand tonnes,AT,Austria,1995,,431,,,,,
dataflow,ESTAT:ENV_WASMUN(1.0),Municipal waste by waste management operations,A,Annual,DSP_I_RCV_E,Disposal - incineration (D10) and recovery - energy recovery (R1),THS_T,Thousand tonnes,AT,Austria,1996,,431,,,,,
dataflow,ESTAT:ENV_WASMUN(1.0),Municipal waste by waste management operations,A,Annual,DSP_I_RCV_E,Disposal - incineration (D10) and recovery - energy recovery (R1),THS_T,Thousand tonnes,AT,Austria,1997,,445,,,,,
dataflow,ESTAT:ENV_WASMUN(1.0),Municipal waste by waste management operations,A,Annual,DSP_I_RCV_E,Disposal - incineration (D10) and recovery - energy recovery (R1),THS_T,Thousand tonnes,AT,Austria,1998,,440,,,,,
dataflow,ESTAT:ENV_WASMUN(1.0),Municipal waste by waste management operations,A,Annual,DSP_I_RCV_E,Disposal - incineration (D10) and recovery - energy recovery (R1),THS_T,Thousand tonnes,AT,Austria,1999,,456,,,,,
dataflow,ESTAT:ENV_WASMUN(1.0),Municipal waste by waste management operations,A,Annual,DSP_I_RCV_E,Disposal - incineration (D10) and recovery - energy recovery (R1),THS_T,Thousand tonnes,AT,Austria,2000,,522,,,,,
dataflow,ESTAT:ENV_WASMUN(1.0),Municipal waste by waste management operations,A,Annual,DSP_I_RCV_E,Disposal - incineration (D10) and recovery - energy recovery (R1),THS_T,Thousand tonnes,AT,Austria,2001,,521,,,,,
dataflow,ESTAT:ENV_WASMUN(1.0),Municipal waste by waste management operations,A,Annual,DSP_I_RCV_E,Disposal - incineration (D10) and recovery - energy recovery (R1),THS_T,Thousand tonnes,AT,Austria,2002,,530,,,,,
dataflow,ESTAT:ENV_WASMUN(1.0),Municipal waste by waste management operations,A,Annual,DSP_I_RCV_E,Disposal - incineration (D10) and recovery - energy recovery (R1),THS_T,Thousand tonnes,AT,Austria,2003,,592,,,,,
dataflow,ESTAT:ENV_WASMUN(1.0),Municipal waste by waste management operations,A,Annual,DSP_I_RCV_E,Disposal - incineration (D10) and recovery - energy recovery (R1),THS_T,Thousand tonnes,AT,Austria,2004,,1380,,,,,
dataflow,ESTAT:ENV_WASMUN(1.0),Municipal waste by waste management operations,A,Annual,DSP_I_RCV_E,Disposal - incineration (D10) and recovery - energy recovery (R1),THS_T,Thousand tonnes,AT,Austria,2005,,1310,,,,,
dataflow,ESTAT:ENV_WASMUN(1.0),Municipal waste by waste management operations,A,Annual,DSP_I_RCV_E,Disposal - incineration (D10) and recovery - energy recovery (R1),THS_T,Thousand tonnes,AT,Austria,2006,,1430,,,,,
dataflow,ESTAT:ENV_WASMUN(1.0),Municipal waste by waste management operations,A,Annual,DSP_I_RCV_E,Disposal - incineration (D10) and recovery - energy recovery (R1),THS_T,Thousand tonnes,AT,Austria,2007,,1453,,,,,
dataflow,ESTAT:ENV_WASMUN(1.0),Municipal waste by waste management operations,A,Annual,DSP_I_RCV_E,Disposal - incineration (D10) and recovery - energy recovery (R1),THS_T,Thousand tonnes,AT,Austria,2008,,1357,,,,,
dataflow,ESTAT:ENV_WASMUN(1.0),Municipal waste by waste management operations,A,Annual,DSP_I_RCV_E,Disposal - incineration (D10) and recovery - energy recovery (R1),THS_T,Thousand tonnes,AT,Austria,2009,,1440,,,,,
dataflow,ESTAT:ENV_WASMUN(1.0),Municipal waste by waste management operations,A,Annual,DSP_I_RCV_E,Disposal - incineration (D10) and recovery - energy recovery (R1),THS_T,Thousand tonnes,AT,Austria,2010,,1636,,,,,
dataflow,ESTAT:ENV_WASMUN(1.0),Municipal waste by waste management operations,A,Annual,DSP_I_RCV_E,Disposal - incineration (D10) and recovery - energy recovery (R1),THS_T,Thousand tonnes,AT,Austria,2011,,1678,,,,,
dataflow,ESTAT:ENV_WASMUN(1.0),Municipal waste by waste management operations,A,Annual,DSP_I_RCV_E,Disposal - incineration (D10) and recovery - energy recovery (R1),THS_T,Thousand tonnes,AT,Austria,2012,,1693,,,,,
dataflow,ESTAT:ENV_WASMUN(1.0),Municipal waste by waste management operations,A,Annual,DSP_I_RCV_E,Disposal - incineration (D10) and recovery - energy recovery (R1),THS_T,Thousand tonnes,AT,Austria,2013,,1716,,,,,
dataflow,ESTAT:ENV_WASMUN(1.0),Municipal waste by waste management operations,A,Annual,DSP_I_RCV_E,Disposal - incineration (D10) and recovery - energy recovery (R1),THS_T,Thousand tonnes,AT,Austria,2014,,1756,,,,,
dataflow,ESTAT:ENV_WASMUN(1.0),Municipal waste by waste management operations,A,Annual,DSP_I_RCV_E,Disposal - incineration (D10) and recovery - energy recovery (R1),THS_T,Thousand tonnes,AT,Austria,2015,,1833,,,,,
dataflow,ESTAT:ENV_WASMUN(1.0),Municipal waste by waste management operations,A,Annual,DSP_I_RCV_E,Disposal - incineration (D10) and recovery - energy recovery (R1),THS_T,Thousand tonnes,AT,Austria,2016,,1855,,,,,
dataflow,ESTAT:ENV_WASMUN(1.0),Municipal waste by waste management operations,A,Annual,DSP_I_RCV_E,Disposal - incineration (D10) and recovery - energy recovery (R1),THS_T,Thousand tonnes,AT,Austria,2017,,1944,,,,,
dataflow,ESTAT:ENV_WASMUN(1.0),Municipal waste by waste management operations,A,Annual,DSP_I_RCV_E,Disposal - incineration (D10) and recovery - energy recovery (R1),THS_T,Thousand tonnes,AT,Austria,2018,,1977,,,,,
dataflow,ESTAT:ENV_WASMUN(1.0),Municipal waste by waste management operations,A,Annual,DSP_I_RCV_E,Disposal - incineration (D10) and recovery - energy recovery (R1),THS_T,Thousand tonnes,AT,Austria,2019,,2004,,i,value imputed by Eurostat or other receiving agencies,,
dataflow,ESTAT:ENV_WASMUN(1.0),Municipal waste by waste management operations,A,Annual,DSP_I_RCV_E,Disposal - incineration (D10) and recovery - energy recovery (R1),THS_T,Thousand tonnes,AT,Austria,2020,,2669,,b,break in time series,,
dataflow,ESTAT:ENV_WASMUN(1.0),Municipal waste by waste management operations,A,Annual,DSP_I_RCV_E,Disposal - incineration (D10) and recovery - energy recovery (R1),THS_T,Thousand tonnes,AT,Austria,2021,,2654,,,,,
dataflow,ESTAT:ENV_WASMUN(1.0),Municipal waste by waste management operations,A,Annual,DSP_I_RCV_E,Disposal - incineration (D10) and recovery - energy recovery (R1),THS_T,Thousand tonnes,AT,Austria,2022,,2567,,,,,
dataflow,ESTAT:ENV_WASMUN(1.0),Municipal waste by waste management operations,A,Annual,DSP_I_RCV_E,Disposal - incineration (D10) and recovery - energy recovery (R1),THS_T,Thousand tonnes,BA,Bosnia and Herzegovina,2008,,0,,,,,
dataflow,ESTAT:ENV_WASMUN(1.0),Municipal waste by waste management operations,A,Annual,DSP_I_RCV_E,Disposal - incineration (D10) and recovery - energy recovery (R1),THS_T,Thousand tonnes,BA,Bosnia and Herzegovina,2009,,0,,,,,
dataflow,ESTAT:ENV_WASMUN(1.0),Municipal waste by waste management operations,A,Annual,DSP_I_RCV_E,Disposal - incineration (D10) and recovery - energy recovery (R1),THS_T,Thousand tonnes,BA,Bosnia and Herzegovina,2010,,0,,,,,
dataflow,ESTAT:ENV_WASMUN(1.0),Municipal waste by waste management operations,A,Annual,DSP_I_RCV_E,Disposal - incineration (D10) and recovery - energy recovery (R1),THS_T,Thousand tonnes,BA,Bosnia and Herzegovina,2011,,0,,,,,
dataflow,ESTAT:ENV_WASMUN(1.0),Municipal waste by waste management operations,A,Annual,DSP_I_RCV_E,Disposal - incineration (D10) and recovery - energy recovery (R1),THS_T,Thousand tonnes,BA,Bosnia and Herzegovina,2012,,0,,,,,
dataflow,ESTAT:ENV_WASMUN(1.0),Municipal waste by waste management operations,A,Annual,DSP_I_RCV_E,Disposal - incineration (D10) and recovery - energy recovery (R1),THS_T,Thousand tonnes,BA,Bosnia and Herzegovina,2013,,0,,,,,
dataflow,ESTAT:ENV_WASMUN(1.0),Municipal waste by waste management operations,A,Annual,DSP_I_RCV_E,Disposal - incineration (D10) and recovery - energy recovery (R1),THS_T,Thousand tonnes,BA,Bosnia and Herzegovina,2014,,0,,,,,
dataflow,ESTAT:ENV_WASMUN(1.0),Municipal waste by waste management operations,A,Annual,DSP_I_RCV_E,Disposal - incineration (D10) and recovery - energy recovery (R1),THS_T,Thousand tonnes,BA,Bosnia and Herzegovina,2015,,0,,,,,
dataflow,ESTAT:ENV_WASMUN(1.0),Municipal waste by waste management operations,A,Annual,DSP_I_RCV_E,Disposal - incineration (D10) and recovery - energy recovery (R1),THS_T,Thousand tonnes,BA,Bosnia and Herzegovina,2016,,0,,,,,
dataflow,ESTAT:ENV_WASMUN(1.0),Municipal waste by waste management operations,A,Annual,DSP_I_RCV_E,Disposal - incineration (D10) and recovery - energy recovery (R1),THS_T,Thousand tonnes,BA,Bosnia and Herzegovina,2017,,0,,,,,
dataflow,ESTAT:ENV_WASMUN(1.0),Municipal waste by waste management operations,A,Annual,DSP_I_RCV_E,Disposal - incineration (D10) and recovery - energy recovery (R1),THS_T,Thousand tonnes,BE,Belgium,1995,,1637,,,,,
dataflow,ESTAT:ENV_WASMUN(1.0),Municipal waste by waste management operations,A,Annual,DSP_I_RCV_E,Disposal - incineration (D10) and recovery - energy recovery (R1),THS_T,Thousand tonnes,BE,Belgium,1996,,1553,,,,,
dataflow,ESTAT:ENV_WASMUN(1.0),Municipal waste by waste management operations,A,Annual,DSP_I_RCV_E,Disposal - incineration (D10) and recovery - energy recovery (R1),THS_T,Thousand tonnes,BE,Belgium,1997,,1781,,,,,
dataflow,ESTAT:ENV_WASMUN(1.0),Municipal waste by waste management operations,A,Annual,DSP_I_RCV_E,Disposal - incineration (D10) and recovery - energy recovery (R1),THS_T,Thousand tonnes,BE,Belgium,1998,,1652,,,,,
dataflow,ESTAT:ENV_WASMUN(1.0),Municipal waste by waste management operations,A,Annual,DSP_I_RCV_E,Disposal - incineration (D10) and recovery - energy recovery (R1),THS_T,Thousand tonnes,BE,Belgium,1999,,1506,,,,,
dataflow,ESTAT:ENV_WASMUN(1.0),Municipal waste by waste management operations,A,Annual,DSP_I_RCV_E,Disposal - incineration (D10) and recovery - energy recovery (R1),THS_T,Thousand tonnes,BE,Belgium,2000,,1622,,,,,
dataflow,ESTAT:ENV_WASMUN(1.0),Municipal waste by waste management operations,A,Annual,DSP_I_RCV_E,Disposal - incineration (D10) and recovery - energy recovery (R1),THS_T,Thousand tonnes,BE,Belgium,2001,,1549,,,,,
dataflow,ESTAT:ENV_WASMUN(1.0),Municipal waste by waste management operations,A,Annual,DSP_I_RCV_E,Disposal - incineration (D10) and recovery - energy recovery (R1),THS_T,Thousand tonnes,BE,Belgium,2002,,1759,,,,,
dataflow,ESTAT:ENV_WASMUN(1.0),Municipal waste by waste management operations,A,Annual,DSP_I_RCV_E,Disposal - incineration (D10) and recovery - energy recovery (R1),THS_T,Thousand tonnes,BE,Belgium,2003,,1805,,,,,
dataflow,ESTAT:ENV_WASMUN(1.0),Municipal waste by waste management operations,A,Annual,DSP_I_RCV_E,Disposal - incineration (D10) and recovery - energy recovery (R1),THS_T,Thousand tonnes,BE,Belgium,2004,,1798,,,,,
dataflow,ESTAT:ENV_WASMUN(1.0),Municipal waste by waste management operations,A,Annual,DSP_I_RCV_E,Disposal - incineration (D10) and recovery - energy recovery (R1),THS_T,Thousand tonnes,BE,Belgium,2005,,1886,,,,,
dataflow,ESTAT:ENV_WASMUN(1.0),Municipal waste by waste management operations,A,Annual,DSP_I_RCV_E,Disposal - incineration (D10) and recovery - energy recovery (R1),THS_T,Thousand tonnes,BE,Belgium,2006,,1784,,,,,
dataflow,ESTAT:ENV_WASMUN(1.0),Municipal waste by waste management operations,A,Annual,DSP_I_RCV_E,Disposal - incineration (D10) and recovery - energy recovery (R1),THS_T,Thousand tonnes,BE,Belgium,2007,,1978,,,,,
dataflow,ESTAT:ENV_WASMUN(1.0),Municipal waste by waste management operations,A,Annual,DSP_I_RCV_E,Disposal - incineration (D10) and recovery - energy recovery (R1),THS_T,Thousand tonnes,BE,Belgium,2008,,1972,,,,,
dataflow,ESTAT:ENV_WASMUN(1.0),Municipal waste by waste management operations,A,Annual,DSP_I_RCV_E,Disposal - incineration (D10) and recovery - energy recovery (R1),THS_T,Thousand tonnes,BE,Belgium,2009,,1902,,,,,
dataflow,ESTAT:ENV_WASMUN(1.0),Municipal waste by waste management operations,A,Annual,DSP_I_RCV_E,Disposal - incineration (D10) and recovery - energy recovery (R1),THS_T,Thousand tonnes,BE,Belgium,2010,,1940,,,,,
dataflow,ESTAT:ENV_WASMUN(1.0),Municipal waste by waste management operations,A,Annual,DSP_I_RCV_E,Disposal - incineration (D10) and recovery - energy recovery (R1),THS_T,Thousand tonnes,BE,Belgium,2011,,2004,,,,,
dataflow,ESTAT:ENV_WASMUN(1.0),Municipal waste by waste management operations,A,Annual,DSP_I_RCV_E,Disposal - incineration (D10) and recovery - energy recovery (R1),THS_T,Thousand tonnes,BE,Belgium,2012,,2047,,,,,
dataflow,ESTAT:ENV_WASMUN(1.0),Municipal waste by waste management operations,A,Annual,DSP_I_RCV_E,Disposal - incineration (D10) and recovery - energy recovery (R1),THS_T,Thousand tonnes,BE,Belgium,2013,,2131,,,,,
dataflow,ESTAT:ENV_WASMUN(1.0),Municipal waste by waste management operations,A,Annual,DSP_I_RCV_E,Disposal - incineration (D10) and recovery - energy recovery (R1),THS_T,Thousand tonnes,BE,Belgium,2014,,2078,,,,,
dataflow,ESTAT:ENV_WASMUN(1.0),Municipal waste by waste management operations,A,Annual,DSP_I_RCV_E,Disposal - incineration (D10) and recovery - energy recovery (R1),THS_T,Thousand tonnes,BE,Belgium,2015,,2050,,,,,
dataflow,ESTAT:ENV_WASMUN(1.0),Municipal waste by waste management operations,A,Annual,DSP_I_RCV_E,Disposal - incineration (D10) and recovery - energy recovery (R1),THS_T,Thousand tonnes,BE,Belgium,2016,,2113,,,,,
dataflow,ESTAT:ENV_WASMUN(1.0),Municipal waste by waste management operations,A,Annual,DSP_I_RCV_E,Disposal - incineration (D10) and recovery - energy recovery (R1),THS_T,Thousand tonnes,BE,Belgium,2017,,2002,,,,,
dataflow,ESTAT:ENV_WASMUN(1.0),Municipal waste by waste management operations,A,Annual,DSP_I_RCV_E,Disposal - incineration (D10) and recovery - energy recovery (R1),THS_T,Thousand tonnes,BE,Belgium,2018,,2022,,,,,
dataflow,ESTAT:ENV_WASMUN(1.0),Municipal waste by waste management operations,A,Annual,DSP_I_RCV_E,Disposal - incineration (D10) and recovery - energy recovery (R1),THS_T,Thousand tonnes,BE,Belgium,2019,,2047,,,,,
dataflow,ESTAT:ENV_WASMUN(1.0),Municipal waste by waste management operations,A,Annual,DSP_I_RCV_E,Disposal - incineration (D10) and recovery - energy recovery (R1),THS_T,Thousand tonnes,BE,Belgium,2020,,4070,,,,,
dataflow,ESTAT:ENV_WASMUN(1.0),Municipal waste by waste management operations,A,Annual,DSP_I_RCV_E,Disposal - incineration (D10) and recovery - energy recovery (R1),THS_T,Thousand tonnes,BE,Belgium,2021,,3852,,,,,
dataflow,ESTAT:ENV_WASMUN(1.0),Municipal waste by waste management operations,A,Annual,DSP_I_RCV_E,Disposal - incineration (D10) and recovery - energy recovery (R1),THS_T,Thousand tonnes,BE,Belgium,2022,,3633,,,,,
dataflow,ESTAT:ENV_WASMUN(1.0),Municipal waste by waste management operations,A,Annual,DSP_I_RCV_E,Disposal - incineration (D10) and recovery - energy recovery (R1),THS_T,Thousand tonnes,BE,Belgium,2023,,3651,,,,,
dataflow,ESTAT:ENV_WASMUN(1.0),Municipal waste by waste management operations,A,Annual,DSP_I_RCV_E,Disposal - incineration (D10) and recovery - energy recovery (R1),THS_T,Thousand tonnes,BG,Bulgaria,1995,,0,,,,,
dataflow,ESTAT:ENV_WASMUN(1.0),Municipal waste by waste management operations,A,Annual,DSP_I_RCV_E,Disposal - incineration (D10) and recovery - energy recovery (R1),THS_T,Thousand tonnes,BG,Bulgaria,1996,,0,,,,,
dataflow,ESTAT:ENV_WASMUN(1.0),Municipal waste by waste management operations,A,Annual,DSP_I_RCV_E,Disposal - incineration (D10) and recovery - energy recovery (R1),THS_T,Thousand tonnes,BG,Bulgaria,1997,,0,,,,,
dataflow,ESTAT:ENV_WASMUN(1.0),Municipal waste by waste management operations,A,Annual,DSP_I_RCV_E,Disposal - incineration (D10) and recovery - energy recovery (R1),THS_T,Thousand tonnes,BG,Bulgaria,1998,,0,,,,,
dataflow,ESTAT:ENV_WASMUN(1.0),Municipal waste by waste management operations,A,Annual,DSP_I_RCV_E,Disposal - incineration (D10) and recovery - energy recovery (R1),THS_T,Thousand tonnes,BG,Bulgaria,1999,,0,,,,,
dataflow,ESTAT:ENV_WASMUN(1.0),Municipal waste by waste management operations,A,Annual,DSP_I_RCV_E,Disposal - incineration (D10) and recovery - energy recovery (R1),THS_T,Thousand tonnes,BG,Bulgaria,2000,,0,,,,,
dataflow,ESTAT:ENV_WASMUN(1.0),Municipal waste by waste management operations,A,Annual,DSP_I_RCV_E,Disposal - incineration (D10) and recovery - energy recovery (R1),THS_T,Thousand tonnes,BG,Bulgaria,2001,,0,,,,,
dataflow,ESTAT:ENV_WASMUN(1.0),Municipal waste by waste management operations,A,Annual,DSP_I_RCV_E,Disposal - incineration (D10) and recovery - energy recovery (R1),THS_T,Thousand tonnes,BG,Bulgaria,2002,,0,,,,,
dataflow,ESTAT:ENV_WASMUN(1.0),Municipal waste by waste management operations,A,Annual,DSP_I_RCV_E,Disposal - incineration (D10) and recovery - energy recovery (R1),THS_T,Thousand tonnes,BG,Bulgaria,2003,,0,,,,,
dataflow,ESTAT:ENV_WASMUN(1.0),Municipal waste by waste management operations,A,Annual,DSP_I_RCV_E,Disposal - incineration (D10) and recovery - energy recovery (R1),THS_T,Thousand tonnes,BG,Bulgaria,2004,,0,,,,,
dataflow,ESTAT:ENV_WASMUN(1.0),Municipal waste by waste management operations,A,Annual,DSP_I_RCV_E,Disposal - incineration (D10) and recovery - energy recovery (R1),THS_T,Thousand tonnes,BG,Bulgaria,2005,,0,,,,,
dataflow,ESTAT:ENV_WASMUN(1.0),Municipal waste by waste management operations,A,Annual,DSP_I_RCV_E,Disposal - incineration (D10) and recovery - energy recovery (R1),THS_T,Thousand tonnes,BG,Bulgaria,2006,,0,,,,,
dataflow,ESTAT:ENV_WASMUN(1.0),Municipal waste by waste management operations,A,Annual,DSP_I_RCV_E,Disposal - incineration (D10) and recovery - energy recovery (R1),THS_T,Thousand tonnes,BG,Bulgaria,2007,,0,,,,,
dataflow,ESTAT:ENV_WASMUN(1.0),Municipal waste by waste management operations,A,Annual,DSP_I_RCV_E,Disposal - incineration (D10) and recovery - energy recovery (R1),THS_T,Thousand tonnes,BG,Bulgaria,2008,,0,,,,,
dataflow,ESTAT:ENV_WASMUN(1.0),Municipal waste by waste management operations,A,Annual,DSP_I_RCV_E,Disposal - incineration (D10) and recovery - energy recovery (R1),THS_T,Thousand tonnes,BG,Bulgaria,2009,,0,,,,,
dataflow,ESTAT:ENV_WASMUN(1.0),Municipal waste by waste management operations,A,Annual,DSP_I_RCV_E,Disposal - incineration (D10) and recovery - energy recovery (R1),THS_T,Thousand tonnes,BG,Bulgaria,2010,,0,,,,,
dataflow,ESTAT:ENV_WASMUN(1.0),Municipal waste by waste management operations,A,Annual,DSP_I_RCV_E,Disposal - incineration (D10) and recovery - energy recovery (R1),THS_T,Thousand tonnes,BG,Bulgaria,2011,,0,,,,,
dataflow,ESTAT:ENV_WASMUN(1.0),Municipal waste by waste management operations,A,Annual,DSP_I_RCV_E,Disposal - incineration (D10) and recovery - energy recovery (R1),THS_T,Thousand tonnes,BG,Bulgaria,2012,,0,,,,,
dataflow,ESTAT:ENV_WASMUN(1.0),Municipal waste by waste management operations,A,Annual,DSP_I_RCV_E,Disposal - incineration (D10) and recovery - energy recovery (R1),THS_T,Thousand tonnes,BG,Bulgaria,2013,,49,,,,,
dataflow,ESTAT:ENV_WASMUN(1.0),Municipal waste by waste management operations,A,Annual,DSP_I_RCV_E,Disposal - incineration (D10) and recovery - energy recovery (R1),THS_T,Thousand tonnes,BG,Bulgaria,2014,,51,,,,,
dataflow,ESTAT:ENV_WASMUN(1.0),Municipal waste by waste management operations,A,Annual,DSP_I_RCV_E,Disposal - incineration (D10) and recovery - energy recovery (R1),THS_T,Thousand tonnes,BG,Bulgaria,2015,,82,,,,,
dataflow,ESTAT:ENV_WASMUN(1.0),Municipal waste by waste management operations,A,Annual,DSP_I_RCV_E,Disposal - incineration (D10) and recovery - energy recovery (R1),THS_T,Thousand tonnes,BG,Bulgaria,2016,,109,,,,,
dataflow,ESTAT:ENV_WASMUN(1.0),Municipal waste by waste management operations,A,Annual,DSP_I_RCV_E,Disposal - incineration (D10) and recovery - energy recovery (R1),THS_T,Thousand tonnes,BG,Bulgaria,2017,,103,,,,,
dataflow,ESTAT:ENV_WASMUN(1.0),Municipal waste by waste management operations,A,Annual,DSP_I_RCV_E,Disposal - incineration (D10) and recovery - energy recovery (R1),THS_T,Thousand tonnes,BG,Bulgaria,2018,,208,,,,,
dataflow,ESTAT:ENV_WASMUN(1.0),Municipal waste by waste management operations,A,Annual,DSP_I_RCV_E,Disposal - incineration (D10) and recovery - energy recovery (R1),THS_T,Thousand tonnes,BG,Bulgaria,2019,,103,,i,value imputed by Eurostat or other receiving agencies,,
dataflow,ESTAT:ENV_WASMUN(1.0),Municipal waste by waste management operations,A,Annual,DSP_I_RCV_E,Disposal - incineration (D10) and recovery - energy recovery (R1),THS_T,Thousand tonnes,BG,Bulgaria,2020,,129,,,,,
dataflow,ESTAT:ENV_WASMUN(1.0),Municipal waste by waste management operations,A,Annual,DSP_I_RCV_E,Disposal - incineration (D10) and recovery - energy recovery (R1),THS_T,Thousand tonnes,BG,Bulgaria,2021,,82,,,,,
dataflow,ESTAT:ENV_WASMUN(1.0),Municipal waste by waste management operations,A,Annual,DSP_I_RCV_E,Disposal - incineration (D10) and recovery - energy recovery (R1),THS_T,Thousand tonnes,BG,Bulgaria,2022,,96,,,,,
dataflow,ESTAT:ENV_WASMUN(1.0),Municipal waste by waste management operations,A,Annual,DSP_I_RCV_E,Disposal - incineration (D10) and recovery - energy recovery (R1),THS_T,Thousand tonnes,CH,Switzerland,1995,,2060,,,,,
dataflow,ESTAT:ENV_WASMUN(1.0),Municipal waste by waste management operations,A,Annual,DSP_I_RCV_E,Disposal - incineration (D10) and recovery - energy recovery (R1),THS_T,Thousand tonnes,CH,Switzerland,1996,,2020,,,,,
dataflow,ESTAT:ENV_WASMUN(1.0),Municipal waste by waste management operations,A,Annual,DSP_I_RCV_E,Disposal - incineration (D10) and recovery - energy recovery (R1),THS_T,Thousand tonnes,CH,Switzerland,1997,,2020,,,,,
dataflow,ESTAT:ENV_WASMUN(1.0),Municipal waste by waste management operations,A,Annual,DSP_I_RCV_E,Disposal - incineration (D10) and recovery - energy recovery (R1),THS_T,Thousand tonnes,CH,Switzerland,1998,,1990,,,,,
dataflow,ESTAT:ENV_WASMUN(1.0),Municipal waste by waste management operations,A,Annual,DSP_I_RCV_E,Disposal - incineration (D10) and recovery - energy recovery (R1),THS_T,Thousand tonnes,CH,Switzerland,1999,,2130,,,,,
dataflow,ESTAT:ENV_WASMUN(1.0),Municipal waste by waste management operations,A,Annual,DSP_I_RCV_E,Disposal - incineration (D10) and recovery - energy recovery (R1),THS_T,Thousand tonnes,CH,Switzerland,2000,,2199,,,,,
dataflow,ESTAT:ENV_WASMUN(1.0),Municipal waste by waste management operations,A,Annual,DSP_I_RCV_E,Disposal - incineration (D10) and recovery - energy recovery (R1),THS_T,Thousand tonnes,CH,Switzerland,2001,,2357,,,,,
dataflow,ESTAT:ENV_WASMUN(1.0),Municipal waste by waste management operations,A,Annual,DSP_I_RCV_E,Disposal - incineration (D10) and recovery - energy recovery (R1),THS_T,Thousand tonnes,CH,Switzerland,2002,,2550,,,,,
dataflow,ESTAT:ENV_WASMUN(1.0),Municipal waste by waste management operations,A,Annual,DSP_I_RCV_E,Disposal - incineration (D10) and recovery - energy recovery (R1),THS_T,Thousand tonnes,CH,Switzerland,2003,,2510,,,,,
dataflow,ESTAT:ENV_WASMUN(1.0),Municipal waste by waste management operations,A,Annual,DSP_I_RCV_E,Disposal - incineration (D10) and recovery - energy recovery (R1),THS_T,Thousand tonnes,CH,Switzerland,2004,,2513,,,,,
dataflow,ESTAT:ENV_WASMUN(1.0),Municipal waste by waste management operations,A,Annual,DSP_I_RCV_E,Disposal - incineration (D10) and recovery - energy recovery (R1),THS_T,Thousand tonnes,CH,Switzerland,2005,,2440,,,,,
dataflow,ESTAT:ENV_WASMUN(1.0),Municipal waste by waste management operations,A,Annual,DSP_I_RCV_E,Disposal - incineration (D10) and recovery - energy recovery (R1),THS_T,Thousand tonnes,CH,Switzerland,2006,,2660,,,,,
dataflow,ESTAT:ENV_WASMUN(1.0),Municipal waste by waste management operations,A,Annual,DSP_I_RCV_E,Disposal - incineration (D10) and recovery - energy recovery (R1),THS_T,Thousand tonnes,CH,Switzerland,2007,,2680,,,,,
dataflow,ESTAT:ENV_WASMUN(1.0),Municipal waste by waste management operations,A,Annual,DSP_I_RCV_E,Disposal - incineration (D10) and recovery - energy recovery (R1),THS_T,Thousand tonnes,CH,Switzerland,2008,,2830,,,,,
dataflow,ESTAT:ENV_WASMUN(1.0),Municipal waste by waste management operations,A,Annual,DSP_I_RCV_E,Disposal - incineration (D10) and recovery - energy recovery (R1),THS_T,Thousand tonnes,CH,Switzerland,2009,,2660,,,,,
dataflow,ESTAT:ENV_WASMUN(1.0),Municipal waste by waste management operations,A,Annual,DSP_I_RCV_E,Disposal - incineration (D10) and recovery - energy recovery (R1),THS_T,Thousand tonnes,CH,Switzerland,2010,,2757,,,,,
dataflow,ESTAT:ENV_WASMUN(1.0),Municipal waste by waste management operations,A,Annual,DSP_I_RCV_E,Disposal - incineration (D10) and recovery - energy recovery (R1),THS_T,Thousand tonnes,CH,Switzerland,2011,,2732,,,,,
dataflow,ESTAT:ENV_WASMUN(1.0),Municipal waste by waste management operations,A,Annual,DSP_I_RCV_E,Disposal - incineration (D10) and recovery - energy recovery (R1),THS_T,Thousand tonnes,CH,Switzerland,2012,,2786,,,,,
dataflow,ESTAT:ENV_WASMUN(1.0),Municipal waste by waste management operations,A,Annual,DSP_I_RCV_E,Disposal - incineration (D10) and recovery - energy recovery (R1),THS_T,Thousand tonnes,CH,Switzerland,2013,,2798,,,,,
dataflow,ESTAT:ENV_WASMUN(1.0),Municipal waste by waste management operations,A,Annual,DSP_I_RCV_E,Disposal - incineration (D10) and recovery - energy recovery (R1),THS_T,Thousand tonnes,CH,Switzerland,2014,,2790,,,,,
dataflow,ESTAT:ENV_WASMUN(1.0),Municipal waste by waste management operations,A,Annual,DSP_I_RCV_E,Disposal - incineration (D10) and recovery - energy recovery (R1),THS_T,Thousand tonnes,CH,Switzerland,2015,,2850,,,,,
dataflow,ESTAT:ENV_WASMUN(1.0),Municipal waste by waste management operations,A,Annual,DSP_I_RCV_E,Disposal - incineration (D10) and recovery - energy recovery (R1),THS_T,Thousand tonnes,CH,Switzerland,2016,,2876,,,,,
dataflow,ESTAT:ENV_WASMUN(1.0),Municipal waste by waste management operations,A,Annual,DSP_I_RCV_E,Disposal - incineration (D10) and recovery - energy recovery (R1),THS_T,Thousand tonnes,CH,Switzerland,2017,,2846,,,,,
dataflow,ESTAT:ENV_WASMUN(1.0),Municipal waste by waste management operations,A,Annual,DSP_I_RCV_E,Disposal - incineration (D10) and recovery - energy recovery (R1),THS_T,Thousand tonnes,CH,Switzerland,2018,,2856,,,,,
dataflow,ESTAT:ENV_WASMUN(1.0),Municipal waste by waste management operations,A,Annual,DSP_I_RCV_E,Disposal - incineration (D10) and recovery - energy recovery (R1),THS_T,Thousand tonnes,CH,Switzerland,2019,,2857,,,,,
dataflow,ESTAT:ENV_WASMUN(1.0),Municipal waste by waste management operations,A,Annual,DSP_I_RCV_E,Disposal - incineration (D10) and recovery - energy recovery (R1),THS_T,Thousand tonnes,CH,Switzerland,2020,,2875,,,,,
dataflow,ESTAT:ENV_WASMUN(1.0),Municipal waste by waste management operations,A,Annual,DSP_I_RCV_E,Disposal - incineration (D10) and recovery - energy recovery (R1),THS_T,Thousand tonnes,CH,Switzerland,2021,,2926,,,,,
dataflow,ESTAT:ENV_WASMUN(1.0),Municipal waste by waste management operations,A,Annual,DSP_I_RCV_E,Disposal - incineration (D10) and recovery - energy recovery (R1),THS_T,Thousand tonnes,CH,Switzerland,2022,,2843,,,,,
dataflow,ESTAT:ENV_WASMUN(1.0),Municipal waste by waste management operations,A,Annual,DSP_I_RCV_E,Disposal - incineration (D10) and recovery - energy recovery (R1),THS_T,Thousand tonnes,CY,Cyprus,1995,,0,,,,,
dataflow,ESTAT:ENV_WASMUN(1.0),Municipal waste by waste management operations,A,Annual,DSP_I_RCV_E,Disposal - incineration (D10) and recovery - energy recovery (R1),THS_T,Thousand tonnes,CY,Cyprus,1996,,0,,,,,
dataflow,ESTAT:ENV_WASMUN(1.0),Municipal waste by waste management operations,A,Annual,DSP_I_RCV_E,Disposal - incineration (D10) and recovery - energy recovery (R1),THS_T,Thousand tonnes,CY,Cyprus,1997,,0,,,,,
dataflow,ESTAT:ENV_WASMUN(1.0),Municipal waste by waste management operations,A,Annual,DSP_I_RCV_E,Disposal - incineration (D10) and recovery - energy recovery (R1),THS_T,Thousand tonnes,CY,Cyprus,1998,,0,,,,,
dataflow,ESTAT:ENV_WASMUN(1.0),Municipal waste by waste management operations,A,Annual,DSP_I_RCV_E,Disposal - incineration (D10) and recovery - energy recovery (R1),THS_T,Thousand tonnes,CY,Cyprus,1999,,0,,,,,
dataflow,ESTAT:ENV_WASMUN(1.0),Municipal waste by waste management operations,A,Annual,DSP_I_RCV_E,Disposal - incineration (D10) and recovery - energy recovery (R1),THS_T,Thousand tonnes,CY,Cyprus,2000,,0,,,,,
dataflow,ESTAT:ENV_WASMUN(1.0),Municipal waste by waste management operations,A,Annual,DSP_I_RCV_E,Disposal - incineration (D10) and recovery - energy recovery (R1),THS_T,Thousand tonnes,CY,Cyprus,2001,,0,,,,,
dataflow,ESTAT:ENV_WASMUN(1.0),Municipal waste by waste management operations,A,Annual,DSP_I_RCV_E,Disposal - incineration (D10) and recovery - energy recovery (R1),THS_T,Thousand tonnes,CY,Cyprus,2002,,0,,,,,
dataflow,ESTAT:ENV_WASMUN(1.0),Municipal waste by waste management operations,A,Annual,DSP_I_RCV_E,Disposal - incineration (D10) and recovery - energy recovery (R1),THS_T,Thousand tonnes,CY,Cyprus,2003,,0,,,,,
dataflow,ESTAT:ENV_WASMUN(1.0),Municipal waste by waste management operations,A,Annual,DSP_I_RCV_E,Disposal - incineration (D10) and recovery - energy recovery (R1),THS_T,Thousand tonnes,CY,Cyprus,2004,,0,,,,,
dataflow,ESTAT:ENV_WASMUN(1.0),Municipal waste by waste management operations,A,Annual,DSP_I_RCV_E,Disposal - incineration (D10) and recovery - energy recovery (R1),THS_T,Thousand tonnes,CY,Cyprus,2005,,0,,,,,
dataflow,ESTAT:ENV_WASMUN(1.0),Municipal waste by waste management operations,A,Annual,DSP_I_RCV_E,Disposal - incineration (D10) and recovery - energy recovery (R1),THS_T,Thousand tonnes,CY,Cyprus,2006,,0,,,,,
dataflow,ESTAT:ENV_WASMUN(1.0),Municipal waste by waste management operations,A,Annual,DSP_I_RCV_E,Disposal - incineration (D10) and recovery - energy recovery (R1),THS_T,Thousand tonnes,CY,Cyprus,2007,,0,,,,,
dataflow,ESTAT:ENV_WASMUN(1.0),Municipal waste by waste management operations,A,Annual,DSP_I_RCV_E,Disposal - incineration (D10) and recovery - energy recovery (R1),THS_T,Thousand tonnes,CY,Cyprus,2008,,0,,,,,
dataflow,ESTAT:ENV_WASMUN(1.0),Municipal waste by waste management operations,A,Annual,DSP_I_RCV_E,Disposal - incineration (D10) and recovery - energy recovery (R1),THS_T,Thousand tonnes,CY,Cyprus,2009,,0,,,,,
dataflow,ESTAT:ENV_WASMUN(1.0),Municipal waste by waste management operations,A,Annual,DSP_I_RCV_E,Disposal - incineration (D10) and recovery - energy recovery (R1),THS_T,Thousand tonnes,CY,Cyprus,2010,,0,,,,,
dataflow,ESTAT:ENV_WASMUN(1.0),Municipal waste by waste management operations,A,Annual,DSP_I_RCV_E,Disposal - incineration (D10) and recovery - energy recovery (R1),THS_T,Thousand tonnes,CY,Cyprus,2011,,0,,,,,
dataflow,ESTAT:ENV_WASMUN(1.0),Municipal waste by waste management operations,A,Annual,DSP_I_RCV_E,Disposal - incineration (D10) and recovery - energy recovery (R1),THS_T,Thousand tonnes,CY,Cyprus,2012,,0,,,,,
dataflow,ESTAT:ENV_WASMUN(1.0),Municipal waste by waste management operations,A,Annual,DSP_I_RCV_E,Disposal - incineration (D10) and recovery - energy recovery (R1),THS_T,Thousand tonnes,CY,Cyprus,2013,,0,,,,,
dataflow,ESTAT:ENV_WASMUN(1.0),Municipal waste by waste management operations,A,Annual,DSP_I_RCV_E,Disposal - incineration (D10) and recovery - energy recovery (R1),THS_T,Thousand tonnes,CY,Cyprus,2014,,4,,,,,
dataflow,ESTAT:ENV_WASMUN(1.0),Municipal waste by waste management operations,A,Annual,DSP_I_RCV_E,Disposal - incineration (D10) and recovery - energy recovery (R1),THS_T,Thousand tonnes,CY,Cyprus,2015,,0,,,,,
dataflow,ESTAT:ENV_WASMUN(1.0),Municipal waste by waste management operations,A,Annual,DSP_I_RCV_E,Disposal - incineration (D10) and recovery - energy recovery (R1),THS_T,Thousand tonnes,CY,Cyprus,2016,,2,,,,,
dataflow,ESTAT:ENV_WASMUN(1.0),Municipal waste by waste management operations,A,Annual,DSP_I_RCV_E,Disposal - incineration (D10) and recovery - energy recovery (R1),THS_T,Thousand tonnes,CY,Cyprus,2017,,2,,,,,
dataflow,ESTAT:ENV_WASMUN(1.0),Municipal waste by waste management operations,A,Annual,DSP_I_RCV_E,Disposal - incineration (D10) and recovery - energy recovery (R1),THS_T,Thousand tonnes,CY,Cyprus,2018,,4,,,,,
dataflow,ESTAT:ENV_WASMUN(1.0),Municipal waste by waste management operations,A,Annual,DSP_I_RCV_E,Disposal - incineration (D10) and recovery - energy recovery (R1),THS_T,Thousand tonnes,CY,Cyprus,2019,,6,,,,,
dataflow,ESTAT:ENV_WASMUN(1.0),Municipal waste by waste management operations,A,Annual,DSP_I_RCV_E,Disposal - incineration (D10) and recovery - energy recovery (R1),THS_T,Thousand tonnes,CY,Cyprus,2020,,8,,,,,
dataflow,ESTAT:ENV_WASMUN(1.0),Municipal waste by waste management operations,A,Annual,DSP_I_RCV_E,Disposal - incineration (D10) and recovery - energy recovery (R1),THS_T,Thousand tonnes,CY,Cyprus,2021,,14,,,,,
dataflow,ESTAT:ENV_WASMUN(1.0),Municipal waste by waste management operations,A,Annual,DSP_I_RCV_E,Disposal - incineration (D10) and recovery - energy recovery (R1),THS_T,Thousand tonnes,CY,Cyprus,2022,,15,,,,,
dataflow,ESTAT:ENV_WASMUN(1.0),Municipal waste by waste management operations,A,Annual,DSP_I_RCV_E,Disposal - incineration (D10) and recovery - energy recovery (R1),THS_T,Thousand tonnes,CY,Cyprus,2023,,16,,,,,
dataflow,ESTAT:ENV_WASMUN(1.0),Municipal waste by waste management operations,A,Annual,DSP_I_RCV_E,Disposal - incineration (D10) and recovery - energy recovery (R1),THS_T,Thousand tonnes,CZ,Czechia,1998,,180,,,,,
dataflow,ESTAT:ENV_WASMUN(1.0),Municipal waste by waste management operations,A,Annual,DSP_I_RCV_E,Disposal - incineration (D10) and recovery - energy recovery (R1),THS_T,Thousand tonnes,CZ,Czechia,1999,,306,,i,value imputed by Eurostat or other receiving agencies,,
dataflow,ESTAT:ENV_WASMUN(1.0),Municipal waste by waste management operations,A,Annual,DSP_I_RCV_E,Disposal - incineration (D10) and recovery - energy recovery (R1),THS_T,Thousand tonnes,CZ,Czechia,2000,,320,,i,value imputed by Eurostat or other receiving agencies,,
dataflow,ESTAT:ENV_WASMUN(1.0),Municipal waste by waste management operations,A,Annual,DSP_I_RCV_E,Disposal - incineration (D10) and recovery - energy recovery (R1),THS_T,Thousand tonnes,CZ,Czechia,2001,,357,,i,value imputed by Eurostat or other receiving agencies,,
dataflow,ESTAT:ENV_WASMUN(1.0),Municipal waste by waste management operations,A,Annual,DSP_I_RCV_E,Disposal - incineration (D10) and recovery - energy recovery (R1),THS_T,Thousand tonnes,CZ,Czechia,2002,,401,,,,,
dataflow,ESTAT:ENV_WASMUN(1.0),Municipal waste by waste management operations,A,Annual,DSP_I_RCV_E,Disposal - incineration (D10) and recovery - energy recovery (R1),THS_T,Thousand tonnes,CZ,Czechia,2003,,401,,,,,
dataflow,ESTAT:ENV_WASMUN(1.0),Municipal waste by waste management operations,A,Annual,DSP_I_RCV_E,Disposal - incineration (D10) and recovery - energy recovery (R1),THS_T,Thousand tonnes,CZ,Czechia,2004,,404,,be,"break in time series, estimated",,
dataflow,ESTAT:ENV_WASMUN(1.0),Municipal waste by waste management operations,A,Annual,DSP_I_RCV_E,Disposal - incineration (D10) and recovery - energy recovery (R1),THS_T,Thousand tonnes,CZ,Czechia,2005,,381,,e,estimated,,
dataflow,ESTAT:ENV_WASMUN(1.0),Municipal waste by waste management operations,A,Annual,DSP_I_RCV_E,Disposal - incineration (D10) and recovery - energy recovery (R1),THS_T,Thousand tonnes,CZ,Czechia,2006,,392,,e,estimated,,
dataflow,ESTAT:ENV_WASMUN(1.0),Municipal waste by waste management operations,A,Annual,DSP_I_RCV_E,Disposal - incineration (D10) and recovery - energy recovery (R1),THS_T,Thousand tonnes,CZ,Czechia,2007,,390,,e,estimated,,
dataflow,ESTAT:ENV_WASMUN(1.0),Municipal waste by waste management operations,A,Annual,DSP_I_RCV_E,Disposal - incineration (D10) and recovery - energy recovery (R1),THS_T,Thousand tonnes,CZ,Czechia,2008,,369,,e,estimated,,
dataflow,ESTAT:ENV_WASMUN(1.0),Municipal waste by waste management operations,A,Annual,DSP_I_RCV_E,Disposal - incineration (D10) and recovery - energy recovery (R1),THS_T,Thousand tonnes,CZ,Czechia,2009,,372,,e,estimated,,
dataflow,ESTAT:ENV_WASMUN(1.0),Municipal waste by waste management operations,A,Annual,DSP_I_RCV_E,Disposal - incineration (D10) and recovery - energy recovery (R1),THS_T,Thousand tonnes,CZ,Czechia,2010,,497,,e,estimated,,
dataflow,ESTAT:ENV_WASMUN(1.0),Municipal waste by waste management operations,A,Annual,DSP_I_RCV_E,Disposal - incineration (D10) and recovery - energy recovery (R1),THS_T,Thousand tonnes,CZ,Czechia,2011,,610,,e,estimated,,
dataflow,ESTAT:ENV_WASMUN(1.0),Municipal waste by waste management operations,A,Annual,DSP_I_RCV_E,Disposal - incineration (D10) and recovery - energy recovery (R1),THS_T,Thousand tonnes,CZ,Czechia,2012,,654,,e,estimated,,
dataflow,ESTAT:ENV_WASMUN(1.0),Municipal waste by waste management operations,A,Annual,DSP_I_RCV_E,Disposal - incineration (D10) and recovery - energy recovery (R1),THS_T,Thousand tonnes,CZ,Czechia,2013,,631,,e,estimated,,
dataflow,ESTAT:ENV_WASMUN(1.0),Municipal waste by waste management operations,A,Annual,DSP_I_RCV_E,Disposal - incineration (D10) and recovery - energy recovery (R1),THS_T,Thousand tonnes,CZ,Czechia,2014,,604,,e,estimated,,
dataflow,ESTAT:ENV_WASMUN(1.0),Municipal waste by waste management operations,A,Annual,DSP_I_RCV_E,Disposal - incineration (D10) and recovery - energy recovery (R1),THS_T,Thousand tonnes,CZ,Czechia,2015,,590,,e,estimated,,
dataflow,ESTAT:ENV_WASMUN(1.0),Municipal waste by waste management operations,A,Annual,DSP_I_RCV_E,Disposal - incineration (D10) and recovery - energy recovery (R1),THS_T,Thousand tonnes,CZ,Czechia,2016,,588,,e,estimated,,
dataflow,ESTAT:ENV_WASMUN(1.0),Municipal waste by waste management operations,A,Annual,DSP_I_RCV_E,Disposal - incineration (D10) and recovery - energy recovery (R1),THS_T,Thousand tonnes,CZ,Czechia,2017,,905,,b,break in time series,,
dataflow,ESTAT:ENV_WASMUN(1.0),Municipal waste by waste management operations,A,Annual,DSP_I_RCV_E,Disposal - incineration (D10) and recovery - energy recovery (R1),THS_T,Thousand tonnes,CZ,Czechia,2018,,879,,,,,
dataflow,ESTAT:ENV_WASMUN(1.0),Municipal waste by waste management operations,A,Annual,DSP_I_RCV_E,Disposal - incineration (D10) and recovery - energy recovery (R1),THS_T,Thousand tonnes,CZ,Czechia,2019,,873,,,,,
dataflow,ESTAT:ENV_WASMUN(1.0),Municipal waste by waste management operations,A,Annual,DSP_I_RCV_E,Disposal - incineration (D10) and recovery - energy recovery (R1),THS_T,Thousand tonnes,CZ,Czechia,2020,,737,,,,,
dataflow,ESTAT:ENV_WASMUN(1.0),Municipal waste by waste management operations,A,Annual,DSP_I_RCV_E,Disposal - incineration (D10) and recovery - energy recovery (R1),THS_T,Thousand tonnes,CZ,Czechia,2021,,726,,,,,
dataflow,ESTAT:ENV_WASMUN(1.0),Municipal waste by waste management operations,A,Annual,DSP_I_RCV_E,Disposal - incineration (D10) and recovery - energy recovery (R1),THS_T,Thousand tonnes,DE,Germany,1995,,9000,,i,value imputed by Eurostat or other receiving agencies,,
dataflow,ESTAT:ENV_WASMUN(1.0),Municipal waste by waste management operations,A,Annual,DSP_I_RCV_E,Disposal - incineration (D10) and recovery - energy recovery (R1),THS_T,Thousand tonnes,DE,Germany,1996,,9857,,i,value imputed by Eurostat or other receiving agencies,,
dataflow,ESTAT:ENV_WASMUN(1.0),Municipal waste by waste management operations,A,Annual,DSP_I_RCV_E,Disposal - incineration (D10) and recovery - energy recovery (R1),THS_T,Thousand tonnes,DE,Germany,1997,,10303,,i,value imputed by Eurostat or other receiving agencies,,
dataflow,ESTAT:ENV_WASMUN(1.0),Municipal waste by waste management operations,A,Annual,DSP_I_RCV_E,Disposal - incineration (D10) and recovery - energy recovery (R1),THS_T,Thousand tonnes,DE,Germany,1998,,10428,,i,value imputed by Eurostat or other receiving agencies,,
dataflow,ESTAT:ENV_WASMUN(1.0),Municipal waste by waste management operations,A,Annual,DSP_I_RCV_E,Disposal - incineration (D10) and recovery - energy recovery (R1),THS_T,Thousand tonnes,DE,Germany,1999,,10709,,i,value imputed by Eurostat or other receiving agencies,,
dataflow,ESTAT:ENV_WASMUN(1.0),Municipal waste by waste management operations,A,Annual,DSP_I_RCV_E,Disposal - incineration (D10) and recovery - energy recovery (R1),THS_T,Thousand tonnes,DE,Germany,2000,,11386,,i,value imputed by Eurostat or other receiving agencies,,
dataflow,ESTAT:ENV_WASMUN(1.0),Municipal waste by waste management operations,A,Annual,DSP_I_RCV_E,Disposal - incineration (D10) and recovery - energy recovery (R1),THS_T,Thousand tonnes,DE,Germany,2001,,11541,,i,value imputed by Eurostat or other receiving agencies,,
dataflow,ESTAT:ENV_WASMUN(1.0),Municipal waste by waste management operations,A,Annual,DSP_I_RCV_E,Disposal - incineration (D10) and recovery - energy recovery (R1),THS_T,Thousand tonnes,DE,Germany,2002,,11915,,i,value imputed by Eurostat or other receiving agencies,,
dataflow,ESTAT:ENV_WASMUN(1.0),Municipal waste by waste management operations,A,Annual,DSP_I_RCV_E,Disposal - incineration (D10) and recovery - energy recovery (R1),THS_T,Thousand tonnes,DE,Germany,2003,,11416,,i,value imputed by Eurostat or other receiving agencies,,
dataflow,ESTAT:ENV_WASMUN(1.0),Municipal waste by waste management operations,A,Annual,DSP_I_RCV_E,Disposal - incineration (D10) and recovery - energy recovery (R1),THS_T,Thousand tonnes,DE,Germany,2004,,12517,,i,value imputed by Eurostat or other receiving agencies,,
dataflow,ESTAT:ENV_WASMUN(1.0),Municipal waste by waste management operations,A,Annual,DSP_I_RCV_E,Disposal - incineration (D10) and recovery - energy recovery (R1),THS_T,Thousand tonnes,DE,Germany,2005,,14208,,i,value imputed by Eurostat or other receiving agencies,,
dataflow,ESTAT:ENV_WASMUN(1.0),Municipal waste by waste management operations,A,Annual,DSP_I_RCV_E,Disposal - incineration (D10) and recovery - energy recovery (R1),THS_T,Thousand tonnes,DE,Germany,2006,,17293,,i,value imputed by Eurostat or other receiving agencies,,
dataflow,ESTAT:ENV_WASMUN(1.0),Municipal waste by waste management operations,A,Annual,DSP_I_RCV_E,Disposal - incineration (D10) and recovery - energy recovery (R1),THS_T,Thousand tonnes,DE,Germany,2007,,17324,,i,value imputed by Eurostat or other receiving agencies,,
dataflow,ESTAT:ENV_WASMUN(1.0),Municipal waste by waste management operations,A,Annual,DSP_I_RCV_E,Disposal - incineration (D10) and recovery - energy recovery (R1),THS_T,Thousand tonnes,DE,Germany,2008,,17247,,i,value imputed by Eurostat or other receiving agencies,,
dataflow,ESTAT:ENV_WASMUN(1.0),Municipal waste by waste management operations,A,Annual,DSP_I_RCV_E,Disposal - incineration (D10) and recovery - energy recovery (R1),THS_T,Thousand tonnes,DE,Germany,2009,,17698,,i,value imputed by Eurostat or other receiving agencies,,
dataflow,ESTAT:ENV_WASMUN(1.0),Municipal waste by waste management operations,A,Annual,DSP_I_RCV_E,Disposal - incineration (D10) and recovery - energy recovery (R1),THS_T,Thousand tonnes,DE,Germany,2010,,18256,,i,value imputed by Eurostat or other receiving agencies,,
dataflow,ESTAT:ENV_WASMUN(1.0),Municipal waste by waste management operations,A,Annual,DSP_I_RCV_E,Disposal - incineration (D10) and recovery - energy recovery (R1),THS_T,Thousand tonnes,DE,Germany,2011,,18358,,i,value imputed by Eurostat or other receiving agencies,,
dataflow,ESTAT:ENV_WASMUN(1.0),Municipal waste by waste management operations,A,Annual,DSP_I_RCV_E,Disposal - incineration (D10) and recovery - energy recovery (R1),THS_T,Thousand tonnes,DE,Germany,2012,,17192,,i,value imputed by Eurostat or other receiving agencies,,
dataflow,ESTAT:ENV_WASMUN(1.0),Municipal waste by waste management operations,A,Annual,DSP_I_RCV_E,Disposal - incineration (D10) and recovery - energy recovery (R1),THS_T,Thousand tonnes,DE,Germany,2013,,16707,,i,value imputed by Eurostat or other receiving agencies,,
dataflow,ESTAT:ENV_WASMUN(1.0),Municipal waste by waste management operations,A,Annual,DSP_I_RCV_E,Disposal - incineration (D10) and recovery - energy recovery (R1),THS_T,Thousand tonnes,DE,Germany,2014,,16877,,i,value imputed by Eurostat or other receiving agencies,,
dataflow,ESTAT:ENV_WASMUN(1.0),Municipal waste by waste management operations,A,Annual,DSP_I_RCV_E,Disposal - incineration (D10) and recovery - energy recovery (R1),THS_T,Thousand tonnes,DE,Germany,2015,,16527,,i,value imputed by Eurostat or other receiving agencies,,
dataflow,ESTAT:ENV_WASMUN(1.0),Municipal waste by waste management operations,A,Annual,DSP_I_RCV_E,Disposal - incineration (D10) and recovery - energy recovery (R1),THS_T,Thousand tonnes,DE,Germany,2016,,16652,,i,value imputed by Eurostat or other receiving agencies,,
dataflow,ESTAT:ENV_WASMUN(1.0),Municipal waste by waste management operations,A,Annual,DSP_I_RCV_E,Disposal - incineration (D10) and recovery - energy recovery (R1),THS_T,Thousand tonnes,DE,Germany,2017,,16558,,i,value imputed by Eurostat or other receiving agencies,,
dataflow,ESTAT:ENV_WASMUN(1.0),Municipal waste by waste management operations,A,Annual,DSP_I_RCV_E,Disposal - incineration (D10) and recovery - energy recovery (R1),THS_T,Thousand tonnes,DE,Germany,2018,,16127,,i,value imputed by Eurostat or other receiving agencies,,
dataflow,ESTAT:ENV_WASMUN(1.0),Municipal waste by waste management operations,A,Annual,DSP_I_RCV_E,Disposal - incineration (D10) and recovery - energy recovery (R1),THS_T,Thousand tonnes,DE,Germany,2019,,16464,,i,value imputed by Eurostat or other receiving agencies,,
dataflow,ESTAT:ENV_WASMUN(1.0),Municipal waste by waste management operations,A,Annual,DSP_I_RCV_E,Disposal - incineration (D10) and recovery - energy recovery (R1),THS_T,Thousand tonnes,DE,Germany,2020,,16133,,i,value imputed by Eurostat or other receiving agencies,,
dataflow,ESTAT:ENV_WASMUN(1.0),Municipal waste by waste management operations,A,Annual,DSP_I_RCV_E,Disposal - incineration (D10) and recovery - energy recovery (R1),THS_T,Thousand tonnes,DE,Germany,2021,,15910,,i,value imputed by Eurostat or other receiving agencies,,
dataflow,ESTAT:ENV_WASMUN(1.0),Municipal waste by waste management operations,A,Annual,DSP_I_RCV_E,Disposal - incineration (D10) and recovery - energy recovery (R1),THS_T,Thousand tonnes,DE,Germany,2022,,15226,,i,value imputed by Eurostat or other receiving agencies,,
dataflow,ESTAT:ENV_WASMUN(1.0),Municipal waste by waste management operations,A,Annual,DSP_I_RCV_E,Disposal - incineration (D10) and recovery - energy recovery (R1),THS_T,Thousand tonnes,DE,Germany,2023,,15444,,i,value imputed by Eurostat or other receiving agencies,,
dataflow,ESTAT:ENV_WASMUN(1.0),Municipal waste by waste management operations,A,Annual,DSP_I_RCV_E,Disposal - incineration (D10) and recovery - energy recovery (R1),THS_T,Thousand tonnes,DK,Denmark,1995,,1534,,be,"break in time series, estimated",,
dataflow,ESTAT:ENV_WASMUN(1.0),Municipal waste by waste management operations,A,Annual,DSP_I_RCV_E,Disposal - incineration (D10) and recovery - energy recovery (R1),THS_T,Thousand tonnes,DK,Denmark,1996,,1616,,,,,
dataflow,ESTAT:ENV_WASMUN(1.0),Municipal waste by waste management operations,A,Annual,DSP_I_RCV_E,Disposal - incineration (D10) and recovery - energy recovery (R1),THS_T,Thousand tonnes,DK,Denmark,1997,,1662,,,,,
dataflow,ESTAT:ENV_WASMUN(1.0),Municipal waste by waste management operations,A,Annual,DSP_I_RCV_E,Disposal - incineration (D10) and recovery - energy recovery (R1),THS_T,Thousand tonnes,DK,Denmark,1998,,1654,,,,,
dataflow,ESTAT:ENV_WASMUN(1.0),Municipal waste by waste management operations,A,Annual,DSP_I_RCV_E,Disposal - incineration (D10) and recovery - energy recovery (R1),THS_T,Thousand tonnes,DK,Denmark,1999,,1672,,,,,
dataflow,ESTAT:ENV_WASMUN(1.0),Municipal waste by waste management operations,A,Annual,DSP_I_RCV_E,Disposal - incineration (D10) and recovery - energy recovery (R1),THS_T,Thousand tonnes,DK,Denmark,2000,,1876,,,,,
dataflow,ESTAT:ENV_WASMUN(1.0),Municipal waste by waste management operations,A,Annual,DSP_I_RCV_E,Disposal - incineration (D10) and recovery - energy recovery (R1),THS_T,Thousand tonnes,DK,Denmark,2001,,1998,,,,,
dataflow,ESTAT:ENV_WASMUN(1.0),Municipal waste by waste management operations,A,Annual,DSP_I_RCV_E,Disposal - incineration (D10) and recovery - energy recovery (R1),THS_T,Thousand tonnes,DK,Denmark,2002,,2008,,,,,
dataflow,ESTAT:ENV_WASMUN(1.0),Municipal waste by waste management operations,A,Annual,DSP_I_RCV_E,Disposal - incineration (D10) and recovery - energy recovery (R1),THS_T,Thousand tonnes,DK,Denmark,2003,,1955,,,,,
dataflow,ESTAT:ENV_WASMUN(1.0),Municipal waste by waste management operations,A,Annual,DSP_I_RCV_E,Disposal - incineration (D10) and recovery - energy recovery (R1),THS_T,Thousand tonnes,DK,Denmark,2004,,2046,,,,,
dataflow,ESTAT:ENV_WASMUN(1.0),Municipal waste by waste management operations,A,Annual,DSP_I_RCV_E,Disposal - incineration (D10) and recovery - energy recovery (R1),THS_T,Thousand tonnes,DK,Denmark,2005,,2146,,,,,
dataflow,ESTAT:ENV_WASMUN(1.0),Municipal waste by waste management operations,A,Annual,DSP_I_RCV_E,Disposal - incineration (D10) and recovery - energy recovery (R1),THS_T,Thousand tonnes,DK,Denmark,2006,,2138,,,,,
dataflow,ESTAT:ENV_WASMUN(1.0),Municipal waste by waste management operations,A,Annual,DSP_I_RCV_E,Disposal - incineration (D10) and recovery - energy recovery (R1),THS_T,Thousand tonnes,DK,Denmark,2007,,2203,,,,,
dataflow,ESTAT:ENV_WASMUN(1.0),Municipal waste by waste management operations,A,Annual,DSP_I_RCV_E,Disposal - incineration (D10) and recovery - energy recovery (R1),THS_T,Thousand tonnes,DK,Denmark,2008,,2199,,,,,
dataflow,ESTAT:ENV_WASMUN(1.0),Municipal waste by waste management operations,A,Annual,DSP_I_RCV_E,Disposal - incineration (D10) and recovery - energy recovery (R1),THS_T,Thousand tonnes,DK,Denmark,2009,,2025,,e,estimated,,
dataflow,ESTAT:ENV_WASMUN(1.0),Municipal waste by waste management operations,A,Annual,DSP_I_RCV_E,Disposal - incineration (D10) and recovery - energy recovery (R1),THS_T,Thousand tonnes,DK,Denmark,2011,,2643,,b,break in time series,,
dataflow,ESTAT:ENV_WASMUN(1.0),Municipal waste by waste management operations,A,Annual,DSP_I_RCV_E,Disposal - incineration (D10) and recovery - energy recovery (R1),THS_T,Thousand tonnes,DK,Denmark,2012,,2495,,,,,
dataflow,ESTAT:ENV_WASMUN(1.0),Municipal waste by waste management operations,A,Annual,DSP_I_RCV_E,Disposal - incineration (D10) and recovery - energy recovery (R1),THS_T,Thousand tonnes,DK,Denmark,2013,,2510,,,,,
dataflow,ESTAT:ENV_WASMUN(1.0),Municipal waste by waste management operations,A,Annual,DSP_I_RCV_E,Disposal - incineration (D10) and recovery - energy recovery (R1),THS_T,Thousand tonnes,DK,Denmark,2014,,2424,,,,,
dataflow,ESTAT:ENV_WASMUN(1.0),Municipal waste by waste management operations,A,Annual,DSP_I_RCV_E,Disposal - incineration (D10) and recovery - energy recovery (R1),THS_T,Thousand tonnes,DK,Denmark,2015,,2396,,,,,
dataflow,ESTAT:ENV_WASMUN(1.0),Municipal waste by waste management operations,A,Annual,DSP_I_RCV_E,Disposal - incineration (D10) and recovery - energy recovery (R1),THS_T,Thousand tonnes,DK,Denmark,2016,,2402,,,,,
dataflow,ESTAT:ENV_WASMUN(1.0),Municipal waste by waste management operations,A,Annual,DSP_I_RCV_E,Disposal - incineration (D10) and recovery - energy recovery (R1),THS_T,Thousand tonnes,DK,Denmark,2017,,2429,,,,,
dataflow,ESTAT:ENV_WASMUN(1.0),Municipal waste by waste management operations,A,Annual,DSP_I_RCV_E,Disposal - incineration (D10) and recovery - energy recovery (R1),THS_T,Thousand tonnes,DK,Denmark,2018,,2302,,,,,
dataflow,ESTAT:ENV_WASMUN(1.0),Municipal waste by waste management operations,A,Annual,DSP_I_RCV_E,Disposal - incineration (D10) and recovery - energy recovery (R1),THS_T,Thousand tonnes,DK,Denmark,2019,,2333,,,,,
dataflow,ESTAT:ENV_WASMUN(1.0),Municipal waste by waste management operations,A,Annual,DSP_I_RCV_E,Disposal - incineration (D10) and recovery - energy recovery (R1),THS_T,Thousand tonnes,DK,Denmark,2020,,2536,,,,,
dataflow,ESTAT:ENV_WASMUN(1.0),Municipal waste by waste management operations,A,Annual,DSP_I_RCV_E,Disposal - incineration (D10) and recovery - energy recovery (R1),THS_T,Thousand tonnes,DK,Denmark,2021,,1862,,,,,
dataflow,ESTAT:ENV_WASMUN(1.0),Municipal waste by waste management operations,A,Annual,DSP_I_RCV_E,Disposal - incineration (D10) and recovery - energy recovery (R1),THS_T,Thousand tonnes,DK,Denmark,2022,,2148,,,,,
dataflow,ESTAT:ENV_WASMUN(1.0),Municipal waste by waste management operations,A,Annual,DSP_I_RCV_E,Disposal - incineration (D10) and recovery - energy recovery (R1),THS_T,Thousand tonnes,EE,Estonia,1995,,0,,,,,
dataflow,ESTAT:ENV_WASMUN(1.0),Municipal waste by waste management operations,A,Annual,DSP_I_RCV_E,Disposal - incineration (D10) and recovery - energy recovery (R1),THS_T,Thousand tonnes,EE,Estonia,1996,,0,,,,,
dataflow,ESTAT:ENV_WASMUN(1.0),Municipal waste by waste management operations,A,Annual,DSP_I_RCV_E,Disposal - incineration (D10) and recovery - energy recovery (R1),THS_T,Thousand tonnes,EE,Estonia,1997,,0,,,,,
dataflow,ESTAT:ENV_WASMUN(1.0),Municipal waste by waste management operations,A,Annual,DSP_I_RCV_E,Disposal - incineration (D10) and recovery - energy recovery (R1),THS_T,Thousand tonnes,EE,Estonia,1998,,0,,,,,
dataflow,ESTAT:ENV_WASMUN(1.0),Municipal waste by waste management operations,A,Annual,DSP_I_RCV_E,Disposal - incineration (D10) and recovery - energy recovery (R1),THS_T,Thousand tonnes,EE,Estonia,1999,,0,,,,,
dataflow,ESTAT:ENV_WASMUN(1.0),Municipal waste by waste management operations,A,Annual,DSP_I_RCV_E,Disposal - incineration (D10) and recovery - energy recovery (R1),THS_T,Thousand tonnes,EE,Estonia,2000,,0,,,,,
dataflow,ESTAT:ENV_WASMUN(1.0),Municipal waste by waste management operations,A,Annual,DSP_I_RCV_E,Disposal - incineration (D10) and recovery - energy recovery (R1),THS_T,Thousand tonnes,EE,Estonia,2001,,0,,,,,
dataflow,ESTAT:ENV_WASMUN(1.0),Municipal waste by waste management operations,A,Annual,DSP_I_RCV_E,Disposal - incineration (D10) and recovery - energy recovery (R1),THS_T,Thousand tonnes,EE,Estonia,2002,,0,,,,,
dataflow,ESTAT:ENV_WASMUN(1.0),Municipal waste by waste management operations,A,Annual,DSP_I_RCV_E,Disposal - incineration (D10) and recovery - energy recovery (R1),THS_T,Thousand tonnes,EE,Estonia,2003,,0,,,,,
dataflow,ESTAT:ENV_WASMUN(1.0),Municipal waste by waste management operations,A,Annual,DSP_I_RCV_E,Disposal - incineration (D10) and recovery - energy recovery (R1),THS_T,Thousand tonnes,EE,Estonia,2004,,0,,,,,
dataflow,ESTAT:ENV_WASMUN(1.0),Municipal waste by waste management operations,A,Annual,DSP_I_RCV_E,Disposal - incineration (D10) and recovery - energy recovery (R1),THS_T,Thousand tonnes,EE,Estonia,2005,,0,,,,,
dataflow,ESTAT:ENV_WASMUN(1.0),Municipal waste by waste management operations,A,Annual,DSP_I_RCV_E,Disposal - incineration (D10) and recovery - energy recovery (R1),THS_T,Thousand tonnes,EE,Estonia,2006,,1,,,,,
dataflow,ESTAT:ENV_WASMUN(1.0),Municipal waste by waste management operations,A,Annual,DSP_I_RCV_E,Disposal - incineration (D10) and recovery - energy recovery (R1),THS_T,Thousand tonnes,EE,Estonia,2007,,2,,,,,
dataflow,ESTAT:ENV_WASMUN(1.0),Municipal waste by waste management operations,A,Annual,DSP_I_RCV_E,Disposal - incineration (D10) and recovery - energy recovery (R1),THS_T,Thousand tonnes,EE,Estonia,2008,,1,,,,,
dataflow,ESTAT:ENV_WASMUN(1.0),Municipal waste by waste management operations,A,Annual,DSP_I_RCV_E,Disposal - incineration (D10) and recovery - energy recovery (R1),THS_T,Thousand tonnes,EE,Estonia,2009,,1,,,,,
dataflow,ESTAT:ENV_WASMUN(1.0),Municipal waste by waste management operations,A,Annual,DSP_I_RCV_E,Disposal - incineration (D10) and recovery - energy recovery (R1),THS_T,Thousand tonnes,EE,Estonia,2010,,0,,,,,
dataflow,ESTAT:ENV_WASMUN(1.0),Municipal waste by waste management operations,A,Annual,DSP_I_RCV_E,Disposal - incineration (D10) and recovery - energy recovery (R1),THS_T,Thousand tonnes,EE,Estonia,2011,,0,,,,,
dataflow,ESTAT:ENV_WASMUN(1.0),Municipal waste by waste management operations,A,Annual,DSP_I_RCV_E,Disposal - incineration (D10) and recovery - energy recovery (R1),THS_T,Thousand tonnes,EE,Estonia,2012,,47,,,,,
dataflow,ESTAT:ENV_WASMUN(1.0),Municipal waste by waste management operations,A,Annual,DSP_I_RCV_E,Disposal - incineration (D10) and recovery - energy recovery (R1),THS_T,Thousand tonnes,EE,Estonia,2013,,214,,,,,
dataflow,ESTAT:ENV_WASMUN(1.0),Municipal waste by waste management operations,A,Annual,DSP_I_RCV_E,Disposal - incineration (D10) and recovery - energy recovery (R1),THS_T,Thousand tonnes,EE,Estonia,2014,,222,,,,,
dataflow,ESTAT:ENV_WASMUN(1.0),Municipal waste by waste management operations,A,Annual,DSP_I_RCV_E,Disposal - incineration (D10) and recovery - energy recovery (R1),THS_T,Thousand tonnes,EE,Estonia,2015,,243,,,,,
dataflow,ESTAT:ENV_WASMUN(1.0),Municipal waste by waste management operations,A,Annual,DSP_I_RCV_E,Disposal - incineration (D10) and recovery - energy recovery (R1),THS_T,Thousand tonnes,EE,Estonia,2016,,242,,,,,
dataflow,ESTAT:ENV_WASMUN(1.0),Municipal waste by waste management operations,A,Annual,DSP_I_RCV_E,Disposal - incineration (D10) and recovery - energy recovery (R1),THS_T,Thousand tonnes,EE,Estonia,2017,,217,,,,,
dataflow,ESTAT:ENV_WASMUN(1.0),Municipal waste by waste management operations,A,Annual,DSP_I_RCV_E,Disposal - incineration (D10) and recovery - energy recovery (R1),THS_T,Thousand tonnes,EE,Estonia,2018,,221,,,,,
dataflow,ESTAT:ENV_WASMUN(1.0),Municipal waste by waste management operations,A,Annual,DSP_I_RCV_E,Disposal - incineration (D10) and recovery - energy recovery (R1),THS_T,Thousand tonnes,EE,Estonia,2019,,221,,,,,
dataflow,ESTAT:ENV_WASMUN(1.0),Municipal waste by waste management operations,A,Annual,DSP_I_RCV_E,Disposal - incineration (D10) and recovery - energy recovery (R1),THS_T,Thousand tonnes,EE,Estonia,2020,,218,,,,,
dataflow,ESTAT:ENV_WASMUN(1.0),Municipal waste by waste management operations,A,Annual,DSP_I_RCV_E,Disposal - incineration (D10) and recovery - energy recovery (R1),THS_T,Thousand tonnes,EE,Estonia,2021,,255,,,,,
dataflow,ESTAT:ENV_WASMUN(1.0),Municipal waste by waste management operations,A,Annual,DSP_I_RCV_E,Disposal - incineration (D10) and recovery - energy recovery (R1),THS_T,Thousand tonnes,EE,Estonia,2022,,212,,,,,
dataflow,ESTAT:ENV_WASMUN(1.0),Municipal waste by waste management operations,A,Annual,DSP_I_RCV_E,Disposal - incineration (D10) and recovery - energy recovery (R1),THS_T,Thousand tonnes,EE,Estonia,2023,,218,,,,,
dataflow,ESTAT:ENV_WASMUN(1.0),Municipal waste by waste management operations,A,Annual,DSP_I_RCV_E,Disposal - incineration (D10) and recovery - energy recovery (R1),THS_T,Thousand tonnes,EL,Greece,1997,,0,,,,,
dataflow,ESTAT:ENV_WASMUN(1.0),Municipal waste by waste management operations,A,Annual,DSP_I_RCV_E,Disposal - incineration (D10) and recovery - energy recovery (R1),THS_T,Thousand tonnes,EL,Greece,1998,,0,,,,,
dataflow,ESTAT:ENV_WASMUN(1.0),Municipal waste by waste management operations,A,Annual,DSP_I_RCV_E,Disposal - incineration (D10) and recovery - energy recovery (R1),THS_T,Thousand tonnes,EL,Greece,1999,,0,,,,,
dataflow,ESTAT:ENV_WASMUN(1.0),Municipal waste by waste management operations,A,Annual,DSP_I_RCV_E,Disposal - incineration (D10) and recovery - energy recovery (R1),THS_T,Thousand tonnes,EL,Greece,2000,,0,,,,,
dataflow,ESTAT:ENV_WASMUN(1.0),Municipal waste by waste management operations,A,Annual,DSP_I_RCV_E,Disposal - incineration (D10) and recovery - energy recovery (R1),THS_T,Thousand tonnes,EL,Greece,2001,,0,,,,,
dataflow,ESTAT:ENV_WASMUN(1.0),Municipal waste by waste management operations,A,Annual,DSP_I_RCV_E,Disposal - incineration (D10) and recovery - energy recovery (R1),THS_T,Thousand tonnes,EL,Greece,2002,,0,,,,,
dataflow,ESTAT:ENV_WASMUN(1.0),Municipal waste by waste management operations,A,Annual,DSP_I_RCV_E,Disposal - incineration (D10) and recovery - energy recovery (R1),THS_T,Thousand tonnes,EL,Greece,2003,,0,,,,,
dataflow,ESTAT:ENV_WASMUN(1.0),Municipal waste by waste management operations,A,Annual,DSP_I_RCV_E,Disposal - incineration (D10) and recovery - energy recovery (R1),THS_T,Thousand tonnes,EL,Greece,2004,,0,,,,,
dataflow,ESTAT:ENV_WASMUN(1.0),Municipal waste by waste management operations,A,Annual,DSP_I_RCV_E,Disposal - incineration (D10) and recovery - energy recovery (R1),THS_T,Thousand tonnes,EL,Greece,2005,,0,,,,,
dataflow,ESTAT:ENV_WASMUN(1.0),Municipal waste by waste management operations,A,Annual,DSP_I_RCV_E,Disposal - incineration (D10) and recovery - energy recovery (R1),THS_T,Thousand tonnes,EL,Greece,2006,,0,,,,,
dataflow,ESTAT:ENV_WASMUN(1.0),Municipal waste by waste management operations,A,Annual,DSP_I_RCV_E,Disposal - incineration (D10) and recovery - energy recovery (R1),THS_T,Thousand tonnes,EL,Greece,2007,,0,,,,,
dataflow,ESTAT:ENV_WASMUN(1.0),Municipal waste by waste management operations,A,Annual,DSP_I_RCV_E,Disposal - incineration (D10) and recovery - energy recovery (R1),THS_T,Thousand tonnes,EL,Greece,2008,,0,,,,,
dataflow,ESTAT:ENV_WASMUN(1.0),Municipal waste by waste management operations,A,Annual,DSP_I_RCV_E,Disposal - incineration (D10) and recovery - energy recovery (R1),THS_T,Thousand tonnes,EL,Greece,2009,,0,,,,,
dataflow,ESTAT:ENV_WASMUN(1.0),Municipal waste by waste management operations,A,Annual,DSP_I_RCV_E,Disposal - incineration (D10) and recovery - energy recovery (R1),THS_T,Thousand tonnes,EL,Greece,2010,,0,,,,,
dataflow,ESTAT:ENV_WASMUN(1.0),Municipal waste by waste management operations,A,Annual,DSP_I_RCV_E,Disposal - incineration (D10) and recovery - energy recovery (R1),THS_T,Thousand tonnes,EL,Greece,2011,,16,,,,,
dataflow,ESTAT:ENV_WASMUN(1.0),Municipal waste by waste management operations,A,Annual,DSP_I_RCV_E,Disposal - incineration (D10) and recovery - energy recovery (R1),THS_T,Thousand tonnes,EL,Greece,2012,,29,,,,,
dataflow,ESTAT:ENV_WASMUN(1.0),Municipal waste by waste management operations,A,Annual,DSP_I_RCV_E,Disposal - incineration (D10) and recovery - energy recovery (R1),THS_T,Thousand tonnes,EL,Greece,2016,,27,,i,value imputed by Eurostat or other receiving agencies,,
dataflow,ESTAT:ENV_WASMUN(1.0),Municipal waste by waste management operations,A,Annual,DSP_I_RCV_E,Disposal - incineration (D10) and recovery - energy recovery (R1),THS_T,Thousand tonnes,EL,Greece,2017,,58,,i,value imputed by Eurostat or other receiving agencies,,
dataflow,ESTAT:ENV_WASMUN(1.0),Municipal waste by waste management operations,A,Annual,DSP_I_RCV_E,Disposal - incineration (D10) and recovery - energy recovery (R1),THS_T,Thousand tonnes,EL,Greece,2018,,83,,i,value imputed by Eurostat or other receiving agencies,,
dataflow,ESTAT:ENV_WASMUN(1.0),Municipal waste by waste management operations,A,Annual,DSP_I_RCV_E,Disposal - incineration (D10) and recovery - energy recovery (R1),THS_T,Thousand tonnes,EL,Greece,2019,,74,,,,,
dataflow,ESTAT:ENV_WASMUN(1.0),Municipal waste by waste management operations,A,Annual,DSP_I_RCV_E,Disposal - incineration (D10) and recovery - energy recovery (R1),THS_T,Thousand tonnes,EL,Greece,2020,,88,,,,,
dataflow,ESTAT:ENV_WASMUN(1.0),Municipal waste by waste management operations,A,Annual,DSP_I_RCV_E,Disposal - incineration (D10) and recovery - energy recovery (R1),THS_T,Thousand tonnes,EL,Greece,2021,,87,,,,,
dataflow,ESTAT:ENV_WASMUN(1.0),Municipal waste by waste management operations,A,Annual,DSP_I_RCV_E,Disposal - incineration (D10) and recovery - energy recovery (R1),THS_T,Thousand tonnes,EL,Greece,2022,,87,,,,,
dataflow,ESTAT:ENV_WASMUN(1.0),Municipal waste by waste management operations,A,Annual,DSP_I_RCV_E,Disposal - incineration (D10) and recovery - energy recovery (R1),THS_T,Thousand tonnes,ES,Spain,1995,,955,,,,,
dataflow,ESTAT:ENV_WASMUN(1.0),Municipal waste by waste management operations,A,Annual,DSP_I_RCV_E,Disposal - incineration (D10) and recovery - energy recovery (R1),THS_T,Thousand tonnes,ES,Spain,1996,,972,,,,,
dataflow,ESTAT:ENV_WASMUN(1.0),Municipal waste by waste management operations,A,Annual,DSP_I_RCV_E,Disposal - incineration (D10) and recovery - energy recovery (R1),THS_T,Thousand tonnes,ES,Spain,1997,,1390,,,,,
dataflow,ESTAT:ENV_WASMUN(1.0),Municipal waste by waste management operations,A,Annual,DSP_I_RCV_E,Disposal - incineration (D10) and recovery - energy recovery (R1),THS_T,Thousand tonnes,ES,Spain,1998,,1506,,,,,
dataflow,ESTAT:ENV_WASMUN(1.0),Municipal waste by waste management operations,A,Annual,DSP_I_RCV_E,Disposal - incineration (D10) and recovery - energy recovery (R1),THS_T,Thousand tonnes,ES,Spain,1999,,1431,,,,,
dataflow,ESTAT:ENV_WASMUN(1.0),Municipal waste by waste management operations,A,Annual,DSP_I_RCV_E,Disposal - incineration (D10) and recovery - energy recovery (R1),THS_T,Thousand tonnes,ES,Spain,2000,,1462,,,,,
dataflow,ESTAT:ENV_WASMUN(1.0),Municipal waste by waste management operations,A,Annual,DSP_I_RCV_E,Disposal - incineration (D10) and recovery - energy recovery (R1),THS_T,Thousand tonnes,ES,Spain,2001,,1488,,,,,
dataflow,ESTAT:ENV_WASMUN(1.0),Municipal waste by waste management operations,A,Annual,DSP_I_RCV_E,Disposal - incineration (D10) and recovery - energy recovery (R1),THS_T,Thousand tonnes,ES,Spain,2002,,1567,,,,,
dataflow,ESTAT:ENV_WASMUN(1.0),Municipal waste by waste management operations,A,Annual,DSP_I_RCV_E,Disposal - incineration (D10) and recovery - energy recovery (R1),THS_T,Thousand tonnes,ES,Spain,2003,,1765,,,,,
dataflow,ESTAT:ENV_WASMUN(1.0),Municipal waste by waste management operations,A,Annual,DSP_I_RCV_E,Disposal - incineration (D10) and recovery - energy recovery (R1),THS_T,Thousand tonnes,ES,Spain,2004,,1343,,,,,
dataflow,ESTAT:ENV_WASMUN(1.0),Municipal waste by waste management operations,A,Annual,DSP_I_RCV_E,Disposal - incineration (D10) and recovery - energy recovery (R1),THS_T,Thousand tonnes,ES,Spain,2005,,1915,,,,,
dataflow,ESTAT:ENV_WASMUN(1.0),Municipal waste by waste management operations,A,Annual,DSP_I_RCV_E,Disposal - incineration (D10) and recovery - energy recovery (R1),THS_T,Thousand tonnes,ES,Spain,2006,,2383,,,,,
dataflow,ESTAT:ENV_WASMUN(1.0),Municipal waste by waste management operations,A,Annual,DSP_I_RCV_E,Disposal - incineration (D10) and recovery - energy recovery (R1),THS_T,Thousand tonnes,ES,Spain,2007,,2591,,,,,
dataflow,ESTAT:ENV_WASMUN(1.0),Municipal waste by waste management operations,A,Annual,DSP_I_RCV_E,Disposal - incineration (D10) and recovery - energy recovery (R1),THS_T,Thousand tonnes,ES,Spain,2008,,2170,,,,,
dataflow,ESTAT:ENV_WASMUN(1.0),Municipal waste by waste management operations,A,Annual,DSP_I_RCV_E,Disposal - incineration (D10) and recovery - energy recovery (R1),THS_T,Thousand tonnes,ES,Spain,2009,,2241,,,,,
dataflow,ESTAT:ENV_WASMUN(1.0),Municipal waste by waste management operations,A,Annual,DSP_I_RCV_E,Disposal - incineration (D10) and recovery - energy recovery (R1),THS_T,Thousand tonnes,ES,Spain,2010,,2044,,,,,
dataflow,ESTAT:ENV_WASMUN(1.0),Municipal waste by waste management operations,A,Annual,DSP_I_RCV_E,Disposal - incineration (D10) and recovery - energy recovery (R1),THS_T,Thousand tonnes,ES,Spain,2011,,2342,,,,,
dataflow,ESTAT:ENV_WASMUN(1.0),Municipal waste by waste management operations,A,Annual,DSP_I_RCV_E,Disposal - incineration (D10) and recovery - energy recovery (R1),THS_T,Thousand tonnes,ES,Spain,2012,,2112,,,,,
dataflow,ESTAT:ENV_WASMUN(1.0),Municipal waste by waste management operations,A,Annual,DSP_I_RCV_E,Disposal - incineration (D10) and recovery - energy recovery (R1),THS_T,Thousand tonnes,ES,Spain,2013,,2492,,,,,
dataflow,ESTAT:ENV_WASMUN(1.0),Municipal waste by waste management operations,A,Annual,DSP_I_RCV_E,Disposal - incineration (D10) and recovery - energy recovery (R1),THS_T,Thousand tonnes,ES,Spain,2014,,2394,,,,,
dataflow,ESTAT:ENV_WASMUN(1.0),Municipal waste by waste management operations,A,Annual,DSP_I_RCV_E,Disposal - incineration (D10) and recovery - energy recovery (R1),THS_T,Thousand tonnes,ES,Spain,2015,,2685,,,,,
dataflow,ESTAT:ENV_WASMUN(1.0),Municipal waste by waste management operations,A,Annual,DSP_I_RCV_E,Disposal - incineration (D10) and recovery - energy recovery (R1),THS_T,Thousand tonnes,ES,Spain,2016,,2589,,,,,
dataflow,ESTAT:ENV_WASMUN(1.0),Municipal waste by waste management operations,A,Annual,DSP_I_RCV_E,Disposal - incineration (D10) and recovery - energy recovery (R1),THS_T,Thousand tonnes,ES,Spain,2017,,2804,,,,,
dataflow,ESTAT:ENV_WASMUN(1.0),Municipal waste by waste management operations,A,Annual,DSP_I_RCV_E,Disposal - incineration (D10) and recovery - energy recovery (R1),THS_T,Thousand tonnes,ES,Spain,2018,,2580,,,,,
dataflow,ESTAT:ENV_WASMUN(1.0),Municipal waste by waste management operations,A,Annual,DSP_I_RCV_E,Disposal - incineration (D10) and recovery - energy recovery (R1),THS_T,Thousand tonnes,ES,Spain,2019,,2445,,,,,
dataflow,ESTAT:ENV_WASMUN(1.0),Municipal waste by waste management operations,A,Annual,DSP_I_RCV_E,Disposal - incineration (D10) and recovery - energy recovery (R1),THS_T,Thousand tonnes,ES,Spain,2020,,2218,,,,,
dataflow,ESTAT:ENV_WASMUN(1.0),Municipal waste by waste management operations,A,Annual,DSP_I_RCV_E,Disposal - incineration (D10) and recovery - energy recovery (R1),THS_T,Thousand tonnes,ES,Spain,2021,,2423,,,,,
dataflow,ESTAT:ENV_WASMUN(1.0),Municipal waste by waste management operations,A,Annual,DSP_I_RCV_E,Disposal - incineration (D10) and recovery - energy recovery (R1),THS_T,Thousand tonnes,ES,Spain,2022,,2363,,p,provisional,,
dataflow,ESTAT:ENV_WASMUN(1.0),Municipal waste by waste management operations,A,Annual,DSP_I_RCV_E,Disposal - incineration (D10) and recovery - energy recovery (R1),THS_T,Thousand tonnes,ES,Spain,2023,,2385,,e,estimated,,
dataflow,ESTAT:ENV_WASMUN(1.0),Municipal waste by waste management operations,A,Annual,DSP_I_RCV_E,Disposal - incineration (D10) and recovery - energy recovery (R1),THS_T,Thousand tonnes,EU27_2020,European Union - 27 countries (from 2020),1995,,29551,,i,value imputed by Eurostat or other receiving agencies,,
dataflow,ESTAT:ENV_WASMUN(1.0),Municipal waste by waste management operations,A,Annual,DSP_I_RCV_E,Disposal - incineration (D10) and recovery - energy recovery (R1),THS_T,Thousand tonnes,EU27_2020,European Union - 27 countries (from 2020),1996,,30321,,i,value imputed by Eurostat or other receiving agencies,,
dataflow,ESTAT:ENV_WASMUN(1.0),Municipal waste by waste management operations,A,Annual,DSP_I_RCV_E,Disposal - incineration (D10) and recovery - energy recovery (R1),THS_T,Thousand tonnes,EU27_2020,European Union - 27 countries (from 2020),1997,,32955,,i,value imputed by Eurostat or other receiving agencies,,
dataflow,ESTAT:ENV_WASMUN(1.0),Municipal waste by waste management operations,A,Annual,DSP_I_RCV_E,Disposal - incineration (D10) and recovery - energy recovery (R1),THS_T,Thousand tonnes,EU27_2020,European Union - 27 countries (from 2020),1998,,33221,,i,value imputed by Eurostat or other receiving agencies,,
dataflow,ESTAT:ENV_WASMUN(1.0),Municipal waste by waste management operations,A,Annual,DSP_I_RCV_E,Disposal - incineration (D10) and recovery - energy recovery (R1),THS_T,Thousand tonnes,EU27_2020,European Union - 27 countries (from 2020),1999,,33848,,i,value imputed by Eurostat or other receiving agencies,,
dataflow,ESTAT:ENV_WASMUN(1.0),Municipal waste by waste management operations,A,Annual,DSP_I_RCV_E,Disposal - incineration (D10) and recovery - energy recovery (R1),THS_T,Thousand tonnes,EU27_2020,European Union - 27 countries (from 2020),2000,,36085,,i,value imputed by Eurostat or other receiving agencies,,
dataflow,ESTAT:ENV_WASMUN(1.0),Municipal waste by waste management operations,A,Annual,DSP_I_RCV_E,Disposal - incineration (D10) and recovery - energy recovery (R1),THS_T,Thousand tonnes,EU27_2020,European Union - 27 countries (from 2020),2001,,37151,,i,value imputed by Eurostat or other receiving agencies,,
dataflow,ESTAT:ENV_WASMUN(1.0),Municipal waste by waste management operations,A,Annual,DSP_I_RCV_E,Disposal - incineration (D10) and recovery - energy recovery (R1),THS_T,Thousand tonnes,EU27_2020,European Union - 27 countries (from 2020),2002,,38543,,i,value imputed by Eurostat or other receiving agencies,,
dataflow,ESTAT:ENV_WASMUN(1.0),Municipal waste by waste management operations,A,Annual,DSP_I_RCV_E,Disposal - incineration (D10) and recovery - energy recovery (R1),THS_T,Thousand tonnes,EU27_2020,European Union - 27 countries (from 2020),2003,,38671,,i,value imputed by Eurostat or other receiving agencies,,
dataflow,ESTAT:ENV_WASMUN(1.0),Municipal waste by waste management operations,A,Annual,DSP_I_RCV_E,Disposal - incineration (D10) and recovery - energy recovery (R1),THS_T,Thousand tonnes,EU27_2020,European Union - 27 countries (from 2020),2004,,41336,,i,value imputed by Eurostat or other receiving agencies,,
dataflow,ESTAT:ENV_WASMUN(1.0),Municipal waste by waste management operations,A,Annual,DSP_I_RCV_E,Disposal - incineration (D10) and recovery - energy recovery (R1),THS_T,Thousand tonnes,EU27_2020,European Union - 27 countries (from 2020),2005,,44632,,i,value imputed by Eurostat or other receiving agencies,,
dataflow,ESTAT:ENV_WASMUN(1.0),Municipal waste by waste management operations,A,Annual,DSP_I_RCV_E,Disposal - incineration (D10) and recovery - energy recovery (R1),THS_T,Thousand tonnes,EU27_2020,European Union - 27 countries (from 2020),2006,,48398,,i,value imputed by Eurostat or other receiving agencies,,
dataflow,ESTAT:ENV_WASMUN(1.0),Municipal waste by waste management operations,A,Annual,DSP_I_RCV_E,Disposal - incineration (D10) and recovery - energy recovery (R1),THS_T,Thousand tonnes,EU27_2020,European Union - 27 countries (from 2020),2007,,48964,,i,value imputed by Eurostat or other receiving agencies,,
dataflow,ESTAT:ENV_WASMUN(1.0),Municipal waste by waste management operations,A,Annual,DSP_I_RCV_E,Disposal - incineration (D10) and recovery - energy recovery (R1),THS_T,Thousand tonnes,EU27_2020,European Union - 27 countries (from 2020),2008,,50901,,i,value imputed by Eurostat or other receiving agencies,,
dataflow,ESTAT:ENV_WASMUN(1.0),Municipal waste by waste management operations,A,Annual,DSP_I_RCV_E,Disposal - incineration (D10) and recovery - energy recovery (R1),THS_T,Thousand tonnes,EU27_2020,European Union - 27 countries (from 2020),2009,,51719,,i,value imputed by Eurostat or other receiving agencies,,
dataflow,ESTAT:ENV_WASMUN(1.0),Municipal waste by waste management operations,A,Annual,DSP_I_RCV_E,Disposal - incineration (D10) and recovery - energy recovery (R1),THS_T,Thousand tonnes,EU27_2020,European Union - 27 countries (from 2020),2010,,53206,,i,value imputed by Eurostat or other receiving agencies,,
dataflow,ESTAT:ENV_WASMUN(1.0),Municipal waste by waste management operations,A,Annual,DSP_I_RCV_E,Disposal - incineration (D10) and recovery - energy recovery (R1),THS_T,Thousand tonnes,EU27_2020,European Union - 27 countries (from 2020),2011,,55227,,i,value imputed by Eurostat or other receiving agencies,,
dataflow,ESTAT:ENV_WASMUN(1.0),Municipal waste by waste management operations,A,Annual,DSP_I_RCV_E,Disposal - incineration (D10) and recovery - energy recovery (R1),THS_T,Thousand tonnes,EU27_2020,European Union - 27 countries (from 2020),2012,,53876,,i,value imputed by Eurostat or other receiving agencies,,
dataflow,ESTAT:ENV_WASMUN(1.0),Municipal waste by waste management operations,A,Annual,DSP_I_RCV_E,Disposal - incineration (D10) and recovery - energy recovery (R1),THS_T,Thousand tonnes,EU27_2020,European Union - 27 countries (from 2020),2013,,55374,,i,value imputed by Eurostat or other receiving agencies,,
dataflow,ESTAT:ENV_WASMUN(1.0),Municipal waste by waste management operations,A,Annual,DSP_I_RCV_E,Disposal - incineration (D10) and recovery - energy recovery (R1),THS_T,Thousand tonnes,EU27_2020,European Union - 27 countries (from 2020),2014,,56547,,i,value imputed by Eurostat or other receiving agencies,,
dataflow,ESTAT:ENV_WASMUN(1.0),Municipal waste by waste management operations,A,Annual,DSP_I_RCV_E,Disposal - incineration (D10) and recovery - energy recovery (R1),THS_T,Thousand tonnes,EU27_2020,European Union - 27 countries (from 2020),2015,,56997,,i,value imputed by Eurostat or other receiving agencies,,
dataflow,ESTAT:ENV_WASMUN(1.0),Municipal waste by waste management operations,A,Annual,DSP_I_RCV_E,Disposal - incineration (D10) and recovery - energy recovery (R1),THS_T,Thousand tonnes,EU27_2020,European Union - 27 countries (from 2020),2016,,57565,,i,value imputed by Eurostat or other receiving agencies,,
dataflow,ESTAT:ENV_WASMUN(1.0),Municipal waste by waste management operations,A,Annual,DSP_I_RCV_E,Disposal - incineration (D10) and recovery - energy recovery (R1),THS_T,Thousand tonnes,EU27_2020,European Union - 27 countries (from 2020),2017,,58618,,i,value imputed by Eurostat or other receiving agencies,,
dataflow,ESTAT:ENV_WASMUN(1.0),Municipal waste by waste management operations,A,Annual,DSP_I_RCV_E,Disposal - incineration (D10) and recovery - energy recovery (R1),THS_T,Thousand tonnes,EU27_2020,European Union - 27 countries (from 2020),2018,,58294,,i,value imputed by Eurostat or other receiving agencies,,
dataflow,ESTAT:ENV_WASMUN(1.0),Municipal waste by waste management operations,A,Annual,DSP_I_RCV_E,Disposal - incineration (D10) and recovery - energy recovery (R1),THS_T,Thousand tonnes,EU27_2020,European Union - 27 countries (from 2020),2019,,58693,,i,value imputed by Eurostat or other receiving agencies,,
dataflow,ESTAT:ENV_WASMUN(1.0),Municipal waste by waste management operations,A,Annual,DSP_I_RCV_E,Disposal - incineration (D10) and recovery - energy recovery (R1),THS_T,Thousand tonnes,EU27_2020,European Union - 27 countries (from 2020),2020,,61601,,i,value imputed by Eurostat or other receiving agencies,,
dataflow,ESTAT:ENV_WASMUN(1.0),Municipal waste by waste management operations,A,Annual,DSP_I_RCV_E,Disposal - incineration (D10) and recovery - energy recovery (R1),THS_T,Thousand tonnes,EU27_2020,European Union - 27 countries (from 2020),2021,,61549,,i,value imputed by Eurostat or other receiving agencies,,
dataflow,ESTAT:ENV_WASMUN(1.0),Municipal waste by waste management operations,A,Annual,DSP_I_RCV_E,Disposal - incineration (D10) and recovery - energy recovery (R1),THS_T,Thousand tonnes,EU27_2020,European Union - 27 countries (from 2020),2022,,58405,,i,value imputed by Eurostat or other receiving agencies,,
dataflow,ESTAT:ENV_WASMUN(1.0),Municipal waste by waste management operations,A,Annual,DSP_I_RCV_E,Disposal - incineration (D10) and recovery - energy recovery (R1),THS_T,Thousand tonnes,EU27_2020,European Union - 27 countries (from 2020),2023,,58005,,i,value imputed by Eurostat or other receiving agencies,,
dataflow,ESTAT:ENV_WASMUN(1.0),Municipal waste by waste management operations,A,Annual,DSP_I_RCV_E,Disposal - incineration (D10) and recovery - energy recovery (R1),THS_T,Thousand tonnes,FI,Finland,2001,,215,,,,,
dataflow,ESTAT:ENV_WASMUN(1.0),Municipal waste by waste management operations,A,Annual,DSP_I_RCV_E,Disposal - incineration (D10) and recovery - energy recovery (R1),THS_T,Thousand tonnes,FI,Finland,2002,,216,,,,,
dataflow,ESTAT:ENV_WASMUN(1.0),Municipal waste by waste management operations,A,Annual,DSP_I_RCV_E,Disposal - incineration (D10) and recovery - energy recovery (R1),THS_T,Thousand tonnes,FI,Finland,2003,,256,,,,,
dataflow,ESTAT:ENV_WASMUN(1.0),Municipal waste by waste management operations,A,Annual,DSP_I_RCV_E,Disposal - incineration (D10) and recovery - energy recovery (R1),THS_T,Thousand tonnes,FI,Finland,2004,,285,,,,,
dataflow,ESTAT:ENV_WASMUN(1.0),Municipal waste by waste management operations,A,Annual,DSP_I_RCV_E,Disposal - incineration (D10) and recovery - energy recovery (R1),THS_T,Thousand tonnes,FI,Finland,2005,,227,,,,,
dataflow,ESTAT:ENV_WASMUN(1.0),Municipal waste by waste management operations,A,Annual,DSP_I_RCV_E,Disposal - incineration (D10) and recovery - energy recovery (R1),THS_T,Thousand tonnes,FI,Finland,2006,,222,,,,,
dataflow,ESTAT:ENV_WASMUN(1.0),Municipal waste by waste management operations,A,Annual,DSP_I_RCV_E,Disposal - incineration (D10) and recovery - energy recovery (R1),THS_T,Thousand tonnes,FI,Finland,2007,,310,,,,,
dataflow,ESTAT:ENV_WASMUN(1.0),Municipal waste by waste management operations,A,Annual,DSP_I_RCV_E,Disposal - incineration (D10) and recovery - energy recovery (R1),THS_T,Thousand tonnes,FI,Finland,2008,,478,,,,,
dataflow,ESTAT:ENV_WASMUN(1.0),Municipal waste by waste management operations,A,Annual,DSP_I_RCV_E,Disposal - incineration (D10) and recovery - energy recovery (R1),THS_T,Thousand tonnes,FI,Finland,2009,,463,,,,,
dataflow,ESTAT:ENV_WASMUN(1.0),Municipal waste by waste management operations,A,Annual,DSP_I_RCV_E,Disposal - incineration (D10) and recovery - energy recovery (R1),THS_T,Thousand tonnes,FI,Finland,2010,,556,,,,,
dataflow,ESTAT:ENV_WASMUN(1.0),Municipal waste by waste management operations,A,Annual,DSP_I_RCV_E,Disposal - incineration (D10) and recovery - energy recovery (R1),THS_T,Thousand tonnes,FI,Finland,2011,,678,,,,,
dataflow,ESTAT:ENV_WASMUN(1.0),Municipal waste by waste management operations,A,Annual,DSP_I_RCV_E,Disposal - incineration (D10) and recovery - energy recovery (R1),THS_T,Thousand tonnes,FI,Finland,2012,,925,,,,,
dataflow,ESTAT:ENV_WASMUN(1.0),Municipal waste by waste management operations,A,Annual,DSP_I_RCV_E,Disposal - incineration (D10) and recovery - energy recovery (R1),THS_T,Thousand tonnes,FI,Finland,2013,,1137,,,,,
dataflow,ESTAT:ENV_WASMUN(1.0),Municipal waste by waste management operations,A,Annual,DSP_I_RCV_E,Disposal - incineration (D10) and recovery - energy recovery (R1),THS_T,Thousand tonnes,FI,Finland,2014,,1316,,,,,
dataflow,ESTAT:ENV_WASMUN(1.0),Municipal waste by waste management operations,A,Annual,DSP_I_RCV_E,Disposal - incineration (D10) and recovery - energy recovery (R1),THS_T,Thousand tonnes,FI,Finland,2015,,1312,,,,,
dataflow,ESTAT:ENV_WASMUN(1.0),Municipal waste by waste management operations,A,Annual,DSP_I_RCV_E,Disposal - incineration (D10) and recovery - energy recovery (R1),THS_T,Thousand tonnes,FI,Finland,2016,,1515,,,,,
dataflow,ESTAT:ENV_WASMUN(1.0),Municipal waste by waste management operations,A,Annual,DSP_I_RCV_E,Disposal - incineration (D10) and recovery - energy recovery (R1),THS_T,Thousand tonnes,FI,Finland,2017,,1646,,,,,
dataflow,ESTAT:ENV_WASMUN(1.0),Municipal waste by waste management operations,A,Annual,DSP_I_RCV_E,Disposal - incineration (D10) and recovery - energy recovery (R1),THS_T,Thousand tonnes,FI,Finland,2018,,1733,,,,,
dataflow,ESTAT:ENV_WASMUN(1.0),Municipal waste by waste management operations,A,Annual,DSP_I_RCV_E,Disposal - incineration (D10) and recovery - energy recovery (R1),THS_T,Thousand tonnes,FI,Finland,2019,,1736,,,,,
dataflow,ESTAT:ENV_WASMUN(1.0),Municipal waste by waste management operations,A,Annual,DSP_I_RCV_E,Disposal - incineration (D10) and recovery - energy recovery (R1),THS_T,Thousand tonnes,FI,Finland,2020,,1934,,,,,
dataflow,ESTAT:ENV_WASMUN(1.0),Municipal waste by waste management operations,A,Annual,DSP_I_RCV_E,Disposal - incineration (D10) and recovery - energy recovery (R1),THS_T,Thousand tonnes,FI,Finland,2021,,2116,,,,,
dataflow,ESTAT:ENV_WASMUN(1.0),Municipal waste by waste management operations,A,Annual,DSP_I_RCV_E,Disposal - incineration (D10) and recovery - energy recovery (R1),THS_T,Thousand tonnes,FI,Finland,2022,,1621,,,,,
dataflow,ESTAT:ENV_WASMUN(1.0),Municipal waste by waste management operations,A,Annual,DSP_I_RCV_E,Disposal - incineration (D10) and recovery - energy recovery (R1),THS_T,Thousand tonnes,FI,Finland,2023,,1430,,,,,
dataflow,ESTAT:ENV_WASMUN(1.0),Municipal waste by waste management operations,A,Annual,DSP_I_RCV_E,Disposal - incineration (D10) and recovery - energy recovery (R1),THS_T,Thousand tonnes,FR,France,1995,,10573,,,,,
dataflow,ESTAT:ENV_WASMUN(1.0),Municipal waste by waste management operations,A,Annual,DSP_I_RCV_E,Disposal - incineration (D10) and recovery - energy recovery (R1),THS_T,Thousand tonnes,FR,France,1996,,10137,,,,,
dataflow,ESTAT:ENV_WASMUN(1.0),Municipal waste by waste management operations,A,Annual,DSP_I_RCV_E,Disposal - incineration (D10) and recovery - energy recovery (R1),THS_T,Thousand tonnes,FR,France,1997,,10155,,,,,
dataflow,ESTAT:ENV_WASMUN(1.0),Municipal waste by waste management operations,A,Annual,DSP_I_RCV_E,Disposal - incineration (D10) and recovery - energy recovery (R1),THS_T,Thousand tonnes,FR,France,1998,,10036,,,,,
dataflow,ESTAT:ENV_WASMUN(1.0),Municipal waste by waste management operations,A,Annual,DSP_I_RCV_E,Disposal - incineration (D10) and recovery - energy recovery (R1),THS_T,Thousand tonnes,FR,France,1999,,10148,,,,,
dataflow,ESTAT:ENV_WASMUN(1.0),Municipal waste by waste management operations,A,Annual,DSP_I_RCV_E,Disposal - incineration (D10) and recovery - energy recovery (R1),THS_T,Thousand tonnes,FR,France,2000,,10246,,,,,
dataflow,ESTAT:ENV_WASMUN(1.0),Municipal waste by waste management operations,A,Annual,DSP_I_RCV_E,Disposal - incineration (D10) and recovery - energy recovery (R1),THS_T,Thousand tonnes,FR,France,2001,,10677,,,,,
dataflow,ESTAT:ENV_WASMUN(1.0),Municipal waste by waste management operations,A,Annual,DSP_I_RCV_E,Disposal - incineration (D10) and recovery - energy recovery (R1),THS_T,Thousand tonnes,FR,France,2002,,11110,,,,,
dataflow,ESTAT:ENV_WASMUN(1.0),Municipal waste by waste management operations,A,Annual,DSP_I_RCV_E,Disposal - incineration (D10) and recovery - energy recovery (R1),THS_T,Thousand tonnes,FR,France,2003,,10662,,,,,
dataflow,ESTAT:ENV_WASMUN(1.0),Municipal waste by waste management operations,A,Annual,DSP_I_RCV_E,Disposal - incineration (D10) and recovery - energy recovery (R1),THS_T,Thousand tonnes,FR,France,2004,,11284,,,,,
dataflow,ESTAT:ENV_WASMUN(1.0),Municipal waste by waste management operations,A,Annual,DSP_I_RCV_E,Disposal - incineration (D10) and recovery - energy recovery (R1),THS_T,Thousand tonnes,FR,France,2005,,11540,,,,,
dataflow,ESTAT:ENV_WASMUN(1.0),Municipal waste by waste management operations,A,Annual,DSP_I_RCV_E,Disposal - incineration (D10) and recovery - energy recovery (R1),THS_T,Thousand tonnes,FR,France,2006,,11541,,e,estimated,,
dataflow,ESTAT:ENV_WASMUN(1.0),Municipal waste by waste management operations,A,Annual,DSP_I_RCV_E,Disposal - incineration (D10) and recovery - energy recovery (R1),THS_T,Thousand tonnes,FR,France,2007,,11542,,,,,
dataflow,ESTAT:ENV_WASMUN(1.0),Municipal waste by waste management operations,A,Annual,DSP_I_RCV_E,Disposal - incineration (D10) and recovery - energy recovery (R1),THS_T,Thousand tonnes,FR,France,2008,,11696,,e,estimated,,
dataflow,ESTAT:ENV_WASMUN(1.0),Municipal waste by waste management operations,A,Annual,DSP_I_RCV_E,Disposal - incineration (D10) and recovery - energy recovery (R1),THS_T,Thousand tonnes,FR,France,2009,,11852,,,,,
dataflow,ESTAT:ENV_WASMUN(1.0),Municipal waste by waste management operations,A,Annual,DSP_I_RCV_E,Disposal - incineration (D10) and recovery - energy recovery (R1),THS_T,Thousand tonnes,FR,France,2010,,12058,,e,estimated,,
dataflow,ESTAT:ENV_WASMUN(1.0),Municipal waste by waste management operations,A,Annual,DSP_I_RCV_E,Disposal - incineration (D10) and recovery - energy recovery (R1),THS_T,Thousand tonnes,FR,France,2011,,12265,,,,,
dataflow,ESTAT:ENV_WASMUN(1.0),Municipal waste by waste management operations,A,Annual,DSP_I_RCV_E,Disposal - incineration (D10) and recovery - energy recovery (R1),THS_T,Thousand tonnes,FR,France,2012,,12191,,e,estimated,,
dataflow,ESTAT:ENV_WASMUN(1.0),Municipal waste by waste management operations,A,Annual,DSP_I_RCV_E,Disposal - incineration (D10) and recovery - energy recovery (R1),THS_T,Thousand tonnes,FR,France,2013,,12116,,,,,
dataflow,ESTAT:ENV_WASMUN(1.0),Municipal waste by waste management operations,A,Annual,DSP_I_RCV_E,Disposal - incineration (D10) and recovery - energy recovery (R1),THS_T,Thousand tonnes,FR,France,2014,,12158,,e,estimated,,
dataflow,ESTAT:ENV_WASMUN(1.0),Municipal waste by waste management operations,A,Annual,DSP_I_RCV_E,Disposal - incineration (D10) and recovery - energy recovery (R1),THS_T,Thousand tonnes,FR,France,2015,,12199,,,,,
dataflow,ESTAT:ENV_WASMUN(1.0),Municipal waste by waste management operations,A,Annual,DSP_I_RCV_E,Disposal - incineration (D10) and recovery - energy recovery (R1),THS_T,Thousand tonnes,FR,France,2016,,11701,,e,estimated,,
dataflow,ESTAT:ENV_WASMUN(1.0),Municipal waste by waste management operations,A,Annual,DSP_I_RCV_E,Disposal - incineration (D10) and recovery - energy recovery (R1),THS_T,Thousand tonnes,FR,France,2017,,11634,,e,estimated,,
dataflow,ESTAT:ENV_WASMUN(1.0),Municipal waste by waste management operations,A,Annual,DSP_I_RCV_E,Disposal - incineration (D10) and recovery - energy recovery (R1),THS_T,Thousand tonnes,FR,France,2018,,11638,,e,estimated,,
dataflow,ESTAT:ENV_WASMUN(1.0),Municipal waste by waste management operations,A,Annual,DSP_I_RCV_E,Disposal - incineration (D10) and recovery - energy recovery (R1),THS_T,Thousand tonnes,FR,France,2019,,11505,,e,estimated,,
dataflow,ESTAT:ENV_WASMUN(1.0),Municipal waste by waste management operations,A,Annual,DSP_I_RCV_E,Disposal - incineration (D10) and recovery - energy recovery (R1),THS_T,Thousand tonnes,FR,France,2020,,11700,,e,estimated,,
dataflow,ESTAT:ENV_WASMUN(1.0),Municipal waste by waste management operations,A,Annual,DSP_I_RCV_E,Disposal - incineration (D10) and recovery - energy recovery (R1),THS_T,Thousand tonnes,FR,France,2021,,12293,,,,,
dataflow,ESTAT:ENV_WASMUN(1.0),Municipal waste by waste management operations,A,Annual,DSP_I_RCV_E,Disposal - incineration (D10) and recovery - energy recovery (R1),THS_T,Thousand tonnes,FR,France,2022,,11320,,ep,"estimated, provisional",,
dataflow,ESTAT:ENV_WASMUN(1.0),Municipal waste by waste management operations,A,Annual,DSP_I_RCV_E,Disposal - incineration (D10) and recovery - energy recovery (R1),THS_T,Thousand tonnes,FR,France,2023,,10977,,ep,"estimated, provisional",,
dataflow,ESTAT:ENV_WASMUN(1.0),Municipal waste by waste management operations,A,Annual,DSP_I_RCV_E,Disposal - incineration (D10) and recovery - energy recovery (R1),THS_T,Thousand tonnes,HR,Croatia,2006,,0,,,,,
dataflow,ESTAT:ENV_WASMUN(1.0),Municipal waste by waste management operations,A,Annual,DSP_I_RCV_E,Disposal - incineration (D10) and recovery - energy recovery (R1),THS_T,Thousand tonnes,HR,Croatia,2007,,0,,,,,
dataflow,ESTAT:ENV_WASMUN(1.0),Municipal waste by waste management operations,A,Annual,DSP_I_RCV_E,Disposal - incineration (D10) and recovery - energy recovery (R1),THS_T,Thousand tonnes,HR,Croatia,2008,,0,,,,,
dataflow,ESTAT:ENV_WASMUN(1.0),Municipal waste by waste management operations,A,Annual,DSP_I_RCV_E,Disposal - incineration (D10) and recovery - energy recovery (R1),THS_T,Thousand tonnes,HR,Croatia,2009,,0,,,,,
dataflow,ESTAT:ENV_WASMUN(1.0),Municipal waste by waste management operations,A,Annual,DSP_I_RCV_E,Disposal - incineration (D10) and recovery - energy recovery (R1),THS_T,Thousand tonnes,HR,Croatia,2010,,0,,,,,
dataflow,ESTAT:ENV_WASMUN(1.0),Municipal waste by waste management operations,A,Annual,DSP_I_RCV_E,Disposal - incineration (D10) and recovery - energy recovery (R1),THS_T,Thousand tonnes,HR,Croatia,2011,,0,,,,,
dataflow,ESTAT:ENV_WASMUN(1.0),Municipal waste by waste management operations,A,Annual,DSP_I_RCV_E,Disposal - incineration (D10) and recovery - energy recovery (R1),THS_T,Thousand tonnes,HR,Croatia,2012,,2,,,,,
dataflow,ESTAT:ENV_WASMUN(1.0),Municipal waste by waste management operations,A,Annual,DSP_I_RCV_E,Disposal - incineration (D10) and recovery - energy recovery (R1),THS_T,Thousand tonnes,HR,Croatia,2013,,1,,,,,
dataflow,ESTAT:ENV_WASMUN(1.0),Municipal waste by waste management operations,A,Annual,DSP_I_RCV_E,Disposal - incineration (D10) and recovery - energy recovery (R1),THS_T,Thousand tonnes,HR,Croatia,2014,,3,,,,,
dataflow,ESTAT:ENV_WASMUN(1.0),Municipal waste by waste management operations,A,Annual,DSP_I_RCV_E,Disposal - incineration (D10) and recovery - energy recovery (R1),THS_T,Thousand tonnes,HR,Croatia,2015,,0,,,,,
dataflow,ESTAT:ENV_WASMUN(1.0),Municipal waste by waste management operations,A,Annual,DSP_I_RCV_E,Disposal - incineration (D10) and recovery - energy recovery (R1),THS_T,Thousand tonnes,HR,Croatia,2016,,1,,,,,
dataflow,ESTAT:ENV_WASMUN(1.0),Municipal waste by waste management operations,A,Annual,DSP_I_RCV_E,Disposal - incineration (D10) and recovery - energy recovery (R1),THS_T,Thousand tonnes,HR,Croatia,2017,,1,,,,,
dataflow,ESTAT:ENV_WASMUN(1.0),Municipal waste by waste management operations,A,Annual,DSP_I_RCV_E,Disposal - incineration (D10) and recovery - energy recovery (R1),THS_T,Thousand tonnes,HR,Croatia,2018,,1,,,,,
dataflow,ESTAT:ENV_WASMUN(1.0),Municipal waste by waste management operations,A,Annual,DSP_I_RCV_E,Disposal - incineration (D10) and recovery - energy recovery (R1),THS_T,Thousand tonnes,HR,Croatia,2019,,1,,,,,
dataflow,ESTAT:ENV_WASMUN(1.0),Municipal waste by waste management operations,A,Annual,DSP_I_RCV_E,Disposal - incineration (D10) and recovery - energy recovery (R1),THS_T,Thousand tonnes,HR,Croatia,2020,,3,,,,,
dataflow,ESTAT:ENV_WASMUN(1.0),Municipal waste by waste management operations,A,Annual,DSP_I_RCV_E,Disposal - incineration (D10) and recovery - energy recovery (R1),THS_T,Thousand tonnes,HR,Croatia,2021,,5,,,,,
dataflow,ESTAT:ENV_WASMUN(1.0),Municipal waste by waste management operations,A,Annual,DSP_I_RCV_E,Disposal - incineration (D10) and recovery - energy recovery (R1),THS_T,Thousand tonnes,HR,Croatia,2022,,3,,,,,
dataflow,ESTAT:ENV_WASMUN(1.0),Municipal waste by waste management operations,A,Annual,DSP_I_RCV_E,Disposal - incineration (D10) and recovery - energy recovery (R1),THS_T,Thousand tonnes,HR,Croatia,2023,,30,,,,,
dataflow,ESTAT:ENV_WASMUN(1.0),Municipal waste by waste management operations,A,Annual,DSP_I_RCV_E,Disposal - incineration (D10) and recovery - energy recovery (R1),THS_T,Thousand tonnes,HU,Hungary,1995,,330,,,,,
dataflow,ESTAT:ENV_WASMUN(1.0),Municipal waste by waste management operations,A,Annual,DSP_I_RCV_E,Disposal - incineration (D10) and recovery - energy recovery (R1),THS_T,Thousand tonnes,HU,Hungary,1996,,330,,,,,
dataflow,ESTAT:ENV_WASMUN(1.0),Municipal waste by waste management operations,A,Annual,DSP_I_RCV_E,Disposal - incineration (D10) and recovery - energy recovery (R1),THS_T,Thousand tonnes,HU,Hungary,1997,,330,,,,,
dataflow,ESTAT:ENV_WASMUN(1.0),Municipal waste by waste management operations,A,Annual,DSP_I_RCV_E,Disposal - incineration (D10) and recovery - energy recovery (R1),THS_T,Thousand tonnes,HU,Hungary,1998,,356,,,,,
dataflow,ESTAT:ENV_WASMUN(1.0),Municipal waste by waste management operations,A,Annual,DSP_I_RCV_E,Disposal - incineration (D10) and recovery - energy recovery (R1),THS_T,Thousand tonnes,HU,Hungary,1999,,352,,,,,
dataflow,ESTAT:ENV_WASMUN(1.0),Municipal waste by waste management operations,A,Annual,DSP_I_RCV_E,Disposal - incineration (D10) and recovery - energy recovery (R1),THS_T,Thousand tonnes,HU,Hungary,2000,,348,,,,,
dataflow,ESTAT:ENV_WASMUN(1.0),Municipal waste by waste management operations,A,Annual,DSP_I_RCV_E,Disposal - incineration (D10) and recovery - energy recovery (R1),THS_T,Thousand tonnes,HU,Hungary,2001,,353,,,,,
dataflow,ESTAT:ENV_WASMUN(1.0),Municipal waste by waste management operations,A,Annual,DSP_I_RCV_E,Disposal - incineration (D10) and recovery - energy recovery (R1),THS_T,Thousand tonnes,HU,Hungary,2002,,288,,,,,
dataflow,ESTAT:ENV_WASMUN(1.0),Municipal waste by waste management operations,A,Annual,DSP_I_RCV_E,Disposal - incineration (D10) and recovery - energy recovery (R1),THS_T,Thousand tonnes,HU,Hungary,2003,,245,,,,,
dataflow,ESTAT:ENV_WASMUN(1.0),Municipal waste by waste management operations,A,Annual,DSP_I_RCV_E,Disposal - incineration (D10) and recovery - energy recovery (R1),THS_T,Thousand tonnes,HU,Hungary,2004,,155,,,,,
dataflow,ESTAT:ENV_WASMUN(1.0),Municipal waste by waste management operations,A,Annual,DSP_I_RCV_E,Disposal - incineration (D10) and recovery - energy recovery (R1),THS_T,Thousand tonnes,HU,Hungary,2005,,303,,,,,
dataflow,ESTAT:ENV_WASMUN(1.0),Municipal waste by waste management operations,A,Annual,DSP_I_RCV_E,Disposal - incineration (D10) and recovery - energy recovery (R1),THS_T,Thousand tonnes,HU,Hungary,2006,,389,,,,,
dataflow,ESTAT:ENV_WASMUN(1.0),Municipal waste by waste management operations,A,Annual,DSP_I_RCV_E,Disposal - incineration (D10) and recovery - energy recovery (R1),THS_T,Thousand tonnes,HU,Hungary,2007,,382,,,,,
dataflow,ESTAT:ENV_WASMUN(1.0),Municipal waste by waste management operations,A,Annual,DSP_I_RCV_E,Disposal - incineration (D10) and recovery - energy recovery (R1),THS_T,Thousand tonnes,HU,Hungary,2008,,393,,,,,
dataflow,ESTAT:ENV_WASMUN(1.0),Municipal waste by waste management operations,A,Annual,DSP_I_RCV_E,Disposal - incineration (D10) and recovery - energy recovery (R1),THS_T,Thousand tonnes,HU,Hungary,2009,,406,,,,,
dataflow,ESTAT:ENV_WASMUN(1.0),Municipal waste by waste management operations,A,Annual,DSP_I_RCV_E,Disposal - incineration (D10) and recovery - energy recovery (R1),THS_T,Thousand tonnes,HU,Hungary,2010,,406,,,,,
dataflow,ESTAT:ENV_WASMUN(1.0),Municipal waste by waste management operations,A,Annual,DSP_I_RCV_E,Disposal - incineration (D10) and recovery - energy recovery (R1),THS_T,Thousand tonnes,HU,Hungary,2011,,408,,,,,
dataflow,ESTAT:ENV_WASMUN(1.0),Municipal waste by waste management operations,A,Annual,DSP_I_RCV_E,Disposal - incineration (D10) and recovery - energy recovery (R1),THS_T,Thousand tonnes,HU,Hungary,2012,,364,,,,,
dataflow,ESTAT:ENV_WASMUN(1.0),Municipal waste by waste management operations,A,Annual,DSP_I_RCV_E,Disposal - incineration (D10) and recovery - energy recovery (R1),THS_T,Thousand tonnes,HU,Hungary,2013,,336,,,,,
dataflow,ESTAT:ENV_WASMUN(1.0),Municipal waste by waste management operations,A,Annual,DSP_I_RCV_E,Disposal - incineration (D10) and recovery - energy recovery (R1),THS_T,Thousand tonnes,HU,Hungary,2014,,373,,,,,
dataflow,ESTAT:ENV_WASMUN(1.0),Municipal waste by waste management operations,A,Annual,DSP_I_RCV_E,Disposal - incineration (D10) and recovery - energy recovery (R1),THS_T,Thousand tonnes,HU,Hungary,2015,,525,,,,,
dataflow,ESTAT:ENV_WASMUN(1.0),Municipal waste by waste management operations,A,Annual,DSP_I_RCV_E,Disposal - incineration (D10) and recovery - energy recovery (R1),THS_T,Thousand tonnes,HU,Hungary,2016,,554,,,,,
dataflow,ESTAT:ENV_WASMUN(1.0),Municipal waste by waste management operations,A,Annual,DSP_I_RCV_E,Disposal - incineration (D10) and recovery - energy recovery (R1),THS_T,Thousand tonnes,HU,Hungary,2017,,608,,,,,
dataflow,ESTAT:ENV_WASMUN(1.0),Municipal waste by waste management operations,A,Annual,DSP_I_RCV_E,Disposal - incineration (D10) and recovery - energy recovery (R1),THS_T,Thousand tonnes,HU,Hungary,2018,,501,,,,,
dataflow,ESTAT:ENV_WASMUN(1.0),Municipal waste by waste management operations,A,Annual,DSP_I_RCV_E,Disposal - incineration (D10) and recovery - energy recovery (R1),THS_T,Thousand tonnes,HU,Hungary,2019,,515,,,,,
dataflow,ESTAT:ENV_WASMUN(1.0),Municipal waste by waste management operations,A,Annual,DSP_I_RCV_E,Disposal - incineration (D10) and recovery - energy recovery (R1),THS_T,Thousand tonnes,HU,Hungary,2020,,470,,,,,
dataflow,ESTAT:ENV_WASMUN(1.0),Municipal waste by waste management operations,A,Annual,DSP_I_RCV_E,Disposal - incineration (D10) and recovery - energy recovery (R1),THS_T,Thousand tonnes,HU,Hungary,2021,,503,,,,,
dataflow,ESTAT:ENV_WASMUN(1.0),Municipal waste by waste management operations,A,Annual,DSP_I_RCV_E,Disposal - incineration (D10) and recovery - energy recovery (R1),THS_T,Thousand tonnes,HU,Hungary,2022,,463,,,,,
dataflow,ESTAT:ENV_WASMUN(1.0),Municipal waste by waste management operations,A,Annual,DSP_I_RCV_E,Disposal - incineration (D10) and recovery - energy recovery (R1),THS_T,Thousand tonnes,HU,Hungary,2023,,508,,,,,
dataflow,ESTAT:ENV_WASMUN(1.0),Municipal waste by waste management operations,A,Annual,DSP_I_RCV_E,Disposal - incineration (D10) and recovery - energy recovery (R1),THS_T,Thousand tonnes,IE,Ireland,1995,,0,,,,,
dataflow,ESTAT:ENV_WASMUN(1.0),Municipal waste by waste management operations,A,Annual,DSP_I_RCV_E,Disposal - incineration (D10) and recovery - energy recovery (R1),THS_T,Thousand tonnes,IE,Ireland,1996,,0,,,,,
dataflow,ESTAT:ENV_WASMUN(1.0),Municipal waste by waste management operations,A,Annual,DSP_I_RCV_E,Disposal - incineration (D10) and recovery - energy recovery (R1),THS_T,Thousand tonnes,IE,Ireland,1997,,0,,,,,
dataflow,ESTAT:ENV_WASMUN(1.0),Municipal waste by waste management operations,A,Annual,DSP_I_RCV_E,Disposal - incineration (D10) and recovery - energy recovery (R1),THS_T,Thousand tonnes,IE,Ireland,1998,,0,,,,,
dataflow,ESTAT:ENV_WASMUN(1.0),Municipal waste by waste management operations,A,Annual,DSP_I_RCV_E,Disposal - incineration (D10) and recovery - energy recovery (R1),THS_T,Thousand tonnes,IE,Ireland,1999,,0,,,,,
dataflow,ESTAT:ENV_WASMUN(1.0),Municipal waste by waste management operations,A,Annual,DSP_I_RCV_E,Disposal - incineration (D10) and recovery - energy recovery (R1),THS_T,Thousand tonnes,IE,Ireland,2000,,0,,,,,
dataflow,ESTAT:ENV_WASMUN(1.0),Municipal waste by waste management operations,A,Annual,DSP_I_RCV_E,Disposal - incineration (D10) and recovery - energy recovery (R1),THS_T,Thousand tonnes,IE,Ireland,2001,,0,,,,,
dataflow,ESTAT:ENV_WASMUN(1.0),Municipal waste by waste management operations,A,Annual,DSP_I_RCV_E,Disposal - incineration (D10) and recovery - energy recovery (R1),THS_T,Thousand tonnes,IE,Ireland,2002,,0,,,,,
dataflow,ESTAT:ENV_WASMUN(1.0),Municipal waste by waste management operations,A,Annual,DSP_I_RCV_E,Disposal - incineration (D10) and recovery - energy recovery (R1),THS_T,Thousand tonnes,IE,Ireland,2003,,0,,,,,
dataflow,ESTAT:ENV_WASMUN(1.0),Municipal waste by waste management operations,A,Annual,DSP_I_RCV_E,Disposal - incineration (D10) and recovery - energy recovery (R1),THS_T,Thousand tonnes,IE,Ireland,2004,,0,,,,,
dataflow,ESTAT:ENV_WASMUN(1.0),Municipal waste by waste management operations,A,Annual,DSP_I_RCV_E,Disposal - incineration (D10) and recovery - energy recovery (R1),THS_T,Thousand tonnes,IE,Ireland,2005,,0,,,,,
dataflow,ESTAT:ENV_WASMUN(1.0),Municipal waste by waste management operations,A,Annual,DSP_I_RCV_E,Disposal - incineration (D10) and recovery - energy recovery (R1),THS_T,Thousand tonnes,IE,Ireland,2006,,0,,,,,
dataflow,ESTAT:ENV_WASMUN(1.0),Municipal waste by waste management operations,A,Annual,DSP_I_RCV_E,Disposal - incineration (D10) and recovery - energy recovery (R1),THS_T,Thousand tonnes,IE,Ireland,2007,,0,,,,,
dataflow,ESTAT:ENV_WASMUN(1.0),Municipal waste by waste management operations,A,Annual,DSP_I_RCV_E,Disposal - incineration (D10) and recovery - energy recovery (R1),THS_T,Thousand tonnes,IE,Ireland,2008,,82,,,,,
dataflow,ESTAT:ENV_WASMUN(1.0),Municipal waste by waste management operations,A,Annual,DSP_I_RCV_E,Disposal - incineration (D10) and recovery - energy recovery (R1),THS_T,Thousand tonnes,IE,Ireland,2009,,111,,,,,
dataflow,ESTAT:ENV_WASMUN(1.0),Municipal waste by waste management operations,A,Annual,DSP_I_RCV_E,Disposal - incineration (D10) and recovery - energy recovery (R1),THS_T,Thousand tonnes,IE,Ireland,2010,,109,,,,,
dataflow,ESTAT:ENV_WASMUN(1.0),Municipal waste by waste management operations,A,Annual,DSP_I_RCV_E,Disposal - incineration (D10) and recovery - energy recovery (R1),THS_T,Thousand tonnes,IE,Ireland,2011,,196,,,,,
dataflow,ESTAT:ENV_WASMUN(1.0),Municipal waste by waste management operations,A,Annual,DSP_I_RCV_E,Disposal - incineration (D10) and recovery - energy recovery (R1),THS_T,Thousand tonnes,IE,Ireland,2012,,427,,,,,
dataflow,ESTAT:ENV_WASMUN(1.0),Municipal waste by waste management operations,A,Annual,DSP_I_RCV_E,Disposal - incineration (D10) and recovery - energy recovery (R1),THS_T,Thousand tonnes,IE,Ireland,2014,,893,,,,,
dataflow,ESTAT:ENV_WASMUN(1.0),Municipal waste by waste management operations,A,Annual,DSP_I_RCV_E,Disposal - incineration (D10) and recovery - energy recovery (R1),THS_T,Thousand tonnes,IE,Ireland,2016,,811,,,,,
dataflow,ESTAT:ENV_WASMUN(1.0),Municipal waste by waste management operations,A,Annual,DSP_I_RCV_E,Disposal - incineration (D10) and recovery - energy recovery (R1),THS_T,Thousand tonnes,IE,Ireland,2017,,881,,,,,
dataflow,ESTAT:ENV_WASMUN(1.0),Municipal waste by waste management operations,A,Annual,DSP_I_RCV_E,Disposal - incineration (D10) and recovery - energy recovery (R1),THS_T,Thousand tonnes,IE,Ireland,2018,,1243,,,,,
dataflow,ESTAT:ENV_WASMUN(1.0),Municipal waste by waste management operations,A,Annual,DSP_I_RCV_E,Disposal - incineration (D10) and recovery - energy recovery (R1),THS_T,Thousand tonnes,IE,Ireland,2019,,1413,,,,,
dataflow,ESTAT:ENV_WASMUN(1.0),Municipal waste by waste management operations,A,Annual,DSP_I_RCV_E,Disposal - incineration (D10) and recovery - energy recovery (R1),THS_T,Thousand tonnes,IE,Ireland,2020,,1353,,,,,
dataflow,ESTAT:ENV_WASMUN(1.0),Municipal waste by waste management operations,A,Annual,DSP_I_RCV_E,Disposal - incineration (D10) and recovery - energy recovery (R1),THS_T,Thousand tonnes,IS,Iceland,1995,,15,,,,,
dataflow,ESTAT:ENV_WASMUN(1.0),Municipal waste by waste management operations,A,Annual,DSP_I_RCV_E,Disposal - incineration (D10) and recovery - energy recovery (R1),THS_T,Thousand tonnes,IS,Iceland,1996,,15,,,,,
dataflow,ESTAT:ENV_WASMUN(1.0),Municipal waste by waste management operations,A,Annual,DSP_I_RCV_E,Disposal - incineration (D10) and recovery - energy recovery (R1),THS_T,Thousand tonnes,IS,Iceland,1997,,15,,,,,
dataflow,ESTAT:ENV_WASMUN(1.0),Municipal waste by waste management operations,A,Annual,DSP_I_RCV_E,Disposal - incineration (D10) and recovery - energy recovery (R1),THS_T,Thousand tonnes,IS,Iceland,1998,,15,,,,,
dataflow,ESTAT:ENV_WASMUN(1.0),Municipal waste by waste management operations,A,Annual,DSP_I_RCV_E,Disposal - incineration (D10) and recovery - energy recovery (R1),THS_T,Thousand tonnes,IS,Iceland,1999,,15,,,,,
dataflow,ESTAT:ENV_WASMUN(1.0),Municipal waste by waste management operations,A,Annual,DSP_I_RCV_E,Disposal - incineration (D10) and recovery - energy recovery (R1),THS_T,Thousand tonnes,IS,Iceland,2000,,17,,,,,
dataflow,ESTAT:ENV_WASMUN(1.0),Municipal waste by waste management operations,A,Annual,DSP_I_RCV_E,Disposal - incineration (D10) and recovery - energy recovery (R1),THS_T,Thousand tonnes,IS,Iceland,2001,,11,,,,,
dataflow,ESTAT:ENV_WASMUN(1.0),Municipal waste by waste management operations,A,Annual,DSP_I_RCV_E,Disposal - incineration (D10) and recovery - energy recovery (R1),THS_T,Thousand tonnes,IS,Iceland,2002,,10,,,,,
dataflow,ESTAT:ENV_WASMUN(1.0),Municipal waste by waste management operations,A,Annual,DSP_I_RCV_E,Disposal - incineration (D10) and recovery - energy recovery (R1),THS_T,Thousand tonnes,IS,Iceland,2003,,13,,,,,
dataflow,ESTAT:ENV_WASMUN(1.0),Municipal waste by waste management operations,A,Annual,DSP_I_RCV_E,Disposal - incineration (D10) and recovery - energy recovery (R1),THS_T,Thousand tonnes,IS,Iceland,2004,,15,,,,,
dataflow,ESTAT:ENV_WASMUN(1.0),Municipal waste by waste management operations,A,Annual,DSP_I_RCV_E,Disposal - incineration (D10) and recovery - energy recovery (R1),THS_T,Thousand tonnes,IS,Iceland,2005,,13,,,,,
dataflow,ESTAT:ENV_WASMUN(1.0),Municipal waste by waste management operations,A,Annual,DSP_I_RCV_E,Disposal - incineration (D10) and recovery - energy recovery (R1),THS_T,Thousand tonnes,IS,Iceland,2006,,13,,,,,
dataflow,ESTAT:ENV_WASMUN(1.0),Municipal waste by waste management operations,A,Annual,DSP_I_RCV_E,Disposal - incineration (D10) and recovery - energy recovery (R1),THS_T,Thousand tonnes,IS,Iceland,2007,,17,,,,,
dataflow,ESTAT:ENV_WASMUN(1.0),Municipal waste by waste management operations,A,Annual,DSP_I_RCV_E,Disposal - incineration (D10) and recovery - energy recovery (R1),THS_T,Thousand tonnes,IS,Iceland,2008,,13,,,,,
dataflow,ESTAT:ENV_WASMUN(1.0),Municipal waste by waste management operations,A,Annual,DSP_I_RCV_E,Disposal - incineration (D10) and recovery - energy recovery (R1),THS_T,Thousand tonnes,IS,Iceland,2009,,11,,,,,
dataflow,ESTAT:ENV_WASMUN(1.0),Municipal waste by waste management operations,A,Annual,DSP_I_RCV_E,Disposal - incineration (D10) and recovery - energy recovery (R1),THS_T,Thousand tonnes,IS,Iceland,2010,,12,,,,,
dataflow,ESTAT:ENV_WASMUN(1.0),Municipal waste by waste management operations,A,Annual,DSP_I_RCV_E,Disposal - incineration (D10) and recovery - energy recovery (R1),THS_T,Thousand tonnes,IS,Iceland,2011,,10,,,,,
dataflow,ESTAT:ENV_WASMUN(1.0),Municipal waste by waste management operations,A,Annual,DSP_I_RCV_E,Disposal - incineration (D10) and recovery - energy recovery (R1),THS_T,Thousand tonnes,IS,Iceland,2012,,9,,,,,
dataflow,ESTAT:ENV_WASMUN(1.0),Municipal waste by waste management operations,A,Annual,DSP_I_RCV_E,Disposal - incineration (D10) and recovery - energy recovery (R1),THS_T,Thousand tonnes,IS,Iceland,2013,,6,,,,,
dataflow,ESTAT:ENV_WASMUN(1.0),Municipal waste by waste management operations,A,Annual,DSP_I_RCV_E,Disposal - incineration (D10) and recovery - energy recovery (R1),THS_T,Thousand tonnes,IS,Iceland,2014,,7,,,,,
dataflow,ESTAT:ENV_WASMUN(1.0),Municipal waste by waste management operations,A,Annual,DSP_I_RCV_E,Disposal - incineration (D10) and recovery - energy recovery (R1),THS_T,Thousand tonnes,IS,Iceland,2015,,7,,,,,
dataflow,ESTAT:ENV_WASMUN(1.0),Municipal waste by waste management operations,A,Annual,DSP_I_RCV_E,Disposal - incineration (D10) and recovery - energy recovery (R1),THS_T,Thousand tonnes,IS,Iceland,2016,,8,,,,,
dataflow,ESTAT:ENV_WASMUN(1.0),Municipal waste by waste management operations,A,Annual,DSP_I_RCV_E,Disposal - incineration (D10) and recovery - energy recovery (R1),THS_T,Thousand tonnes,IS,Iceland,2017,,8,,,,,
dataflow,ESTAT:ENV_WASMUN(1.0),Municipal waste by waste management operations,A,Annual,DSP_I_RCV_E,Disposal - incineration (D10) and recovery - energy recovery (R1),THS_T,Thousand tonnes,IS,Iceland,2018,,12,,,,,
dataflow,ESTAT:ENV_WASMUN(1.0),Municipal waste by waste management operations,A,Annual,DSP_I_RCV_E,Disposal - incineration (D10) and recovery - energy recovery (R1),THS_T,Thousand tonnes,IS,Iceland,2020,,24,,,,,
dataflow,ESTAT:ENV_WASMUN(1.0),Municipal waste by waste management operations,A,Annual,DSP_I_RCV_E,Disposal - incineration (D10) and recovery - energy recovery (R1),THS_T,Thousand tonnes,IS,Iceland,2021,,20,,,,,
dataflow,ESTAT:ENV_WASMUN(1.0),Municipal waste by waste management operations,A,Annual,DSP_I_RCV_E,Disposal - incineration (D10) and recovery - energy recovery (R1),THS_T,Thousand tonnes,IS,Iceland,2022,,35,,,,,
dataflow,ESTAT:ENV_WASMUN(1.0),Municipal waste by waste management operations,A,Annual,DSP_I_RCV_E,Disposal - incineration (D10) and recovery - energy recovery (R1),THS_T,Thousand tonnes,IT,Italy,1995,,1362,,,,,
dataflow,ESTAT:ENV_WASMUN(1.0),Municipal waste by waste management operations,A,Annual,DSP_I_RCV_E,Disposal - incineration (D10) and recovery - energy recovery (R1),THS_T,Thousand tonnes,IT,Italy,1996,,1196,,e,estimated,,
dataflow,ESTAT:ENV_WASMUN(1.0),Municipal waste by waste management operations,A,Annual,DSP_I_RCV_E,Disposal - incineration (D10) and recovery - energy recovery (R1),THS_T,Thousand tonnes,IT,Italy,1997,,1746,,,,,
dataflow,ESTAT:ENV_WASMUN(1.0),Municipal waste by waste management operations,A,Annual,DSP_I_RCV_E,Disposal - incineration (D10) and recovery - energy recovery (R1),THS_T,Thousand tonnes,IT,Italy,1998,,1949,,,,,
dataflow,ESTAT:ENV_WASMUN(1.0),Municipal waste by waste management operations,A,Annual,DSP_I_RCV_E,Disposal - incineration (D10) and recovery - energy recovery (R1),THS_T,Thousand tonnes,IT,Italy,1999,,2121,,,,,
dataflow,ESTAT:ENV_WASMUN(1.0),Municipal waste by waste management operations,A,Annual,DSP_I_RCV_E,Disposal - incineration (D10) and recovery - energy recovery (R1),THS_T,Thousand tonnes,IT,Italy,2000,,2237,,,,,
dataflow,ESTAT:ENV_WASMUN(1.0),Municipal waste by waste management operations,A,Annual,DSP_I_RCV_E,Disposal - incineration (D10) and recovery - energy recovery (R1),THS_T,Thousand tonnes,IT,Italy,2001,,2516,,,,,
dataflow,ESTAT:ENV_WASMUN(1.0),Municipal waste by waste management operations,A,Annual,DSP_I_RCV_E,Disposal - incineration (D10) and recovery - energy recovery (R1),THS_T,Thousand tonnes,IT,Italy,2002,,2672,,,,,
dataflow,ESTAT:ENV_WASMUN(1.0),Municipal waste by waste management operations,A,Annual,DSP_I_RCV_E,Disposal - incineration (D10) and recovery - energy recovery (R1),THS_T,Thousand tonnes,IT,Italy,2003,,3169,,,,,
dataflow,ESTAT:ENV_WASMUN(1.0),Municipal waste by waste management operations,A,Annual,DSP_I_RCV_E,Disposal - incineration (D10) and recovery - energy recovery (R1),THS_T,Thousand tonnes,IT,Italy,2004,,3518,,,,,
dataflow,ESTAT:ENV_WASMUN(1.0),Municipal waste by waste management operations,A,Annual,DSP_I_RCV_E,Disposal - incineration (D10) and recovery - energy recovery (R1),THS_T,Thousand tonnes,IT,Italy,2005,,3825,,,,,
dataflow,ESTAT:ENV_WASMUN(1.0),Municipal waste by waste management operations,A,Annual,DSP_I_RCV_E,Disposal - incineration (D10) and recovery - energy recovery (R1),THS_T,Thousand tonnes,IT,Italy,2006,,4121,,,,,
dataflow,ESTAT:ENV_WASMUN(1.0),Municipal waste by waste management operations,A,Annual,DSP_I_RCV_E,Disposal - incineration (D10) and recovery - energy recovery (R1),THS_T,Thousand tonnes,IT,Italy,2007,,4029,,,,,
dataflow,ESTAT:ENV_WASMUN(1.0),Municipal waste by waste management operations,A,Annual,DSP_I_RCV_E,Disposal - incineration (D10) and recovery - energy recovery (R1),THS_T,Thousand tonnes,IT,Italy,2008,,4372,,,,,
dataflow,ESTAT:ENV_WASMUN(1.0),Municipal waste by waste management operations,A,Annual,DSP_I_RCV_E,Disposal - incineration (D10) and recovery - energy recovery (R1),THS_T,Thousand tonnes,IT,Italy,2009,,4770,,,,,
dataflow,ESTAT:ENV_WASMUN(1.0),Municipal waste by waste management operations,A,Annual,DSP_I_RCV_E,Disposal - incineration (D10) and recovery - energy recovery (R1),THS_T,Thousand tonnes,IT,Italy,2010,,5440,,,,,
dataflow,ESTAT:ENV_WASMUN(1.0),Municipal waste by waste management operations,A,Annual,DSP_I_RCV_E,Disposal - incineration (D10) and recovery - energy recovery (R1),THS_T,Thousand tonnes,IT,Italy,2011,,5593,,,,,
dataflow,ESTAT:ENV_WASMUN(1.0),Municipal waste by waste management operations,A,Annual,DSP_I_RCV_E,Disposal - incineration (D10) and recovery - energy recovery (R1),THS_T,Thousand tonnes,IT,Italy,2012,,5529,,,,,
dataflow,ESTAT:ENV_WASMUN(1.0),Municipal waste by waste management operations,A,Annual,DSP_I_RCV_E,Disposal - incineration (D10) and recovery - energy recovery (R1),THS_T,Thousand tonnes,IT,Italy,2013,,5970,,,,,
dataflow,ESTAT:ENV_WASMUN(1.0),Municipal waste by waste management operations,A,Annual,DSP_I_RCV_E,Disposal - incineration (D10) and recovery - energy recovery (R1),THS_T,Thousand tonnes,IT,Italy,2014,,5868,,,,,
dataflow,ESTAT:ENV_WASMUN(1.0),Municipal waste by waste management operations,A,Annual,DSP_I_RCV_E,Disposal - incineration (D10) and recovery - energy recovery (R1),THS_T,Thousand tonnes,IT,Italy,2015,,6040,,b,break in time series,,
dataflow,ESTAT:ENV_WASMUN(1.0),Municipal waste by waste management operations,A,Annual,DSP_I_RCV_E,Disposal - incineration (D10) and recovery - energy recovery (R1),THS_T,Thousand tonnes,IT,Italy,2016,,5865,,,,,
dataflow,ESTAT:ENV_WASMUN(1.0),Municipal waste by waste management operations,A,Annual,DSP_I_RCV_E,Disposal - incineration (D10) and recovery - energy recovery (R1),THS_T,Thousand tonnes,IT,Italy,2017,,5634,,,,,
dataflow,ESTAT:ENV_WASMUN(1.0),Municipal waste by waste management operations,A,Annual,DSP_I_RCV_E,Disposal - incineration (D10) and recovery - energy recovery (R1),THS_T,Thousand tonnes,IT,Italy,2018,,5756,,,,,
dataflow,ESTAT:ENV_WASMUN(1.0),Municipal waste by waste management operations,A,Annual,DSP_I_RCV_E,Disposal - incineration (D10) and recovery - energy recovery (R1),THS_T,Thousand tonnes,IT,Italy,2019,,5889,,,,,
dataflow,ESTAT:ENV_WASMUN(1.0),Municipal waste by waste management operations,A,Annual,DSP_I_RCV_E,Disposal - incineration (D10) and recovery - energy recovery (R1),THS_T,Thousand tonnes,IT,Italy,2020,,5615,,,,,
dataflow,ESTAT:ENV_WASMUN(1.0),Municipal waste by waste management operations,A,Annual,DSP_I_RCV_E,Disposal - incineration (D10) and recovery - energy recovery (R1),THS_T,Thousand tonnes,IT,Italy,2021,,5617,,,,,
dataflow,ESTAT:ENV_WASMUN(1.0),Municipal waste by waste management operations,A,Annual,DSP_I_RCV_E,Disposal - incineration (D10) and recovery - energy recovery (R1),THS_T,Thousand tonnes,IT,Italy,2022,,5307,,,,,
dataflow,ESTAT:ENV_WASMUN(1.0),Municipal waste by waste management operations,A,Annual,DSP_I_RCV_E,Disposal - incineration (D10) and recovery - energy recovery (R1),THS_T,Thousand tonnes,LT,Lithuania,1995,,0,,,,,
dataflow,ESTAT:ENV_WASMUN(1.0),Municipal waste by waste management operations,A,Annual,DSP_I_RCV_E,Disposal - incineration (D10) and recovery - energy recovery (R1),THS_T,Thousand tonnes,LT,Lithuania,1996,,0,,,,,
dataflow,ESTAT:ENV_WASMUN(1.0),Municipal waste by waste management operations,A,Annual,DSP_I_RCV_E,Disposal - incineration (D10) and recovery - energy recovery (R1),THS_T,Thousand tonnes,LT,Lithuania,1997,,0,,,,,
dataflow,ESTAT:ENV_WASMUN(1.0),Municipal waste by waste management operations,A,Annual,DSP_I_RCV_E,Disposal - incineration (D10) and recovery - energy recovery (R1),THS_T,Thousand tonnes,LT,Lithuania,1998,,0,,,,,
dataflow,ESTAT:ENV_WASMUN(1.0),Municipal waste by waste management operations,A,Annual,DSP_I_RCV_E,Disposal - incineration (D10) and recovery - energy recovery (R1),THS_T,Thousand tonnes,LT,Lithuania,1999,,0,,,,,
dataflow,ESTAT:ENV_WASMUN(1.0),Municipal waste by waste management operations,A,Annual,DSP_I_RCV_E,Disposal - incineration (D10) and recovery - energy recovery (R1),THS_T,Thousand tonnes,LT,Lithuania,2000,,0,,,,,
dataflow,ESTAT:ENV_WASMUN(1.0),Municipal waste by waste management operations,A,Annual,DSP_I_RCV_E,Disposal - incineration (D10) and recovery - energy recovery (R1),THS_T,Thousand tonnes,LT,Lithuania,2001,,0,,,,,
dataflow,ESTAT:ENV_WASMUN(1.0),Municipal waste by waste management operations,A,Annual,DSP_I_RCV_E,Disposal - incineration (D10) and recovery - energy recovery (R1),THS_T,Thousand tonnes,LT,Lithuania,2002,,0,,,,,
dataflow,ESTAT:ENV_WASMUN(1.0),Municipal waste by waste management operations,A,Annual,DSP_I_RCV_E,Disposal - incineration (D10) and recovery - energy recovery (R1),THS_T,Thousand tonnes,LT,Lithuania,2003,,0,,,,,
dataflow,ESTAT:ENV_WASMUN(1.0),Municipal waste by waste management operations,A,Annual,DSP_I_RCV_E,Disposal - incineration (D10) and recovery - energy recovery (R1),THS_T,Thousand tonnes,LT,Lithuania,2004,,0,,,,,
dataflow,ESTAT:ENV_WASMUN(1.0),Municipal waste by waste management operations,A,Annual,DSP_I_RCV_E,Disposal - incineration (D10) and recovery - energy recovery (R1),THS_T,Thousand tonnes,LT,Lithuania,2005,,0,,,,,
dataflow,ESTAT:ENV_WASMUN(1.0),Municipal waste by waste management operations,A,Annual,DSP_I_RCV_E,Disposal - incineration (D10) and recovery - energy recovery (R1),THS_T,Thousand tonnes,LT,Lithuania,2006,,0,,,,,
dataflow,ESTAT:ENV_WASMUN(1.0),Municipal waste by waste management operations,A,Annual,DSP_I_RCV_E,Disposal - incineration (D10) and recovery - energy recovery (R1),THS_T,Thousand tonnes,LT,Lithuania,2007,,0,,,,,
dataflow,ESTAT:ENV_WASMUN(1.0),Municipal waste by waste management operations,A,Annual,DSP_I_RCV_E,Disposal - incineration (D10) and recovery - energy recovery (R1),THS_T,Thousand tonnes,LT,Lithuania,2008,,0,,,,,
dataflow,ESTAT:ENV_WASMUN(1.0),Municipal waste by waste management operations,A,Annual,DSP_I_RCV_E,Disposal - incineration (D10) and recovery - energy recovery (R1),THS_T,Thousand tonnes,LT,Lithuania,2009,,0,,,,,
dataflow,ESTAT:ENV_WASMUN(1.0),Municipal waste by waste management operations,A,Annual,DSP_I_RCV_E,Disposal - incineration (D10) and recovery - energy recovery (R1),THS_T,Thousand tonnes,LT,Lithuania,2010,,1,,,,,
dataflow,ESTAT:ENV_WASMUN(1.0),Municipal waste by waste management operations,A,Annual,DSP_I_RCV_E,Disposal - incineration (D10) and recovery - energy recovery (R1),THS_T,Thousand tonnes,LT,Lithuania,2011,,7,,,,,
dataflow,ESTAT:ENV_WASMUN(1.0),Municipal waste by waste management operations,A,Annual,DSP_I_RCV_E,Disposal - incineration (D10) and recovery - energy recovery (R1),THS_T,Thousand tonnes,LT,Lithuania,2012,,0,,,,,
dataflow,ESTAT:ENV_WASMUN(1.0),Municipal waste by waste management operations,A,Annual,DSP_I_RCV_E,Disposal - incineration (D10) and recovery - energy recovery (R1),THS_T,Thousand tonnes,LT,Lithuania,2013,,92,,,,,
dataflow,ESTAT:ENV_WASMUN(1.0),Municipal waste by waste management operations,A,Annual,DSP_I_RCV_E,Disposal - incineration (D10) and recovery - energy recovery (R1),THS_T,Thousand tonnes,LT,Lithuania,2014,,113,,,,,
dataflow,ESTAT:ENV_WASMUN(1.0),Municipal waste by waste management operations,A,Annual,DSP_I_RCV_E,Disposal - incineration (D10) and recovery - energy recovery (R1),THS_T,Thousand tonnes,LT,Lithuania,2015,,150,,,,,
dataflow,ESTAT:ENV_WASMUN(1.0),Municipal waste by waste management operations,A,Annual,DSP_I_RCV_E,Disposal - incineration (D10) and recovery - energy recovery (R1),THS_T,Thousand tonnes,LT,Lithuania,2016,,221,,,,,
dataflow,ESTAT:ENV_WASMUN(1.0),Municipal waste by waste management operations,A,Annual,DSP_I_RCV_E,Disposal - incineration (D10) and recovery - energy recovery (R1),THS_T,Thousand tonnes,LT,Lithuania,2017,,236,,,,,
dataflow,ESTAT:ENV_WASMUN(1.0),Municipal waste by waste management operations,A,Annual,DSP_I_RCV_E,Disposal - incineration (D10) and recovery - energy recovery (R1),THS_T,Thousand tonnes,LT,Lithuania,2018,,163,,,,,
dataflow,ESTAT:ENV_WASMUN(1.0),Municipal waste by waste management operations,A,Annual,DSP_I_RCV_E,Disposal - incineration (D10) and recovery - energy recovery (R1),THS_T,Thousand tonnes,LT,Lithuania,2019,,194,,,,,
dataflow,ESTAT:ENV_WASMUN(1.0),Municipal waste by waste management operations,A,Annual,DSP_I_RCV_E,Disposal - incineration (D10) and recovery - energy recovery (R1),THS_T,Thousand tonnes,LT,Lithuania,2020,,349,,,,,
dataflow,ESTAT:ENV_WASMUN(1.0),Municipal waste by waste management operations,A,Annual,DSP_I_RCV_E,Disposal - incineration (D10) and recovery - energy recovery (R1),THS_T,Thousand tonnes,LT,Lithuania,2021,,473,,,,,
dataflow,ESTAT:ENV_WASMUN(1.0),Municipal waste by waste management operations,A,Annual,DSP_I_RCV_E,Disposal - incineration (D10) and recovery - energy recovery (R1),THS_T,Thousand tonnes,LT,Lithuania,2022,,500,,,,,
dataflow,ESTAT:ENV_WASMUN(1.0),Municipal waste by waste management operations,A,Annual,DSP_I_RCV_E,Disposal - incineration (D10) and recovery - energy recovery (R1),THS_T,Thousand tonnes,LT,Lithuania,2023,,516,,,,,
dataflow,ESTAT:ENV_WASMUN(1.0),Municipal waste by waste management operations,A,Annual,DSP_I_RCV_E,Disposal - incineration (D10) and recovery - energy recovery (R1),THS_T,Thousand tonnes,LU,Luxembourg,1995,,127,,,,,
dataflow,ESTAT:ENV_WASMUN(1.0),Municipal waste by waste management operations,A,Annual,DSP_I_RCV_E,Disposal - incineration (D10) and recovery - energy recovery (R1),THS_T,Thousand tonnes,LU,Luxembourg,1996,,126,,,,,
dataflow,ESTAT:ENV_WASMUN(1.0),Municipal waste by waste management operations,A,Annual,DSP_I_RCV_E,Disposal - incineration (D10) and recovery - energy recovery (R1),THS_T,Thousand tonnes,LU,Luxembourg,1997,,125,,,,,
dataflow,ESTAT:ENV_WASMUN(1.0),Municipal waste by waste management operations,A,Annual,DSP_I_RCV_E,Disposal - incineration (D10) and recovery - energy recovery (R1),THS_T,Thousand tonnes,LU,Luxembourg,1998,,122,,,,,
dataflow,ESTAT:ENV_WASMUN(1.0),Municipal waste by waste management operations,A,Annual,DSP_I_RCV_E,Disposal - incineration (D10) and recovery - energy recovery (R1),THS_T,Thousand tonnes,LU,Luxembourg,1999,,133,,,,,
dataflow,ESTAT:ENV_WASMUN(1.0),Municipal waste by waste management operations,A,Annual,DSP_I_RCV_E,Disposal - incineration (D10) and recovery - energy recovery (R1),THS_T,Thousand tonnes,LU,Luxembourg,2000,,123,,,,,
dataflow,ESTAT:ENV_WASMUN(1.0),Municipal waste by waste management operations,A,Annual,DSP_I_RCV_E,Disposal - incineration (D10) and recovery - energy recovery (R1),THS_T,Thousand tonnes,LU,Luxembourg,2001,,121,,,,,
dataflow,ESTAT:ENV_WASMUN(1.0),Municipal waste by waste management operations,A,Annual,DSP_I_RCV_E,Disposal - incineration (D10) and recovery - energy recovery (R1),THS_T,Thousand tonnes,LU,Luxembourg,2002,,122,,,,,
dataflow,ESTAT:ENV_WASMUN(1.0),Municipal waste by waste management operations,A,Annual,DSP_I_RCV_E,Disposal - incineration (D10) and recovery - energy recovery (R1),THS_T,Thousand tonnes,LU,Luxembourg,2003,,120,,,,,
dataflow,ESTAT:ENV_WASMUN(1.0),Municipal waste by waste management operations,A,Annual,DSP_I_RCV_E,Disposal - incineration (D10) and recovery - energy recovery (R1),THS_T,Thousand tonnes,LU,Luxembourg,2004,,130,,,,,
dataflow,ESTAT:ENV_WASMUN(1.0),Municipal waste by waste management operations,A,Annual,DSP_I_RCV_E,Disposal - incineration (D10) and recovery - energy recovery (R1),THS_T,Thousand tonnes,LU,Luxembourg,2005,,118,,,,,
dataflow,ESTAT:ENV_WASMUN(1.0),Municipal waste by waste management operations,A,Annual,DSP_I_RCV_E,Disposal - incineration (D10) and recovery - energy recovery (R1),THS_T,Thousand tonnes,LU,Luxembourg,2006,,125,,,,,
dataflow,ESTAT:ENV_WASMUN(1.0),Municipal waste by waste management operations,A,Annual,DSP_I_RCV_E,Disposal - incineration (D10) and recovery - energy recovery (R1),THS_T,Thousand tonnes,LU,Luxembourg,2007,,128,,,,,
dataflow,ESTAT:ENV_WASMUN(1.0),Municipal waste by waste management operations,A,Annual,DSP_I_RCV_E,Disposal - incineration (D10) and recovery - energy recovery (R1),THS_T,Thousand tonnes,LU,Luxembourg,2008,,131,,,,,
dataflow,ESTAT:ENV_WASMUN(1.0),Municipal waste by waste management operations,A,Annual,DSP_I_RCV_E,Disposal - incineration (D10) and recovery - energy recovery (R1),THS_T,Thousand tonnes,LU,Luxembourg,2009,,131,,,,,
dataflow,ESTAT:ENV_WASMUN(1.0),Municipal waste by waste management operations,A,Annual,DSP_I_RCV_E,Disposal - incineration (D10) and recovery - energy recovery (R1),THS_T,Thousand tonnes,LU,Luxembourg,2010,,130,,,,,
dataflow,ESTAT:ENV_WASMUN(1.0),Municipal waste by waste management operations,A,Annual,DSP_I_RCV_E,Disposal - incineration (D10) and recovery - energy recovery (R1),THS_T,Thousand tonnes,LU,Luxembourg,2011,,135,,,,,
dataflow,ESTAT:ENV_WASMUN(1.0),Municipal waste by waste management operations,A,Annual,DSP_I_RCV_E,Disposal - incineration (D10) and recovery - energy recovery (R1),THS_T,Thousand tonnes,LU,Luxembourg,2012,,132,,,,,
dataflow,ESTAT:ENV_WASMUN(1.0),Municipal waste by waste management operations,A,Annual,DSP_I_RCV_E,Disposal - incineration (D10) and recovery - energy recovery (R1),THS_T,Thousand tonnes,LU,Luxembourg,2013,,132,,,,,
dataflow,ESTAT:ENV_WASMUN(1.0),Municipal waste by waste management operations,A,Annual,DSP_I_RCV_E,Disposal - incineration (D10) and recovery - energy recovery (R1),THS_T,Thousand tonnes,LU,Luxembourg,2014,,132,,,,,
dataflow,ESTAT:ENV_WASMUN(1.0),Municipal waste by waste management operations,A,Annual,DSP_I_RCV_E,Disposal - incineration (D10) and recovery - energy recovery (R1),THS_T,Thousand tonnes,LU,Luxembourg,2015,,156,,,,,
dataflow,ESTAT:ENV_WASMUN(1.0),Municipal waste by waste management operations,A,Annual,DSP_I_RCV_E,Disposal - incineration (D10) and recovery - energy recovery (R1),THS_T,Thousand tonnes,LU,Luxembourg,2016,,221,,b,break in time series,,
dataflow,ESTAT:ENV_WASMUN(1.0),Municipal waste by waste management operations,A,Annual,DSP_I_RCV_E,Disposal - incineration (D10) and recovery - energy recovery (R1),THS_T,Thousand tonnes,LU,Luxembourg,2017,,222,,,,,
dataflow,ESTAT:ENV_WASMUN(1.0),Municipal waste by waste management operations,A,Annual,DSP_I_RCV_E,Disposal - incineration (D10) and recovery - energy recovery (R1),THS_T,Thousand tonnes,LU,Luxembourg,2018,,228,,,,,
dataflow,ESTAT:ENV_WASMUN(1.0),Municipal waste by waste management operations,A,Annual,DSP_I_RCV_E,Disposal - incineration (D10) and recovery - energy recovery (R1),THS_T,Thousand tonnes,LU,Luxembourg,2019,,229,,e,estimated,,
dataflow,ESTAT:ENV_WASMUN(1.0),Municipal waste by waste management operations,A,Annual,DSP_I_RCV_E,Disposal - incineration (D10) and recovery - energy recovery (R1),THS_T,Thousand tonnes,LU,Luxembourg,2020,,215,,i,value imputed by Eurostat or other receiving agencies,,
dataflow,ESTAT:ENV_WASMUN(1.0),Municipal waste by waste management operations,A,Annual,DSP_I_RCV_E,Disposal - incineration (D10) and recovery - energy recovery (R1),THS_T,Thousand tonnes,LU,Luxembourg,2021,,207,,,,,
dataflow,ESTAT:ENV_WASMUN(1.0),Municipal waste by waste management operations,A,Annual,DSP_I_RCV_E,Disposal - incineration (D10) and recovery - energy recovery (R1),THS_T,Thousand tonnes,LU,Luxembourg,2022,,195,,,,,
dataflow,ESTAT:ENV_WASMUN(1.0),Municipal waste by waste management operations,A,Annual,DSP_I_RCV_E,Disposal - incineration (D10) and recovery - energy recovery (R1),THS_T,Thousand tonnes,LU,Luxembourg,2023,,194,,,,,
dataflow,ESTAT:ENV_WASMUN(1.0),Municipal waste by waste management operations,A,Annual,DSP_I_RCV_E,Disposal - incineration (D10) and recovery - energy recovery (R1),THS_T,Thousand tonnes,LV,Latvia,1995,,0,,,,,
dataflow,ESTAT:ENV_WASMUN(1.0),Municipal waste by waste management operations,A,Annual,DSP_I_RCV_E,Disposal - incineration (D10) and recovery - energy recovery (R1),THS_T,Thousand tonnes,LV,Latvia,1996,,0,,,,,
dataflow,ESTAT:ENV_WASMUN(1.0),Municipal waste by waste management operations,A,Annual,DSP_I_RCV_E,Disposal - incineration (D10) and recovery - energy recovery (R1),THS_T,Thousand tonnes,LV,Latvia,1997,,0,,,,,
dataflow,ESTAT:ENV_WASMUN(1.0),Municipal waste by waste management operations,A,Annual,DSP_I_RCV_E,Disposal - incineration (D10) and recovery - energy recovery (R1),THS_T,Thousand tonnes,LV,Latvia,1998,,0,,,,,
dataflow,ESTAT:ENV_WASMUN(1.0),Municipal waste by waste management operations,A,Annual,DSP_I_RCV_E,Disposal - incineration (D10) and recovery - energy recovery (R1),THS_T,Thousand tonnes,LV,Latvia,1999,,0,,,,,
dataflow,ESTAT:ENV_WASMUN(1.0),Municipal waste by waste management operations,A,Annual,DSP_I_RCV_E,Disposal - incineration (D10) and recovery - energy recovery (R1),THS_T,Thousand tonnes,LV,Latvia,2000,,0,,,,,
dataflow,ESTAT:ENV_WASMUN(1.0),Municipal waste by waste management operations,A,Annual,DSP_I_RCV_E,Disposal - incineration (D10) and recovery - energy recovery (R1),THS_T,Thousand tonnes,LV,Latvia,2001,,9,,,,,
dataflow,ESTAT:ENV_WASMUN(1.0),Municipal waste by waste management operations,A,Annual,DSP_I_RCV_E,Disposal - incineration (D10) and recovery - energy recovery (R1),THS_T,Thousand tonnes,LV,Latvia,2002,,13,,,,,
dataflow,ESTAT:ENV_WASMUN(1.0),Municipal waste by waste management operations,A,Annual,DSP_I_RCV_E,Disposal - incineration (D10) and recovery - energy recovery (R1),THS_T,Thousand tonnes,LV,Latvia,2003,,11,,,,,
dataflow,ESTAT:ENV_WASMUN(1.0),Municipal waste by waste management operations,A,Annual,DSP_I_RCV_E,Disposal - incineration (D10) and recovery - energy recovery (R1),THS_T,Thousand tonnes,LV,Latvia,2004,,14,,,,,
dataflow,ESTAT:ENV_WASMUN(1.0),Municipal waste by waste management operations,A,Annual,DSP_I_RCV_E,Disposal - incineration (D10) and recovery - energy recovery (R1),THS_T,Thousand tonnes,LV,Latvia,2005,,7,,,,,
dataflow,ESTAT:ENV_WASMUN(1.0),Municipal waste by waste management operations,A,Annual,DSP_I_RCV_E,Disposal - incineration (D10) and recovery - energy recovery (R1),THS_T,Thousand tonnes,LV,Latvia,2006,,5,,,,,
dataflow,ESTAT:ENV_WASMUN(1.0),Municipal waste by waste management operations,A,Annual,DSP_I_RCV_E,Disposal - incineration (D10) and recovery - energy recovery (R1),THS_T,Thousand tonnes,LV,Latvia,2007,,3,,,,,
dataflow,ESTAT:ENV_WASMUN(1.0),Municipal waste by waste management operations,A,Annual,DSP_I_RCV_E,Disposal - incineration (D10) and recovery - energy recovery (R1),THS_T,Thousand tonnes,LV,Latvia,2008,,3,,,,,
dataflow,ESTAT:ENV_WASMUN(1.0),Municipal waste by waste management operations,A,Annual,DSP_I_RCV_E,Disposal - incineration (D10) and recovery - energy recovery (R1),THS_T,Thousand tonnes,LV,Latvia,2009,,1,,,,,
dataflow,ESTAT:ENV_WASMUN(1.0),Municipal waste by waste management operations,A,Annual,DSP_I_RCV_E,Disposal - incineration (D10) and recovery - energy recovery (R1),THS_T,Thousand tonnes,LV,Latvia,2010,,0,,,,,
dataflow,ESTAT:ENV_WASMUN(1.0),Municipal waste by waste management operations,A,Annual,DSP_I_RCV_E,Disposal - incineration (D10) and recovery - energy recovery (R1),THS_T,Thousand tonnes,LV,Latvia,2011,,0,,,,,
dataflow,ESTAT:ENV_WASMUN(1.0),Municipal waste by waste management operations,A,Annual,DSP_I_RCV_E,Disposal - incineration (D10) and recovery - energy recovery (R1),THS_T,Thousand tonnes,LV,Latvia,2012,,3,,,,,
dataflow,ESTAT:ENV_WASMUN(1.0),Municipal waste by waste management operations,A,Annual,DSP_I_RCV_E,Disposal - incineration (D10) and recovery - energy recovery (R1),THS_T,Thousand tonnes,LV,Latvia,2013,,12,,,,,
dataflow,ESTAT:ENV_WASMUN(1.0),Municipal waste by waste management operations,A,Annual,DSP_I_RCV_E,Disposal - incineration (D10) and recovery - energy recovery (R1),THS_T,Thousand tonnes,LV,Latvia,2014,,11,,,,,
dataflow,ESTAT:ENV_WASMUN(1.0),Municipal waste by waste management operations,A,Annual,DSP_I_RCV_E,Disposal - incineration (D10) and recovery - energy recovery (R1),THS_T,Thousand tonnes,LV,Latvia,2015,,15,,,,,
dataflow,ESTAT:ENV_WASMUN(1.0),Municipal waste by waste management operations,A,Annual,DSP_I_RCV_E,Disposal - incineration (D10) and recovery - energy recovery (R1),THS_T,Thousand tonnes,LV,Latvia,2016,,19,,,,,
dataflow,ESTAT:ENV_WASMUN(1.0),Municipal waste by waste management operations,A,Annual,DSP_I_RCV_E,Disposal - incineration (D10) and recovery - energy recovery (R1),THS_T,Thousand tonnes,LV,Latvia,2017,,22,,,,,
dataflow,ESTAT:ENV_WASMUN(1.0),Municipal waste by waste management operations,A,Annual,DSP_I_RCV_E,Disposal - incineration (D10) and recovery - energy recovery (R1),THS_T,Thousand tonnes,LV,Latvia,2018,,15,,,,,
dataflow,ESTAT:ENV_WASMUN(1.0),Municipal waste by waste management operations,A,Annual,DSP_I_RCV_E,Disposal - incineration (D10) and recovery - energy recovery (R1),THS_T,Thousand tonnes,LV,Latvia,2019,,28,,i,value imputed by Eurostat or other receiving agencies,,
dataflow,ESTAT:ENV_WASMUN(1.0),Municipal waste by waste management operations,A,Annual,DSP_I_RCV_E,Disposal - incineration (D10) and recovery - energy recovery (R1),THS_T,Thousand tonnes,LV,Latvia,2020,,24,,,,,
dataflow,ESTAT:ENV_WASMUN(1.0),Municipal waste by waste management operations,A,Annual,DSP_I_RCV_E,Disposal - incineration (D10) and recovery - energy recovery (R1),THS_T,Thousand tonnes,LV,Latvia,2021,,30,,,,,
dataflow,ESTAT:ENV_WASMUN(1.0),Municipal waste by waste management operations,A,Annual,DSP_I_RCV_E,Disposal - incineration (D10) and recovery - energy recovery (R1),THS_T,Thousand tonnes,LV,Latvia,2022,,26,,,,,
dataflow,ESTAT:ENV_WASMUN(1.0),Municipal waste by waste management operations,A,Annual,DSP_I_RCV_E,Disposal - incineration (D10) and recovery - energy recovery (R1),THS_T,Thousand tonnes,ME,Montenegro,2012,,0,,e,estimated,,
dataflow,ESTAT:ENV_WASMUN(1.0),Municipal waste by waste management operations,A,Annual,DSP_I_RCV_E,Disposal - incineration (D10) and recovery - energy recovery (R1),THS_T,Thousand tonnes,ME,Montenegro,2013,,0,,e,estimated,,
dataflow,ESTAT:ENV_WASMUN(1.0),Municipal waste by waste management operations,A,Annual,DSP_I_RCV_E,Disposal - incineration (D10) and recovery - energy recovery (R1),THS_T,Thousand tonnes,ME,Montenegro,2014,,0,,e,estimated,,
dataflow,ESTAT:ENV_WASMUN(1.0),Municipal waste by waste management operations,A,Annual,DSP_I_RCV_E,Disposal - incineration (D10) and recovery - energy recovery (R1),THS_T,Thousand tonnes,ME,Montenegro,2015,,0,,e,estimated,,
dataflow,ESTAT:ENV_WASMUN(1.0),Municipal waste by waste management operations,A,Annual,DSP_I_RCV_E,Disposal - incineration (D10) and recovery - energy recovery (R1),THS_T,Thousand tonnes,ME,Montenegro,2016,,0,,e,estimated,,
dataflow,ESTAT:ENV_WASMUN(1.0),Municipal waste by waste management operations,A,Annual,DSP_I_RCV_E,Disposal - incineration (D10) and recovery - energy recovery (R1),THS_T,Thousand tonnes,ME,Montenegro,2018,,0,,e,estimated,,
dataflow,ESTAT:ENV_WASMUN(1.0),Municipal waste by waste management operations,A,Annual,DSP_I_RCV_E,Disposal - incineration (D10) and recovery - energy recovery (R1),THS_T,Thousand tonnes,ME,Montenegro,2019,,0,,e,estimated,,
dataflow,ESTAT:ENV_WASMUN(1.0),Municipal waste by waste management operations,A,Annual,DSP_I_RCV_E,Disposal - incineration (D10) and recovery - energy recovery (R1),THS_T,Thousand tonnes,ME,Montenegro,2020,,0,,e,estimated,,
dataflow,ESTAT:ENV_WASMUN(1.0),Municipal waste by waste management operations,A,Annual,DSP_I_RCV_E,Disposal - incineration (D10) and recovery - energy recovery (R1),THS_T,Thousand tonnes,ME,Montenegro,2021,,0,,e,estimated,,
dataflow,ESTAT:ENV_WASMUN(1.0),Municipal waste by waste management operations,A,Annual,DSP_I_RCV_E,Disposal - incineration (D10) and recovery - energy recovery (R1),THS_T,Thousand tonnes,ME,Montenegro,2022,,0,,e,estimated,,
dataflow,ESTAT:ENV_WASMUN(1.0),Municipal waste by waste management operations,A,Annual,DSP_I_RCV_E,Disposal - incineration (D10) and recovery - energy recovery (R1),THS_T,Thousand tonnes,ME,Montenegro,2023,,0,,e,estimated,,
dataflow,ESTAT:ENV_WASMUN(1.0),Municipal waste by waste management operations,A,Annual,DSP_I_RCV_E,Disposal - incineration (D10) and recovery - energy recovery (R1),THS_T,Thousand tonnes,MK,North Macedonia,2008,,0,,,,,
dataflow,ESTAT:ENV_WASMUN(1.0),Municipal waste by waste management operations,A,Annual,DSP_I_RCV_E,Disposal - incineration (D10) and recovery - energy recovery (R1),THS_T,Thousand tonnes,MK,North Macedonia,2011,,0,,,,,
dataflow,ESTAT:ENV_WASMUN(1.0),Municipal waste by waste management operations,A,Annual,DSP_I_RCV_E,Disposal - incineration (D10) and recovery - energy recovery (R1),THS_T,Thousand tonnes,MK,North Macedonia,2022,,0,,,,,
dataflow,ESTAT:ENV_WASMUN(1.0),Municipal waste by waste management operations,A,Annual,DSP_I_RCV_E,Disposal - incineration (D10) and recovery - energy recovery (R1),THS_T,Thousand tonnes,MT,Malta,1995,,0,,,,,
dataflow,ESTAT:ENV_WASMUN(1.0),Municipal waste by waste management operations,A,Annual,DSP_I_RCV_E,Disposal - incineration (D10) and recovery - energy recovery (R1),THS_T,Thousand tonnes,MT,Malta,1996,,0,,,,,
dataflow,ESTAT:ENV_WASMUN(1.0),Municipal waste by waste management operations,A,Annual,DSP_I_RCV_E,Disposal - incineration (D10) and recovery - energy recovery (R1),THS_T,Thousand tonnes,MT,Malta,1997,,0,,,,,
dataflow,ESTAT:ENV_WASMUN(1.0),Municipal waste by waste management operations,A,Annual,DSP_I_RCV_E,Disposal - incineration (D10) and recovery - energy recovery (R1),THS_T,Thousand tonnes,MT,Malta,1998,,0,,,,,
dataflow,ESTAT:ENV_WASMUN(1.0),Municipal waste by waste management operations,A,Annual,DSP_I_RCV_E,Disposal - incineration (D10) and recovery - energy recovery (R1),THS_T,Thousand tonnes,MT,Malta,1999,,0,,,,,
dataflow,ESTAT:ENV_WASMUN(1.0),Municipal waste by waste management operations,A,Annual,DSP_I_RCV_E,Disposal - incineration (D10) and recovery - energy recovery (R1),THS_T,Thousand tonnes,MT,Malta,2000,,0,,,,,
dataflow,ESTAT:ENV_WASMUN(1.0),Municipal waste by waste management operations,A,Annual,DSP_I_RCV_E,Disposal - incineration (D10) and recovery - energy recovery (R1),THS_T,Thousand tonnes,MT,Malta,2001,,0,,,,,
dataflow,ESTAT:ENV_WASMUN(1.0),Municipal waste by waste management operations,A,Annual,DSP_I_RCV_E,Disposal - incineration (D10) and recovery - energy recovery (R1),THS_T,Thousand tonnes,MT,Malta,2002,,0,,,,,
dataflow,ESTAT:ENV_WASMUN(1.0),Municipal waste by waste management operations,A,Annual,DSP_I_RCV_E,Disposal - incineration (D10) and recovery - energy recovery (R1),THS_T,Thousand tonnes,MT,Malta,2003,,0,,,,,
dataflow,ESTAT:ENV_WASMUN(1.0),Municipal waste by waste management operations,A,Annual,DSP_I_RCV_E,Disposal - incineration (D10) and recovery - energy recovery (R1),THS_T,Thousand tonnes,MT,Malta,2004,,0,,,,,
dataflow,ESTAT:ENV_WASMUN(1.0),Municipal waste by waste management operations,A,Annual,DSP_I_RCV_E,Disposal - incineration (D10) and recovery - energy recovery (R1),THS_T,Thousand tonnes,MT,Malta,2005,,0,,,,,
dataflow,ESTAT:ENV_WASMUN(1.0),Municipal waste by waste management operations,A,Annual,DSP_I_RCV_E,Disposal - incineration (D10) and recovery - energy recovery (R1),THS_T,Thousand tonnes,MT,Malta,2006,,0,,,,,
dataflow,ESTAT:ENV_WASMUN(1.0),Municipal waste by waste management operations,A,Annual,DSP_I_RCV_E,Disposal - incineration (D10) and recovery - energy recovery (R1),THS_T,Thousand tonnes,MT,Malta,2007,,0,,,,,
dataflow,ESTAT:ENV_WASMUN(1.0),Municipal waste by waste management operations,A,Annual,DSP_I_RCV_E,Disposal - incineration (D10) and recovery - energy recovery (R1),THS_T,Thousand tonnes,MT,Malta,2008,,0,,,,,
dataflow,ESTAT:ENV_WASMUN(1.0),Municipal waste by waste management operations,A,Annual,DSP_I_RCV_E,Disposal - incineration (D10) and recovery - energy recovery (R1),THS_T,Thousand tonnes,MT,Malta,2009,,0,,,,,
dataflow,ESTAT:ENV_WASMUN(1.0),Municipal waste by waste management operations,A,Annual,DSP_I_RCV_E,Disposal - incineration (D10) and recovery - energy recovery (R1),THS_T,Thousand tonnes,MT,Malta,2010,,0,,,,,
dataflow,ESTAT:ENV_WASMUN(1.0),Municipal waste by waste management operations,A,Annual,DSP_I_RCV_E,Disposal - incineration (D10) and recovery - energy recovery (R1),THS_T,Thousand tonnes,MT,Malta,2011,,3,,,,,
dataflow,ESTAT:ENV_WASMUN(1.0),Municipal waste by waste management operations,A,Annual,DSP_I_RCV_E,Disposal - incineration (D10) and recovery - energy recovery (R1),THS_T,Thousand tonnes,MT,Malta,2012,,1,,,,,
dataflow,ESTAT:ENV_WASMUN(1.0),Municipal waste by waste management operations,A,Annual,DSP_I_RCV_E,Disposal - incineration (D10) and recovery - energy recovery (R1),THS_T,Thousand tonnes,MT,Malta,2013,,1,,,,,
dataflow,ESTAT:ENV_WASMUN(1.0),Municipal waste by waste management operations,A,Annual,DSP_I_RCV_E,Disposal - incineration (D10) and recovery - energy recovery (R1),THS_T,Thousand tonnes,MT,Malta,2014,,1,,,,,
dataflow,ESTAT:ENV_WASMUN(1.0),Municipal waste by waste management operations,A,Annual,DSP_I_RCV_E,Disposal - incineration (D10) and recovery - energy recovery (R1),THS_T,Thousand tonnes,MT,Malta,2015,,1,,,,,
dataflow,ESTAT:ENV_WASMUN(1.0),Municipal waste by waste management operations,A,Annual,DSP_I_RCV_E,Disposal - incineration (D10) and recovery - energy recovery (R1),THS_T,Thousand tonnes,MT,Malta,2016,,1,,,,,
dataflow,ESTAT:ENV_WASMUN(1.0),Municipal waste by waste management operations,A,Annual,DSP_I_RCV_E,Disposal - incineration (D10) and recovery - energy recovery (R1),THS_T,Thousand tonnes,MT,Malta,2017,,0,,,,,
dataflow,ESTAT:ENV_WASMUN(1.0),Municipal waste by waste management operations,A,Annual,DSP_I_RCV_E,Disposal - incineration (D10) and recovery - energy recovery (R1),THS_T,Thousand tonnes,MT,Malta,2018,,0,,,,,
dataflow,ESTAT:ENV_WASMUN(1.0),Municipal waste by waste management operations,A,Annual,DSP_I_RCV_E,Disposal - incineration (D10) and recovery - energy recovery (R1),THS_T,Thousand tonnes,MT,Malta,2019,,0,,,,,
dataflow,ESTAT:ENV_WASMUN(1.0),Municipal waste by waste management operations,A,Annual,DSP_I_RCV_E,Disposal - incineration (D10) and recovery - energy recovery (R1),THS_T,Thousand tonnes,MT,Malta,2020,,0,,,,,
dataflow,ESTAT:ENV_WASMUN(1.0),Municipal waste by waste management operations,A,Annual,DSP_I_RCV_E,Disposal - incineration (D10) and recovery - energy recovery (R1),THS_T,Thousand tonnes,MT,Malta,2021,,13,,,,,
dataflow,ESTAT:ENV_WASMUN(1.0),Municipal waste by waste management operations,A,Annual,DSP_I_RCV_E,Disposal - incineration (D10) and recovery - energy recovery (R1),THS_T,Thousand tonnes,MT,Malta,2022,,4,,,,,
dataflow,ESTAT:ENV_WASMUN(1.0),Municipal waste by waste management operations,A,Annual,DSP_I_RCV_E,Disposal - incineration (D10) and recovery - energy recovery (R1),THS_T,Thousand tonnes,MT,Malta,2023,,9,,,,,
dataflow,ESTAT:ENV_WASMUN(1.0),Municipal waste by waste management operations,A,Annual,DSP_I_RCV_E,Disposal - incineration (D10) and recovery - energy recovery (R1),THS_T,Thousand tonnes,NL,Netherlands,2008,,4935,,b,break in time series,,
dataflow,ESTAT:ENV_WASMUN(1.0),Municipal waste by waste management operations,A,Annual,DSP_I_RCV_E,Disposal - incineration (D10) and recovery - energy recovery (R1),THS_T,Thousand tonnes,NL,Netherlands,2009,,4808,,,,,
dataflow,ESTAT:ENV_WASMUN(1.0),Municipal waste by waste management operations,A,Annual,DSP_I_RCV_E,Disposal - incineration (D10) and recovery - energy recovery (R1),THS_T,Thousand tonnes,NL,Netherlands,2010,,4674,,,,,
dataflow,ESTAT:ENV_WASMUN(1.0),Municipal waste by waste management operations,A,Annual,DSP_I_RCV_E,Disposal - incineration (D10) and recovery - energy recovery (R1),THS_T,Thousand tonnes,NL,Netherlands,2011,,4678,,,,,
dataflow,ESTAT:ENV_WASMUN(1.0),Municipal waste by waste management operations,A,Annual,DSP_I_RCV_E,Disposal - incineration (D10) and recovery - energy recovery (R1),THS_T,Thousand tonnes,NL,Netherlands,2012,,4515,,,,,
dataflow,ESTAT:ENV_WASMUN(1.0),Municipal waste by waste management operations,A,Annual,DSP_I_RCV_E,Disposal - incineration (D10) and recovery - energy recovery (R1),THS_T,Thousand tonnes,NL,Netherlands,2013,,4304,,,,,
dataflow,ESTAT:ENV_WASMUN(1.0),Municipal waste by waste management operations,A,Annual,DSP_I_RCV_E,Disposal - incineration (D10) and recovery - energy recovery (R1),THS_T,Thousand tonnes,NL,Netherlands,2014,,4238,,,,,
dataflow,ESTAT:ENV_WASMUN(1.0),Municipal waste by waste management operations,A,Annual,DSP_I_RCV_E,Disposal - incineration (D10) and recovery - energy recovery (R1),THS_T,Thousand tonnes,NL,Netherlands,2015,,4151,,,,,
dataflow,ESTAT:ENV_WASMUN(1.0),Municipal waste by waste management operations,A,Annual,DSP_I_RCV_E,Disposal - incineration (D10) and recovery - energy recovery (R1),THS_T,Thousand tonnes,NL,Netherlands,2016,,3995,,,,,
dataflow,ESTAT:ENV_WASMUN(1.0),Municipal waste by waste management operations,A,Annual,DSP_I_RCV_E,Disposal - incineration (D10) and recovery - energy recovery (R1),THS_T,Thousand tonnes,NL,Netherlands,2017,,3868,,,,,
dataflow,ESTAT:ENV_WASMUN(1.0),Municipal waste by waste management operations,A,Annual,DSP_I_RCV_E,Disposal - incineration (D10) and recovery - energy recovery (R1),THS_T,Thousand tonnes,NL,Netherlands,2018,,3759,,,,,
dataflow,ESTAT:ENV_WASMUN(1.0),Municipal waste by waste management operations,A,Annual,DSP_I_RCV_E,Disposal - incineration (D10) and recovery - energy recovery (R1),THS_T,Thousand tonnes,NL,Netherlands,2019,,3672,,,,,
dataflow,ESTAT:ENV_WASMUN(1.0),Municipal waste by waste management operations,A,Annual,DSP_I_RCV_E,Disposal - incineration (D10) and recovery - energy recovery (R1),THS_T,Thousand tonnes,NL,Netherlands,2020,,3876,,,,,
dataflow,ESTAT:ENV_WASMUN(1.0),Municipal waste by waste management operations,A,Annual,DSP_I_RCV_E,Disposal - incineration (D10) and recovery - energy recovery (R1),THS_T,Thousand tonnes,NL,Netherlands,2021,,3681,,,,,
dataflow,ESTAT:ENV_WASMUN(1.0),Municipal waste by waste management operations,A,Annual,DSP_I_RCV_E,Disposal - incineration (D10) and recovery - energy recovery (R1),THS_T,Thousand tonnes,NL,Netherlands,2022,,3431,,p,provisional,,
dataflow,ESTAT:ENV_WASMUN(1.0),Municipal waste by waste management operations,A,Annual,DSP_I_RCV_E,Disposal - incineration (D10) and recovery - energy recovery (R1),THS_T,Thousand tonnes,NL,Netherlands,2023,,3367,,,,,
dataflow,ESTAT:ENV_WASMUN(1.0),Municipal waste by waste management operations,A,Annual,DSP_I_RCV_E,Disposal - incineration (D10) and recovery - energy recovery (R1),THS_T,Thousand tonnes,NO,Norway,1995,,367,,,,,
dataflow,ESTAT:ENV_WASMUN(1.0),Municipal waste by waste management operations,A,Annual,DSP_I_RCV_E,Disposal - incineration (D10) and recovery - energy recovery (R1),THS_T,Thousand tonnes,NO,Norway,1996,,353,,,,,
dataflow,ESTAT:ENV_WASMUN(1.0),Municipal waste by waste management operations,A,Annual,DSP_I_RCV_E,Disposal - incineration (D10) and recovery - energy recovery (R1),THS_T,Thousand tonnes,NO,Norway,1997,,367,,,,,
dataflow,ESTAT:ENV_WASMUN(1.0),Municipal waste by waste management operations,A,Annual,DSP_I_RCV_E,Disposal - incineration (D10) and recovery - energy recovery (R1),THS_T,Thousand tonnes,NO,Norway,1998,,374,,,,,
dataflow,ESTAT:ENV_WASMUN(1.0),Municipal waste by waste management operations,A,Annual,DSP_I_RCV_E,Disposal - incineration (D10) and recovery - energy recovery (R1),THS_T,Thousand tonnes,NO,Norway,1999,,410,,,,,
dataflow,ESTAT:ENV_WASMUN(1.0),Municipal waste by waste management operations,A,Annual,DSP_I_RCV_E,Disposal - incineration (D10) and recovery - energy recovery (R1),THS_T,Thousand tonnes,NO,Norway,2000,,405,,,,,
dataflow,ESTAT:ENV_WASMUN(1.0),Municipal waste by waste management operations,A,Annual,DSP_I_RCV_E,Disposal - incineration (D10) and recovery - energy recovery (R1),THS_T,Thousand tonnes,NO,Norway,2001,,481,,b,break in time series,,
dataflow,ESTAT:ENV_WASMUN(1.0),Municipal waste by waste management operations,A,Annual,DSP_I_RCV_E,Disposal - incineration (D10) and recovery - energy recovery (R1),THS_T,Thousand tonnes,NO,Norway,2002,,543,,,,,
dataflow,ESTAT:ENV_WASMUN(1.0),Municipal waste by waste management operations,A,Annual,DSP_I_RCV_E,Disposal - incineration (D10) and recovery - energy recovery (R1),THS_T,Thousand tonnes,NO,Norway,2003,,598,,,,,
dataflow,ESTAT:ENV_WASMUN(1.0),Municipal waste by waste management operations,A,Annual,DSP_I_RCV_E,Disposal - incineration (D10) and recovery - energy recovery (R1),THS_T,Thousand tonnes,NO,Norway,2004,,587,,,,,
dataflow,ESTAT:ENV_WASMUN(1.0),Municipal waste by waste management operations,A,Annual,DSP_I_RCV_E,Disposal - incineration (D10) and recovery - energy recovery (R1),THS_T,Thousand tonnes,NO,Norway,2005,,656,,,,,
dataflow,ESTAT:ENV_WASMUN(1.0),Municipal waste by waste management operations,A,Annual,DSP_I_RCV_E,Disposal - incineration (D10) and recovery - energy recovery (R1),THS_T,Thousand tonnes,NO,Norway,2006,,675,,,,,
dataflow,ESTAT:ENV_WASMUN(1.0),Municipal waste by waste management operations,A,Annual,DSP_I_RCV_E,Disposal - incineration (D10) and recovery - energy recovery (R1),THS_T,Thousand tonnes,NO,Norway,2007,,866,,,,,
dataflow,ESTAT:ENV_WASMUN(1.0),Municipal waste by waste management operations,A,Annual,DSP_I_RCV_E,Disposal - incineration (D10) and recovery - energy recovery (R1),THS_T,Thousand tonnes,NO,Norway,2008,,873,,,,,
dataflow,ESTAT:ENV_WASMUN(1.0),Municipal waste by waste management operations,A,Annual,DSP_I_RCV_E,Disposal - incineration (D10) and recovery - energy recovery (R1),THS_T,Thousand tonnes,NO,Norway,2009,,941,,,,,
dataflow,ESTAT:ENV_WASMUN(1.0),Municipal waste by waste management operations,A,Annual,DSP_I_RCV_E,Disposal - incineration (D10) and recovery - energy recovery (R1),THS_T,Thousand tonnes,NO,Norway,2010,,1154,,,,,
dataflow,ESTAT:ENV_WASMUN(1.0),Municipal waste by waste management operations,A,Annual,DSP_I_RCV_E,Disposal - incineration (D10) and recovery - energy recovery (R1),THS_T,Thousand tonnes,NO,Norway,2011,,1341,,,,,
dataflow,ESTAT:ENV_WASMUN(1.0),Municipal waste by waste management operations,A,Annual,DSP_I_RCV_E,Disposal - incineration (D10) and recovery - energy recovery (R1),THS_T,Thousand tonnes,NO,Norway,2012,,1346,,,,,
dataflow,ESTAT:ENV_WASMUN(1.0),Municipal waste by waste management operations,A,Annual,DSP_I_RCV_E,Disposal - incineration (D10) and recovery - energy recovery (R1),THS_T,Thousand tonnes,NO,Norway,2013,,1446,,,,,
dataflow,ESTAT:ENV_WASMUN(1.0),Municipal waste by waste management operations,A,Annual,DSP_I_RCV_E,Disposal - incineration (D10) and recovery - energy recovery (R1),THS_T,Thousand tonnes,NO,Norway,2014,,1148,,b,break in time series,,
dataflow,ESTAT:ENV_WASMUN(1.0),Municipal waste by waste management operations,A,Annual,DSP_I_RCV_E,Disposal - incineration (D10) and recovery - energy recovery (R1),THS_T,Thousand tonnes,NO,Norway,2015,,1145,,,,,
dataflow,ESTAT:ENV_WASMUN(1.0),Municipal waste by waste management operations,A,Annual,DSP_I_RCV_E,Disposal - incineration (D10) and recovery - energy recovery (R1),THS_T,Thousand tonnes,NO,Norway,2016,,2113,,b,break in time series,,
dataflow,ESTAT:ENV_WASMUN(1.0),Municipal waste by waste management operations,A,Annual,DSP_I_RCV_E,Disposal - incineration (D10) and recovery - energy recovery (R1),THS_T,Thousand tonnes,NO,Norway,2017,,2088,,,,,
dataflow,ESTAT:ENV_WASMUN(1.0),Municipal waste by waste management operations,A,Annual,DSP_I_RCV_E,Disposal - incineration (D10) and recovery - energy recovery (R1),THS_T,Thousand tonnes,NO,Norway,2018,,2006,,,,,
dataflow,ESTAT:ENV_WASMUN(1.0),Municipal waste by waste management operations,A,Annual,DSP_I_RCV_E,Disposal - incineration (D10) and recovery - energy recovery (R1),THS_T,Thousand tonnes,NO,Norway,2019,,2053,,,,,
dataflow,ESTAT:ENV_WASMUN(1.0),Municipal waste by waste management operations,A,Annual,DSP_I_RCV_E,Disposal - incineration (D10) and recovery - energy recovery (R1),THS_T,Thousand tonnes,NO,Norway,2020,,1814,,b,break in time series,,
dataflow,ESTAT:ENV_WASMUN(1.0),Municipal waste by waste management operations,A,Annual,DSP_I_RCV_E,Disposal - incineration (D10) and recovery - energy recovery (R1),THS_T,Thousand tonnes,NO,Norway,2021,,2160,,,,,
dataflow,ESTAT:ENV_WASMUN(1.0),Municipal waste by waste management operations,A,Annual,DSP_I_RCV_E,Disposal - incineration (D10) and recovery - energy recovery (R1),THS_T,Thousand tonnes,NO,Norway,2022,,2146,,,,,
dataflow,ESTAT:ENV_WASMUN(1.0),Municipal waste by waste management operations,A,Annual,DSP_I_RCV_E,Disposal - incineration (D10) and recovery - energy recovery (R1),THS_T,Thousand tonnes,NO,Norway,2023,,1873,,,,,
dataflow,ESTAT:ENV_WASMUN(1.0),Municipal waste by waste management operations,A,Annual,DSP_I_RCV_E,Disposal - incineration (D10) and recovery - energy recovery (R1),THS_T,Thousand tonnes,PL,Poland,1995,,0,,,,,
dataflow,ESTAT:ENV_WASMUN(1.0),Municipal waste by waste management operations,A,Annual,DSP_I_RCV_E,Disposal - incineration (D10) and recovery - energy recovery (R1),THS_T,Thousand tonnes,PL,Poland,1996,,0,,,,,
dataflow,ESTAT:ENV_WASMUN(1.0),Municipal waste by waste management operations,A,Annual,DSP_I_RCV_E,Disposal - incineration (D10) and recovery - energy recovery (R1),THS_T,Thousand tonnes,PL,Poland,1997,,0,,,,,
dataflow,ESTAT:ENV_WASMUN(1.0),Municipal waste by waste management operations,A,Annual,DSP_I_RCV_E,Disposal - incineration (D10) and recovery - energy recovery (R1),THS_T,Thousand tonnes,PL,Poland,1998,,0,,,,,
dataflow,ESTAT:ENV_WASMUN(1.0),Municipal waste by waste management operations,A,Annual,DSP_I_RCV_E,Disposal - incineration (D10) and recovery - energy recovery (R1),THS_T,Thousand tonnes,PL,Poland,1999,,0,,,,,
dataflow,ESTAT:ENV_WASMUN(1.0),Municipal waste by waste management operations,A,Annual,DSP_I_RCV_E,Disposal - incineration (D10) and recovery - energy recovery (R1),THS_T,Thousand tonnes,PL,Poland,2000,,0,,,,,
dataflow,ESTAT:ENV_WASMUN(1.0),Municipal waste by waste management operations,A,Annual,DSP_I_RCV_E,Disposal - incineration (D10) and recovery - energy recovery (R1),THS_T,Thousand tonnes,PL,Poland,2001,,14,,,,,
dataflow,ESTAT:ENV_WASMUN(1.0),Municipal waste by waste management operations,A,Annual,DSP_I_RCV_E,Disposal - incineration (D10) and recovery - energy recovery (R1),THS_T,Thousand tonnes,PL,Poland,2002,,36,,,,,
dataflow,ESTAT:ENV_WASMUN(1.0),Municipal waste by waste management operations,A,Annual,DSP_I_RCV_E,Disposal - incineration (D10) and recovery - energy recovery (R1),THS_T,Thousand tonnes,PL,Poland,2003,,42,,,,,
dataflow,ESTAT:ENV_WASMUN(1.0),Municipal waste by waste management operations,A,Annual,DSP_I_RCV_E,Disposal - incineration (D10) and recovery - energy recovery (R1),THS_T,Thousand tonnes,PL,Poland,2004,,44,,,,,
dataflow,ESTAT:ENV_WASMUN(1.0),Municipal waste by waste management operations,A,Annual,DSP_I_RCV_E,Disposal - incineration (D10) and recovery - energy recovery (R1),THS_T,Thousand tonnes,PL,Poland,2005,,44,,,,,
dataflow,ESTAT:ENV_WASMUN(1.0),Municipal waste by waste management operations,A,Annual,DSP_I_RCV_E,Disposal - incineration (D10) and recovery - energy recovery (R1),THS_T,Thousand tonnes,PL,Poland,2006,,45,,,,,
dataflow,ESTAT:ENV_WASMUN(1.0),Municipal waste by waste management operations,A,Annual,DSP_I_RCV_E,Disposal - incineration (D10) and recovery - energy recovery (R1),THS_T,Thousand tonnes,PL,Poland,2007,,41,,,,,
dataflow,ESTAT:ENV_WASMUN(1.0),Municipal waste by waste management operations,A,Annual,DSP_I_RCV_E,Disposal - incineration (D10) and recovery - energy recovery (R1),THS_T,Thousand tonnes,PL,Poland,2008,,40,,,,,
dataflow,ESTAT:ENV_WASMUN(1.0),Municipal waste by waste management operations,A,Annual,DSP_I_RCV_E,Disposal - incineration (D10) and recovery - energy recovery (R1),THS_T,Thousand tonnes,PL,Poland,2009,,46,,,,,
dataflow,ESTAT:ENV_WASMUN(1.0),Municipal waste by waste management operations,A,Annual,DSP_I_RCV_E,Disposal - incineration (D10) and recovery - energy recovery (R1),THS_T,Thousand tonnes,PL,Poland,2010,,39,,,,,
dataflow,ESTAT:ENV_WASMUN(1.0),Municipal waste by waste management operations,A,Annual,DSP_I_RCV_E,Disposal - incineration (D10) and recovery - energy recovery (R1),THS_T,Thousand tonnes,PL,Poland,2011,,45,,,,,
dataflow,ESTAT:ENV_WASMUN(1.0),Municipal waste by waste management operations,A,Annual,DSP_I_RCV_E,Disposal - incineration (D10) and recovery - energy recovery (R1),THS_T,Thousand tonnes,PL,Poland,2012,,51,,,,,
dataflow,ESTAT:ENV_WASMUN(1.0),Municipal waste by waste management operations,A,Annual,DSP_I_RCV_E,Disposal - incineration (D10) and recovery - energy recovery (R1),THS_T,Thousand tonnes,PL,Poland,2013,,766,,be,"break in time series, estimated",,
dataflow,ESTAT:ENV_WASMUN(1.0),Municipal waste by waste management operations,A,Annual,DSP_I_RCV_E,Disposal - incineration (D10) and recovery - energy recovery (R1),THS_T,Thousand tonnes,PL,Poland,2014,,1560,,be,"break in time series, estimated",,
dataflow,ESTAT:ENV_WASMUN(1.0),Municipal waste by waste management operations,A,Annual,DSP_I_RCV_E,Disposal - incineration (D10) and recovery - energy recovery (R1),THS_T,Thousand tonnes,PL,Poland,2015,,1439,,e,estimated,,
dataflow,ESTAT:ENV_WASMUN(1.0),Municipal waste by waste management operations,A,Annual,DSP_I_RCV_E,Disposal - incineration (D10) and recovery - energy recovery (R1),THS_T,Thousand tonnes,PL,Poland,2016,,2266,,e,estimated,,
dataflow,ESTAT:ENV_WASMUN(1.0),Municipal waste by waste management operations,A,Annual,DSP_I_RCV_E,Disposal - incineration (D10) and recovery - energy recovery (R1),THS_T,Thousand tonnes,PL,Poland,2017,,2922,,e,estimated,,
dataflow,ESTAT:ENV_WASMUN(1.0),Municipal waste by waste management operations,A,Annual,DSP_I_RCV_E,Disposal - incineration (D10) and recovery - energy recovery (R1),THS_T,Thousand tonnes,PL,Poland,2018,,3013,,e,estimated,,
dataflow,ESTAT:ENV_WASMUN(1.0),Municipal waste by waste management operations,A,Annual,DSP_I_RCV_E,Disposal - incineration (D10) and recovery - energy recovery (R1),THS_T,Thousand tonnes,PL,Poland,2019,,2920,,e,estimated,,
dataflow,ESTAT:ENV_WASMUN(1.0),Municipal waste by waste management operations,A,Annual,DSP_I_RCV_E,Disposal - incineration (D10) and recovery - energy recovery (R1),THS_T,Thousand tonnes,PL,Poland,2020,,2823,,,,,
dataflow,ESTAT:ENV_WASMUN(1.0),Municipal waste by waste management operations,A,Annual,DSP_I_RCV_E,Disposal - incineration (D10) and recovery - energy recovery (R1),THS_T,Thousand tonnes,PL,Poland,2021,,2873,,,,,
dataflow,ESTAT:ENV_WASMUN(1.0),Municipal waste by waste management operations,A,Annual,DSP_I_RCV_E,Disposal - incineration (D10) and recovery - energy recovery (R1),THS_T,Thousand tonnes,PL,Poland,2022,,2827,,,,,
dataflow,ESTAT:ENV_WASMUN(1.0),Municipal waste by waste management operations,A,Annual,DSP_I_RCV_E,Disposal - incineration (D10) and recovery - energy recovery (R1),THS_T,Thousand tonnes,PL,Poland,2023,,2778,,,,,
dataflow,ESTAT:ENV_WASMUN(1.0),Municipal waste by waste management operations,A,Annual,DSP_I_RCV_E,Disposal - incineration (D10) and recovery - energy recovery (R1),THS_T,Thousand tonnes,PT,Portugal,1995,,4,,,,,
dataflow,ESTAT:ENV_WASMUN(1.0),Municipal waste by waste management operations,A,Annual,DSP_I_RCV_E,Disposal - incineration (D10) and recovery - energy recovery (R1),THS_T,Thousand tonnes,PT,Portugal,1996,,6,,,,,
dataflow,ESTAT:ENV_WASMUN(1.0),Municipal waste by waste management operations,A,Annual,DSP_I_RCV_E,Disposal - incineration (D10) and recovery - energy recovery (R1),THS_T,Thousand tonnes,PT,Portugal,1997,,7,,,,,
dataflow,ESTAT:ENV_WASMUN(1.0),Municipal waste by waste management operations,A,Annual,DSP_I_RCV_E,Disposal - incineration (D10) and recovery - energy recovery (R1),THS_T,Thousand tonnes,PT,Portugal,1998,,4,,,,,
dataflow,ESTAT:ENV_WASMUN(1.0),Municipal waste by waste management operations,A,Annual,DSP_I_RCV_E,Disposal - incineration (D10) and recovery - energy recovery (R1),THS_T,Thousand tonnes,PT,Portugal,1999,,3,,,,,
dataflow,ESTAT:ENV_WASMUN(1.0),Municipal waste by waste management operations,A,Annual,DSP_I_RCV_E,Disposal - incineration (D10) and recovery - energy recovery (R1),THS_T,Thousand tonnes,PT,Portugal,2000,,985,,,,,
dataflow,ESTAT:ENV_WASMUN(1.0),Municipal waste by waste management operations,A,Annual,DSP_I_RCV_E,Disposal - incineration (D10) and recovery - energy recovery (R1),THS_T,Thousand tonnes,PT,Portugal,2001,,973,,,,,
dataflow,ESTAT:ENV_WASMUN(1.0),Municipal waste by waste management operations,A,Annual,DSP_I_RCV_E,Disposal - incineration (D10) and recovery - energy recovery (R1),THS_T,Thousand tonnes,PT,Portugal,2002,,944,,b,break in time series,,
dataflow,ESTAT:ENV_WASMUN(1.0),Municipal waste by waste management operations,A,Annual,DSP_I_RCV_E,Disposal - incineration (D10) and recovery - energy recovery (R1),THS_T,Thousand tonnes,PT,Portugal,2003,,1002,,,,,
dataflow,ESTAT:ENV_WASMUN(1.0),Municipal waste by waste management operations,A,Annual,DSP_I_RCV_E,Disposal - incineration (D10) and recovery - energy recovery (R1),THS_T,Thousand tonnes,PT,Portugal,2004,,993,,,,,
dataflow,ESTAT:ENV_WASMUN(1.0),Municipal waste by waste management operations,A,Annual,DSP_I_RCV_E,Disposal - incineration (D10) and recovery - energy recovery (R1),THS_T,Thousand tonnes,PT,Portugal,2005,,1057,,,,,
dataflow,ESTAT:ENV_WASMUN(1.0),Municipal waste by waste management operations,A,Annual,DSP_I_RCV_E,Disposal - incineration (D10) and recovery - energy recovery (R1),THS_T,Thousand tonnes,PT,Portugal,2006,,978,,,,,
dataflow,ESTAT:ENV_WASMUN(1.0),Municipal waste by waste management operations,A,Annual,DSP_I_RCV_E,Disposal - incineration (D10) and recovery - energy recovery (R1),THS_T,Thousand tonnes,PT,Portugal,2007,,948,,b,break in time series,,
dataflow,ESTAT:ENV_WASMUN(1.0),Municipal waste by waste management operations,A,Annual,DSP_I_RCV_E,Disposal - incineration (D10) and recovery - energy recovery (R1),THS_T,Thousand tonnes,PT,Portugal,2008,,993,,,,,
dataflow,ESTAT:ENV_WASMUN(1.0),Municipal waste by waste management operations,A,Annual,DSP_I_RCV_E,Disposal - incineration (D10) and recovery - energy recovery (R1),THS_T,Thousand tonnes,PT,Portugal,2009,,1083,,,,,
dataflow,ESTAT:ENV_WASMUN(1.0),Municipal waste by waste management operations,A,Annual,DSP_I_RCV_E,Disposal - incineration (D10) and recovery - energy recovery (R1),THS_T,Thousand tonnes,PT,Portugal,2010,,1058,,,,,
dataflow,ESTAT:ENV_WASMUN(1.0),Municipal waste by waste management operations,A,Annual,DSP_I_RCV_E,Disposal - incineration (D10) and recovery - energy recovery (R1),THS_T,Thousand tonnes,PT,Portugal,2011,,1088,,,,,
dataflow,ESTAT:ENV_WASMUN(1.0),Municipal waste by waste management operations,A,Annual,DSP_I_RCV_E,Disposal - incineration (D10) and recovery - energy recovery (R1),THS_T,Thousand tonnes,PT,Portugal,2012,,930,,,,,
dataflow,ESTAT:ENV_WASMUN(1.0),Municipal waste by waste management operations,A,Annual,DSP_I_RCV_E,Disposal - incineration (D10) and recovery - energy recovery (R1),THS_T,Thousand tonnes,PT,Portugal,2013,,1091,,,,,
dataflow,ESTAT:ENV_WASMUN(1.0),Municipal waste by waste management operations,A,Annual,DSP_I_RCV_E,Disposal - incineration (D10) and recovery - energy recovery (R1),THS_T,Thousand tonnes,PT,Portugal,2014,,974,,,,,
dataflow,ESTAT:ENV_WASMUN(1.0),Municipal waste by waste management operations,A,Annual,DSP_I_RCV_E,Disposal - incineration (D10) and recovery - energy recovery (R1),THS_T,Thousand tonnes,PT,Portugal,2015,,941,,,,,
dataflow,ESTAT:ENV_WASMUN(1.0),Municipal waste by waste management operations,A,Annual,DSP_I_RCV_E,Disposal - incineration (D10) and recovery - energy recovery (R1),THS_T,Thousand tonnes,PT,Portugal,2016,,950,,,,,
dataflow,ESTAT:ENV_WASMUN(1.0),Municipal waste by waste management operations,A,Annual,DSP_I_RCV_E,Disposal - incineration (D10) and recovery - energy recovery (R1),THS_T,Thousand tonnes,PT,Portugal,2017,,989,,,,,
dataflow,ESTAT:ENV_WASMUN(1.0),Municipal waste by waste management operations,A,Annual,DSP_I_RCV_E,Disposal - incineration (D10) and recovery - energy recovery (R1),THS_T,Thousand tonnes,PT,Portugal,2018,,946,,,,,
dataflow,ESTAT:ENV_WASMUN(1.0),Municipal waste by waste management operations,A,Annual,DSP_I_RCV_E,Disposal - incineration (D10) and recovery - energy recovery (R1),THS_T,Thousand tonnes,PT,Portugal,2019,,996,,,,,
dataflow,ESTAT:ENV_WASMUN(1.0),Municipal waste by waste management operations,A,Annual,DSP_I_RCV_E,Disposal - incineration (D10) and recovery - energy recovery (R1),THS_T,Thousand tonnes,PT,Portugal,2020,,1129,,,,,
dataflow,ESTAT:ENV_WASMUN(1.0),Municipal waste by waste management operations,A,Annual,DSP_I_RCV_E,Disposal - incineration (D10) and recovery - energy recovery (R1),THS_T,Thousand tonnes,PT,Portugal,2021,,1248,,,,,
dataflow,ESTAT:ENV_WASMUN(1.0),Municipal waste by waste management operations,A,Annual,DSP_I_RCV_E,Disposal - incineration (D10) and recovery - energy recovery (R1),THS_T,Thousand tonnes,PT,Portugal,2022,,1078,,,,,
dataflow,ESTAT:ENV_WASMUN(1.0),Municipal waste by waste management operations,A,Annual,DSP_I_RCV_E,Disposal - incineration (D10) and recovery - energy recovery (R1),THS_T,Thousand tonnes,PT,Portugal,2023,,976,,,,,
dataflow,ESTAT:ENV_WASMUN(1.0),Municipal waste by waste management operations,A,Annual,DSP_I_RCV_E,Disposal - incineration (D10) and recovery - energy recovery (R1),THS_T,Thousand tonnes,RO,Romania,1995,,0,,,,,
dataflow,ESTAT:ENV_WASMUN(1.0),Municipal waste by waste management operations,A,Annual,DSP_I_RCV_E,Disposal - incineration (D10) and recovery - energy recovery (R1),THS_T,Thousand tonnes,RO,Romania,1996,,0,,,,,
dataflow,ESTAT:ENV_WASMUN(1.0),Municipal waste by waste management operations,A,Annual,DSP_I_RCV_E,Disposal - incineration (D10) and recovery - energy recovery (R1),THS_T,Thousand tonnes,RO,Romania,1997,,0,,,,,
dataflow,ESTAT:ENV_WASMUN(1.0),Municipal waste by waste management operations,A,Annual,DSP_I_RCV_E,Disposal - incineration (D10) and recovery - energy recovery (R1),THS_T,Thousand tonnes,RO,Romania,1998,,0,,,,,
dataflow,ESTAT:ENV_WASMUN(1.0),Municipal waste by waste management operations,A,Annual,DSP_I_RCV_E,Disposal - incineration (D10) and recovery - energy recovery (R1),THS_T,Thousand tonnes,RO,Romania,1999,,0,,,,,
dataflow,ESTAT:ENV_WASMUN(1.0),Municipal waste by waste management operations,A,Annual,DSP_I_RCV_E,Disposal - incineration (D10) and recovery - energy recovery (R1),THS_T,Thousand tonnes,RO,Romania,2000,,0,,,,,
dataflow,ESTAT:ENV_WASMUN(1.0),Municipal waste by waste management operations,A,Annual,DSP_I_RCV_E,Disposal - incineration (D10) and recovery - energy recovery (R1),THS_T,Thousand tonnes,RO,Romania,2001,,0,,,,,
dataflow,ESTAT:ENV_WASMUN(1.0),Municipal waste by waste management operations,A,Annual,DSP_I_RCV_E,Disposal - incineration (D10) and recovery - energy recovery (R1),THS_T,Thousand tonnes,RO,Romania,2002,,0,,,,,
dataflow,ESTAT:ENV_WASMUN(1.0),Municipal waste by waste management operations,A,Annual,DSP_I_RCV_E,Disposal - incineration (D10) and recovery - energy recovery (R1),THS_T,Thousand tonnes,RO,Romania,2003,,0,,,,,
dataflow,ESTAT:ENV_WASMUN(1.0),Municipal waste by waste management operations,A,Annual,DSP_I_RCV_E,Disposal - incineration (D10) and recovery - energy recovery (R1),THS_T,Thousand tonnes,RO,Romania,2004,,0,,,,,
dataflow,ESTAT:ENV_WASMUN(1.0),Municipal waste by waste management operations,A,Annual,DSP_I_RCV_E,Disposal - incineration (D10) and recovery - energy recovery (R1),THS_T,Thousand tonnes,RO,Romania,2005,,0,,,,,
dataflow,ESTAT:ENV_WASMUN(1.0),Municipal waste by waste management operations,A,Annual,DSP_I_RCV_E,Disposal - incineration (D10) and recovery - energy recovery (R1),THS_T,Thousand tonnes,RO,Romania,2006,,0,,,,,
dataflow,ESTAT:ENV_WASMUN(1.0),Municipal waste by waste management operations,A,Annual,DSP_I_RCV_E,Disposal - incineration (D10) and recovery - energy recovery (R1),THS_T,Thousand tonnes,RO,Romania,2007,,0,,,,,
dataflow,ESTAT:ENV_WASMUN(1.0),Municipal waste by waste management operations,A,Annual,DSP_I_RCV_E,Disposal - incineration (D10) and recovery - energy recovery (R1),THS_T,Thousand tonnes,RO,Romania,2008,,0,,,,,
dataflow,ESTAT:ENV_WASMUN(1.0),Municipal waste by waste management operations,A,Annual,DSP_I_RCV_E,Disposal - incineration (D10) and recovery - energy recovery (R1),THS_T,Thousand tonnes,RO,Romania,2009,,0,,,,,
dataflow,ESTAT:ENV_WASMUN(1.0),Municipal waste by waste management operations,A,Annual,DSP_I_RCV_E,Disposal - incineration (D10) and recovery - energy recovery (R1),THS_T,Thousand tonnes,RO,Romania,2010,,21,,b,break in time series,,
dataflow,ESTAT:ENV_WASMUN(1.0),Municipal waste by waste management operations,A,Annual,DSP_I_RCV_E,Disposal - incineration (D10) and recovery - energy recovery (R1),THS_T,Thousand tonnes,RO,Romania,2011,,47,,,,,
dataflow,ESTAT:ENV_WASMUN(1.0),Municipal waste by waste management operations,A,Annual,DSP_I_RCV_E,Disposal - incineration (D10) and recovery - energy recovery (R1),THS_T,Thousand tonnes,RO,Romania,2012,,89,,,,,
dataflow,ESTAT:ENV_WASMUN(1.0),Municipal waste by waste management operations,A,Annual,DSP_I_RCV_E,Disposal - incineration (D10) and recovery - energy recovery (R1),THS_T,Thousand tonnes,RO,Romania,2013,,97,,,,,
dataflow,ESTAT:ENV_WASMUN(1.0),Municipal waste by waste management operations,A,Annual,DSP_I_RCV_E,Disposal - incineration (D10) and recovery - energy recovery (R1),THS_T,Thousand tonnes,RO,Romania,2014,,133,,,,,
dataflow,ESTAT:ENV_WASMUN(1.0),Municipal waste by waste management operations,A,Annual,DSP_I_RCV_E,Disposal - incineration (D10) and recovery - energy recovery (R1),THS_T,Thousand tonnes,RO,Romania,2015,,116,,,,,
dataflow,ESTAT:ENV_WASMUN(1.0),Municipal waste by waste management operations,A,Annual,DSP_I_RCV_E,Disposal - incineration (D10) and recovery - energy recovery (R1),THS_T,Thousand tonnes,RO,Romania,2016,,220,,,,,
dataflow,ESTAT:ENV_WASMUN(1.0),Municipal waste by waste management operations,A,Annual,DSP_I_RCV_E,Disposal - incineration (D10) and recovery - energy recovery (R1),THS_T,Thousand tonnes,RO,Romania,2017,,227,,,,,
dataflow,ESTAT:ENV_WASMUN(1.0),Municipal waste by waste management operations,A,Annual,DSP_I_RCV_E,Disposal - incineration (D10) and recovery - energy recovery (R1),THS_T,Thousand tonnes,RO,Romania,2018,,241,,,,,
dataflow,ESTAT:ENV_WASMUN(1.0),Municipal waste by waste management operations,A,Annual,DSP_I_RCV_E,Disposal - incineration (D10) and recovery - energy recovery (R1),THS_T,Thousand tonnes,RO,Romania,2019,,251,,,,,
dataflow,ESTAT:ENV_WASMUN(1.0),Municipal waste by waste management operations,A,Annual,DSP_I_RCV_E,Disposal - incineration (D10) and recovery - energy recovery (R1),THS_T,Thousand tonnes,RO,Romania,2020,,298,,,,,
dataflow,ESTAT:ENV_WASMUN(1.0),Municipal waste by waste management operations,A,Annual,DSP_I_RCV_E,Disposal - incineration (D10) and recovery - energy recovery (R1),THS_T,Thousand tonnes,RO,Romania,2021,,335,,,,,
dataflow,ESTAT:ENV_WASMUN(1.0),Municipal waste by waste management operations,A,Annual,DSP_I_RCV_E,Disposal - incineration (D10) and recovery - energy recovery (R1),THS_T,Thousand tonnes,RO,Romania,2022,,429,,,,,
dataflow,ESTAT:ENV_WASMUN(1.0),Municipal waste by waste management operations,A,Annual,DSP_I_RCV_E,Disposal - incineration (D10) and recovery - energy recovery (R1),THS_T,Thousand tonnes,RS,Serbia,2006,,0,,,,,
dataflow,ESTAT:ENV_WASMUN(1.0),Municipal waste by waste management operations,A,Annual,DSP_I_RCV_E,Disposal - incineration (D10) and recovery - energy recovery (R1),THS_T,Thousand tonnes,RS,Serbia,2007,,0,,,,,
dataflow,ESTAT:ENV_WASMUN(1.0),Municipal waste by waste management operations,A,Annual,DSP_I_RCV_E,Disposal - incineration (D10) and recovery - energy recovery (R1),THS_T,Thousand tonnes,RS,Serbia,2008,,0,,,,,
dataflow,ESTAT:ENV_WASMUN(1.0),Municipal waste by waste management operations,A,Annual,DSP_I_RCV_E,Disposal - incineration (D10) and recovery - energy recovery (R1),THS_T,Thousand tonnes,RS,Serbia,2009,,0,,,,,
dataflow,ESTAT:ENV_WASMUN(1.0),Municipal waste by waste management operations,A,Annual,DSP_I_RCV_E,Disposal - incineration (D10) and recovery - energy recovery (R1),THS_T,Thousand tonnes,RS,Serbia,2010,,0,,,,,
dataflow,ESTAT:ENV_WASMUN(1.0),Municipal waste by waste management operations,A,Annual,DSP_I_RCV_E,Disposal - incineration (D10) and recovery - energy recovery (R1),THS_T,Thousand tonnes,RS,Serbia,2011,,0,,,,,
dataflow,ESTAT:ENV_WASMUN(1.0),Municipal waste by waste management operations,A,Annual,DSP_I_RCV_E,Disposal - incineration (D10) and recovery - energy recovery (R1),THS_T,Thousand tonnes,RS,Serbia,2012,,0,,,,,
dataflow,ESTAT:ENV_WASMUN(1.0),Municipal waste by waste management operations,A,Annual,DSP_I_RCV_E,Disposal - incineration (D10) and recovery - energy recovery (R1),THS_T,Thousand tonnes,RS,Serbia,2013,,0,,,,,
dataflow,ESTAT:ENV_WASMUN(1.0),Municipal waste by waste management operations,A,Annual,DSP_I_RCV_E,Disposal - incineration (D10) and recovery - energy recovery (R1),THS_T,Thousand tonnes,RS,Serbia,2014,,0,,,,,
dataflow,ESTAT:ENV_WASMUN(1.0),Municipal waste by waste management operations,A,Annual,DSP_I_RCV_E,Disposal - incineration (D10) and recovery - energy recovery (R1),THS_T,Thousand tonnes,RS,Serbia,2015,,0,,,,,
dataflow,ESTAT:ENV_WASMUN(1.0),Municipal waste by waste management operations,A,Annual,DSP_I_RCV_E,Disposal - incineration (D10) and recovery - energy recovery (R1),THS_T,Thousand tonnes,RS,Serbia,2016,,0,,,,,
dataflow,ESTAT:ENV_WASMUN(1.0),Municipal waste by waste management operations,A,Annual,DSP_I_RCV_E,Disposal - incineration (D10) and recovery - energy recovery (R1),THS_T,Thousand tonnes,RS,Serbia,2017,,0,,,,,
dataflow,ESTAT:ENV_WASMUN(1.0),Municipal waste by waste management operations,A,Annual,DSP_I_RCV_E,Disposal - incineration (D10) and recovery - energy recovery (R1),THS_T,Thousand tonnes,RS,Serbia,2018,,0,,,,,
dataflow,ESTAT:ENV_WASMUN(1.0),Municipal waste by waste management operations,A,Annual,DSP_I_RCV_E,Disposal - incineration (D10) and recovery - energy recovery (R1),THS_T,Thousand tonnes,RS,Serbia,2022,,11,,,,,
dataflow,ESTAT:ENV_WASMUN(1.0),Municipal waste by waste management operations,A,Annual,DSP_I_RCV_E,Disposal - incineration (D10) and recovery - energy recovery (R1),THS_T,Thousand tonnes,RS,Serbia,2023,,11,,,,,
dataflow,ESTAT:ENV_WASMUN(1.0),Municipal waste by waste management operations,A,Annual,DSP_I_RCV_E,Disposal - incineration (D10) and recovery - energy recovery (R1),THS_T,Thousand tonnes,SE,Sweden,1995,,1310,,,,,
dataflow,ESTAT:ENV_WASMUN(1.0),Municipal waste by waste management operations,A,Annual,DSP_I_RCV_E,Disposal - incineration (D10) and recovery - energy recovery (R1),THS_T,Thousand tonnes,SE,Sweden,1996,,1298,,,,,
dataflow,ESTAT:ENV_WASMUN(1.0),Municipal waste by waste management operations,A,Annual,DSP_I_RCV_E,Disposal - incineration (D10) and recovery - energy recovery (R1),THS_T,Thousand tonnes,SE,Sweden,1997,,1330,,,,,
dataflow,ESTAT:ENV_WASMUN(1.0),Municipal waste by waste management operations,A,Annual,DSP_I_RCV_E,Disposal - incineration (D10) and recovery - energy recovery (R1),THS_T,Thousand tonnes,SE,Sweden,1998,,1464,,,,,
dataflow,ESTAT:ENV_WASMUN(1.0),Municipal waste by waste management operations,A,Annual,DSP_I_RCV_E,Disposal - incineration (D10) and recovery - energy recovery (R1),THS_T,Thousand tonnes,SE,Sweden,1999,,1440,,,,,
dataflow,ESTAT:ENV_WASMUN(1.0),Municipal waste by waste management operations,A,Annual,DSP_I_RCV_E,Disposal - incineration (D10) and recovery - energy recovery (R1),THS_T,Thousand tonnes,SE,Sweden,2000,,1457,,,,,
dataflow,ESTAT:ENV_WASMUN(1.0),Municipal waste by waste management operations,A,Annual,DSP_I_RCV_E,Disposal - incineration (D10) and recovery - energy recovery (R1),THS_T,Thousand tonnes,SE,Sweden,2001,,1504,,,,,
dataflow,ESTAT:ENV_WASMUN(1.0),Municipal waste by waste management operations,A,Annual,DSP_I_RCV_E,Disposal - incineration (D10) and recovery - energy recovery (R1),THS_T,Thousand tonnes,SE,Sweden,2002,,1675,,,,,
dataflow,ESTAT:ENV_WASMUN(1.0),Municipal waste by waste management operations,A,Annual,DSP_I_RCV_E,Disposal - incineration (D10) and recovery - energy recovery (R1),THS_T,Thousand tonnes,SE,Sweden,2003,,1868,,,,,
dataflow,ESTAT:ENV_WASMUN(1.0),Municipal waste by waste management operations,A,Annual,DSP_I_RCV_E,Disposal - incineration (D10) and recovery - energy recovery (R1),THS_T,Thousand tonnes,SE,Sweden,2004,,1944,,,,,
dataflow,ESTAT:ENV_WASMUN(1.0),Municipal waste by waste management operations,A,Annual,DSP_I_RCV_E,Disposal - incineration (D10) and recovery - energy recovery (R1),THS_T,Thousand tonnes,SE,Sweden,2005,,2182,,,,,
dataflow,ESTAT:ENV_WASMUN(1.0),Municipal waste by waste management operations,A,Annual,DSP_I_RCV_E,Disposal - incineration (D10) and recovery - energy recovery (R1),THS_T,Thousand tonnes,SE,Sweden,2006,,2108,,,,,
dataflow,ESTAT:ENV_WASMUN(1.0),Municipal waste by waste management operations,A,Annual,DSP_I_RCV_E,Disposal - incineration (D10) and recovery - energy recovery (R1),THS_T,Thousand tonnes,SE,Sweden,2007,,2191,,,,,
dataflow,ESTAT:ENV_WASMUN(1.0),Municipal waste by waste management operations,A,Annual,DSP_I_RCV_E,Disposal - incineration (D10) and recovery - energy recovery (R1),THS_T,Thousand tonnes,SE,Sweden,2008,,2293,,,,,
dataflow,ESTAT:ENV_WASMUN(1.0),Municipal waste by waste management operations,A,Annual,DSP_I_RCV_E,Disposal - incineration (D10) and recovery - energy recovery (R1),THS_T,Thousand tonnes,SE,Sweden,2009,,2173,,,,,
dataflow,ESTAT:ENV_WASMUN(1.0),Municipal waste by waste management operations,A,Annual,DSP_I_RCV_E,Disposal - incineration (D10) and recovery - energy recovery (R1),THS_T,Thousand tonnes,SE,Sweden,2010,,2124,,,,,
dataflow,ESTAT:ENV_WASMUN(1.0),Municipal waste by waste management operations,A,Annual,DSP_I_RCV_E,Disposal - incineration (D10) and recovery - energy recovery (R1),THS_T,Thousand tonnes,SE,Sweden,2011,,2236,,,,,
dataflow,ESTAT:ENV_WASMUN(1.0),Municipal waste by waste management operations,A,Annual,DSP_I_RCV_E,Disposal - incineration (D10) and recovery - energy recovery (R1),THS_T,Thousand tonnes,SE,Sweden,2012,,2271,,,,,
dataflow,ESTAT:ENV_WASMUN(1.0),Municipal waste by waste management operations,A,Annual,DSP_I_RCV_E,Disposal - incineration (D10) and recovery - energy recovery (R1),THS_T,Thousand tonnes,SE,Sweden,2013,,2236,,,,,
dataflow,ESTAT:ENV_WASMUN(1.0),Municipal waste by waste management operations,A,Annual,DSP_I_RCV_E,Disposal - incineration (D10) and recovery - energy recovery (R1),THS_T,Thousand tonnes,SE,Sweden,2014,,2149,,,,,
dataflow,ESTAT:ENV_WASMUN(1.0),Municipal waste by waste management operations,A,Annual,DSP_I_RCV_E,Disposal - incineration (D10) and recovery - energy recovery (R1),THS_T,Thousand tonnes,SE,Sweden,2015,,2284,,,,,
dataflow,ESTAT:ENV_WASMUN(1.0),Municipal waste by waste management operations,A,Annual,DSP_I_RCV_E,Disposal - incineration (D10) and recovery - energy recovery (R1),THS_T,Thousand tonnes,SE,Sweden,2016,,2263,,,,,
dataflow,ESTAT:ENV_WASMUN(1.0),Municipal waste by waste management operations,A,Annual,DSP_I_RCV_E,Disposal - incineration (D10) and recovery - energy recovery (R1),THS_T,Thousand tonnes,SE,Sweden,2017,,2400,,,,,
dataflow,ESTAT:ENV_WASMUN(1.0),Municipal waste by waste management operations,A,Annual,DSP_I_RCV_E,Disposal - incineration (D10) and recovery - energy recovery (R1),THS_T,Thousand tonnes,SE,Sweden,2018,,2362,,,,,
dataflow,ESTAT:ENV_WASMUN(1.0),Municipal waste by waste management operations,A,Annual,DSP_I_RCV_E,Disposal - incineration (D10) and recovery - energy recovery (R1),THS_T,Thousand tonnes,SE,Sweden,2019,,2427,,,,,
dataflow,ESTAT:ENV_WASMUN(1.0),Municipal waste by waste management operations,A,Annual,DSP_I_RCV_E,Disposal - incineration (D10) and recovery - energy recovery (R1),THS_T,Thousand tonnes,SE,Sweden,2020,,2680,,be,"break in time series, estimated",,
dataflow,ESTAT:ENV_WASMUN(1.0),Municipal waste by waste management operations,A,Annual,DSP_I_RCV_E,Disposal - incineration (D10) and recovery - energy recovery (R1),THS_T,Thousand tonnes,SE,Sweden,2021,,2599,,e,estimated,,
dataflow,ESTAT:ENV_WASMUN(1.0),Municipal waste by waste management operations,A,Annual,DSP_I_RCV_E,Disposal - incineration (D10) and recovery - energy recovery (R1),THS_T,Thousand tonnes,SE,Sweden,2022,,2439,,e,estimated,,
dataflow,ESTAT:ENV_WASMUN(1.0),Municipal waste by waste management operations,A,Annual,DSP_I_RCV_E,Disposal - incineration (D10) and recovery - energy recovery (R1),THS_T,Thousand tonnes,SE,Sweden,2023,,2423,,e,estimated,,
dataflow,ESTAT:ENV_WASMUN(1.0),Municipal waste by waste management operations,A,Annual,DSP_I_RCV_E,Disposal - incineration (D10) and recovery - energy recovery (R1),THS_T,Thousand tonnes,SI,Slovenia,1995,,0,,,,,
dataflow,ESTAT:ENV_WASMUN(1.0),Municipal waste by waste management operations,A,Annual,DSP_I_RCV_E,Disposal - incineration (D10) and recovery - energy recovery (R1),THS_T,Thousand tonnes,SI,Slovenia,1996,,0,,,,,
dataflow,ESTAT:ENV_WASMUN(1.0),Municipal waste by waste management operations,A,Annual,DSP_I_RCV_E,Disposal - incineration (D10) and recovery - energy recovery (R1),THS_T,Thousand tonnes,SI,Slovenia,1997,,0,,,,,
dataflow,ESTAT:ENV_WASMUN(1.0),Municipal waste by waste management operations,A,Annual,DSP_I_RCV_E,Disposal - incineration (D10) and recovery - energy recovery (R1),THS_T,Thousand tonnes,SI,Slovenia,1998,,0,,,,,
dataflow,ESTAT:ENV_WASMUN(1.0),Municipal waste by waste management operations,A,Annual,DSP_I_RCV_E,Disposal - incineration (D10) and recovery - energy recovery (R1),THS_T,Thousand tonnes,SI,Slovenia,1999,,0,,,,,
dataflow,ESTAT:ENV_WASMUN(1.0),Municipal waste by waste management operations,A,Annual,DSP_I_RCV_E,Disposal - incineration (D10) and recovery - energy recovery (R1),THS_T,Thousand tonnes,SI,Slovenia,2000,,0,,,,,
dataflow,ESTAT:ENV_WASMUN(1.0),Municipal waste by waste management operations,A,Annual,DSP_I_RCV_E,Disposal - incineration (D10) and recovery - energy recovery (R1),THS_T,Thousand tonnes,SI,Slovenia,2001,,0,,,,,
dataflow,ESTAT:ENV_WASMUN(1.0),Municipal waste by waste management operations,A,Annual,DSP_I_RCV_E,Disposal - incineration (D10) and recovery - energy recovery (R1),THS_T,Thousand tonnes,SI,Slovenia,2002,,5,,,,,
dataflow,ESTAT:ENV_WASMUN(1.0),Municipal waste by waste management operations,A,Annual,DSP_I_RCV_E,Disposal - incineration (D10) and recovery - energy recovery (R1),THS_T,Thousand tonnes,SI,Slovenia,2003,,5,,,,,
dataflow,ESTAT:ENV_WASMUN(1.0),Municipal waste by waste management operations,A,Annual,DSP_I_RCV_E,Disposal - incineration (D10) and recovery - energy recovery (R1),THS_T,Thousand tonnes,SI,Slovenia,2004,,15,,,,,
dataflow,ESTAT:ENV_WASMUN(1.0),Municipal waste by waste management operations,A,Annual,DSP_I_RCV_E,Disposal - incineration (D10) and recovery - energy recovery (R1),THS_T,Thousand tonnes,SI,Slovenia,2005,,1,,,,,
dataflow,ESTAT:ENV_WASMUN(1.0),Municipal waste by waste management operations,A,Annual,DSP_I_RCV_E,Disposal - incineration (D10) and recovery - energy recovery (R1),THS_T,Thousand tonnes,SI,Slovenia,2006,,1,,,,,
dataflow,ESTAT:ENV_WASMUN(1.0),Municipal waste by waste management operations,A,Annual,DSP_I_RCV_E,Disposal - incineration (D10) and recovery - energy recovery (R1),THS_T,Thousand tonnes,SI,Slovenia,2007,,0,,,,,
dataflow,ESTAT:ENV_WASMUN(1.0),Municipal waste by waste management operations,A,Annual,DSP_I_RCV_E,Disposal - incineration (D10) and recovery - energy recovery (R1),THS_T,Thousand tonnes,SI,Slovenia,2008,,13,,,,,
dataflow,ESTAT:ENV_WASMUN(1.0),Municipal waste by waste management operations,A,Annual,DSP_I_RCV_E,Disposal - incineration (D10) and recovery - energy recovery (R1),THS_T,Thousand tonnes,SI,Slovenia,2009,,14,,,,,
dataflow,ESTAT:ENV_WASMUN(1.0),Municipal waste by waste management operations,A,Annual,DSP_I_RCV_E,Disposal - incineration (D10) and recovery - energy recovery (R1),THS_T,Thousand tonnes,SI,Slovenia,2010,,9,,,,,
dataflow,ESTAT:ENV_WASMUN(1.0),Municipal waste by waste management operations,A,Annual,DSP_I_RCV_E,Disposal - incineration (D10) and recovery - energy recovery (R1),THS_T,Thousand tonnes,SI,Slovenia,2011,,11,,,,,
dataflow,ESTAT:ENV_WASMUN(1.0),Municipal waste by waste management operations,A,Annual,DSP_I_RCV_E,Disposal - incineration (D10) and recovery - energy recovery (R1),THS_T,Thousand tonnes,SI,Slovenia,2012,,10,,,,,
dataflow,ESTAT:ENV_WASMUN(1.0),Municipal waste by waste management operations,A,Annual,DSP_I_RCV_E,Disposal - incineration (D10) and recovery - energy recovery (R1),THS_T,Thousand tonnes,SI,Slovenia,2013,,4,,,,,
dataflow,ESTAT:ENV_WASMUN(1.0),Municipal waste by waste management operations,A,Annual,DSP_I_RCV_E,Disposal - incineration (D10) and recovery - energy recovery (R1),THS_T,Thousand tonnes,SI,Slovenia,2014,,2,,,,,
dataflow,ESTAT:ENV_WASMUN(1.0),Municipal waste by waste management operations,A,Annual,DSP_I_RCV_E,Disposal - incineration (D10) and recovery - energy recovery (R1),THS_T,Thousand tonnes,SI,Slovenia,2015,,158,,be,"break in time series, estimated",,
dataflow,ESTAT:ENV_WASMUN(1.0),Municipal waste by waste management operations,A,Annual,DSP_I_RCV_E,Disposal - incineration (D10) and recovery - energy recovery (R1),THS_T,Thousand tonnes,SI,Slovenia,2016,,188,,e,estimated,,
dataflow,ESTAT:ENV_WASMUN(1.0),Municipal waste by waste management operations,A,Annual,DSP_I_RCV_E,Disposal - incineration (D10) and recovery - energy recovery (R1),THS_T,Thousand tonnes,SI,Slovenia,2017,,111,,e,estimated,,
dataflow,ESTAT:ENV_WASMUN(1.0),Municipal waste by waste management operations,A,Annual,DSP_I_RCV_E,Disposal - incineration (D10) and recovery - energy recovery (R1),THS_T,Thousand tonnes,SI,Slovenia,2018,,105,,e,estimated,,
dataflow,ESTAT:ENV_WASMUN(1.0),Municipal waste by waste management operations,A,Annual,DSP_I_RCV_E,Disposal - incineration (D10) and recovery - energy recovery (R1),THS_T,Thousand tonnes,SI,Slovenia,2019,,137,,e,estimated,,
dataflow,ESTAT:ENV_WASMUN(1.0),Municipal waste by waste management operations,A,Annual,DSP_I_RCV_E,Disposal - incineration (D10) and recovery - energy recovery (R1),THS_T,Thousand tonnes,SI,Slovenia,2020,,134,,e,estimated,,
dataflow,ESTAT:ENV_WASMUN(1.0),Municipal waste by waste management operations,A,Annual,DSP_I_RCV_E,Disposal - incineration (D10) and recovery - energy recovery (R1),THS_T,Thousand tonnes,SI,Slovenia,2021,,118,,,,,
dataflow,ESTAT:ENV_WASMUN(1.0),Municipal waste by waste management operations,A,Annual,DSP_I_RCV_E,Disposal - incineration (D10) and recovery - energy recovery (R1),THS_T,Thousand tonnes,SI,Slovenia,2022,,131,,,,,
dataflow,ESTAT:ENV_WASMUN(1.0),Municipal waste by waste management operations,A,Annual,DSP_I_RCV_E,Disposal - incineration (D10) and recovery - energy recovery (R1),THS_T,Thousand tonnes,SI,Slovenia,2023,,147,,,,,
dataflow,ESTAT:ENV_WASMUN(1.0),Municipal waste by waste management operations,A,Annual,DSP_I_RCV_E,Disposal - incineration (D10) and recovery - energy recovery (R1),THS_T,Thousand tonnes,SK,Slovakia,1995,,151,,,,,
dataflow,ESTAT:ENV_WASMUN(1.0),Municipal waste by waste management operations,A,Annual,DSP_I_RCV_E,Disposal - incineration (D10) and recovery - energy recovery (R1),THS_T,Thousand tonnes,SK,Slovakia,1996,,149,,,,,
dataflow,ESTAT:ENV_WASMUN(1.0),Municipal waste by waste management operations,A,Annual,DSP_I_RCV_E,Disposal - incineration (D10) and recovery - energy recovery (R1),THS_T,Thousand tonnes,SK,Slovakia,1997,,162,,e,estimated,,
dataflow,ESTAT:ENV_WASMUN(1.0),Municipal waste by waste management operations,A,Annual,DSP_I_RCV_E,Disposal - incineration (D10) and recovery - energy recovery (R1),THS_T,Thousand tonnes,SK,Slovakia,1998,,180,,,,,
dataflow,ESTAT:ENV_WASMUN(1.0),Municipal waste by waste management operations,A,Annual,DSP_I_RCV_E,Disposal - incineration (D10) and recovery - energy recovery (R1),THS_T,Thousand tonnes,SK,Slovakia,1999,,175,,,,,
dataflow,ESTAT:ENV_WASMUN(1.0),Municipal waste by waste management operations,A,Annual,DSP_I_RCV_E,Disposal - incineration (D10) and recovery - energy recovery (R1),THS_T,Thousand tonnes,SK,Slovakia,2000,,209,,,,,
dataflow,ESTAT:ENV_WASMUN(1.0),Municipal waste by waste management operations,A,Annual,DSP_I_RCV_E,Disposal - incineration (D10) and recovery - energy recovery (R1),THS_T,Thousand tonnes,SK,Slovakia,2001,,133,,,,,
dataflow,ESTAT:ENV_WASMUN(1.0),Municipal waste by waste management operations,A,Annual,DSP_I_RCV_E,Disposal - incineration (D10) and recovery - energy recovery (R1),THS_T,Thousand tonnes,SK,Slovakia,2002,,156,,,,,
dataflow,ESTAT:ENV_WASMUN(1.0),Municipal waste by waste management operations,A,Annual,DSP_I_RCV_E,Disposal - incineration (D10) and recovery - energy recovery (R1),THS_T,Thousand tonnes,SK,Slovakia,2003,,162,,,,,
dataflow,ESTAT:ENV_WASMUN(1.0),Municipal waste by waste management operations,A,Annual,DSP_I_RCV_E,Disposal - incineration (D10) and recovery - energy recovery (R1),THS_T,Thousand tonnes,SK,Slovakia,2004,,184,,,,,
dataflow,ESTAT:ENV_WASMUN(1.0),Municipal waste by waste management operations,A,Annual,DSP_I_RCV_E,Disposal - incineration (D10) and recovery - energy recovery (R1),THS_T,Thousand tonnes,SK,Slovakia,2005,,183,,b,break in time series,,
dataflow,ESTAT:ENV_WASMUN(1.0),Municipal waste by waste management operations,A,Annual,DSP_I_RCV_E,Disposal - incineration (D10) and recovery - energy recovery (R1),THS_T,Thousand tonnes,SK,Slovakia,2006,,190,,b,break in time series,,
dataflow,ESTAT:ENV_WASMUN(1.0),Municipal waste by waste management operations,A,Annual,DSP_I_RCV_E,Disposal - incineration (D10) and recovery - energy recovery (R1),THS_T,Thousand tonnes,SK,Slovakia,2007,,180,,,,,
dataflow,ESTAT:ENV_WASMUN(1.0),Municipal waste by waste management operations,A,Annual,DSP_I_RCV_E,Disposal - incineration (D10) and recovery - energy recovery (R1),THS_T,Thousand tonnes,SK,Slovakia,2008,,157,,,,,
dataflow,ESTAT:ENV_WASMUN(1.0),Municipal waste by waste management operations,A,Annual,DSP_I_RCV_E,Disposal - incineration (D10) and recovery - energy recovery (R1),THS_T,Thousand tonnes,SK,Slovakia,2009,,183,,,,,
dataflow,ESTAT:ENV_WASMUN(1.0),Municipal waste by waste management operations,A,Annual,DSP_I_RCV_E,Disposal - incineration (D10) and recovery - energy recovery (R1),THS_T,Thousand tonnes,SK,Slovakia,2010,,183,,,,,
dataflow,ESTAT:ENV_WASMUN(1.0),Municipal waste by waste management operations,A,Annual,DSP_I_RCV_E,Disposal - incineration (D10) and recovery - energy recovery (R1),THS_T,Thousand tonnes,SK,Slovakia,2011,,186,,,,,
dataflow,ESTAT:ENV_WASMUN(1.0),Municipal waste by waste management operations,A,Annual,DSP_I_RCV_E,Disposal - incineration (D10) and recovery - energy recovery (R1),THS_T,Thousand tonnes,SK,Slovakia,2012,,168,,,,,
dataflow,ESTAT:ENV_WASMUN(1.0),Municipal waste by waste management operations,A,Annual,DSP_I_RCV_E,Disposal - incineration (D10) and recovery - energy recovery (R1),THS_T,Thousand tonnes,SK,Slovakia,2013,,174,,,,,
dataflow,ESTAT:ENV_WASMUN(1.0),Municipal waste by waste management operations,A,Annual,DSP_I_RCV_E,Disposal - incineration (D10) and recovery - energy recovery (R1),THS_T,Thousand tonnes,SK,Slovakia,2014,,190,,,,,
dataflow,ESTAT:ENV_WASMUN(1.0),Municipal waste by waste management operations,A,Annual,DSP_I_RCV_E,Disposal - incineration (D10) and recovery - energy recovery (R1),THS_T,Thousand tonnes,SK,Slovakia,2015,,191,,,,,
dataflow,ESTAT:ENV_WASMUN(1.0),Municipal waste by waste management operations,A,Annual,DSP_I_RCV_E,Disposal - incineration (D10) and recovery - energy recovery (R1),THS_T,Thousand tonnes,SK,Slovakia,2016,,197,,,,,
dataflow,ESTAT:ENV_WASMUN(1.0),Municipal waste by waste management operations,A,Annual,DSP_I_RCV_E,Disposal - incineration (D10) and recovery - energy recovery (R1),THS_T,Thousand tonnes,SK,Slovakia,2017,,197,,,,,
dataflow,ESTAT:ENV_WASMUN(1.0),Municipal waste by waste management operations,A,Annual,DSP_I_RCV_E,Disposal - incineration (D10) and recovery - energy recovery (R1),THS_T,Thousand tonnes,SK,Slovakia,2018,,187,,,,,
dataflow,ESTAT:ENV_WASMUN(1.0),Municipal waste by waste management operations,A,Annual,DSP_I_RCV_E,Disposal - incineration (D10) and recovery - energy recovery (R1),THS_T,Thousand tonnes,SK,Slovakia,2019,,211,,,,,
dataflow,ESTAT:ENV_WASMUN(1.0),Municipal waste by waste management operations,A,Annual,DSP_I_RCV_E,Disposal - incineration (D10) and recovery - energy recovery (R1),THS_T,Thousand tonnes,SK,Slovakia,2020,,193,,,,,
dataflow,ESTAT:ENV_WASMUN(1.0),Municipal waste by waste management operations,A,Annual,DSP_I_RCV_E,Disposal - incineration (D10) and recovery - energy recovery (R1),THS_T,Thousand tonnes,SK,Slovakia,2021,,220,,,,,
dataflow,ESTAT:ENV_WASMUN(1.0),Municipal waste by waste management operations,A,Annual,DSP_I_RCV_E,Disposal - incineration (D10) and recovery - energy recovery (R1),THS_T,Thousand tonnes,SK,Slovakia,2022,,204,,,,,
dataflow,ESTAT:ENV_WASMUN(1.0),Municipal waste by waste management operations,A,Annual,DSP_I_RCV_E,Disposal - incineration (D10) and recovery - energy recovery (R1),THS_T,Thousand tonnes,SK,Slovakia,2023,,198,,,,,
dataflow,ESTAT:ENV_WASMUN(1.0),Municipal waste by waste management operations,A,Annual,DSP_I_RCV_E,Disposal - incineration (D10) and recovery - energy recovery (R1),THS_T,Thousand tonnes,TR,Türkiye,1995,,0,,,,,
dataflow,ESTAT:ENV_WASMUN(1.0),Municipal waste by waste management operations,A,Annual,DSP_I_RCV_E,Disposal - incineration (D10) and recovery - energy recovery (R1),THS_T,Thousand tonnes,TR,Türkiye,1996,,0,,,,,
dataflow,ESTAT:ENV_WASMUN(1.0),Municipal waste by waste management operations,A,Annual,DSP_I_RCV_E,Disposal - incineration (D10) and recovery - energy recovery (R1),THS_T,Thousand tonnes,TR,Türkiye,1997,,0,,,,,
dataflow,ESTAT:ENV_WASMUN(1.0),Municipal waste by waste management operations,A,Annual,DSP_I_RCV_E,Disposal - incineration (D10) and recovery - energy recovery (R1),THS_T,Thousand tonnes,TR,Türkiye,1998,,0,,,,,
dataflow,ESTAT:ENV_WASMUN(1.0),Municipal waste by waste management operations,A,Annual,DSP_I_RCV_E,Disposal - incineration (D10) and recovery - energy recovery (R1),THS_T,Thousand tonnes,TR,Türkiye,1999,,0,,,,,
dataflow,ESTAT:ENV_WASMUN(1.0),Municipal waste by waste management operations,A,Annual,DSP_I_RCV_E,Disposal - incineration (D10) and recovery - energy recovery (R1),THS_T,Thousand tonnes,TR,Türkiye,2000,,0,,,,,
dataflow,ESTAT:ENV_WASMUN(1.0),Municipal waste by waste management operations,A,Annual,DSP_I_RCV_E,Disposal - incineration (D10) and recovery - energy recovery (R1),THS_T,Thousand tonnes,TR,Türkiye,2001,,0,,,,,
dataflow,ESTAT:ENV_WASMUN(1.0),Municipal waste by waste management operations,A,Annual,DSP_I_RCV_E,Disposal - incineration (D10) and recovery - energy recovery (R1),THS_T,Thousand tonnes,TR,Türkiye,2002,,0,,,,,
dataflow,ESTAT:ENV_WASMUN(1.0),Municipal waste by waste management operations,A,Annual,DSP_I_RCV_E,Disposal - incineration (D10) and recovery - energy recovery (R1),THS_T,Thousand tonnes,TR,Türkiye,2003,,0,,,,,
dataflow,ESTAT:ENV_WASMUN(1.0),Municipal waste by waste management operations,A,Annual,DSP_I_RCV_E,Disposal - incineration (D10) and recovery - energy recovery (R1),THS_T,Thousand tonnes,TR,Türkiye,2004,,0,,,,,
dataflow,ESTAT:ENV_WASMUN(1.0),Municipal waste by waste management operations,A,Annual,DSP_I_RCV_E,Disposal - incineration (D10) and recovery - energy recovery (R1),THS_T,Thousand tonnes,TR,Türkiye,2005,,0,,,,,
dataflow,ESTAT:ENV_WASMUN(1.0),Municipal waste by waste management operations,A,Annual,DSP_I_RCV_E,Disposal - incineration (D10) and recovery - energy recovery (R1),THS_T,Thousand tonnes,TR,Türkiye,2006,,0,,,,,
dataflow,ESTAT:ENV_WASMUN(1.0),Municipal waste by waste management operations,A,Annual,DSP_I_RCV_E,Disposal - incineration (D10) and recovery - energy recovery (R1),THS_T,Thousand tonnes,TR,Türkiye,2007,,0,,,,,
dataflow,ESTAT:ENV_WASMUN(1.0),Municipal waste by waste management operations,A,Annual,DSP_I_RCV_E,Disposal - incineration (D10) and recovery - energy recovery (R1),THS_T,Thousand tonnes,TR,Türkiye,2008,,0,,,,,
dataflow,ESTAT:ENV_WASMUN(1.0),Municipal waste by waste management operations,A,Annual,DSP_I_RCV_E,Disposal - incineration (D10) and recovery - energy recovery (R1),THS_T,Thousand tonnes,TR,Türkiye,2009,,0,,,,,
dataflow,ESTAT:ENV_WASMUN(1.0),Municipal waste by waste management operations,A,Annual,DSP_I_RCV_E,Disposal - incineration (D10) and recovery - energy recovery (R1),THS_T,Thousand tonnes,TR,Türkiye,2010,,0,,,,,
dataflow,ESTAT:ENV_WASMUN(1.0),Municipal waste by waste management operations,A,Annual,DSP_I_RCV_E,Disposal - incineration (D10) and recovery - energy recovery (R1),THS_T,Thousand tonnes,TR,Türkiye,2011,,0,,,,,
dataflow,ESTAT:ENV_WASMUN(1.0),Municipal waste by waste management operations,A,Annual,DSP_I_RCV_E,Disposal - incineration (D10) and recovery - energy recovery (R1),THS_T,Thousand tonnes,TR,Türkiye,2012,,0,,,,,
dataflow,ESTAT:ENV_WASMUN(1.0),Municipal waste by waste management operations,A,Annual,DSP_I_RCV_E,Disposal - incineration (D10) and recovery - energy recovery (R1),THS_T,Thousand tonnes,TR,Türkiye,2013,,0,,,,,
dataflow,ESTAT:ENV_WASMUN(1.0),Municipal waste by waste management operations,A,Annual,DSP_I_RCV_E,Disposal - incineration (D10) and recovery - energy recovery (R1),THS_T,Thousand tonnes,TR,Türkiye,2014,,0,,,,,
dataflow,ESTAT:ENV_WASMUN(1.0),Municipal waste by waste management operations,A,Annual,DSP_I_RCV_E,Disposal - incineration (D10) and recovery - energy recovery (R1),THS_T,Thousand tonnes,TR,Türkiye,2015,,0,,,,,
dataflow,ESTAT:ENV_WASMUN(1.0),Municipal waste by waste management operations,A,Annual,DSP_I_RCV_E,Disposal - incineration (D10) and recovery - energy recovery (R1),THS_T,Thousand tonnes,TR,Türkiye,2016,,0,,,,,
dataflow,ESTAT:ENV_WASMUN(1.0),Municipal waste by waste management operations,A,Annual,DSP_I_RCV_E,Disposal - incineration (D10) and recovery - energy recovery (R1),THS_T,Thousand tonnes,TR,Türkiye,2017,,0,,,,,
dataflow,ESTAT:ENV_WASMUN(1.0),Municipal waste by waste management operations,A,Annual,DSP_I_RCV_E,Disposal - incineration (D10) and recovery - energy recovery (R1),THS_T,Thousand tonnes,TR,Türkiye,2018,,0,,,,,
dataflow,ESTAT:ENV_WASMUN(1.0),Municipal waste by waste management operations,A,Annual,DSP_I_RCV_E,Disposal - incineration (D10) and recovery - energy recovery (R1),THS_T,Thousand tonnes,TR,Türkiye,2019,,0,,,,,
dataflow,ESTAT:ENV_WASMUN(1.0),Municipal waste by waste management operations,A,Annual,DSP_I_RCV_E,Disposal - incineration (D10) and recovery - energy recovery (R1),THS_T,Thousand tonnes,TR,Türkiye,2020,,0,,,,,
dataflow,ESTAT:ENV_WASMUN(1.0),Municipal waste by waste management operations,A,Annual,DSP_I_RCV_E,Disposal - incineration (D10) and recovery - energy recovery (R1),THS_T,Thousand tonnes,TR,Türkiye,2021,,0,,,,,
dataflow,ESTAT:ENV_WASMUN(1.0),Municipal waste by waste management operations,A,Annual,DSP_I_RCV_E,Disposal - incineration (D10) and recovery - energy recovery (R1),THS_T,Thousand tonnes,XK,Kosovo*,2020,,0,,,,,
dataflow,ESTAT:ENV_WASMUN(1.0),Municipal waste by waste management operations,A,Annual,DSP_I_RCV_E,Disposal - incineration (D10) and recovery - energy recovery (R1),THS_T,Thousand tonnes,XK,Kosovo*,2021,,0,,,,,
dataflow,ESTAT:ENV_WASMUN(1.0),Municipal waste by waste management operations,A,Annual,DSP_I_RCV_E,Disposal - incineration (D10) and recovery - energy recovery (R1),THS_T,Thousand tonnes,XK,Kosovo*,2022,,0,,,,,
dataflow,ESTAT:ENV_WASMUN(1.0),Municipal waste by waste management operations,A,Annual,DSP_L_OTH,"Disposal - landfill and other (D1-D7, D12)",KG_HAB,Kilograms per capita,AL,Albania,2013,,164,,,,,
dataflow,ESTAT:ENV_WASMUN(1.0),Municipal waste by waste management operations,A,Annual,DSP_L_OTH,"Disposal - landfill and other (D1-D7, D12)",KG_HAB,Kilograms per capita,AL,Albania,2014,,270,,,,,
dataflow,ESTAT:ENV_WASMUN(1.0),Municipal waste by waste management operations,A,Annual,DSP_L_OTH,"Disposal - landfill and other (D1-D7, D12)",KG_HAB,Kilograms per capita,AL,Albania,2015,,337,,,,,
dataflow,ESTAT:ENV_WASMUN(1.0),Municipal waste by waste management operations,A,Annual,DSP_L_OTH,"Disposal - landfill and other (D1-D7, D12)",KG_HAB,Kilograms per capita,AL,Albania,2016,,353,,,,,
dataflow,ESTAT:ENV_WASMUN(1.0),Municipal waste by waste management operations,A,Annual,DSP_L_OTH,"Disposal - landfill and other (D1-D7, D12)",KG_HAB,Kilograms per capita,AL,Albania,2017,,346,,,,,
dataflow,ESTAT:ENV_WASMUN(1.0),Municipal waste by waste management operations,A,Annual,DSP_L_OTH,"Disposal - landfill and other (D1-D7, D12)",KG_HAB,Kilograms per capita,AL,Albania,2018,,355,,,,,
dataflow,ESTAT:ENV_WASMUN(1.0),Municipal waste by waste management operations,A,Annual,DSP_L_OTH,"Disposal - landfill and other (D1-D7, D12)",KG_HAB,Kilograms per capita,AL,Albania,2019,,305,,,,,
dataflow,ESTAT:ENV_WASMUN(1.0),Municipal waste by waste management operations,A,Annual,DSP_L_OTH,"Disposal - landfill and other (D1-D7, D12)",KG_HAB,Kilograms per capita,AL,Albania,2020,,298,,,,,
dataflow,ESTAT:ENV_WASMUN(1.0),Municipal waste by waste management operations,A,Annual,DSP_L_OTH,"Disposal - landfill and other (D1-D7, D12)",KG_HAB,Kilograms per capita,AL,Albania,2021,,247,,,,,
dataflow,ESTAT:ENV_WASMUN(1.0),Municipal waste by waste management operations,A,Annual,DSP_L_OTH,"Disposal - landfill and other (D1-D7, D12)",KG_HAB,Kilograms per capita,AL,Albania,2022,,226,,,,,
dataflow,ESTAT:ENV_WASMUN(1.0),Municipal waste by waste management operations,A,Annual,DSP_L_OTH,"Disposal - landfill and other (D1-D7, D12)",KG_HAB,Kilograms per capita,AL,Albania,2023,,234,,,,,
dataflow,ESTAT:ENV_WASMUN(1.0),Municipal waste by waste management operations,A,Annual,DSP_L_OTH,"Disposal - landfill and other (D1-D7, D12)",KG_HAB,Kilograms per capita,AT,Austria,1995,,205,,,,,
dataflow,ESTAT:ENV_WASMUN(1.0),Municipal waste by waste management operations,A,Annual,DSP_L_OTH,"Disposal - landfill and other (D1-D7, D12)",KG_HAB,Kilograms per capita,AT,Austria,1996,,185,,,,,
dataflow,ESTAT:ENV_WASMUN(1.0),Municipal waste by waste management operations,A,Annual,DSP_L_OTH,"Disposal - landfill and other (D1-D7, D12)",KG_HAB,Kilograms per capita,AT,Austria,1997,,189,,,,,
dataflow,ESTAT:ENV_WASMUN(1.0),Municipal waste by waste management operations,A,Annual,DSP_L_OTH,"Disposal - landfill and other (D1-D7, D12)",KG_HAB,Kilograms per capita,AT,Austria,1998,,186,,,,,
dataflow,ESTAT:ENV_WASMUN(1.0),Municipal waste by waste management operations,A,Annual,DSP_L_OTH,"Disposal - landfill and other (D1-D7, D12)",KG_HAB,Kilograms per capita,AT,Austria,1999,,194,,,,,
dataflow,ESTAT:ENV_WASMUN(1.0),Municipal waste by waste management operations,A,Annual,DSP_L_OTH,"Disposal - landfill and other (D1-D7, D12)",KG_HAB,Kilograms per capita,AT,Austria,2000,,196,,,,,
dataflow,ESTAT:ENV_WASMUN(1.0),Municipal waste by waste management operations,A,Annual,DSP_L_OTH,"Disposal - landfill and other (D1-D7, D12)",KG_HAB,Kilograms per capita,AT,Austria,2001,,192,,,,,
dataflow,ESTAT:ENV_WASMUN(1.0),Municipal waste by waste management operations,A,Annual,DSP_L_OTH,"Disposal - landfill and other (D1-D7, D12)",KG_HAB,Kilograms per capita,AT,Austria,2002,,187,,,,,
dataflow,ESTAT:ENV_WASMUN(1.0),Municipal waste by waste management operations,A,Annual,DSP_L_OTH,"Disposal - landfill and other (D1-D7, D12)",KG_HAB,Kilograms per capita,AT,Austria,2003,,183,,,,,
dataflow,ESTAT:ENV_WASMUN(1.0),Municipal waste by waste management operations,A,Annual,DSP_L_OTH,"Disposal - landfill and other (D1-D7, D12)",KG_HAB,Kilograms per capita,AT,Austria,2004,,68,,,,,
dataflow,ESTAT:ENV_WASMUN(1.0),Municipal waste by waste management operations,A,Annual,DSP_L_OTH,"Disposal - landfill and other (D1-D7, D12)",KG_HAB,Kilograms per capita,AT,Austria,2005,,65,,e,estimated,,
dataflow,ESTAT:ENV_WASMUN(1.0),Municipal waste by waste management operations,A,Annual,DSP_L_OTH,"Disposal - landfill and other (D1-D7, D12)",KG_HAB,Kilograms per capita,AT,Austria,2006,,59,,,,,
dataflow,ESTAT:ENV_WASMUN(1.0),Municipal waste by waste management operations,A,Annual,DSP_L_OTH,"Disposal - landfill and other (D1-D7, D12)",KG_HAB,Kilograms per capita,AT,Austria,2007,,51,,,,,
dataflow,ESTAT:ENV_WASMUN(1.0),Municipal waste by waste management operations,A,Annual,DSP_L_OTH,"Disposal - landfill and other (D1-D7, D12)",KG_HAB,Kilograms per capita,AT,Austria,2008,,45,,,,,
dataflow,ESTAT:ENV_WASMUN(1.0),Municipal waste by waste management operations,A,Annual,DSP_L_OTH,"Disposal - landfill and other (D1-D7, D12)",KG_HAB,Kilograms per capita,AT,Austria,2009,,36,,,,,
dataflow,ESTAT:ENV_WASMUN(1.0),Municipal waste by waste management operations,A,Annual,DSP_L_OTH,"Disposal - landfill and other (D1-D7, D12)",KG_HAB,Kilograms per capita,AT,Austria,2010,,18,,,,,
dataflow,ESTAT:ENV_WASMUN(1.0),Municipal waste by waste management operations,A,Annual,DSP_L_OTH,"Disposal - landfill and other (D1-D7, D12)",KG_HAB,Kilograms per capita,AT,Austria,2011,,27,,,,,
dataflow,ESTAT:ENV_WASMUN(1.0),Municipal waste by waste management operations,A,Annual,DSP_L_OTH,"Disposal - landfill and other (D1-D7, D12)",KG_HAB,Kilograms per capita,AT,Austria,2012,,25,,,,,
dataflow,ESTAT:ENV_WASMUN(1.0),Municipal waste by waste management operations,A,Annual,DSP_L_OTH,"Disposal - landfill and other (D1-D7, D12)",KG_HAB,Kilograms per capita,AT,Austria,2013,,23,,,,,
dataflow,ESTAT:ENV_WASMUN(1.0),Municipal waste by waste management operations,A,Annual,DSP_L_OTH,"Disposal - landfill and other (D1-D7, D12)",KG_HAB,Kilograms per capita,AT,Austria,2014,,23,,,,,
dataflow,ESTAT:ENV_WASMUN(1.0),Municipal waste by waste management operations,A,Annual,DSP_L_OTH,"Disposal - landfill and other (D1-D7, D12)",KG_HAB,Kilograms per capita,AT,Austria,2015,,17,,,,,
dataflow,ESTAT:ENV_WASMUN(1.0),Municipal waste by waste management operations,A,Annual,DSP_L_OTH,"Disposal - landfill and other (D1-D7, D12)",KG_HAB,Kilograms per capita,AT,Austria,2016,,15,,,,,
dataflow,ESTAT:ENV_WASMUN(1.0),Municipal waste by waste management operations,A,Annual,DSP_L_OTH,"Disposal - landfill and other (D1-D7, D12)",KG_HAB,Kilograms per capita,AT,Austria,2017,,12,,,,,
dataflow,ESTAT:ENV_WASMUN(1.0),Municipal waste by waste management operations,A,Annual,DSP_L_OTH,"Disposal - landfill and other (D1-D7, D12)",KG_HAB,Kilograms per capita,AT,Austria,2018,,13,,,,,
dataflow,ESTAT:ENV_WASMUN(1.0),Municipal waste by waste management operations,A,Annual,DSP_L_OTH,"Disposal - landfill and other (D1-D7, D12)",KG_HAB,Kilograms per capita,AT,Austria,2019,,12,,i,value imputed by Eurostat or other receiving agencies,,
dataflow,ESTAT:ENV_WASMUN(1.0),Municipal waste by waste management operations,A,Annual,DSP_L_OTH,"Disposal - landfill and other (D1-D7, D12)",KG_HAB,Kilograms per capita,AT,Austria,2020,,15,,b,break in time series,,
dataflow,ESTAT:ENV_WASMUN(1.0),Municipal waste by waste management operations,A,Annual,DSP_L_OTH,"Disposal - landfill and other (D1-D7, D12)",KG_HAB,Kilograms per capita,AT,Austria,2021,,17,,,,,
dataflow,ESTAT:ENV_WASMUN(1.0),Municipal waste by waste management operations,A,Annual,DSP_L_OTH,"Disposal - landfill and other (D1-D7, D12)",KG_HAB,Kilograms per capita,AT,Austria,2022,,17,,,,,
dataflow,ESTAT:ENV_WASMUN(1.0),Municipal waste by waste management operations,A,Annual,DSP_L_OTH,"Disposal - landfill and other (D1-D7, D12)",KG_HAB,Kilograms per capita,BA,Bosnia and Herzegovina,2008,,317,,,,,
dataflow,ESTAT:ENV_WASMUN(1.0),Municipal waste by waste management operations,A,Annual,DSP_L_OTH,"Disposal - landfill and other (D1-D7, D12)",KG_HAB,Kilograms per capita,BA,Bosnia and Herzegovina,2009,,261,,,,,
dataflow,ESTAT:ENV_WASMUN(1.0),Municipal waste by waste management operations,A,Annual,DSP_L_OTH,"Disposal - landfill and other (D1-D7, D12)",KG_HAB,Kilograms per capita,BA,Bosnia and Herzegovina,2010,,271,,,,,
dataflow,ESTAT:ENV_WASMUN(1.0),Municipal waste by waste management operations,A,Annual,DSP_L_OTH,"Disposal - landfill and other (D1-D7, D12)",KG_HAB,Kilograms per capita,BA,Bosnia and Herzegovina,2011,,269,,,,,
dataflow,ESTAT:ENV_WASMUN(1.0),Municipal waste by waste management operations,A,Annual,DSP_L_OTH,"Disposal - landfill and other (D1-D7, D12)",KG_HAB,Kilograms per capita,BA,Bosnia and Herzegovina,2012,,227,,,,,
dataflow,ESTAT:ENV_WASMUN(1.0),Municipal waste by waste management operations,A,Annual,DSP_L_OTH,"Disposal - landfill and other (D1-D7, D12)",KG_HAB,Kilograms per capita,BA,Bosnia and Herzegovina,2013,,233,,,,,
dataflow,ESTAT:ENV_WASMUN(1.0),Municipal waste by waste management operations,A,Annual,DSP_L_OTH,"Disposal - landfill and other (D1-D7, D12)",KG_HAB,Kilograms per capita,BA,Bosnia and Herzegovina,2014,,234,,,,,
dataflow,ESTAT:ENV_WASMUN(1.0),Municipal waste by waste management operations,A,Annual,DSP_L_OTH,"Disposal - landfill and other (D1-D7, D12)",KG_HAB,Kilograms per capita,BA,Bosnia and Herzegovina,2015,,257,,,,,
dataflow,ESTAT:ENV_WASMUN(1.0),Municipal waste by waste management operations,A,Annual,DSP_L_OTH,"Disposal - landfill and other (D1-D7, D12)",KG_HAB,Kilograms per capita,BA,Bosnia and Herzegovina,2016,,270,,,,,
dataflow,ESTAT:ENV_WASMUN(1.0),Municipal waste by waste management operations,A,Annual,DSP_L_OTH,"Disposal - landfill and other (D1-D7, D12)",KG_HAB,Kilograms per capita,BA,Bosnia and Herzegovina,2017,,270,,,,,
dataflow,ESTAT:ENV_WASMUN(1.0),Municipal waste by waste management operations,A,Annual,DSP_L_OTH,"Disposal - landfill and other (D1-D7, D12)",KG_HAB,Kilograms per capita,BA,Bosnia and Herzegovina,2018,,271,,,,,
dataflow,ESTAT:ENV_WASMUN(1.0),Municipal waste by waste management operations,A,Annual,DSP_L_OTH,"Disposal - landfill and other (D1-D7, D12)",KG_HAB,Kilograms per capita,BA,Bosnia and Herzegovina,2019,,311,,i,value imputed by Eurostat or other receiving agencies,,
dataflow,ESTAT:ENV_WASMUN(1.0),Municipal waste by waste management operations,A,Annual,DSP_L_OTH,"Disposal - landfill and other (D1-D7, D12)",KG_HAB,Kilograms per capita,BA,Bosnia and Herzegovina,2020,,313,,,,,
dataflow,ESTAT:ENV_WASMUN(1.0),Municipal waste by waste management operations,A,Annual,DSP_L_OTH,"Disposal - landfill and other (D1-D7, D12)",KG_HAB,Kilograms per capita,BE,Belgium,1995,,198,,,,,
dataflow,ESTAT:ENV_WASMUN(1.0),Municipal waste by waste management operations,A,Annual,DSP_L_OTH,"Disposal - landfill and other (D1-D7, D12)",KG_HAB,Kilograms per capita,BE,Belgium,1996,,169,,,,,
dataflow,ESTAT:ENV_WASMUN(1.0),Municipal waste by waste management operations,A,Annual,DSP_L_OTH,"Disposal - landfill and other (D1-D7, D12)",KG_HAB,Kilograms per capita,BE,Belgium,1997,,123,,,,,
dataflow,ESTAT:ENV_WASMUN(1.0),Municipal waste by waste management operations,A,Annual,DSP_L_OTH,"Disposal - landfill and other (D1-D7, D12)",KG_HAB,Kilograms per capita,BE,Belgium,1998,,101,,,,,
dataflow,ESTAT:ENV_WASMUN(1.0),Municipal waste by waste management operations,A,Annual,DSP_L_OTH,"Disposal - landfill and other (D1-D7, D12)",KG_HAB,Kilograms per capita,BE,Belgium,1999,,91,,,,,
dataflow,ESTAT:ENV_WASMUN(1.0),Municipal waste by waste management operations,A,Annual,DSP_L_OTH,"Disposal - landfill and other (D1-D7, D12)",KG_HAB,Kilograms per capita,BE,Belgium,2000,,91,,,,,
dataflow,ESTAT:ENV_WASMUN(1.0),Municipal waste by waste management operations,A,Annual,DSP_L_OTH,"Disposal - landfill and other (D1-D7, D12)",KG_HAB,Kilograms per capita,BE,Belgium,2001,,74,,,,,
dataflow,ESTAT:ENV_WASMUN(1.0),Municipal waste by waste management operations,A,Annual,DSP_L_OTH,"Disposal - landfill and other (D1-D7, D12)",KG_HAB,Kilograms per capita,BE,Belgium,2002,,56,,,,,
dataflow,ESTAT:ENV_WASMUN(1.0),Municipal waste by waste management operations,A,Annual,DSP_L_OTH,"Disposal - landfill and other (D1-D7, D12)",KG_HAB,Kilograms per capita,BE,Belgium,2003,,52,,,,,
dataflow,ESTAT:ENV_WASMUN(1.0),Municipal waste by waste management operations,A,Annual,DSP_L_OTH,"Disposal - landfill and other (D1-D7, D12)",KG_HAB,Kilograms per capita,BE,Belgium,2004,,57,,,,,
dataflow,ESTAT:ENV_WASMUN(1.0),Municipal waste by waste management operations,A,Annual,DSP_L_OTH,"Disposal - landfill and other (D1-D7, D12)",KG_HAB,Kilograms per capita,BE,Belgium,2005,,56,,,,,
dataflow,ESTAT:ENV_WASMUN(1.0),Municipal waste by waste management operations,A,Annual,DSP_L_OTH,"Disposal - landfill and other (D1-D7, D12)",KG_HAB,Kilograms per capita,BE,Belgium,2006,,47,,,,,
dataflow,ESTAT:ENV_WASMUN(1.0),Municipal waste by waste management operations,A,Annual,DSP_L_OTH,"Disposal - landfill and other (D1-D7, D12)",KG_HAB,Kilograms per capita,BE,Belgium,2007,,47,,,,,
dataflow,ESTAT:ENV_WASMUN(1.0),Municipal waste by waste management operations,A,Annual,DSP_L_OTH,"Disposal - landfill and other (D1-D7, D12)",KG_HAB,Kilograms per capita,BE,Belgium,2008,,19,,,,,
dataflow,ESTAT:ENV_WASMUN(1.0),Municipal waste by waste management operations,A,Annual,DSP_L_OTH,"Disposal - landfill and other (D1-D7, D12)",KG_HAB,Kilograms per capita,BE,Belgium,2009,,15,,,,,
dataflow,ESTAT:ENV_WASMUN(1.0),Municipal waste by waste management operations,A,Annual,DSP_L_OTH,"Disposal - landfill and other (D1-D7, D12)",KG_HAB,Kilograms per capita,BE,Belgium,2010,,7,,,,,
dataflow,ESTAT:ENV_WASMUN(1.0),Municipal waste by waste management operations,A,Annual,DSP_L_OTH,"Disposal - landfill and other (D1-D7, D12)",KG_HAB,Kilograms per capita,BE,Belgium,2011,,4,,,,,
dataflow,ESTAT:ENV_WASMUN(1.0),Municipal waste by waste management operations,A,Annual,DSP_L_OTH,"Disposal - landfill and other (D1-D7, D12)",KG_HAB,Kilograms per capita,BE,Belgium,2012,,3,,,,,
dataflow,ESTAT:ENV_WASMUN(1.0),Municipal waste by waste management operations,A,Annual,DSP_L_OTH,"Disposal - landfill and other (D1-D7, D12)",KG_HAB,Kilograms per capita,BE,Belgium,2013,,4,,,,,
dataflow,ESTAT:ENV_WASMUN(1.0),Municipal waste by waste management operations,A,Annual,DSP_L_OTH,"Disposal - landfill and other (D1-D7, D12)",KG_HAB,Kilograms per capita,BE,Belgium,2014,,4,,,,,
dataflow,ESTAT:ENV_WASMUN(1.0),Municipal waste by waste management operations,A,Annual,DSP_L_OTH,"Disposal - landfill and other (D1-D7, D12)",KG_HAB,Kilograms per capita,BE,Belgium,2015,,4,,,,,
dataflow,ESTAT:ENV_WASMUN(1.0),Municipal waste by waste management operations,A,Annual,DSP_L_OTH,"Disposal - landfill and other (D1-D7, D12)",KG_HAB,Kilograms per capita,BE,Belgium,2016,,3,,,,,
dataflow,ESTAT:ENV_WASMUN(1.0),Municipal waste by waste management operations,A,Annual,DSP_L_OTH,"Disposal - landfill and other (D1-D7, D12)",KG_HAB,Kilograms per capita,BE,Belgium,2017,,4,,,,,
dataflow,ESTAT:ENV_WASMUN(1.0),Municipal waste by waste management operations,A,Annual,DSP_L_OTH,"Disposal - landfill and other (D1-D7, D12)",KG_HAB,Kilograms per capita,BE,Belgium,2018,,4,,,,,
dataflow,ESTAT:ENV_WASMUN(1.0),Municipal waste by waste management operations,A,Annual,DSP_L_OTH,"Disposal - landfill and other (D1-D7, D12)",KG_HAB,Kilograms per capita,BE,Belgium,2019,,4,,,,,
dataflow,ESTAT:ENV_WASMUN(1.0),Municipal waste by waste management operations,A,Annual,DSP_L_OTH,"Disposal - landfill and other (D1-D7, D12)",KG_HAB,Kilograms per capita,BE,Belgium,2020,,2,,,,,
dataflow,ESTAT:ENV_WASMUN(1.0),Municipal waste by waste management operations,A,Annual,DSP_L_OTH,"Disposal - landfill and other (D1-D7, D12)",KG_HAB,Kilograms per capita,BE,Belgium,2021,,3,,,,,
dataflow,ESTAT:ENV_WASMUN(1.0),Municipal waste by waste management operations,A,Annual,DSP_L_OTH,"Disposal - landfill and other (D1-D7, D12)",KG_HAB,Kilograms per capita,BE,Belgium,2022,,1,,,,,
dataflow,ESTAT:ENV_WASMUN(1.0),Municipal waste by waste management operations,A,Annual,DSP_L_OTH,"Disposal - landfill and other (D1-D7, D12)",KG_HAB,Kilograms per capita,BE,Belgium,2023,,1,,,,,
dataflow,ESTAT:ENV_WASMUN(1.0),Municipal waste by waste management operations,A,Annual,DSP_L_OTH,"Disposal - landfill and other (D1-D7, D12)",KG_HAB,Kilograms per capita,BG,Bulgaria,1995,,531,,,,,
dataflow,ESTAT:ENV_WASMUN(1.0),Municipal waste by waste management operations,A,Annual,DSP_L_OTH,"Disposal - landfill and other (D1-D7, D12)",KG_HAB,Kilograms per capita,BG,Bulgaria,1996,,478,,,,,
dataflow,ESTAT:ENV_WASMUN(1.0),Municipal waste by waste management operations,A,Annual,DSP_L_OTH,"Disposal - landfill and other (D1-D7, D12)",KG_HAB,Kilograms per capita,BG,Bulgaria,1997,,435,,,,,
dataflow,ESTAT:ENV_WASMUN(1.0),Municipal waste by waste management operations,A,Annual,DSP_L_OTH,"Disposal - landfill and other (D1-D7, D12)",KG_HAB,Kilograms per capita,BG,Bulgaria,1998,,384,,,,,
dataflow,ESTAT:ENV_WASMUN(1.0),Municipal waste by waste management operations,A,Annual,DSP_L_OTH,"Disposal - landfill and other (D1-D7, D12)",KG_HAB,Kilograms per capita,BG,Bulgaria,1999,,389,,,,,
dataflow,ESTAT:ENV_WASMUN(1.0),Municipal waste by waste management operations,A,Annual,DSP_L_OTH,"Disposal - landfill and other (D1-D7, D12)",KG_HAB,Kilograms per capita,BG,Bulgaria,2000,,400,,,,,
dataflow,ESTAT:ENV_WASMUN(1.0),Municipal waste by waste management operations,A,Annual,DSP_L_OTH,"Disposal - landfill and other (D1-D7, D12)",KG_HAB,Kilograms per capita,BG,Bulgaria,2001,,399,,,,,
dataflow,ESTAT:ENV_WASMUN(1.0),Municipal waste by waste management operations,A,Annual,DSP_L_OTH,"Disposal - landfill and other (D1-D7, D12)",KG_HAB,Kilograms per capita,BG,Bulgaria,2002,,407,,,,,
dataflow,ESTAT:ENV_WASMUN(1.0),Municipal waste by waste management operations,A,Annual,DSP_L_OTH,"Disposal - landfill and other (D1-D7, D12)",KG_HAB,Kilograms per capita,BG,Bulgaria,2003,,411,,,,,
dataflow,ESTAT:ENV_WASMUN(1.0),Municipal waste by waste management operations,A,Annual,DSP_L_OTH,"Disposal - landfill and other (D1-D7, D12)",KG_HAB,Kilograms per capita,BG,Bulgaria,2004,,401,,,,,
dataflow,ESTAT:ENV_WASMUN(1.0),Municipal waste by waste management operations,A,Annual,DSP_L_OTH,"Disposal - landfill and other (D1-D7, D12)",KG_HAB,Kilograms per capita,BG,Bulgaria,2005,,411,,,,,
dataflow,ESTAT:ENV_WASMUN(1.0),Municipal waste by waste management operations,A,Annual,DSP_L_OTH,"Disposal - landfill and other (D1-D7, D12)",KG_HAB,Kilograms per capita,BG,Bulgaria,2006,,362,,,,,
dataflow,ESTAT:ENV_WASMUN(1.0),Municipal waste by waste management operations,A,Annual,DSP_L_OTH,"Disposal - landfill and other (D1-D7, D12)",KG_HAB,Kilograms per capita,BG,Bulgaria,2007,,395,,b,break in time series,,
dataflow,ESTAT:ENV_WASMUN(1.0),Municipal waste by waste management operations,A,Annual,DSP_L_OTH,"Disposal - landfill and other (D1-D7, D12)",KG_HAB,Kilograms per capita,BG,Bulgaria,2008,,448,,,,,
dataflow,ESTAT:ENV_WASMUN(1.0),Municipal waste by waste management operations,A,Annual,DSP_L_OTH,"Disposal - landfill and other (D1-D7, D12)",KG_HAB,Kilograms per capita,BG,Bulgaria,2009,,460,,,,,
dataflow,ESTAT:ENV_WASMUN(1.0),Municipal waste by waste management operations,A,Annual,DSP_L_OTH,"Disposal - landfill and other (D1-D7, D12)",KG_HAB,Kilograms per capita,BG,Bulgaria,2010,,411,,,,,
dataflow,ESTAT:ENV_WASMUN(1.0),Municipal waste by waste management operations,A,Annual,DSP_L_OTH,"Disposal - landfill and other (D1-D7, D12)",KG_HAB,Kilograms per capita,BG,Bulgaria,2011,,349,,,,,
dataflow,ESTAT:ENV_WASMUN(1.0),Municipal waste by waste management operations,A,Annual,DSP_L_OTH,"Disposal - landfill and other (D1-D7, D12)",KG_HAB,Kilograms per capita,BG,Bulgaria,2012,,318,,,,,
dataflow,ESTAT:ENV_WASMUN(1.0),Municipal waste by waste management operations,A,Annual,DSP_L_OTH,"Disposal - landfill and other (D1-D7, D12)",KG_HAB,Kilograms per capita,BG,Bulgaria,2013,,303,,,,,
dataflow,ESTAT:ENV_WASMUN(1.0),Municipal waste by waste management operations,A,Annual,DSP_L_OTH,"Disposal - landfill and other (D1-D7, D12)",KG_HAB,Kilograms per capita,BG,Bulgaria,2014,,313,,,,,
dataflow,ESTAT:ENV_WASMUN(1.0),Municipal waste by waste management operations,A,Annual,DSP_L_OTH,"Disposal - landfill and other (D1-D7, D12)",KG_HAB,Kilograms per capita,BG,Bulgaria,2015,,286,,,,,
dataflow,ESTAT:ENV_WASMUN(1.0),Municipal waste by waste management operations,A,Annual,DSP_L_OTH,"Disposal - landfill and other (D1-D7, D12)",KG_HAB,Kilograms per capita,BG,Bulgaria,2016,,268,,,,,
dataflow,ESTAT:ENV_WASMUN(1.0),Municipal waste by waste management operations,A,Annual,DSP_L_OTH,"Disposal - landfill and other (D1-D7, D12)",KG_HAB,Kilograms per capita,BG,Bulgaria,2017,,280,,,,,
dataflow,ESTAT:ENV_WASMUN(1.0),Municipal waste by waste management operations,A,Annual,DSP_L_OTH,"Disposal - landfill and other (D1-D7, D12)",KG_HAB,Kilograms per capita,BG,Bulgaria,2018,,261,,,,,
dataflow,ESTAT:ENV_WASMUN(1.0),Municipal waste by waste management operations,A,Annual,DSP_L_OTH,"Disposal - landfill and other (D1-D7, D12)",KG_HAB,Kilograms per capita,BG,Bulgaria,2019,,288,,i,value imputed by Eurostat or other receiving agencies,,
dataflow,ESTAT:ENV_WASMUN(1.0),Municipal waste by waste management operations,A,Annual,DSP_L_OTH,"Disposal - landfill and other (D1-D7, D12)",KG_HAB,Kilograms per capita,BG,Bulgaria,2020,,291,,i,value imputed by Eurostat or other receiving agencies,,
dataflow,ESTAT:ENV_WASMUN(1.0),Municipal waste by waste management operations,A,Annual,DSP_L_OTH,"Disposal - landfill and other (D1-D7, D12)",KG_HAB,Kilograms per capita,BG,Bulgaria,2021,,137,,,,,
dataflow,ESTAT:ENV_WASMUN(1.0),Municipal waste by waste management operations,A,Annual,DSP_L_OTH,"Disposal - landfill and other (D1-D7, D12)",KG_HAB,Kilograms per capita,BG,Bulgaria,2022,,262,,,,,
dataflow,ESTAT:ENV_WASMUN(1.0),Municipal waste by waste management operations,A,Annual,DSP_L_OTH,"Disposal - landfill and other (D1-D7, D12)",KG_HAB,Kilograms per capita,CH,Switzerland,1995,,77,,,,,
dataflow,ESTAT:ENV_WASMUN(1.0),Municipal waste by waste management operations,A,Annual,DSP_L_OTH,"Disposal - landfill and other (D1-D7, D12)",KG_HAB,Kilograms per capita,CH,Switzerland,1996,,69,,,,,
dataflow,ESTAT:ENV_WASMUN(1.0),Municipal waste by waste management operations,A,Annual,DSP_L_OTH,"Disposal - landfill and other (D1-D7, D12)",KG_HAB,Kilograms per capita,CH,Switzerland,1997,,68,,,,,
dataflow,ESTAT:ENV_WASMUN(1.0),Municipal waste by waste management operations,A,Annual,DSP_L_OTH,"Disposal - landfill and other (D1-D7, D12)",KG_HAB,Kilograms per capita,CH,Switzerland,1998,,66,,,,,
dataflow,ESTAT:ENV_WASMUN(1.0),Municipal waste by waste management operations,A,Annual,DSP_L_OTH,"Disposal - landfill and other (D1-D7, D12)",KG_HAB,Kilograms per capita,CH,Switzerland,1999,,66,,,,,
dataflow,ESTAT:ENV_WASMUN(1.0),Municipal waste by waste management operations,A,Annual,DSP_L_OTH,"Disposal - landfill and other (D1-D7, D12)",KG_HAB,Kilograms per capita,CH,Switzerland,2000,,54,,,,,
dataflow,ESTAT:ENV_WASMUN(1.0),Municipal waste by waste management operations,A,Annual,DSP_L_OTH,"Disposal - landfill and other (D1-D7, D12)",KG_HAB,Kilograms per capita,CH,Switzerland,2001,,28,,,,,
dataflow,ESTAT:ENV_WASMUN(1.0),Municipal waste by waste management operations,A,Annual,DSP_L_OTH,"Disposal - landfill and other (D1-D7, D12)",KG_HAB,Kilograms per capita,CH,Switzerland,2002,,11,,,,,
dataflow,ESTAT:ENV_WASMUN(1.0),Municipal waste by waste management operations,A,Annual,DSP_L_OTH,"Disposal - landfill and other (D1-D7, D12)",KG_HAB,Kilograms per capita,CH,Switzerland,2003,,10,,,,,
dataflow,ESTAT:ENV_WASMUN(1.0),Municipal waste by waste management operations,A,Annual,DSP_L_OTH,"Disposal - landfill and other (D1-D7, D12)",KG_HAB,Kilograms per capita,CH,Switzerland,2004,,0,,,,,
dataflow,ESTAT:ENV_WASMUN(1.0),Municipal waste by waste management operations,A,Annual,DSP_L_OTH,"Disposal - landfill and other (D1-D7, D12)",KG_HAB,Kilograms per capita,CH,Switzerland,2005,,0,,,,,
dataflow,ESTAT:ENV_WASMUN(1.0),Municipal waste by waste management operations,A,Annual,DSP_L_OTH,"Disposal - landfill and other (D1-D7, D12)",KG_HAB,Kilograms per capita,CH,Switzerland,2006,,0,,,,,
dataflow,ESTAT:ENV_WASMUN(1.0),Municipal waste by waste management operations,A,Annual,DSP_L_OTH,"Disposal - landfill and other (D1-D7, D12)",KG_HAB,Kilograms per capita,CH,Switzerland,2007,,0,,,,,
dataflow,ESTAT:ENV_WASMUN(1.0),Municipal waste by waste management operations,A,Annual,DSP_L_OTH,"Disposal - landfill and other (D1-D7, D12)",KG_HAB,Kilograms per capita,CH,Switzerland,2008,,0,,,,,
dataflow,ESTAT:ENV_WASMUN(1.0),Municipal waste by waste management operations,A,Annual,DSP_L_OTH,"Disposal - landfill and other (D1-D7, D12)",KG_HAB,Kilograms per capita,CH,Switzerland,2009,,0,,,,,
dataflow,ESTAT:ENV_WASMUN(1.0),Municipal waste by waste management operations,A,Annual,DSP_L_OTH,"Disposal - landfill and other (D1-D7, D12)",KG_HAB,Kilograms per capita,CH,Switzerland,2010,,0,,,,,
dataflow,ESTAT:ENV_WASMUN(1.0),Municipal waste by waste management operations,A,Annual,DSP_L_OTH,"Disposal - landfill and other (D1-D7, D12)",KG_HAB,Kilograms per capita,CH,Switzerland,2011,,0,,,,,
dataflow,ESTAT:ENV_WASMUN(1.0),Municipal waste by waste management operations,A,Annual,DSP_L_OTH,"Disposal - landfill and other (D1-D7, D12)",KG_HAB,Kilograms per capita,CH,Switzerland,2012,,0,,,,,
dataflow,ESTAT:ENV_WASMUN(1.0),Municipal waste by waste management operations,A,Annual,DSP_L_OTH,"Disposal - landfill and other (D1-D7, D12)",KG_HAB,Kilograms per capita,CH,Switzerland,2013,,0,,,,,
dataflow,ESTAT:ENV_WASMUN(1.0),Municipal waste by waste management operations,A,Annual,DSP_L_OTH,"Disposal - landfill and other (D1-D7, D12)",KG_HAB,Kilograms per capita,CH,Switzerland,2014,,0,,,,,
dataflow,ESTAT:ENV_WASMUN(1.0),Municipal waste by waste management operations,A,Annual,DSP_L_OTH,"Disposal - landfill and other (D1-D7, D12)",KG_HAB,Kilograms per capita,CH,Switzerland,2015,,0,,,,,
dataflow,ESTAT:ENV_WASMUN(1.0),Municipal waste by waste management operations,A,Annual,DSP_L_OTH,"Disposal - landfill and other (D1-D7, D12)",KG_HAB,Kilograms per capita,CH,Switzerland,2016,,0,,,,,
dataflow,ESTAT:ENV_WASMUN(1.0),Municipal waste by waste management operations,A,Annual,DSP_L_OTH,"Disposal - landfill and other (D1-D7, D12)",KG_HAB,Kilograms per capita,CH,Switzerland,2017,,0,,,,,
dataflow,ESTAT:ENV_WASMUN(1.0),Municipal waste by waste management operations,A,Annual,DSP_L_OTH,"Disposal - landfill and other (D1-D7, D12)",KG_HAB,Kilograms per capita,CH,Switzerland,2018,,0,,,,,
dataflow,ESTAT:ENV_WASMUN(1.0),Municipal waste by waste management operations,A,Annual,DSP_L_OTH,"Disposal - landfill and other (D1-D7, D12)",KG_HAB,Kilograms per capita,CH,Switzerland,2019,,0,,,,,
dataflow,ESTAT:ENV_WASMUN(1.0),Municipal waste by waste management operations,A,Annual,DSP_L_OTH,"Disposal - landfill and other (D1-D7, D12)",KG_HAB,Kilograms per capita,CH,Switzerland,2020,,0,,,,,
dataflow,ESTAT:ENV_WASMUN(1.0),Municipal waste by waste management operations,A,Annual,DSP_L_OTH,"Disposal - landfill and other (D1-D7, D12)",KG_HAB,Kilograms per capita,CH,Switzerland,2021,,0,,,,,
dataflow,ESTAT:ENV_WASMUN(1.0),Municipal waste by waste management operations,A,Annual,DSP_L_OTH,"Disposal - landfill and other (D1-D7, D12)",KG_HAB,Kilograms per capita,CH,Switzerland,2022,,0,,,,,
dataflow,ESTAT:ENV_WASMUN(1.0),Municipal waste by waste management operations,A,Annual,DSP_L_OTH,"Disposal - landfill and other (D1-D7, D12)",KG_HAB,Kilograms per capita,CY,Cyprus,1995,,595,,,,,
dataflow,ESTAT:ENV_WASMUN(1.0),Municipal waste by waste management operations,A,Annual,DSP_L_OTH,"Disposal - landfill and other (D1-D7, D12)",KG_HAB,Kilograms per capita,CY,Cyprus,1996,,588,,,,,
dataflow,ESTAT:ENV_WASMUN(1.0),Municipal waste by waste management operations,A,Annual,DSP_L_OTH,"Disposal - landfill and other (D1-D7, D12)",KG_HAB,Kilograms per capita,CY,Cyprus,1997,,593,,,,,
dataflow,ESTAT:ENV_WASMUN(1.0),Municipal waste by waste management operations,A,Annual,DSP_L_OTH,"Disposal - landfill and other (D1-D7, D12)",KG_HAB,Kilograms per capita,CY,Cyprus,1998,,598,,,,,
dataflow,ESTAT:ENV_WASMUN(1.0),Municipal waste by waste management operations,A,Annual,DSP_L_OTH,"Disposal - landfill and other (D1-D7, D12)",KG_HAB,Kilograms per capita,CY,Cyprus,1999,,601,,,,,
dataflow,ESTAT:ENV_WASMUN(1.0),Municipal waste by waste management operations,A,Annual,DSP_L_OTH,"Disposal - landfill and other (D1-D7, D12)",KG_HAB,Kilograms per capita,CY,Cyprus,2000,,609,,,,,
dataflow,ESTAT:ENV_WASMUN(1.0),Municipal waste by waste management operations,A,Annual,DSP_L_OTH,"Disposal - landfill and other (D1-D7, D12)",KG_HAB,Kilograms per capita,CY,Cyprus,2001,,630,,,,,
dataflow,ESTAT:ENV_WASMUN(1.0),Municipal waste by waste management operations,A,Annual,DSP_L_OTH,"Disposal - landfill and other (D1-D7, D12)",KG_HAB,Kilograms per capita,CY,Cyprus,2002,,634,,,,,
dataflow,ESTAT:ENV_WASMUN(1.0),Municipal waste by waste management operations,A,Annual,DSP_L_OTH,"Disposal - landfill and other (D1-D7, D12)",KG_HAB,Kilograms per capita,CY,Cyprus,2003,,650,,,,,
dataflow,ESTAT:ENV_WASMUN(1.0),Municipal waste by waste management operations,A,Annual,DSP_L_OTH,"Disposal - landfill and other (D1-D7, D12)",KG_HAB,Kilograms per capita,CY,Cyprus,2004,,662,,,,,
dataflow,ESTAT:ENV_WASMUN(1.0),Municipal waste by waste management operations,A,Annual,DSP_L_OTH,"Disposal - landfill and other (D1-D7, D12)",KG_HAB,Kilograms per capita,CY,Cyprus,2005,,663,,,,,
dataflow,ESTAT:ENV_WASMUN(1.0),Municipal waste by waste management operations,A,Annual,DSP_L_OTH,"Disposal - landfill and other (D1-D7, D12)",KG_HAB,Kilograms per capita,CY,Cyprus,2006,,665,,,,,
dataflow,ESTAT:ENV_WASMUN(1.0),Municipal waste by waste management operations,A,Annual,DSP_L_OTH,"Disposal - landfill and other (D1-D7, D12)",KG_HAB,Kilograms per capita,CY,Cyprus,2007,,668,,,,,
dataflow,ESTAT:ENV_WASMUN(1.0),Municipal waste by waste management operations,A,Annual,DSP_L_OTH,"Disposal - landfill and other (D1-D7, D12)",KG_HAB,Kilograms per capita,CY,Cyprus,2008,,675,,,,,
dataflow,ESTAT:ENV_WASMUN(1.0),Municipal waste by waste management operations,A,Annual,DSP_L_OTH,"Disposal - landfill and other (D1-D7, D12)",KG_HAB,Kilograms per capita,CY,Cyprus,2009,,668,,,,,
dataflow,ESTAT:ENV_WASMUN(1.0),Municipal waste by waste management operations,A,Annual,DSP_L_OTH,"Disposal - landfill and other (D1-D7, D12)",KG_HAB,Kilograms per capita,CY,Cyprus,2010,,600,,,,,
dataflow,ESTAT:ENV_WASMUN(1.0),Municipal waste by waste management operations,A,Annual,DSP_L_OTH,"Disposal - landfill and other (D1-D7, D12)",KG_HAB,Kilograms per capita,CY,Cyprus,2011,,559,,,,,
dataflow,ESTAT:ENV_WASMUN(1.0),Municipal waste by waste management operations,A,Annual,DSP_L_OTH,"Disposal - landfill and other (D1-D7, D12)",KG_HAB,Kilograms per capita,CY,Cyprus,2012,,541,,,,,
dataflow,ESTAT:ENV_WASMUN(1.0),Municipal waste by waste management operations,A,Annual,DSP_L_OTH,"Disposal - landfill and other (D1-D7, D12)",KG_HAB,Kilograms per capita,CY,Cyprus,2013,,504,,,,,
dataflow,ESTAT:ENV_WASMUN(1.0),Municipal waste by waste management operations,A,Annual,DSP_L_OTH,"Disposal - landfill and other (D1-D7, D12)",KG_HAB,Kilograms per capita,CY,Cyprus,2014,,468,,,,,
dataflow,ESTAT:ENV_WASMUN(1.0),Municipal waste by waste management operations,A,Annual,DSP_L_OTH,"Disposal - landfill and other (D1-D7, D12)",KG_HAB,Kilograms per capita,CY,Cyprus,2015,,484,,,,,
dataflow,ESTAT:ENV_WASMUN(1.0),Municipal waste by waste management operations,A,Annual,DSP_L_OTH,"Disposal - landfill and other (D1-D7, D12)",KG_HAB,Kilograms per capita,CY,Cyprus,2016,,498,,,,,
dataflow,ESTAT:ENV_WASMUN(1.0),Municipal waste by waste management operations,A,Annual,DSP_L_OTH,"Disposal - landfill and other (D1-D7, D12)",KG_HAB,Kilograms per capita,CY,Cyprus,2017,,492,,,,,
dataflow,ESTAT:ENV_WASMUN(1.0),Municipal waste by waste management operations,A,Annual,DSP_L_OTH,"Disposal - landfill and other (D1-D7, D12)",KG_HAB,Kilograms per capita,CY,Cyprus,2018,,452,,,,,
dataflow,ESTAT:ENV_WASMUN(1.0),Municipal waste by waste management operations,A,Annual,DSP_L_OTH,"Disposal - landfill and other (D1-D7, D12)",KG_HAB,Kilograms per capita,CY,Cyprus,2019,,430,,,,,
dataflow,ESTAT:ENV_WASMUN(1.0),Municipal waste by waste management operations,A,Annual,DSP_L_OTH,"Disposal - landfill and other (D1-D7, D12)",KG_HAB,Kilograms per capita,CY,Cyprus,2020,,408,,,,,
dataflow,ESTAT:ENV_WASMUN(1.0),Municipal waste by waste management operations,A,Annual,DSP_L_OTH,"Disposal - landfill and other (D1-D7, D12)",KG_HAB,Kilograms per capita,CY,Cyprus,2021,,394,,,,,
dataflow,ESTAT:ENV_WASMUN(1.0),Municipal waste by waste management operations,A,Annual,DSP_L_OTH,"Disposal - landfill and other (D1-D7, D12)",KG_HAB,Kilograms per capita,CY,Cyprus,2022,,398,,,,,
dataflow,ESTAT:ENV_WASMUN(1.0),Municipal waste by waste management operations,A,Annual,DSP_L_OTH,"Disposal - landfill and other (D1-D7, D12)",KG_HAB,Kilograms per capita,CY,Cyprus,2023,,411,,,,,
dataflow,ESTAT:ENV_WASMUN(1.0),Municipal waste by waste management operations,A,Annual,DSP_L_OTH,"Disposal - landfill and other (D1-D7, D12)",KG_HAB,Kilograms per capita,CZ,Czechia,1995,,302,,,,,
dataflow,ESTAT:ENV_WASMUN(1.0),Municipal waste by waste management operations,A,Annual,DSP_L_OTH,"Disposal - landfill and other (D1-D7, D12)",KG_HAB,Kilograms per capita,CZ,Czechia,1996,,310,,,,,
dataflow,ESTAT:ENV_WASMUN(1.0),Municipal waste by waste management operations,A,Annual,DSP_L_OTH,"Disposal - landfill and other (D1-D7, D12)",KG_HAB,Kilograms per capita,CZ,Czechia,1997,,318,,,,,
dataflow,ESTAT:ENV_WASMUN(1.0),Municipal waste by waste management operations,A,Annual,DSP_L_OTH,"Disposal - landfill and other (D1-D7, D12)",KG_HAB,Kilograms per capita,CZ,Czechia,1998,,272,,,,,
dataflow,ESTAT:ENV_WASMUN(1.0),Municipal waste by waste management operations,A,Annual,DSP_L_OTH,"Disposal - landfill and other (D1-D7, D12)",KG_HAB,Kilograms per capita,CZ,Czechia,1999,,277,,,,,
dataflow,ESTAT:ENV_WASMUN(1.0),Municipal waste by waste management operations,A,Annual,DSP_L_OTH,"Disposal - landfill and other (D1-D7, D12)",KG_HAB,Kilograms per capita,CZ,Czechia,2000,,283,,,,,
dataflow,ESTAT:ENV_WASMUN(1.0),Municipal waste by waste management operations,A,Annual,DSP_L_OTH,"Disposal - landfill and other (D1-D7, D12)",KG_HAB,Kilograms per capita,CZ,Czechia,2001,,215,,b,break in time series,,
dataflow,ESTAT:ENV_WASMUN(1.0),Municipal waste by waste management operations,A,Annual,DSP_L_OTH,"Disposal - landfill and other (D1-D7, D12)",KG_HAB,Kilograms per capita,CZ,Czechia,2002,,206,,,,,
dataflow,ESTAT:ENV_WASMUN(1.0),Municipal waste by waste management operations,A,Annual,DSP_L_OTH,"Disposal - landfill and other (D1-D7, D12)",KG_HAB,Kilograms per capita,CZ,Czechia,2003,,201,,,,,
dataflow,ESTAT:ENV_WASMUN(1.0),Municipal waste by waste management operations,A,Annual,DSP_L_OTH,"Disposal - landfill and other (D1-D7, D12)",KG_HAB,Kilograms per capita,CZ,Czechia,2004,,180,,b,break in time series,,
dataflow,ESTAT:ENV_WASMUN(1.0),Municipal waste by waste management operations,A,Annual,DSP_L_OTH,"Disposal - landfill and other (D1-D7, D12)",KG_HAB,Kilograms per capita,CZ,Czechia,2005,,189,,e,estimated,,
dataflow,ESTAT:ENV_WASMUN(1.0),Municipal waste by waste management operations,A,Annual,DSP_L_OTH,"Disposal - landfill and other (D1-D7, D12)",KG_HAB,Kilograms per capita,CZ,Czechia,2006,,200,,e,estimated,,
dataflow,ESTAT:ENV_WASMUN(1.0),Municipal waste by waste management operations,A,Annual,DSP_L_OTH,"Disposal - landfill and other (D1-D7, D12)",KG_HAB,Kilograms per capita,CZ,Czechia,2007,,206,,e,estimated,,
dataflow,ESTAT:ENV_WASMUN(1.0),Municipal waste by waste management operations,A,Annual,DSP_L_OTH,"Disposal - landfill and other (D1-D7, D12)",KG_HAB,Kilograms per capita,CZ,Czechia,2008,,198,,e,estimated,,
dataflow,ESTAT:ENV_WASMUN(1.0),Municipal waste by waste management operations,A,Annual,DSP_L_OTH,"Disposal - landfill and other (D1-D7, D12)",KG_HAB,Kilograms per capita,CZ,Czechia,2009,,202,,e,estimated,,
dataflow,ESTAT:ENV_WASMUN(1.0),Municipal waste by waste management operations,A,Annual,DSP_L_OTH,"Disposal - landfill and other (D1-D7, D12)",KG_HAB,Kilograms per capita,CZ,Czechia,2010,,206,,e,estimated,,
dataflow,ESTAT:ENV_WASMUN(1.0),Municipal waste by waste management operations,A,Annual,DSP_L_OTH,"Disposal - landfill and other (D1-D7, D12)",KG_HAB,Kilograms per capita,CZ,Czechia,2011,,206,,e,estimated,,
dataflow,ESTAT:ENV_WASMUN(1.0),Municipal waste by waste management operations,A,Annual,DSP_L_OTH,"Disposal - landfill and other (D1-D7, D12)",KG_HAB,Kilograms per capita,CZ,Czechia,2012,,174,,e,estimated,,
dataflow,ESTAT:ENV_WASMUN(1.0),Municipal waste by waste management operations,A,Annual,DSP_L_OTH,"Disposal - landfill and other (D1-D7, D12)",KG_HAB,Kilograms per capita,CZ,Czechia,2013,,173,,e,estimated,,
dataflow,ESTAT:ENV_WASMUN(1.0),Municipal waste by waste management operations,A,Annual,DSP_L_OTH,"Disposal - landfill and other (D1-D7, D12)",KG_HAB,Kilograms per capita,CZ,Czechia,2014,,174,,e,estimated,,
dataflow,ESTAT:ENV_WASMUN(1.0),Municipal waste by waste management operations,A,Annual,DSP_L_OTH,"Disposal - landfill and other (D1-D7, D12)",KG_HAB,Kilograms per capita,CZ,Czechia,2015,,166,,e,estimated,,
dataflow,ESTAT:ENV_WASMUN(1.0),Municipal waste by waste management operations,A,Annual,DSP_L_OTH,"Disposal - landfill and other (D1-D7, D12)",KG_HAB,Kilograms per capita,CZ,Czechia,2016,,169,,e,estimated,,
dataflow,ESTAT:ENV_WASMUN(1.0),Municipal waste by waste management operations,A,Annual,DSP_L_OTH,"Disposal - landfill and other (D1-D7, D12)",KG_HAB,Kilograms per capita,CZ,Czechia,2017,,222,,b,break in time series,,
dataflow,ESTAT:ENV_WASMUN(1.0),Municipal waste by waste management operations,A,Annual,DSP_L_OTH,"Disposal - landfill and other (D1-D7, D12)",KG_HAB,Kilograms per capita,CZ,Czechia,2018,,229,,,,,
dataflow,ESTAT:ENV_WASMUN(1.0),Municipal waste by waste management operations,A,Annual,DSP_L_OTH,"Disposal - landfill and other (D1-D7, D12)",KG_HAB,Kilograms per capita,CZ,Czechia,2019,,231,,,,,
dataflow,ESTAT:ENV_WASMUN(1.0),Municipal waste by waste management operations,A,Annual,DSP_L_OTH,"Disposal - landfill and other (D1-D7, D12)",KG_HAB,Kilograms per capita,CZ,Czechia,2020,,259,,,,,
dataflow,ESTAT:ENV_WASMUN(1.0),Municipal waste by waste management operations,A,Annual,DSP_L_OTH,"Disposal - landfill and other (D1-D7, D12)",KG_HAB,Kilograms per capita,CZ,Czechia,2021,,263,,,,,
dataflow,ESTAT:ENV_WASMUN(1.0),Municipal waste by waste management operations,A,Annual,DSP_L_OTH,"Disposal - landfill and other (D1-D7, D12)",KG_HAB,Kilograms per capita,DE,Germany,1995,,267,,i,value imputed by Eurostat or other receiving agencies,,
dataflow,ESTAT:ENV_WASMUN(1.0),Municipal waste by waste management operations,A,Annual,DSP_L_OTH,"Disposal - landfill and other (D1-D7, D12)",KG_HAB,Kilograms per capita,DE,Germany,1996,,250,,i,value imputed by Eurostat or other receiving agencies,,
dataflow,ESTAT:ENV_WASMUN(1.0),Municipal waste by waste management operations,A,Annual,DSP_L_OTH,"Disposal - landfill and other (D1-D7, D12)",KG_HAB,Kilograms per capita,DE,Germany,1997,,242,,i,value imputed by Eurostat or other receiving agencies,,
dataflow,ESTAT:ENV_WASMUN(1.0),Municipal waste by waste management operations,A,Annual,DSP_L_OTH,"Disposal - landfill and other (D1-D7, D12)",KG_HAB,Kilograms per capita,DE,Germany,1998,,225,,i,value imputed by Eurostat or other receiving agencies,,
dataflow,ESTAT:ENV_WASMUN(1.0),Municipal waste by waste management operations,A,Annual,DSP_L_OTH,"Disposal - landfill and other (D1-D7, D12)",KG_HAB,Kilograms per capita,DE,Germany,1999,,181,,i,value imputed by Eurostat or other receiving agencies,,
dataflow,ESTAT:ENV_WASMUN(1.0),Municipal waste by waste management operations,A,Annual,DSP_L_OTH,"Disposal - landfill and other (D1-D7, D12)",KG_HAB,Kilograms per capita,DE,Germany,2000,,167,,i,value imputed by Eurostat or other receiving agencies,,
dataflow,ESTAT:ENV_WASMUN(1.0),Municipal waste by waste management operations,A,Annual,DSP_L_OTH,"Disposal - landfill and other (D1-D7, D12)",KG_HAB,Kilograms per capita,DE,Germany,2001,,161,,i,value imputed by Eurostat or other receiving agencies,,
dataflow,ESTAT:ENV_WASMUN(1.0),Municipal waste by waste management operations,A,Annual,DSP_L_OTH,"Disposal - landfill and other (D1-D7, D12)",KG_HAB,Kilograms per capita,DE,Germany,2002,,137,,,,,
dataflow,ESTAT:ENV_WASMUN(1.0),Municipal waste by waste management operations,A,Annual,DSP_L_OTH,"Disposal - landfill and other (D1-D7, D12)",KG_HAB,Kilograms per capita,DE,Germany,2003,,115,,,,,
dataflow,ESTAT:ENV_WASMUN(1.0),Municipal waste by waste management operations,A,Annual,DSP_L_OTH,"Disposal - landfill and other (D1-D7, D12)",KG_HAB,Kilograms per capita,DE,Germany,2004,,104,,,,,
dataflow,ESTAT:ENV_WASMUN(1.0),Municipal waste by waste management operations,A,Annual,DSP_L_OTH,"Disposal - landfill and other (D1-D7, D12)",KG_HAB,Kilograms per capita,DE,Germany,2005,,48,,,,,
dataflow,ESTAT:ENV_WASMUN(1.0),Municipal waste by waste management operations,A,Annual,DSP_L_OTH,"Disposal - landfill and other (D1-D7, D12)",KG_HAB,Kilograms per capita,DE,Germany,2006,,4,,,,,
dataflow,ESTAT:ENV_WASMUN(1.0),Municipal waste by waste management operations,A,Annual,DSP_L_OTH,"Disposal - landfill and other (D1-D7, D12)",KG_HAB,Kilograms per capita,DE,Germany,2007,,4,,,,,
dataflow,ESTAT:ENV_WASMUN(1.0),Municipal waste by waste management operations,A,Annual,DSP_L_OTH,"Disposal - landfill and other (D1-D7, D12)",KG_HAB,Kilograms per capita,DE,Germany,2008,,3,,,,,
dataflow,ESTAT:ENV_WASMUN(1.0),Municipal waste by waste management operations,A,Annual,DSP_L_OTH,"Disposal - landfill and other (D1-D7, D12)",KG_HAB,Kilograms per capita,DE,Germany,2009,,2,,,,,
dataflow,ESTAT:ENV_WASMUN(1.0),Municipal waste by waste management operations,A,Annual,DSP_L_OTH,"Disposal - landfill and other (D1-D7, D12)",KG_HAB,Kilograms per capita,DE,Germany,2010,,3,,,,,
dataflow,ESTAT:ENV_WASMUN(1.0),Municipal waste by waste management operations,A,Annual,DSP_L_OTH,"Disposal - landfill and other (D1-D7, D12)",KG_HAB,Kilograms per capita,DE,Germany,2011,,3,,,,,
dataflow,ESTAT:ENV_WASMUN(1.0),Municipal waste by waste management operations,A,Annual,DSP_L_OTH,"Disposal - landfill and other (D1-D7, D12)",KG_HAB,Kilograms per capita,DE,Germany,2012,,1,,,,,
dataflow,ESTAT:ENV_WASMUN(1.0),Municipal waste by waste management operations,A,Annual,DSP_L_OTH,"Disposal - landfill and other (D1-D7, D12)",KG_HAB,Kilograms per capita,DE,Germany,2013,,8,,i,value imputed by Eurostat or other receiving agencies,,
dataflow,ESTAT:ENV_WASMUN(1.0),Municipal waste by waste management operations,A,Annual,DSP_L_OTH,"Disposal - landfill and other (D1-D7, D12)",KG_HAB,Kilograms per capita,DE,Germany,2014,,8,,i,value imputed by Eurostat or other receiving agencies,,
dataflow,ESTAT:ENV_WASMUN(1.0),Municipal waste by waste management operations,A,Annual,DSP_L_OTH,"Disposal - landfill and other (D1-D7, D12)",KG_HAB,Kilograms per capita,DE,Germany,2015,,8,,i,value imputed by Eurostat or other receiving agencies,,
dataflow,ESTAT:ENV_WASMUN(1.0),Municipal waste by waste management operations,A,Annual,DSP_L_OTH,"Disposal - landfill and other (D1-D7, D12)",KG_HAB,Kilograms per capita,DE,Germany,2016,,6,,i,value imputed by Eurostat or other receiving agencies,,
dataflow,ESTAT:ENV_WASMUN(1.0),Municipal waste by waste management operations,A,Annual,DSP_L_OTH,"Disposal - landfill and other (D1-D7, D12)",KG_HAB,Kilograms per capita,DE,Germany,2017,,5,,i,value imputed by Eurostat or other receiving agencies,,
dataflow,ESTAT:ENV_WASMUN(1.0),Municipal waste by waste management operations,A,Annual,DSP_L_OTH,"Disposal - landfill and other (D1-D7, D12)",KG_HAB,Kilograms per capita,DE,Germany,2018,,5,,i,value imputed by Eurostat or other receiving agencies,,
dataflow,ESTAT:ENV_WASMUN(1.0),Municipal waste by waste management operations,A,Annual,DSP_L_OTH,"Disposal - landfill and other (D1-D7, D12)",KG_HAB,Kilograms per capita,DE,Germany,2019,,5,,i,value imputed by Eurostat or other receiving agencies,,
dataflow,ESTAT:ENV_WASMUN(1.0),Municipal waste by waste management operations,A,Annual,DSP_L_OTH,"Disposal - landfill and other (D1-D7, D12)",KG_HAB,Kilograms per capita,DE,Germany,2020,,5,,i,value imputed by Eurostat or other receiving agencies,,
dataflow,ESTAT:ENV_WASMUN(1.0),Municipal waste by waste management operations,A,Annual,DSP_L_OTH,"Disposal - landfill and other (D1-D7, D12)",KG_HAB,Kilograms per capita,DE,Germany,2021,,2,,i,value imputed by Eurostat or other receiving agencies,,
dataflow,ESTAT:ENV_WASMUN(1.0),Municipal waste by waste management operations,A,Annual,DSP_L_OTH,"Disposal - landfill and other (D1-D7, D12)",KG_HAB,Kilograms per capita,DE,Germany,2022,,5,,i,value imputed by Eurostat or other receiving agencies,,
dataflow,ESTAT:ENV_WASMUN(1.0),Municipal waste by waste management operations,A,Annual,DSP_L_OTH,"Disposal - landfill and other (D1-D7, D12)",KG_HAB,Kilograms per capita,DE,Germany,2023,,7,,i,value imputed by Eurostat or other receiving agencies,,
dataflow,ESTAT:ENV_WASMUN(1.0),Municipal waste by waste management operations,A,Annual,DSP_L_OTH,"Disposal - landfill and other (D1-D7, D12)",KG_HAB,Kilograms per capita,DK,Denmark,1995,,96,,be,"break in time series, estimated",,
dataflow,ESTAT:ENV_WASMUN(1.0),Municipal waste by waste management operations,A,Annual,DSP_L_OTH,"Disposal - landfill and other (D1-D7, D12)",KG_HAB,Kilograms per capita,DK,Denmark,1996,,82,,,,,
dataflow,ESTAT:ENV_WASMUN(1.0),Municipal waste by waste management operations,A,Annual,DSP_L_OTH,"Disposal - landfill and other (D1-D7, D12)",KG_HAB,Kilograms per capita,DK,Denmark,1997,,65,,,,,
dataflow,ESTAT:ENV_WASMUN(1.0),Municipal waste by waste management operations,A,Annual,DSP_L_OTH,"Disposal - landfill and other (D1-D7, D12)",KG_HAB,Kilograms per capita,DK,Denmark,1998,,67,,,,,
dataflow,ESTAT:ENV_WASMUN(1.0),Municipal waste by waste management operations,A,Annual,DSP_L_OTH,"Disposal - landfill and other (D1-D7, D12)",KG_HAB,Kilograms per capita,DK,Denmark,1999,,68,,,,,
dataflow,ESTAT:ENV_WASMUN(1.0),Municipal waste by waste management operations,A,Annual,DSP_L_OTH,"Disposal - landfill and other (D1-D7, D12)",KG_HAB,Kilograms per capita,DK,Denmark,2000,,66,,,,,
dataflow,ESTAT:ENV_WASMUN(1.0),Municipal waste by waste management operations,A,Annual,DSP_L_OTH,"Disposal - landfill and other (D1-D7, D12)",KG_HAB,Kilograms per capita,DK,Denmark,2001,,47,,,,,
dataflow,ESTAT:ENV_WASMUN(1.0),Municipal waste by waste management operations,A,Annual,DSP_L_OTH,"Disposal - landfill and other (D1-D7, D12)",KG_HAB,Kilograms per capita,DK,Denmark,2002,,41,,,,,
dataflow,ESTAT:ENV_WASMUN(1.0),Municipal waste by waste management operations,A,Annual,DSP_L_OTH,"Disposal - landfill and other (D1-D7, D12)",KG_HAB,Kilograms per capita,DK,Denmark,2003,,34,,,,,
dataflow,ESTAT:ENV_WASMUN(1.0),Municipal waste by waste management operations,A,Annual,DSP_L_OTH,"Disposal - landfill and other (D1-D7, D12)",KG_HAB,Kilograms per capita,DK,Denmark,2004,,31,,,,,
dataflow,ESTAT:ENV_WASMUN(1.0),Municipal waste by waste management operations,A,Annual,DSP_L_OTH,"Disposal - landfill and other (D1-D7, D12)",KG_HAB,Kilograms per capita,DK,Denmark,2005,,38,,,,,
dataflow,ESTAT:ENV_WASMUN(1.0),Municipal waste by waste management operations,A,Annual,DSP_L_OTH,"Disposal - landfill and other (D1-D7, D12)",KG_HAB,Kilograms per capita,DK,Denmark,2006,,37,,,,,
dataflow,ESTAT:ENV_WASMUN(1.0),Municipal waste by waste management operations,A,Annual,DSP_L_OTH,"Disposal - landfill and other (D1-D7, D12)",KG_HAB,Kilograms per capita,DK,Denmark,2007,,37,,,,,
dataflow,ESTAT:ENV_WASMUN(1.0),Municipal waste by waste management operations,A,Annual,DSP_L_OTH,"Disposal - landfill and other (D1-D7, D12)",KG_HAB,Kilograms per capita,DK,Denmark,2008,,32,,,,,
dataflow,ESTAT:ENV_WASMUN(1.0),Municipal waste by waste management operations,A,Annual,DSP_L_OTH,"Disposal - landfill and other (D1-D7, D12)",KG_HAB,Kilograms per capita,DK,Denmark,2009,,24,,e,estimated,,
dataflow,ESTAT:ENV_WASMUN(1.0),Municipal waste by waste management operations,A,Annual,DSP_L_OTH,"Disposal - landfill and other (D1-D7, D12)",KG_HAB,Kilograms per capita,DK,Denmark,2011,,22,,b,break in time series,,
dataflow,ESTAT:ENV_WASMUN(1.0),Municipal waste by waste management operations,A,Annual,DSP_L_OTH,"Disposal - landfill and other (D1-D7, D12)",KG_HAB,Kilograms per capita,DK,Denmark,2012,,18,,,,,
dataflow,ESTAT:ENV_WASMUN(1.0),Municipal waste by waste management operations,A,Annual,DSP_L_OTH,"Disposal - landfill and other (D1-D7, D12)",KG_HAB,Kilograms per capita,DK,Denmark,2013,,14,,,,,
dataflow,ESTAT:ENV_WASMUN(1.0),Municipal waste by waste management operations,A,Annual,DSP_L_OTH,"Disposal - landfill and other (D1-D7, D12)",KG_HAB,Kilograms per capita,DK,Denmark,2014,,12,,,,,
dataflow,ESTAT:ENV_WASMUN(1.0),Municipal waste by waste management operations,A,Annual,DSP_L_OTH,"Disposal - landfill and other (D1-D7, D12)",KG_HAB,Kilograms per capita,DK,Denmark,2015,,11,,,,,
dataflow,ESTAT:ENV_WASMUN(1.0),Municipal waste by waste management operations,A,Annual,DSP_L_OTH,"Disposal - landfill and other (D1-D7, D12)",KG_HAB,Kilograms per capita,DK,Denmark,2016,,10,,,,,
dataflow,ESTAT:ENV_WASMUN(1.0),Municipal waste by waste management operations,A,Annual,DSP_L_OTH,"Disposal - landfill and other (D1-D7, D12)",KG_HAB,Kilograms per capita,DK,Denmark,2017,,8,,,,,
dataflow,ESTAT:ENV_WASMUN(1.0),Municipal waste by waste management operations,A,Annual,DSP_L_OTH,"Disposal - landfill and other (D1-D7, D12)",KG_HAB,Kilograms per capita,DK,Denmark,2018,,9,,,,,
dataflow,ESTAT:ENV_WASMUN(1.0),Municipal waste by waste management operations,A,Annual,DSP_L_OTH,"Disposal - landfill and other (D1-D7, D12)",KG_HAB,Kilograms per capita,DK,Denmark,2019,,8,,,,,
dataflow,ESTAT:ENV_WASMUN(1.0),Municipal waste by waste management operations,A,Annual,DSP_L_OTH,"Disposal - landfill and other (D1-D7, D12)",KG_HAB,Kilograms per capita,DK,Denmark,2020,,7,,,,,
dataflow,ESTAT:ENV_WASMUN(1.0),Municipal waste by waste management operations,A,Annual,DSP_L_OTH,"Disposal - landfill and other (D1-D7, D12)",KG_HAB,Kilograms per capita,DK,Denmark,2021,,8,,,,,
dataflow,ESTAT:ENV_WASMUN(1.0),Municipal waste by waste management operations,A,Annual,DSP_L_OTH,"Disposal - landfill and other (D1-D7, D12)",KG_HAB,Kilograms per capita,DK,Denmark,2022,,12,,,,,
dataflow,ESTAT:ENV_WASMUN(1.0),Municipal waste by waste management operations,A,Annual,DSP_L_OTH,"Disposal - landfill and other (D1-D7, D12)",KG_HAB,Kilograms per capita,EE,Estonia,1995,,368,,,,,
dataflow,ESTAT:ENV_WASMUN(1.0),Municipal waste by waste management operations,A,Annual,DSP_L_OTH,"Disposal - landfill and other (D1-D7, D12)",KG_HAB,Kilograms per capita,EE,Estonia,1996,,398,,,,,
dataflow,ESTAT:ENV_WASMUN(1.0),Municipal waste by waste management operations,A,Annual,DSP_L_OTH,"Disposal - landfill and other (D1-D7, D12)",KG_HAB,Kilograms per capita,EE,Estonia,1997,,423,,,,,
dataflow,ESTAT:ENV_WASMUN(1.0),Municipal waste by waste management operations,A,Annual,DSP_L_OTH,"Disposal - landfill and other (D1-D7, D12)",KG_HAB,Kilograms per capita,EE,Estonia,1998,,401,,,,,
dataflow,ESTAT:ENV_WASMUN(1.0),Municipal waste by waste management operations,A,Annual,DSP_L_OTH,"Disposal - landfill and other (D1-D7, D12)",KG_HAB,Kilograms per capita,EE,Estonia,1999,,409,,,,,
dataflow,ESTAT:ENV_WASMUN(1.0),Municipal waste by waste management operations,A,Annual,DSP_L_OTH,"Disposal - landfill and other (D1-D7, D12)",KG_HAB,Kilograms per capita,EE,Estonia,2000,,430,,,,,
dataflow,ESTAT:ENV_WASMUN(1.0),Municipal waste by waste management operations,A,Annual,DSP_L_OTH,"Disposal - landfill and other (D1-D7, D12)",KG_HAB,Kilograms per capita,EE,Estonia,2001,,290,,b,break in time series,,
dataflow,ESTAT:ENV_WASMUN(1.0),Municipal waste by waste management operations,A,Annual,DSP_L_OTH,"Disposal - landfill and other (D1-D7, D12)",KG_HAB,Kilograms per capita,EE,Estonia,2002,,304,,,,,
dataflow,ESTAT:ENV_WASMUN(1.0),Municipal waste by waste management operations,A,Annual,DSP_L_OTH,"Disposal - landfill and other (D1-D7, D12)",KG_HAB,Kilograms per capita,EE,Estonia,2003,,271,,,,,
dataflow,ESTAT:ENV_WASMUN(1.0),Municipal waste by waste management operations,A,Annual,DSP_L_OTH,"Disposal - landfill and other (D1-D7, D12)",KG_HAB,Kilograms per capita,EE,Estonia,2004,,281,,,,,
dataflow,ESTAT:ENV_WASMUN(1.0),Municipal waste by waste management operations,A,Annual,DSP_L_OTH,"Disposal - landfill and other (D1-D7, D12)",KG_HAB,Kilograms per capita,EE,Estonia,2005,,273,,,,,
dataflow,ESTAT:ENV_WASMUN(1.0),Municipal waste by waste management operations,A,Annual,DSP_L_OTH,"Disposal - landfill and other (D1-D7, D12)",KG_HAB,Kilograms per capita,EE,Estonia,2006,,277,,,,,
dataflow,ESTAT:ENV_WASMUN(1.0),Municipal waste by waste management operations,A,Annual,DSP_L_OTH,"Disposal - landfill and other (D1-D7, D12)",KG_HAB,Kilograms per capita,EE,Estonia,2007,,291,,,,,
dataflow,ESTAT:ENV_WASMUN(1.0),Municipal waste by waste management operations,A,Annual,DSP_L_OTH,"Disposal - landfill and other (D1-D7, D12)",KG_HAB,Kilograms per capita,EE,Estonia,2008,,249,,,,,
dataflow,ESTAT:ENV_WASMUN(1.0),Municipal waste by waste management operations,A,Annual,DSP_L_OTH,"Disposal - landfill and other (D1-D7, D12)",KG_HAB,Kilograms per capita,EE,Estonia,2009,,215,,,,,
dataflow,ESTAT:ENV_WASMUN(1.0),Municipal waste by waste management operations,A,Annual,DSP_L_OTH,"Disposal - landfill and other (D1-D7, D12)",KG_HAB,Kilograms per capita,EE,Estonia,2010,,201,,,,,
dataflow,ESTAT:ENV_WASMUN(1.0),Municipal waste by waste management operations,A,Annual,DSP_L_OTH,"Disposal - landfill and other (D1-D7, D12)",KG_HAB,Kilograms per capita,EE,Estonia,2011,,180,,,,,
dataflow,ESTAT:ENV_WASMUN(1.0),Municipal waste by waste management operations,A,Annual,DSP_L_OTH,"Disposal - landfill and other (D1-D7, D12)",KG_HAB,Kilograms per capita,EE,Estonia,2012,,98,,,,,
dataflow,ESTAT:ENV_WASMUN(1.0),Municipal waste by waste management operations,A,Annual,DSP_L_OTH,"Disposal - landfill and other (D1-D7, D12)",KG_HAB,Kilograms per capita,EE,Estonia,2013,,40,,,,,
dataflow,ESTAT:ENV_WASMUN(1.0),Municipal waste by waste management operations,A,Annual,DSP_L_OTH,"Disposal - landfill and other (D1-D7, D12)",KG_HAB,Kilograms per capita,EE,Estonia,2014,,23,,,,,
dataflow,ESTAT:ENV_WASMUN(1.0),Municipal waste by waste management operations,A,Annual,DSP_L_OTH,"Disposal - landfill and other (D1-D7, D12)",KG_HAB,Kilograms per capita,EE,Estonia,2015,,26,,,,,
dataflow,ESTAT:ENV_WASMUN(1.0),Municipal waste by waste management operations,A,Annual,DSP_L_OTH,"Disposal - landfill and other (D1-D7, D12)",KG_HAB,Kilograms per capita,EE,Estonia,2016,,39,,,,,
dataflow,ESTAT:ENV_WASMUN(1.0),Municipal waste by waste management operations,A,Annual,DSP_L_OTH,"Disposal - landfill and other (D1-D7, D12)",KG_HAB,Kilograms per capita,EE,Estonia,2017,,75,,,,,
dataflow,ESTAT:ENV_WASMUN(1.0),Municipal waste by waste management operations,A,Annual,DSP_L_OTH,"Disposal - landfill and other (D1-D7, D12)",KG_HAB,Kilograms per capita,EE,Estonia,2018,,87,,,,,
dataflow,ESTAT:ENV_WASMUN(1.0),Municipal waste by waste management operations,A,Annual,DSP_L_OTH,"Disposal - landfill and other (D1-D7, D12)",KG_HAB,Kilograms per capita,EE,Estonia,2019,,64,,,,,
dataflow,ESTAT:ENV_WASMUN(1.0),Municipal waste by waste management operations,A,Annual,DSP_L_OTH,"Disposal - landfill and other (D1-D7, D12)",KG_HAB,Kilograms per capita,EE,Estonia,2020,,56,,,,,
dataflow,ESTAT:ENV_WASMUN(1.0),Municipal waste by waste management operations,A,Annual,DSP_L_OTH,"Disposal - landfill and other (D1-D7, D12)",KG_HAB,Kilograms per capita,EE,Estonia,2021,,78,,,,,
dataflow,ESTAT:ENV_WASMUN(1.0),Municipal waste by waste management operations,A,Annual,DSP_L_OTH,"Disposal - landfill and other (D1-D7, D12)",KG_HAB,Kilograms per capita,EE,Estonia,2022,,49,,,,,
dataflow,ESTAT:ENV_WASMUN(1.0),Municipal waste by waste management operations,A,Annual,DSP_L_OTH,"Disposal - landfill and other (D1-D7, D12)",KG_HAB,Kilograms per capita,EE,Estonia,2023,,2,,,,,
dataflow,ESTAT:ENV_WASMUN(1.0),Municipal waste by waste management operations,A,Annual,DSP_L_OTH,"Disposal - landfill and other (D1-D7, D12)",KG_HAB,Kilograms per capita,EL,Greece,1995,,312,,,,,
dataflow,ESTAT:ENV_WASMUN(1.0),Municipal waste by waste management operations,A,Annual,DSP_L_OTH,"Disposal - landfill and other (D1-D7, D12)",KG_HAB,Kilograms per capita,EL,Greece,1996,,324,,,,,
dataflow,ESTAT:ENV_WASMUN(1.0),Municipal waste by waste management operations,A,Annual,DSP_L_OTH,"Disposal - landfill and other (D1-D7, D12)",KG_HAB,Kilograms per capita,EL,Greece,1997,,332,,,,,
dataflow,ESTAT:ENV_WASMUN(1.0),Municipal waste by waste management operations,A,Annual,DSP_L_OTH,"Disposal - landfill and other (D1-D7, D12)",KG_HAB,Kilograms per capita,EL,Greece,1998,,347,,,,,
dataflow,ESTAT:ENV_WASMUN(1.0),Municipal waste by waste management operations,A,Annual,DSP_L_OTH,"Disposal - landfill and other (D1-D7, D12)",KG_HAB,Kilograms per capita,EL,Greece,1999,,361,,,,,
dataflow,ESTAT:ENV_WASMUN(1.0),Municipal waste by waste management operations,A,Annual,DSP_L_OTH,"Disposal - landfill and other (D1-D7, D12)",KG_HAB,Kilograms per capita,EL,Greece,2000,,375,,,,,
dataflow,ESTAT:ENV_WASMUN(1.0),Municipal waste by waste management operations,A,Annual,DSP_L_OTH,"Disposal - landfill and other (D1-D7, D12)",KG_HAB,Kilograms per capita,EL,Greece,2001,,383,,,,,
dataflow,ESTAT:ENV_WASMUN(1.0),Municipal waste by waste management operations,A,Annual,DSP_L_OTH,"Disposal - landfill and other (D1-D7, D12)",KG_HAB,Kilograms per capita,EL,Greece,2002,,388,,,,,
dataflow,ESTAT:ENV_WASMUN(1.0),Municipal waste by waste management operations,A,Annual,DSP_L_OTH,"Disposal - landfill and other (D1-D7, D12)",KG_HAB,Kilograms per capita,EL,Greece,2003,,396,,,,,
dataflow,ESTAT:ENV_WASMUN(1.0),Municipal waste by waste management operations,A,Annual,DSP_L_OTH,"Disposal - landfill and other (D1-D7, D12)",KG_HAB,Kilograms per capita,EL,Greece,2004,,392,,,,,
dataflow,ESTAT:ENV_WASMUN(1.0),Municipal waste by waste management operations,A,Annual,DSP_L_OTH,"Disposal - landfill and other (D1-D7, D12)",KG_HAB,Kilograms per capita,EL,Greece,2005,,391,,,,,
dataflow,ESTAT:ENV_WASMUN(1.0),Municipal waste by waste management operations,A,Annual,DSP_L_OTH,"Disposal - landfill and other (D1-D7, D12)",KG_HAB,Kilograms per capita,EL,Greece,2006,,390,,,,,
dataflow,ESTAT:ENV_WASMUN(1.0),Municipal waste by waste management operations,A,Annual,DSP_L_OTH,"Disposal - landfill and other (D1-D7, D12)",KG_HAB,Kilograms per capita,EL,Greece,2007,,362,,,,,
dataflow,ESTAT:ENV_WASMUN(1.0),Municipal waste by waste management operations,A,Annual,DSP_L_OTH,"Disposal - landfill and other (D1-D7, D12)",KG_HAB,Kilograms per capita,EL,Greece,2008,,377,,,,,
dataflow,ESTAT:ENV_WASMUN(1.0),Municipal waste by waste management operations,A,Annual,DSP_L_OTH,"Disposal - landfill and other (D1-D7, D12)",KG_HAB,Kilograms per capita,EL,Greece,2009,,376,,,,,
dataflow,ESTAT:ENV_WASMUN(1.0),Municipal waste by waste management operations,A,Annual,DSP_L_OTH,"Disposal - landfill and other (D1-D7, D12)",KG_HAB,Kilograms per capita,EL,Greece,2010,,441,,,,,
dataflow,ESTAT:ENV_WASMUN(1.0),Municipal waste by waste management operations,A,Annual,DSP_L_OTH,"Disposal - landfill and other (D1-D7, D12)",KG_HAB,Kilograms per capita,EL,Greece,2011,,412,,,,,
dataflow,ESTAT:ENV_WASMUN(1.0),Municipal waste by waste management operations,A,Annual,DSP_L_OTH,"Disposal - landfill and other (D1-D7, D12)",KG_HAB,Kilograms per capita,EL,Greece,2012,,408,,,,,
dataflow,ESTAT:ENV_WASMUN(1.0),Municipal waste by waste management operations,A,Annual,DSP_L_OTH,"Disposal - landfill and other (D1-D7, D12)",KG_HAB,Kilograms per capita,EL,Greece,2013,,403,,,,,
dataflow,ESTAT:ENV_WASMUN(1.0),Municipal waste by waste management operations,A,Annual,DSP_L_OTH,"Disposal - landfill and other (D1-D7, D12)",KG_HAB,Kilograms per capita,EL,Greece,2014,,410,,,,,
dataflow,ESTAT:ENV_WASMUN(1.0),Municipal waste by waste management operations,A,Annual,DSP_L_OTH,"Disposal - landfill and other (D1-D7, D12)",KG_HAB,Kilograms per capita,EL,Greece,2015,,409,,,,,
dataflow,ESTAT:ENV_WASMUN(1.0),Municipal waste by waste management operations,A,Annual,DSP_L_OTH,"Disposal - landfill and other (D1-D7, D12)",KG_HAB,Kilograms per capita,EL,Greece,2016,,410,,i,value imputed by Eurostat or other receiving agencies,,
dataflow,ESTAT:ENV_WASMUN(1.0),Municipal waste by waste management operations,A,Annual,DSP_L_OTH,"Disposal - landfill and other (D1-D7, D12)",KG_HAB,Kilograms per capita,EL,Greece,2017,,403,,i,value imputed by Eurostat or other receiving agencies,,
dataflow,ESTAT:ENV_WASMUN(1.0),Municipal waste by waste management operations,A,Annual,DSP_L_OTH,"Disposal - landfill and other (D1-D7, D12)",KG_HAB,Kilograms per capita,EL,Greece,2018,,403,,i,value imputed by Eurostat or other receiving agencies,,
dataflow,ESTAT:ENV_WASMUN(1.0),Municipal waste by waste management operations,A,Annual,DSP_L_OTH,"Disposal - landfill and other (D1-D7, D12)",KG_HAB,Kilograms per capita,EL,Greece,2019,,407,,,,,
dataflow,ESTAT:ENV_WASMUN(1.0),Municipal waste by waste management operations,A,Annual,DSP_L_OTH,"Disposal - landfill and other (D1-D7, D12)",KG_HAB,Kilograms per capita,EL,Greece,2020,,400,,,,,
dataflow,ESTAT:ENV_WASMUN(1.0),Municipal waste by waste management operations,A,Annual,DSP_L_OTH,"Disposal - landfill and other (D1-D7, D12)",KG_HAB,Kilograms per capita,EL,Greece,2021,,411,,,,,
dataflow,ESTAT:ENV_WASMUN(1.0),Municipal waste by waste management operations,A,Annual,DSP_L_OTH,"Disposal - landfill and other (D1-D7, D12)",KG_HAB,Kilograms per capita,EL,Greece,2022,,420,,,,,
dataflow,ESTAT:ENV_WASMUN(1.0),Municipal waste by waste management operations,A,Annual,DSP_L_OTH,"Disposal - landfill and other (D1-D7, D12)",KG_HAB,Kilograms per capita,ES,Spain,1995,,305,,,,,
dataflow,ESTAT:ENV_WASMUN(1.0),Municipal waste by waste management operations,A,Annual,DSP_L_OTH,"Disposal - landfill and other (D1-D7, D12)",KG_HAB,Kilograms per capita,ES,Spain,1996,,295,,,,,
dataflow,ESTAT:ENV_WASMUN(1.0),Municipal waste by waste management operations,A,Annual,DSP_L_OTH,"Disposal - landfill and other (D1-D7, D12)",KG_HAB,Kilograms per capita,ES,Spain,1997,,315,,,,,
dataflow,ESTAT:ENV_WASMUN(1.0),Municipal waste by waste management operations,A,Annual,DSP_L_OTH,"Disposal - landfill and other (D1-D7, D12)",KG_HAB,Kilograms per capita,ES,Spain,1998,,313,,,,,
dataflow,ESTAT:ENV_WASMUN(1.0),Municipal waste by waste management operations,A,Annual,DSP_L_OTH,"Disposal - landfill and other (D1-D7, D12)",KG_HAB,Kilograms per capita,ES,Spain,1999,,326,,,,,
dataflow,ESTAT:ENV_WASMUN(1.0),Municipal waste by waste management operations,A,Annual,DSP_L_OTH,"Disposal - landfill and other (D1-D7, D12)",KG_HAB,Kilograms per capita,ES,Spain,2000,,334,,,,,
dataflow,ESTAT:ENV_WASMUN(1.0),Municipal waste by waste management operations,A,Annual,DSP_L_OTH,"Disposal - landfill and other (D1-D7, D12)",KG_HAB,Kilograms per capita,ES,Spain,2001,,360,,,,,
dataflow,ESTAT:ENV_WASMUN(1.0),Municipal waste by waste management operations,A,Annual,DSP_L_OTH,"Disposal - landfill and other (D1-D7, D12)",KG_HAB,Kilograms per capita,ES,Spain,2002,,355,,,,,
dataflow,ESTAT:ENV_WASMUN(1.0),Municipal waste by waste management operations,A,Annual,DSP_L_OTH,"Disposal - landfill and other (D1-D7, D12)",KG_HAB,Kilograms per capita,ES,Spain,2003,,360,,,,,
dataflow,ESTAT:ENV_WASMUN(1.0),Municipal waste by waste management operations,A,Annual,DSP_L_OTH,"Disposal - landfill and other (D1-D7, D12)",KG_HAB,Kilograms per capita,ES,Spain,2004,,304,,,,,
dataflow,ESTAT:ENV_WASMUN(1.0),Municipal waste by waste management operations,A,Annual,DSP_L_OTH,"Disposal - landfill and other (D1-D7, D12)",KG_HAB,Kilograms per capita,ES,Spain,2005,,288,,,,,
dataflow,ESTAT:ENV_WASMUN(1.0),Municipal waste by waste management operations,A,Annual,DSP_L_OTH,"Disposal - landfill and other (D1-D7, D12)",KG_HAB,Kilograms per capita,ES,Spain,2006,,353,,,,,
dataflow,ESTAT:ENV_WASMUN(1.0),Municipal waste by waste management operations,A,Annual,DSP_L_OTH,"Disposal - landfill and other (D1-D7, D12)",KG_HAB,Kilograms per capita,ES,Spain,2007,,344,,,,,
dataflow,ESTAT:ENV_WASMUN(1.0),Municipal waste by waste management operations,A,Annual,DSP_L_OTH,"Disposal - landfill and other (D1-D7, D12)",KG_HAB,Kilograms per capita,ES,Spain,2008,,285,,,,,
dataflow,ESTAT:ENV_WASMUN(1.0),Municipal waste by waste management operations,A,Annual,DSP_L_OTH,"Disposal - landfill and other (D1-D7, D12)",KG_HAB,Kilograms per capita,ES,Spain,2009,,314,,,,,
dataflow,ESTAT:ENV_WASMUN(1.0),Municipal waste by waste management operations,A,Annual,DSP_L_OTH,"Disposal - landfill and other (D1-D7, D12)",KG_HAB,Kilograms per capita,ES,Spain,2010,,318,,,,,
dataflow,ESTAT:ENV_WASMUN(1.0),Municipal waste by waste management operations,A,Annual,DSP_L_OTH,"Disposal - landfill and other (D1-D7, D12)",KG_HAB,Kilograms per capita,ES,Spain,2011,,305,,,,,
dataflow,ESTAT:ENV_WASMUN(1.0),Municipal waste by waste management operations,A,Annual,DSP_L_OTH,"Disposal - landfill and other (D1-D7, D12)",KG_HAB,Kilograms per capita,ES,Spain,2012,,284,,,,,
dataflow,ESTAT:ENV_WASMUN(1.0),Municipal waste by waste management operations,A,Annual,DSP_L_OTH,"Disposal - landfill and other (D1-D7, D12)",KG_HAB,Kilograms per capita,ES,Spain,2013,,253,,,,,
dataflow,ESTAT:ENV_WASMUN(1.0),Municipal waste by waste management operations,A,Annual,DSP_L_OTH,"Disposal - landfill and other (D1-D7, D12)",KG_HAB,Kilograms per capita,ES,Spain,2014,,259,,,,,
dataflow,ESTAT:ENV_WASMUN(1.0),Municipal waste by waste management operations,A,Annual,DSP_L_OTH,"Disposal - landfill and other (D1-D7, D12)",KG_HAB,Kilograms per capita,ES,Spain,2015,,261,,,,,
dataflow,ESTAT:ENV_WASMUN(1.0),Municipal waste by waste management operations,A,Annual,DSP_L_OTH,"Disposal - landfill and other (D1-D7, D12)",KG_HAB,Kilograms per capita,ES,Spain,2016,,251,,,,,
dataflow,ESTAT:ENV_WASMUN(1.0),Municipal waste by waste management operations,A,Annual,DSP_L_OTH,"Disposal - landfill and other (D1-D7, D12)",KG_HAB,Kilograms per capita,ES,Spain,2017,,242,,,,,
dataflow,ESTAT:ENV_WASMUN(1.0),Municipal waste by waste management operations,A,Annual,DSP_L_OTH,"Disposal - landfill and other (D1-D7, D12)",KG_HAB,Kilograms per capita,ES,Spain,2018,,255,,,,,
dataflow,ESTAT:ENV_WASMUN(1.0),Municipal waste by waste management operations,A,Annual,DSP_L_OTH,"Disposal - landfill and other (D1-D7, D12)",KG_HAB,Kilograms per capita,ES,Spain,2019,,241,,,,,
dataflow,ESTAT:ENV_WASMUN(1.0),Municipal waste by waste management operations,A,Annual,DSP_L_OTH,"Disposal - landfill and other (D1-D7, D12)",KG_HAB,Kilograms per capita,ES,Spain,2020,,229,,,,,
dataflow,ESTAT:ENV_WASMUN(1.0),Municipal waste by waste management operations,A,Annual,DSP_L_OTH,"Disposal - landfill and other (D1-D7, D12)",KG_HAB,Kilograms per capita,ES,Spain,2021,,220,,,,,
dataflow,ESTAT:ENV_WASMUN(1.0),Municipal waste by waste management operations,A,Annual,DSP_L_OTH,"Disposal - landfill and other (D1-D7, D12)",KG_HAB,Kilograms per capita,ES,Spain,2022,,226,,p,provisional,,
dataflow,ESTAT:ENV_WASMUN(1.0),Municipal waste by waste management operations,A,Annual,DSP_L_OTH,"Disposal - landfill and other (D1-D7, D12)",KG_HAB,Kilograms per capita,ES,Spain,2023,,223,,e,estimated,,
dataflow,ESTAT:ENV_WASMUN(1.0),Municipal waste by waste management operations,A,Annual,DSP_L_OTH,"Disposal - landfill and other (D1-D7, D12)",KG_HAB,Kilograms per capita,EU27_2020,European Union - 27 countries (from 2020),1995,,286,,i,value imputed by Eurostat or other receiving agencies,,
dataflow,ESTAT:ENV_WASMUN(1.0),Municipal waste by waste management operations,A,Annual,DSP_L_OTH,"Disposal - landfill and other (D1-D7, D12)",KG_HAB,Kilograms per capita,EU27_2020,European Union - 27 countries (from 2020),1996,,276,,i,value imputed by Eurostat or other receiving agencies,,
dataflow,ESTAT:ENV_WASMUN(1.0),Municipal waste by waste management operations,A,Annual,DSP_L_OTH,"Disposal - landfill and other (D1-D7, D12)",KG_HAB,Kilograms per capita,EU27_2020,European Union - 27 countries (from 2020),1997,,276,,i,value imputed by Eurostat or other receiving agencies,,
dataflow,ESTAT:ENV_WASMUN(1.0),Municipal waste by waste management operations,A,Annual,DSP_L_OTH,"Disposal - landfill and other (D1-D7, D12)",KG_HAB,Kilograms per capita,EU27_2020,European Union - 27 countries (from 2020),1998,,266,,i,value imputed by Eurostat or other receiving agencies,,
dataflow,ESTAT:ENV_WASMUN(1.0),Municipal waste by waste management operations,A,Annual,DSP_L_OTH,"Disposal - landfill and other (D1-D7, D12)",KG_HAB,Kilograms per capita,EU27_2020,European Union - 27 countries (from 2020),1999,,263,,i,value imputed by Eurostat or other receiving agencies,,
dataflow,ESTAT:ENV_WASMUN(1.0),Municipal waste by waste management operations,A,Annual,DSP_L_OTH,"Disposal - landfill and other (D1-D7, D12)",KG_HAB,Kilograms per capita,EU27_2020,European Union - 27 countries (from 2020),2000,,262,,i,value imputed by Eurostat or other receiving agencies,,
dataflow,ESTAT:ENV_WASMUN(1.0),Municipal waste by waste management operations,A,Annual,DSP_L_OTH,"Disposal - landfill and other (D1-D7, D12)",KG_HAB,Kilograms per capita,EU27_2020,European Union - 27 countries (from 2020),2001,,250,,i,value imputed by Eurostat or other receiving agencies,,
dataflow,ESTAT:ENV_WASMUN(1.0),Municipal waste by waste management operations,A,Annual,DSP_L_OTH,"Disposal - landfill and other (D1-D7, D12)",KG_HAB,Kilograms per capita,EU27_2020,European Union - 27 countries (from 2020),2002,,241,,i,value imputed by Eurostat or other receiving agencies,,
dataflow,ESTAT:ENV_WASMUN(1.0),Municipal waste by waste management operations,A,Annual,DSP_L_OTH,"Disposal - landfill and other (D1-D7, D12)",KG_HAB,Kilograms per capita,EU27_2020,European Union - 27 countries (from 2020),2003,,229,,i,value imputed by Eurostat or other receiving agencies,,
dataflow,ESTAT:ENV_WASMUN(1.0),Municipal waste by waste management operations,A,Annual,DSP_L_OTH,"Disposal - landfill and other (D1-D7, D12)",KG_HAB,Kilograms per capita,EU27_2020,European Union - 27 countries (from 2020),2004,,214,,i,value imputed by Eurostat or other receiving agencies,,
dataflow,ESTAT:ENV_WASMUN(1.0),Municipal waste by waste management operations,A,Annual,DSP_L_OTH,"Disposal - landfill and other (D1-D7, D12)",KG_HAB,Kilograms per capita,EU27_2020,European Union - 27 countries (from 2020),2005,,202,,i,value imputed by Eurostat or other receiving agencies,,
dataflow,ESTAT:ENV_WASMUN(1.0),Municipal waste by waste management operations,A,Annual,DSP_L_OTH,"Disposal - landfill and other (D1-D7, D12)",KG_HAB,Kilograms per capita,EU27_2020,European Union - 27 countries (from 2020),2006,,202,,,,,
dataflow,ESTAT:ENV_WASMUN(1.0),Municipal waste by waste management operations,A,Annual,DSP_L_OTH,"Disposal - landfill and other (D1-D7, D12)",KG_HAB,Kilograms per capita,EU27_2020,European Union - 27 countries (from 2020),2007,,199,,,,,
dataflow,ESTAT:ENV_WASMUN(1.0),Municipal waste by waste management operations,A,Annual,DSP_L_OTH,"Disposal - landfill and other (D1-D7, D12)",KG_HAB,Kilograms per capita,EU27_2020,European Union - 27 countries (from 2020),2008,,190,,,,,
dataflow,ESTAT:ENV_WASMUN(1.0),Municipal waste by waste management operations,A,Annual,DSP_L_OTH,"Disposal - landfill and other (D1-D7, D12)",KG_HAB,Kilograms per capita,EU27_2020,European Union - 27 countries (from 2020),2009,,185,,,,,
dataflow,ESTAT:ENV_WASMUN(1.0),Municipal waste by waste management operations,A,Annual,DSP_L_OTH,"Disposal - landfill and other (D1-D7, D12)",KG_HAB,Kilograms per capita,EU27_2020,European Union - 27 countries (from 2020),2010,,178,,,,,
dataflow,ESTAT:ENV_WASMUN(1.0),Municipal waste by waste management operations,A,Annual,DSP_L_OTH,"Disposal - landfill and other (D1-D7, D12)",KG_HAB,Kilograms per capita,EU27_2020,European Union - 27 countries (from 2020),2011,,167,,,,,
dataflow,ESTAT:ENV_WASMUN(1.0),Municipal waste by waste management operations,A,Annual,DSP_L_OTH,"Disposal - landfill and other (D1-D7, D12)",KG_HAB,Kilograms per capita,EU27_2020,European Union - 27 countries (from 2020),2012,,153,,,,,
dataflow,ESTAT:ENV_WASMUN(1.0),Municipal waste by waste management operations,A,Annual,DSP_L_OTH,"Disposal - landfill and other (D1-D7, D12)",KG_HAB,Kilograms per capita,EU27_2020,European Union - 27 countries (from 2020),2013,,142,,i,value imputed by Eurostat or other receiving agencies,,
dataflow,ESTAT:ENV_WASMUN(1.0),Municipal waste by waste management operations,A,Annual,DSP_L_OTH,"Disposal - landfill and other (D1-D7, D12)",KG_HAB,Kilograms per capita,EU27_2020,European Union - 27 countries (from 2020),2014,,134,,i,value imputed by Eurostat or other receiving agencies,,
dataflow,ESTAT:ENV_WASMUN(1.0),Municipal waste by waste management operations,A,Annual,DSP_L_OTH,"Disposal - landfill and other (D1-D7, D12)",KG_HAB,Kilograms per capita,EU27_2020,European Union - 27 countries (from 2020),2015,,127,,i,value imputed by Eurostat or other receiving agencies,,
dataflow,ESTAT:ENV_WASMUN(1.0),Municipal waste by waste management operations,A,Annual,DSP_L_OTH,"Disposal - landfill and other (D1-D7, D12)",KG_HAB,Kilograms per capita,EU27_2020,European Union - 27 countries (from 2020),2016,,128,,i,value imputed by Eurostat or other receiving agencies,,
dataflow,ESTAT:ENV_WASMUN(1.0),Municipal waste by waste management operations,A,Annual,DSP_L_OTH,"Disposal - landfill and other (D1-D7, D12)",KG_HAB,Kilograms per capita,EU27_2020,European Union - 27 countries (from 2020),2017,,127,,i,value imputed by Eurostat or other receiving agencies,,
dataflow,ESTAT:ENV_WASMUN(1.0),Municipal waste by waste management operations,A,Annual,DSP_L_OTH,"Disposal - landfill and other (D1-D7, D12)",KG_HAB,Kilograms per capita,EU27_2020,European Union - 27 countries (from 2020),2018,,125,,i,value imputed by Eurostat or other receiving agencies,,
dataflow,ESTAT:ENV_WASMUN(1.0),Municipal waste by waste management operations,A,Annual,DSP_L_OTH,"Disposal - landfill and other (D1-D7, D12)",KG_HAB,Kilograms per capita,EU27_2020,European Union - 27 countries (from 2020),2019,,124,,i,value imputed by Eurostat or other receiving agencies,,
dataflow,ESTAT:ENV_WASMUN(1.0),Municipal waste by waste management operations,A,Annual,DSP_L_OTH,"Disposal - landfill and other (D1-D7, D12)",KG_HAB,Kilograms per capita,EU27_2020,European Union - 27 countries (from 2020),2020,,122,,i,value imputed by Eurostat or other receiving agencies,,
dataflow,ESTAT:ENV_WASMUN(1.0),Municipal waste by waste management operations,A,Annual,DSP_L_OTH,"Disposal - landfill and other (D1-D7, D12)",KG_HAB,Kilograms per capita,EU27_2020,European Union - 27 countries (from 2020),2021,,117,,i,value imputed by Eurostat or other receiving agencies,,
dataflow,ESTAT:ENV_WASMUN(1.0),Municipal waste by waste management operations,A,Annual,DSP_L_OTH,"Disposal - landfill and other (D1-D7, D12)",KG_HAB,Kilograms per capita,EU27_2020,European Union - 27 countries (from 2020),2022,,117,,i,value imputed by Eurostat or other receiving agencies,,
dataflow,ESTAT:ENV_WASMUN(1.0),Municipal waste by waste management operations,A,Annual,DSP_L_OTH,"Disposal - landfill and other (D1-D7, D12)",KG_HAB,Kilograms per capita,EU27_2020,European Union - 27 countries (from 2020),2023,,115,,i,value imputed by Eurostat or other receiving agencies,,
dataflow,ESTAT:ENV_WASMUN(1.0),Municipal waste by waste management operations,A,Annual,DSP_L_OTH,"Disposal - landfill and other (D1-D7, D12)",KG_HAB,Kilograms per capita,FI,Finland,1995,,267,,,,,
dataflow,ESTAT:ENV_WASMUN(1.0),Municipal waste by waste management operations,A,Annual,DSP_L_OTH,"Disposal - landfill and other (D1-D7, D12)",KG_HAB,Kilograms per capita,FI,Finland,1996,,274,,,,,
dataflow,ESTAT:ENV_WASMUN(1.0),Municipal waste by waste management operations,A,Annual,DSP_L_OTH,"Disposal - landfill and other (D1-D7, D12)",KG_HAB,Kilograms per capita,FI,Finland,1997,,281,,,,,
dataflow,ESTAT:ENV_WASMUN(1.0),Municipal waste by waste management operations,A,Annual,DSP_L_OTH,"Disposal - landfill and other (D1-D7, D12)",KG_HAB,Kilograms per capita,FI,Finland,1998,,294,,,,,
dataflow,ESTAT:ENV_WASMUN(1.0),Municipal waste by waste management operations,A,Annual,DSP_L_OTH,"Disposal - landfill and other (D1-D7, D12)",KG_HAB,Kilograms per capita,FI,Finland,1999,,280,,,,,
dataflow,ESTAT:ENV_WASMUN(1.0),Municipal waste by waste management operations,A,Annual,DSP_L_OTH,"Disposal - landfill and other (D1-D7, D12)",KG_HAB,Kilograms per capita,FI,Finland,2000,,305,,,,,
dataflow,ESTAT:ENV_WASMUN(1.0),Municipal waste by waste management operations,A,Annual,DSP_L_OTH,"Disposal - landfill and other (D1-D7, D12)",KG_HAB,Kilograms per capita,FI,Finland,2001,,284,,,,,
dataflow,ESTAT:ENV_WASMUN(1.0),Municipal waste by waste management operations,A,Annual,DSP_L_OTH,"Disposal - landfill and other (D1-D7, D12)",KG_HAB,Kilograms per capita,FI,Finland,2002,,286,,,,,
dataflow,ESTAT:ENV_WASMUN(1.0),Municipal waste by waste management operations,A,Annual,DSP_L_OTH,"Disposal - landfill and other (D1-D7, D12)",KG_HAB,Kilograms per capita,FI,Finland,2003,,277,,,,,
dataflow,ESTAT:ENV_WASMUN(1.0),Municipal waste by waste management operations,A,Annual,DSP_L_OTH,"Disposal - landfill and other (D1-D7, D12)",KG_HAB,Kilograms per capita,FI,Finland,2004,,272,,,,,
dataflow,ESTAT:ENV_WASMUN(1.0),Municipal waste by waste management operations,A,Annual,DSP_L_OTH,"Disposal - landfill and other (D1-D7, D12)",KG_HAB,Kilograms per capita,FI,Finland,2005,,282,,,,,
dataflow,ESTAT:ENV_WASMUN(1.0),Municipal waste by waste management operations,A,Annual,DSP_L_OTH,"Disposal - landfill and other (D1-D7, D12)",KG_HAB,Kilograms per capita,FI,Finland,2006,,286,,,,,
dataflow,ESTAT:ENV_WASMUN(1.0),Municipal waste by waste management operations,A,Annual,DSP_L_OTH,"Disposal - landfill and other (D1-D7, D12)",KG_HAB,Kilograms per capita,FI,Finland,2007,,267,,,,,
dataflow,ESTAT:ENV_WASMUN(1.0),Municipal waste by waste management operations,A,Annual,DSP_L_OTH,"Disposal - landfill and other (D1-D7, D12)",KG_HAB,Kilograms per capita,FI,Finland,2008,,265,,,,,
dataflow,ESTAT:ENV_WASMUN(1.0),Municipal waste by waste management operations,A,Annual,DSP_L_OTH,"Disposal - landfill and other (D1-D7, D12)",KG_HAB,Kilograms per capita,FI,Finland,2009,,221,,,,,
dataflow,ESTAT:ENV_WASMUN(1.0),Municipal waste by waste management operations,A,Annual,DSP_L_OTH,"Disposal - landfill and other (D1-D7, D12)",KG_HAB,Kilograms per capita,FI,Finland,2010,,212,,,,,
dataflow,ESTAT:ENV_WASMUN(1.0),Municipal waste by waste management operations,A,Annual,DSP_L_OTH,"Disposal - landfill and other (D1-D7, D12)",KG_HAB,Kilograms per capita,FI,Finland,2011,,203,,,,,
dataflow,ESTAT:ENV_WASMUN(1.0),Municipal waste by waste management operations,A,Annual,DSP_L_OTH,"Disposal - landfill and other (D1-D7, D12)",KG_HAB,Kilograms per capita,FI,Finland,2012,,166,,,,,
dataflow,ESTAT:ENV_WASMUN(1.0),Municipal waste by waste management operations,A,Annual,DSP_L_OTH,"Disposal - landfill and other (D1-D7, D12)",KG_HAB,Kilograms per capita,FI,Finland,2013,,124,,,,,
dataflow,ESTAT:ENV_WASMUN(1.0),Municipal waste by waste management operations,A,Annual,DSP_L_OTH,"Disposal - landfill and other (D1-D7, D12)",KG_HAB,Kilograms per capita,FI,Finland,2014,,84,,,,,
dataflow,ESTAT:ENV_WASMUN(1.0),Municipal waste by waste management operations,A,Annual,DSP_L_OTH,"Disposal - landfill and other (D1-D7, D12)",KG_HAB,Kilograms per capita,FI,Finland,2015,,57,,,,,
dataflow,ESTAT:ENV_WASMUN(1.0),Municipal waste by waste management operations,A,Annual,DSP_L_OTH,"Disposal - landfill and other (D1-D7, D12)",KG_HAB,Kilograms per capita,FI,Finland,2016,,16,,,,,
dataflow,ESTAT:ENV_WASMUN(1.0),Municipal waste by waste management operations,A,Annual,DSP_L_OTH,"Disposal - landfill and other (D1-D7, D12)",KG_HAB,Kilograms per capita,FI,Finland,2017,,5,,,,,
dataflow,ESTAT:ENV_WASMUN(1.0),Municipal waste by waste management operations,A,Annual,DSP_L_OTH,"Disposal - landfill and other (D1-D7, D12)",KG_HAB,Kilograms per capita,FI,Finland,2018,,4,,,,,
dataflow,ESTAT:ENV_WASMUN(1.0),Municipal waste by waste management operations,A,Annual,DSP_L_OTH,"Disposal - landfill and other (D1-D7, D12)",KG_HAB,Kilograms per capita,FI,Finland,2019,,5,,,,,
dataflow,ESTAT:ENV_WASMUN(1.0),Municipal waste by waste management operations,A,Annual,DSP_L_OTH,"Disposal - landfill and other (D1-D7, D12)",KG_HAB,Kilograms per capita,FI,Finland,2020,,3,,,,,
dataflow,ESTAT:ENV_WASMUN(1.0),Municipal waste by waste management operations,A,Annual,DSP_L_OTH,"Disposal - landfill and other (D1-D7, D12)",KG_HAB,Kilograms per capita,FI,Finland,2021,,3,,,,,
dataflow,ESTAT:ENV_WASMUN(1.0),Municipal waste by waste management operations,A,Annual,DSP_L_OTH,"Disposal - landfill and other (D1-D7, D12)",KG_HAB,Kilograms per capita,FI,Finland,2022,,2,,,,,
dataflow,ESTAT:ENV_WASMUN(1.0),Municipal waste by waste management operations,A,Annual,DSP_L_OTH,"Disposal - landfill and other (D1-D7, D12)",KG_HAB,Kilograms per capita,FI,Finland,2023,,2,,,,,
dataflow,ESTAT:ENV_WASMUN(1.0),Municipal waste by waste management operations,A,Annual,DSP_L_OTH,"Disposal - landfill and other (D1-D7, D12)",KG_HAB,Kilograms per capita,FR,France,1995,,213,,,,,
dataflow,ESTAT:ENV_WASMUN(1.0),Municipal waste by waste management operations,A,Annual,DSP_L_OTH,"Disposal - landfill and other (D1-D7, D12)",KG_HAB,Kilograms per capita,FR,France,1996,,225,,,,,
dataflow,ESTAT:ENV_WASMUN(1.0),Municipal waste by waste management operations,A,Annual,DSP_L_OTH,"Disposal - landfill and other (D1-D7, D12)",KG_HAB,Kilograms per capita,FR,France,1997,,227,,,,,
dataflow,ESTAT:ENV_WASMUN(1.0),Municipal waste by waste management operations,A,Annual,DSP_L_OTH,"Disposal - landfill and other (D1-D7, D12)",KG_HAB,Kilograms per capita,FR,France,1998,,230,,,,,
dataflow,ESTAT:ENV_WASMUN(1.0),Municipal waste by waste management operations,A,Annual,DSP_L_OTH,"Disposal - landfill and other (D1-D7, D12)",KG_HAB,Kilograms per capita,FR,France,1999,,223,,,,,
dataflow,ESTAT:ENV_WASMUN(1.0),Municipal waste by waste management operations,A,Annual,DSP_L_OTH,"Disposal - landfill and other (D1-D7, D12)",KG_HAB,Kilograms per capita,FR,France,2000,,219,,,,,
dataflow,ESTAT:ENV_WASMUN(1.0),Municipal waste by waste management operations,A,Annual,DSP_L_OTH,"Disposal - landfill and other (D1-D7, D12)",KG_HAB,Kilograms per capita,FR,France,2001,,214,,,,,
dataflow,ESTAT:ENV_WASMUN(1.0),Municipal waste by waste management operations,A,Annual,DSP_L_OTH,"Disposal - landfill and other (D1-D7, D12)",KG_HAB,Kilograms per capita,FR,France,2002,,205,,,,,
dataflow,ESTAT:ENV_WASMUN(1.0),Municipal waste by waste management operations,A,Annual,DSP_L_OTH,"Disposal - landfill and other (D1-D7, D12)",KG_HAB,Kilograms per capita,FR,France,2003,,192,,,,,
dataflow,ESTAT:ENV_WASMUN(1.0),Municipal waste by waste management operations,A,Annual,DSP_L_OTH,"Disposal - landfill and other (D1-D7, D12)",KG_HAB,Kilograms per capita,FR,France,2004,,188,,,,,
dataflow,ESTAT:ENV_WASMUN(1.0),Municipal waste by waste management operations,A,Annual,DSP_L_OTH,"Disposal - landfill and other (D1-D7, D12)",KG_HAB,Kilograms per capita,FR,France,2005,,193,,,,,
dataflow,ESTAT:ENV_WASMUN(1.0),Municipal waste by waste management operations,A,Annual,DSP_L_OTH,"Disposal - landfill and other (D1-D7, D12)",KG_HAB,Kilograms per capita,FR,France,2006,,189,,e,estimated,,
dataflow,ESTAT:ENV_WASMUN(1.0),Municipal waste by waste management operations,A,Annual,DSP_L_OTH,"Disposal - landfill and other (D1-D7, D12)",KG_HAB,Kilograms per capita,FR,France,2007,,186,,,,,
dataflow,ESTAT:ENV_WASMUN(1.0),Municipal waste by waste management operations,A,Annual,DSP_L_OTH,"Disposal - landfill and other (D1-D7, D12)",KG_HAB,Kilograms per capita,FR,France,2008,,174,,e,estimated,,
dataflow,ESTAT:ENV_WASMUN(1.0),Municipal waste by waste management operations,A,Annual,DSP_L_OTH,"Disposal - landfill and other (D1-D7, D12)",KG_HAB,Kilograms per capita,FR,France,2009,,162,,,,,
dataflow,ESTAT:ENV_WASMUN(1.0),Municipal waste by waste management operations,A,Annual,DSP_L_OTH,"Disposal - landfill and other (D1-D7, D12)",KG_HAB,Kilograms per capita,FR,France,2010,,155,,e,estimated,,
dataflow,ESTAT:ENV_WASMUN(1.0),Municipal waste by waste management operations,A,Annual,DSP_L_OTH,"Disposal - landfill and other (D1-D7, D12)",KG_HAB,Kilograms per capita,FR,France,2011,,149,,,,,
dataflow,ESTAT:ENV_WASMUN(1.0),Municipal waste by waste management operations,A,Annual,DSP_L_OTH,"Disposal - landfill and other (D1-D7, D12)",KG_HAB,Kilograms per capita,FR,France,2012,,142,,e,estimated,,
dataflow,ESTAT:ENV_WASMUN(1.0),Municipal waste by waste management operations,A,Annual,DSP_L_OTH,"Disposal - landfill and other (D1-D7, D12)",KG_HAB,Kilograms per capita,FR,France,2013,,134,,,,,
dataflow,ESTAT:ENV_WASMUN(1.0),Municipal waste by waste management operations,A,Annual,DSP_L_OTH,"Disposal - landfill and other (D1-D7, D12)",KG_HAB,Kilograms per capita,FR,France,2014,,128,,e,estimated,,
dataflow,ESTAT:ENV_WASMUN(1.0),Municipal waste by waste management operations,A,Annual,DSP_L_OTH,"Disposal - landfill and other (D1-D7, D12)",KG_HAB,Kilograms per capita,FR,France,2015,,122,,,,,
dataflow,ESTAT:ENV_WASMUN(1.0),Municipal waste by waste management operations,A,Annual,DSP_L_OTH,"Disposal - landfill and other (D1-D7, D12)",KG_HAB,Kilograms per capita,FR,France,2016,,158,,e,estimated,,
dataflow,ESTAT:ENV_WASMUN(1.0),Municipal waste by waste management operations,A,Annual,DSP_L_OTH,"Disposal - landfill and other (D1-D7, D12)",KG_HAB,Kilograms per capita,FR,France,2017,,160,,e,estimated,,
dataflow,ESTAT:ENV_WASMUN(1.0),Municipal waste by waste management operations,A,Annual,DSP_L_OTH,"Disposal - landfill and other (D1-D7, D12)",KG_HAB,Kilograms per capita,FR,France,2018,,145,,e,estimated,,
dataflow,ESTAT:ENV_WASMUN(1.0),Municipal waste by waste management operations,A,Annual,DSP_L_OTH,"Disposal - landfill and other (D1-D7, D12)",KG_HAB,Kilograms per capita,FR,France,2019,,144,,e,estimated,,
dataflow,ESTAT:ENV_WASMUN(1.0),Municipal waste by waste management operations,A,Annual,DSP_L_OTH,"Disposal - landfill and other (D1-D7, D12)",KG_HAB,Kilograms per capita,FR,France,2020,,138,,e,estimated,,
dataflow,ESTAT:ENV_WASMUN(1.0),Municipal waste by waste management operations,A,Annual,DSP_L_OTH,"Disposal - landfill and other (D1-D7, D12)",KG_HAB,Kilograms per capita,FR,France,2021,,132,,,,,
dataflow,ESTAT:ENV_WASMUN(1.0),Municipal waste by waste management operations,A,Annual,DSP_L_OTH,"Disposal - landfill and other (D1-D7, D12)",KG_HAB,Kilograms per capita,FR,France,2022,,124,,ep,"estimated, provisional",,
dataflow,ESTAT:ENV_WASMUN(1.0),Municipal waste by waste management operations,A,Annual,DSP_L_OTH,"Disposal - landfill and other (D1-D7, D12)",KG_HAB,Kilograms per capita,FR,France,2023,,121,,ep,"estimated, provisional",,
dataflow,ESTAT:ENV_WASMUN(1.0),Municipal waste by waste management operations,A,Annual,DSP_L_OTH,"Disposal - landfill and other (D1-D7, D12)",KG_HAB,Kilograms per capita,HR,Croatia,2006,,283,,,,,
dataflow,ESTAT:ENV_WASMUN(1.0),Municipal waste by waste management operations,A,Annual,DSP_L_OTH,"Disposal - landfill and other (D1-D7, D12)",KG_HAB,Kilograms per capita,HR,Croatia,2007,,382,,,,,
dataflow,ESTAT:ENV_WASMUN(1.0),Municipal waste by waste management operations,A,Annual,DSP_L_OTH,"Disposal - landfill and other (D1-D7, D12)",KG_HAB,Kilograms per capita,HR,Croatia,2008,,401,,,,,
dataflow,ESTAT:ENV_WASMUN(1.0),Municipal waste by waste management operations,A,Annual,DSP_L_OTH,"Disposal - landfill and other (D1-D7, D12)",KG_HAB,Kilograms per capita,HR,Croatia,2009,,393,,,,,
dataflow,ESTAT:ENV_WASMUN(1.0),Municipal waste by waste management operations,A,Annual,DSP_L_OTH,"Disposal - landfill and other (D1-D7, D12)",KG_HAB,Kilograms per capita,HR,Croatia,2010,,358,,,,,
dataflow,ESTAT:ENV_WASMUN(1.0),Municipal waste by waste management operations,A,Annual,DSP_L_OTH,"Disposal - landfill and other (D1-D7, D12)",KG_HAB,Kilograms per capita,HR,Croatia,2011,,349,,,,,
dataflow,ESTAT:ENV_WASMUN(1.0),Municipal waste by waste management operations,A,Annual,DSP_L_OTH,"Disposal - landfill and other (D1-D7, D12)",KG_HAB,Kilograms per capita,HR,Croatia,2012,,323,,,,,
dataflow,ESTAT:ENV_WASMUN(1.0),Municipal waste by waste management operations,A,Annual,DSP_L_OTH,"Disposal - landfill and other (D1-D7, D12)",KG_HAB,Kilograms per capita,HR,Croatia,2013,,334,,,,,
dataflow,ESTAT:ENV_WASMUN(1.0),Municipal waste by waste management operations,A,Annual,DSP_L_OTH,"Disposal - landfill and other (D1-D7, D12)",KG_HAB,Kilograms per capita,HR,Croatia,2014,,312,,,,,
dataflow,ESTAT:ENV_WASMUN(1.0),Municipal waste by waste management operations,A,Annual,DSP_L_OTH,"Disposal - landfill and other (D1-D7, D12)",KG_HAB,Kilograms per capita,HR,Croatia,2015,,317,,,,,
dataflow,ESTAT:ENV_WASMUN(1.0),Municipal waste by waste management operations,A,Annual,DSP_L_OTH,"Disposal - landfill and other (D1-D7, D12)",KG_HAB,Kilograms per capita,HR,Croatia,2016,,314,,,,,
dataflow,ESTAT:ENV_WASMUN(1.0),Municipal waste by waste management operations,A,Annual,DSP_L_OTH,"Disposal - landfill and other (D1-D7, D12)",KG_HAB,Kilograms per capita,HR,Croatia,2017,,307,,,,,
dataflow,ESTAT:ENV_WASMUN(1.0),Municipal waste by waste management operations,A,Annual,DSP_L_OTH,"Disposal - landfill and other (D1-D7, D12)",KG_HAB,Kilograms per capita,HR,Croatia,2018,,293,,,,,
dataflow,ESTAT:ENV_WASMUN(1.0),Municipal waste by waste management operations,A,Annual,DSP_L_OTH,"Disposal - landfill and other (D1-D7, D12)",KG_HAB,Kilograms per capita,HR,Croatia,2019,,272,,,,,
dataflow,ESTAT:ENV_WASMUN(1.0),Municipal waste by waste management operations,A,Annual,DSP_L_OTH,"Disposal - landfill and other (D1-D7, D12)",KG_HAB,Kilograms per capita,HR,Croatia,2020,,261,,,,,
dataflow,ESTAT:ENV_WASMUN(1.0),Municipal waste by waste management operations,A,Annual,DSP_L_OTH,"Disposal - landfill and other (D1-D7, D12)",KG_HAB,Kilograms per capita,HR,Croatia,2021,,266,,,,,
dataflow,ESTAT:ENV_WASMUN(1.0),Municipal waste by waste management operations,A,Annual,DSP_L_OTH,"Disposal - landfill and other (D1-D7, D12)",KG_HAB,Kilograms per capita,HR,Croatia,2022,,266,,,,,
dataflow,ESTAT:ENV_WASMUN(1.0),Municipal waste by waste management operations,A,Annual,DSP_L_OTH,"Disposal - landfill and other (D1-D7, D12)",KG_HAB,Kilograms per capita,HR,Croatia,2023,,246,,,,,
dataflow,ESTAT:ENV_WASMUN(1.0),Municipal waste by waste management operations,A,Annual,DSP_L_OTH,"Disposal - landfill and other (D1-D7, D12)",KG_HAB,Kilograms per capita,HU,Hungary,1995,,337,,,,,
dataflow,ESTAT:ENV_WASMUN(1.0),Municipal waste by waste management operations,A,Annual,DSP_L_OTH,"Disposal - landfill and other (D1-D7, D12)",KG_HAB,Kilograms per capita,HU,Hungary,1996,,358,,,,,
dataflow,ESTAT:ENV_WASMUN(1.0),Municipal waste by waste management operations,A,Annual,DSP_L_OTH,"Disposal - landfill and other (D1-D7, D12)",KG_HAB,Kilograms per capita,HU,Hungary,1997,,382,,,,,
dataflow,ESTAT:ENV_WASMUN(1.0),Municipal waste by waste management operations,A,Annual,DSP_L_OTH,"Disposal - landfill and other (D1-D7, D12)",KG_HAB,Kilograms per capita,HU,Hungary,1998,,383,,,,,
dataflow,ESTAT:ENV_WASMUN(1.0),Municipal waste by waste management operations,A,Annual,DSP_L_OTH,"Disposal - landfill and other (D1-D7, D12)",KG_HAB,Kilograms per capita,HU,Hungary,1999,,393,,,,,
dataflow,ESTAT:ENV_WASMUN(1.0),Municipal waste by waste management operations,A,Annual,DSP_L_OTH,"Disposal - landfill and other (D1-D7, D12)",KG_HAB,Kilograms per capita,HU,Hungary,2000,,366,,,,,
dataflow,ESTAT:ENV_WASMUN(1.0),Municipal waste by waste management operations,A,Annual,DSP_L_OTH,"Disposal - landfill and other (D1-D7, D12)",KG_HAB,Kilograms per capita,HU,Hungary,2001,,363,,,,,
dataflow,ESTAT:ENV_WASMUN(1.0),Municipal waste by waste management operations,A,Annual,DSP_L_OTH,"Disposal - landfill and other (D1-D7, D12)",KG_HAB,Kilograms per capita,HU,Hungary,2002,,378,,,,,
dataflow,ESTAT:ENV_WASMUN(1.0),Municipal waste by waste management operations,A,Annual,DSP_L_OTH,"Disposal - landfill and other (D1-D7, D12)",KG_HAB,Kilograms per capita,HU,Hungary,2003,,392,,,,,
dataflow,ESTAT:ENV_WASMUN(1.0),Municipal waste by waste management operations,A,Annual,DSP_L_OTH,"Disposal - landfill and other (D1-D7, D12)",KG_HAB,Kilograms per capita,HU,Hungary,2004,,382,,,,,
dataflow,ESTAT:ENV_WASMUN(1.0),Municipal waste by waste management operations,A,Annual,DSP_L_OTH,"Disposal - landfill and other (D1-D7, D12)",KG_HAB,Kilograms per capita,HU,Hungary,2005,,383,,,,,
dataflow,ESTAT:ENV_WASMUN(1.0),Municipal waste by waste management operations,A,Annual,DSP_L_OTH,"Disposal - landfill and other (D1-D7, D12)",KG_HAB,Kilograms per capita,HU,Hungary,2006,,377,,,,,
dataflow,ESTAT:ENV_WASMUN(1.0),Municipal waste by waste management operations,A,Annual,DSP_L_OTH,"Disposal - landfill and other (D1-D7, D12)",KG_HAB,Kilograms per capita,HU,Hungary,2007,,341,,,,,
dataflow,ESTAT:ENV_WASMUN(1.0),Municipal waste by waste management operations,A,Annual,DSP_L_OTH,"Disposal - landfill and other (D1-D7, D12)",KG_HAB,Kilograms per capita,HU,Hungary,2008,,333,,,,,
dataflow,ESTAT:ENV_WASMUN(1.0),Municipal waste by waste management operations,A,Annual,DSP_L_OTH,"Disposal - landfill and other (D1-D7, D12)",KG_HAB,Kilograms per capita,HU,Hungary,2009,,320,,,,,
dataflow,ESTAT:ENV_WASMUN(1.0),Municipal waste by waste management operations,A,Annual,DSP_L_OTH,"Disposal - landfill and other (D1-D7, D12)",KG_HAB,Kilograms per capita,HU,Hungary,2010,,284,,,,,
dataflow,ESTAT:ENV_WASMUN(1.0),Municipal waste by waste management operations,A,Annual,DSP_L_OTH,"Disposal - landfill and other (D1-D7, D12)",KG_HAB,Kilograms per capita,HU,Hungary,2011,,257,,,,,
dataflow,ESTAT:ENV_WASMUN(1.0),Municipal waste by waste management operations,A,Annual,DSP_L_OTH,"Disposal - landfill and other (D1-D7, D12)",KG_HAB,Kilograms per capita,HU,Hungary,2012,,263,,,,,
dataflow,ESTAT:ENV_WASMUN(1.0),Municipal waste by waste management operations,A,Annual,DSP_L_OTH,"Disposal - landfill and other (D1-D7, D12)",KG_HAB,Kilograms per capita,HU,Hungary,2013,,245,,,,,
dataflow,ESTAT:ENV_WASMUN(1.0),Municipal waste by waste management operations,A,Annual,DSP_L_OTH,"Disposal - landfill and other (D1-D7, D12)",KG_HAB,Kilograms per capita,HU,Hungary,2014,,222,,,,,
dataflow,ESTAT:ENV_WASMUN(1.0),Municipal waste by waste management operations,A,Annual,DSP_L_OTH,"Disposal - landfill and other (D1-D7, D12)",KG_HAB,Kilograms per capita,HU,Hungary,2015,,203,,,,,
dataflow,ESTAT:ENV_WASMUN(1.0),Municipal waste by waste management operations,A,Annual,DSP_L_OTH,"Disposal - landfill and other (D1-D7, D12)",KG_HAB,Kilograms per capita,HU,Hungary,2016,,193,,,,,
dataflow,ESTAT:ENV_WASMUN(1.0),Municipal waste by waste management operations,A,Annual,DSP_L_OTH,"Disposal - landfill and other (D1-D7, D12)",KG_HAB,Kilograms per capita,HU,Hungary,2017,,188,,,,,
dataflow,ESTAT:ENV_WASMUN(1.0),Municipal waste by waste management operations,A,Annual,DSP_L_OTH,"Disposal - landfill and other (D1-D7, D12)",KG_HAB,Kilograms per capita,HU,Hungary,2018,,191,,,,,
dataflow,ESTAT:ENV_WASMUN(1.0),Municipal waste by waste management operations,A,Annual,DSP_L_OTH,"Disposal - landfill and other (D1-D7, D12)",KG_HAB,Kilograms per capita,HU,Hungary,2019,,198,,,,,
dataflow,ESTAT:ENV_WASMUN(1.0),Municipal waste by waste management operations,A,Annual,DSP_L_OTH,"Disposal - landfill and other (D1-D7, D12)",KG_HAB,Kilograms per capita,HU,Hungary,2020,,220,,,,,
dataflow,ESTAT:ENV_WASMUN(1.0),Municipal waste by waste management operations,A,Annual,DSP_L_OTH,"Disposal - landfill and other (D1-D7, D12)",KG_HAB,Kilograms per capita,HU,Hungary,2021,,214,,,,,
dataflow,ESTAT:ENV_WASMUN(1.0),Municipal waste by waste management operations,A,Annual,DSP_L_OTH,"Disposal - landfill and other (D1-D7, D12)",KG_HAB,Kilograms per capita,HU,Hungary,2022,,225,,,,,
dataflow,ESTAT:ENV_WASMUN(1.0),Municipal waste by waste management operations,A,Annual,DSP_L_OTH,"Disposal - landfill and other (D1-D7, D12)",KG_HAB,Kilograms per capita,HU,Hungary,2023,,233,,,,,
dataflow,ESTAT:ENV_WASMUN(1.0),Municipal waste by waste management operations,A,Annual,DSP_L_OTH,"Disposal - landfill and other (D1-D7, D12)",KG_HAB,Kilograms per capita,IE,Ireland,1995,,395,,,,,
dataflow,ESTAT:ENV_WASMUN(1.0),Municipal waste by waste management operations,A,Annual,DSP_L_OTH,"Disposal - landfill and other (D1-D7, D12)",KG_HAB,Kilograms per capita,IE,Ireland,1996,,417,,,,,
dataflow,ESTAT:ENV_WASMUN(1.0),Municipal waste by waste management operations,A,Annual,DSP_L_OTH,"Disposal - landfill and other (D1-D7, D12)",KG_HAB,Kilograms per capita,IE,Ireland,1997,,437,,,,,
dataflow,ESTAT:ENV_WASMUN(1.0),Municipal waste by waste management operations,A,Annual,DSP_L_OTH,"Disposal - landfill and other (D1-D7, D12)",KG_HAB,Kilograms per capita,IE,Ireland,1998,,476,,,,,
dataflow,ESTAT:ENV_WASMUN(1.0),Municipal waste by waste management operations,A,Annual,DSP_L_OTH,"Disposal - landfill and other (D1-D7, D12)",KG_HAB,Kilograms per capita,IE,Ireland,1999,,514,,,,,
dataflow,ESTAT:ENV_WASMUN(1.0),Municipal waste by waste management operations,A,Annual,DSP_L_OTH,"Disposal - landfill and other (D1-D7, D12)",KG_HAB,Kilograms per capita,IE,Ireland,2000,,550,,,,,
dataflow,ESTAT:ENV_WASMUN(1.0),Municipal waste by waste management operations,A,Annual,DSP_L_OTH,"Disposal - landfill and other (D1-D7, D12)",KG_HAB,Kilograms per capita,IE,Ireland,2001,,536,,,,,
dataflow,ESTAT:ENV_WASMUN(1.0),Municipal waste by waste management operations,A,Annual,DSP_L_OTH,"Disposal - landfill and other (D1-D7, D12)",KG_HAB,Kilograms per capita,IE,Ireland,2002,,500,,,,,
dataflow,ESTAT:ENV_WASMUN(1.0),Municipal waste by waste management operations,A,Annual,DSP_L_OTH,"Disposal - landfill and other (D1-D7, D12)",KG_HAB,Kilograms per capita,IE,Ireland,2003,,476,,,,,
dataflow,ESTAT:ENV_WASMUN(1.0),Municipal waste by waste management operations,A,Annual,DSP_L_OTH,"Disposal - landfill and other (D1-D7, D12)",KG_HAB,Kilograms per capita,IE,Ireland,2004,,447,,,,,
dataflow,ESTAT:ENV_WASMUN(1.0),Municipal waste by waste management operations,A,Annual,DSP_L_OTH,"Disposal - landfill and other (D1-D7, D12)",KG_HAB,Kilograms per capita,IE,Ireland,2005,,441,,,,,
dataflow,ESTAT:ENV_WASMUN(1.0),Municipal waste by waste management operations,A,Annual,DSP_L_OTH,"Disposal - landfill and other (D1-D7, D12)",KG_HAB,Kilograms per capita,IE,Ireland,2006,,463,,,,,
dataflow,ESTAT:ENV_WASMUN(1.0),Municipal waste by waste management operations,A,Annual,DSP_L_OTH,"Disposal - landfill and other (D1-D7, D12)",KG_HAB,Kilograms per capita,IE,Ireland,2007,,458,,,,,
dataflow,ESTAT:ENV_WASMUN(1.0),Municipal waste by waste management operations,A,Annual,DSP_L_OTH,"Disposal - landfill and other (D1-D7, D12)",KG_HAB,Kilograms per capita,IE,Ireland,2008,,432,,,,,
dataflow,ESTAT:ENV_WASMUN(1.0),Municipal waste by waste management operations,A,Annual,DSP_L_OTH,"Disposal - landfill and other (D1-D7, D12)",KG_HAB,Kilograms per capita,IE,Ireland,2009,,380,,,,,
dataflow,ESTAT:ENV_WASMUN(1.0),Municipal waste by waste management operations,A,Annual,DSP_L_OTH,"Disposal - landfill and other (D1-D7, D12)",KG_HAB,Kilograms per capita,IE,Ireland,2010,,328,,,,,
dataflow,ESTAT:ENV_WASMUN(1.0),Municipal waste by waste management operations,A,Annual,DSP_L_OTH,"Disposal - landfill and other (D1-D7, D12)",KG_HAB,Kilograms per capita,IE,Ireland,2011,,293,,,,,
dataflow,ESTAT:ENV_WASMUN(1.0),Municipal waste by waste management operations,A,Annual,DSP_L_OTH,"Disposal - landfill and other (D1-D7, D12)",KG_HAB,Kilograms per capita,IE,Ireland,2012,,223,,,,,
dataflow,ESTAT:ENV_WASMUN(1.0),Municipal waste by waste management operations,A,Annual,DSP_L_OTH,"Disposal - landfill and other (D1-D7, D12)",KG_HAB,Kilograms per capita,IE,Ireland,2014,,115,,,,,
dataflow,ESTAT:ENV_WASMUN(1.0),Municipal waste by waste management operations,A,Annual,DSP_L_OTH,"Disposal - landfill and other (D1-D7, D12)",KG_HAB,Kilograms per capita,IE,Ireland,2016,,149,,,,,
dataflow,ESTAT:ENV_WASMUN(1.0),Municipal waste by waste management operations,A,Annual,DSP_L_OTH,"Disposal - landfill and other (D1-D7, D12)",KG_HAB,Kilograms per capita,IE,Ireland,2017,,129,,,,,
dataflow,ESTAT:ENV_WASMUN(1.0),Municipal waste by waste management operations,A,Annual,DSP_L_OTH,"Disposal - landfill and other (D1-D7, D12)",KG_HAB,Kilograms per capita,IE,Ireland,2018,,85,,,,,
dataflow,ESTAT:ENV_WASMUN(1.0),Municipal waste by waste management operations,A,Annual,DSP_L_OTH,"Disposal - landfill and other (D1-D7, D12)",KG_HAB,Kilograms per capita,IE,Ireland,2019,,95,,,,,
dataflow,ESTAT:ENV_WASMUN(1.0),Municipal waste by waste management operations,A,Annual,DSP_L_OTH,"Disposal - landfill and other (D1-D7, D12)",KG_HAB,Kilograms per capita,IE,Ireland,2020,,103,,b,break in time series,,
dataflow,ESTAT:ENV_WASMUN(1.0),Municipal waste by waste management operations,A,Annual,DSP_L_OTH,"Disposal - landfill and other (D1-D7, D12)",KG_HAB,Kilograms per capita,IS,Iceland,1995,,322,,,,,
dataflow,ESTAT:ENV_WASMUN(1.0),Municipal waste by waste management operations,A,Annual,DSP_L_OTH,"Disposal - landfill and other (D1-D7, D12)",KG_HAB,Kilograms per capita,IS,Iceland,1996,,327,,,,,
dataflow,ESTAT:ENV_WASMUN(1.0),Municipal waste by waste management operations,A,Annual,DSP_L_OTH,"Disposal - landfill and other (D1-D7, D12)",KG_HAB,Kilograms per capita,IS,Iceland,1997,,332,,,,,
dataflow,ESTAT:ENV_WASMUN(1.0),Municipal waste by waste management operations,A,Annual,DSP_L_OTH,"Disposal - landfill and other (D1-D7, D12)",KG_HAB,Kilograms per capita,IS,Iceland,1998,,336,,,,,
dataflow,ESTAT:ENV_WASMUN(1.0),Municipal waste by waste management operations,A,Annual,DSP_L_OTH,"Disposal - landfill and other (D1-D7, D12)",KG_HAB,Kilograms per capita,IS,Iceland,1999,,342,,,,,
dataflow,ESTAT:ENV_WASMUN(1.0),Municipal waste by waste management operations,A,Annual,DSP_L_OTH,"Disposal - landfill and other (D1-D7, D12)",KG_HAB,Kilograms per capita,IS,Iceland,2000,,349,,,,,
dataflow,ESTAT:ENV_WASMUN(1.0),Municipal waste by waste management operations,A,Annual,DSP_L_OTH,"Disposal - landfill and other (D1-D7, D12)",KG_HAB,Kilograms per capita,IS,Iceland,2001,,351,,,,,
dataflow,ESTAT:ENV_WASMUN(1.0),Municipal waste by waste management operations,A,Annual,DSP_L_OTH,"Disposal - landfill and other (D1-D7, D12)",KG_HAB,Kilograms per capita,IS,Iceland,2002,,358,,,,,
dataflow,ESTAT:ENV_WASMUN(1.0),Municipal waste by waste management operations,A,Annual,DSP_L_OTH,"Disposal - landfill and other (D1-D7, D12)",KG_HAB,Kilograms per capita,IS,Iceland,2003,,363,,,,,
dataflow,ESTAT:ENV_WASMUN(1.0),Municipal waste by waste management operations,A,Annual,DSP_L_OTH,"Disposal - landfill and other (D1-D7, D12)",KG_HAB,Kilograms per capita,IS,Iceland,2004,,363,,,,,
dataflow,ESTAT:ENV_WASMUN(1.0),Municipal waste by waste management operations,A,Annual,DSP_L_OTH,"Disposal - landfill and other (D1-D7, D12)",KG_HAB,Kilograms per capita,IS,Iceland,2005,,364,,,,,
dataflow,ESTAT:ENV_WASMUN(1.0),Municipal waste by waste management operations,A,Annual,DSP_L_OTH,"Disposal - landfill and other (D1-D7, D12)",KG_HAB,Kilograms per capita,IS,Iceland,2006,,385,,,,,
dataflow,ESTAT:ENV_WASMUN(1.0),Municipal waste by waste management operations,A,Annual,DSP_L_OTH,"Disposal - landfill and other (D1-D7, D12)",KG_HAB,Kilograms per capita,IS,Iceland,2007,,376,,,,,
dataflow,ESTAT:ENV_WASMUN(1.0),Municipal waste by waste management operations,A,Annual,DSP_L_OTH,"Disposal - landfill and other (D1-D7, D12)",KG_HAB,Kilograms per capita,IS,Iceland,2008,,488,,,,,
dataflow,ESTAT:ENV_WASMUN(1.0),Municipal waste by waste management operations,A,Annual,DSP_L_OTH,"Disposal - landfill and other (D1-D7, D12)",KG_HAB,Kilograms per capita,IS,Iceland,2009,,295,,,,,
dataflow,ESTAT:ENV_WASMUN(1.0),Municipal waste by waste management operations,A,Annual,DSP_L_OTH,"Disposal - landfill and other (D1-D7, D12)",KG_HAB,Kilograms per capita,IS,Iceland,2010,,346,,,,,
dataflow,ESTAT:ENV_WASMUN(1.0),Municipal waste by waste management operations,A,Annual,DSP_L_OTH,"Disposal - landfill and other (D1-D7, D12)",KG_HAB,Kilograms per capita,IS,Iceland,2011,,339,,,,,
dataflow,ESTAT:ENV_WASMUN(1.0),Municipal waste by waste management operations,A,Annual,DSP_L_OTH,"Disposal - landfill and other (D1-D7, D12)",KG_HAB,Kilograms per capita,IS,Iceland,2012,,343,,,,,
dataflow,ESTAT:ENV_WASMUN(1.0),Municipal waste by waste management operations,A,Annual,DSP_L_OTH,"Disposal - landfill and other (D1-D7, D12)",KG_HAB,Kilograms per capita,IS,Iceland,2013,,340,,,,,
dataflow,ESTAT:ENV_WASMUN(1.0),Municipal waste by waste management operations,A,Annual,DSP_L_OTH,"Disposal - landfill and other (D1-D7, D12)",KG_HAB,Kilograms per capita,IS,Iceland,2014,,354,,,,,
dataflow,ESTAT:ENV_WASMUN(1.0),Municipal waste by waste management operations,A,Annual,DSP_L_OTH,"Disposal - landfill and other (D1-D7, D12)",KG_HAB,Kilograms per capita,IS,Iceland,2015,,342,,,,,
dataflow,ESTAT:ENV_WASMUN(1.0),Municipal waste by waste management operations,A,Annual,DSP_L_OTH,"Disposal - landfill and other (D1-D7, D12)",KG_HAB,Kilograms per capita,IS,Iceland,2016,,375,,,,,
dataflow,ESTAT:ENV_WASMUN(1.0),Municipal waste by waste management operations,A,Annual,DSP_L_OTH,"Disposal - landfill and other (D1-D7, D12)",KG_HAB,Kilograms per capita,IS,Iceland,2017,,416,,,,,
dataflow,ESTAT:ENV_WASMUN(1.0),Municipal waste by waste management operations,A,Annual,DSP_L_OTH,"Disposal - landfill and other (D1-D7, D12)",KG_HAB,Kilograms per capita,IS,Iceland,2018,,418,,,,,
dataflow,ESTAT:ENV_WASMUN(1.0),Municipal waste by waste management operations,A,Annual,DSP_L_OTH,"Disposal - landfill and other (D1-D7, D12)",KG_HAB,Kilograms per capita,IS,Iceland,2020,,293,,,,,
dataflow,ESTAT:ENV_WASMUN(1.0),Municipal waste by waste management operations,A,Annual,DSP_L_OTH,"Disposal - landfill and other (D1-D7, D12)",KG_HAB,Kilograms per capita,IS,Iceland,2021,,263,,,,,
dataflow,ESTAT:ENV_WASMUN(1.0),Municipal waste by waste management operations,A,Annual,DSP_L_OTH,"Disposal - landfill and other (D1-D7, D12)",KG_HAB,Kilograms per capita,IS,Iceland,2022,,196,,,,,
dataflow,ESTAT:ENV_WASMUN(1.0),Municipal waste by waste management operations,A,Annual,DSP_L_OTH,"Disposal - landfill and other (D1-D7, D12)",KG_HAB,Kilograms per capita,IT,Italy,1995,,422,,,,,
dataflow,ESTAT:ENV_WASMUN(1.0),Municipal waste by waste management operations,A,Annual,DSP_L_OTH,"Disposal - landfill and other (D1-D7, D12)",KG_HAB,Kilograms per capita,IT,Italy,1996,,380,,,,,
dataflow,ESTAT:ENV_WASMUN(1.0),Municipal waste by waste management operations,A,Annual,DSP_L_OTH,"Disposal - landfill and other (D1-D7, D12)",KG_HAB,Kilograms per capita,IT,Italy,1997,,374,,,,,
dataflow,ESTAT:ENV_WASMUN(1.0),Municipal waste by waste management operations,A,Annual,DSP_L_OTH,"Disposal - landfill and other (D1-D7, D12)",KG_HAB,Kilograms per capita,IT,Italy,1998,,365,,,,,
dataflow,ESTAT:ENV_WASMUN(1.0),Municipal waste by waste management operations,A,Annual,DSP_L_OTH,"Disposal - landfill and other (D1-D7, D12)",KG_HAB,Kilograms per capita,IT,Italy,1999,,382,,,,,
dataflow,ESTAT:ENV_WASMUN(1.0),Municipal waste by waste management operations,A,Annual,DSP_L_OTH,"Disposal - landfill and other (D1-D7, D12)",KG_HAB,Kilograms per capita,IT,Italy,2000,,385,,,,,
dataflow,ESTAT:ENV_WASMUN(1.0),Municipal waste by waste management operations,A,Annual,DSP_L_OTH,"Disposal - landfill and other (D1-D7, D12)",KG_HAB,Kilograms per capita,IT,Italy,2001,,349,,,,,
dataflow,ESTAT:ENV_WASMUN(1.0),Municipal waste by waste management operations,A,Annual,DSP_L_OTH,"Disposal - landfill and other (D1-D7, D12)",KG_HAB,Kilograms per capita,IT,Italy,2002,,328,,,,,
dataflow,ESTAT:ENV_WASMUN(1.0),Municipal waste by waste management operations,A,Annual,DSP_L_OTH,"Disposal - landfill and other (D1-D7, D12)",KG_HAB,Kilograms per capita,IT,Italy,2003,,312,,,,,
dataflow,ESTAT:ENV_WASMUN(1.0),Municipal waste by waste management operations,A,Annual,DSP_L_OTH,"Disposal - landfill and other (D1-D7, D12)",KG_HAB,Kilograms per capita,IT,Italy,2004,,305,,,,,
dataflow,ESTAT:ENV_WASMUN(1.0),Municipal waste by waste management operations,A,Annual,DSP_L_OTH,"Disposal - landfill and other (D1-D7, D12)",KG_HAB,Kilograms per capita,IT,Italy,2005,,294,,,,,
dataflow,ESTAT:ENV_WASMUN(1.0),Municipal waste by waste management operations,A,Annual,DSP_L_OTH,"Disposal - landfill and other (D1-D7, D12)",KG_HAB,Kilograms per capita,IT,Italy,2006,,299,,,,,
dataflow,ESTAT:ENV_WASMUN(1.0),Municipal waste by waste management operations,A,Annual,DSP_L_OTH,"Disposal - landfill and other (D1-D7, D12)",KG_HAB,Kilograms per capita,IT,Italy,2007,,288,,,,,
dataflow,ESTAT:ENV_WASMUN(1.0),Municipal waste by waste management operations,A,Annual,DSP_L_OTH,"Disposal - landfill and other (D1-D7, D12)",KG_HAB,Kilograms per capita,IT,Italy,2008,,271,,,,,
dataflow,ESTAT:ENV_WASMUN(1.0),Municipal waste by waste management operations,A,Annual,DSP_L_OTH,"Disposal - landfill and other (D1-D7, D12)",KG_HAB,Kilograms per capita,IT,Italy,2009,,261,,,,,
dataflow,ESTAT:ENV_WASMUN(1.0),Municipal waste by waste management operations,A,Annual,DSP_L_OTH,"Disposal - landfill and other (D1-D7, D12)",KG_HAB,Kilograms per capita,IT,Italy,2010,,251,,,,,
dataflow,ESTAT:ENV_WASMUN(1.0),Municipal waste by waste management operations,A,Annual,DSP_L_OTH,"Disposal - landfill and other (D1-D7, D12)",KG_HAB,Kilograms per capita,IT,Italy,2011,,220,,,,,
dataflow,ESTAT:ENV_WASMUN(1.0),Municipal waste by waste management operations,A,Annual,DSP_L_OTH,"Disposal - landfill and other (D1-D7, D12)",KG_HAB,Kilograms per capita,IT,Italy,2012,,195,,,,,
dataflow,ESTAT:ENV_WASMUN(1.0),Municipal waste by waste management operations,A,Annual,DSP_L_OTH,"Disposal - landfill and other (D1-D7, D12)",KG_HAB,Kilograms per capita,IT,Italy,2013,,181,,,,,
dataflow,ESTAT:ENV_WASMUN(1.0),Municipal waste by waste management operations,A,Annual,DSP_L_OTH,"Disposal - landfill and other (D1-D7, D12)",KG_HAB,Kilograms per capita,IT,Italy,2014,,155,,,,,
dataflow,ESTAT:ENV_WASMUN(1.0),Municipal waste by waste management operations,A,Annual,DSP_L_OTH,"Disposal - landfill and other (D1-D7, D12)",KG_HAB,Kilograms per capita,IT,Italy,2015,,130,,,,,
dataflow,ESTAT:ENV_WASMUN(1.0),Municipal waste by waste management operations,A,Annual,DSP_L_OTH,"Disposal - landfill and other (D1-D7, D12)",KG_HAB,Kilograms per capita,IT,Italy,2016,,124,,,,,
dataflow,ESTAT:ENV_WASMUN(1.0),Municipal waste by waste management operations,A,Annual,DSP_L_OTH,"Disposal - landfill and other (D1-D7, D12)",KG_HAB,Kilograms per capita,IT,Italy,2017,,115,,,,,
dataflow,ESTAT:ENV_WASMUN(1.0),Municipal waste by waste management operations,A,Annual,DSP_L_OTH,"Disposal - landfill and other (D1-D7, D12)",KG_HAB,Kilograms per capita,IT,Italy,2018,,108,,,,,
dataflow,ESTAT:ENV_WASMUN(1.0),Municipal waste by waste management operations,A,Annual,DSP_L_OTH,"Disposal - landfill and other (D1-D7, D12)",KG_HAB,Kilograms per capita,IT,Italy,2019,,105,,,,,
dataflow,ESTAT:ENV_WASMUN(1.0),Municipal waste by waste management operations,A,Annual,DSP_L_OTH,"Disposal - landfill and other (D1-D7, D12)",KG_HAB,Kilograms per capita,IT,Italy,2020,,98,,,,,
dataflow,ESTAT:ENV_WASMUN(1.0),Municipal waste by waste management operations,A,Annual,DSP_L_OTH,"Disposal - landfill and other (D1-D7, D12)",KG_HAB,Kilograms per capita,IT,Italy,2021,,95,,,,,
dataflow,ESTAT:ENV_WASMUN(1.0),Municipal waste by waste management operations,A,Annual,DSP_L_OTH,"Disposal - landfill and other (D1-D7, D12)",KG_HAB,Kilograms per capita,IT,Italy,2022,,88,,,,,
dataflow,ESTAT:ENV_WASMUN(1.0),Municipal waste by waste management operations,A,Annual,DSP_L_OTH,"Disposal - landfill and other (D1-D7, D12)",KG_HAB,Kilograms per capita,LT,Lithuania,1995,,426,,,,,
dataflow,ESTAT:ENV_WASMUN(1.0),Municipal waste by waste management operations,A,Annual,DSP_L_OTH,"Disposal - landfill and other (D1-D7, D12)",KG_HAB,Kilograms per capita,LT,Lithuania,1996,,401,,,,,
dataflow,ESTAT:ENV_WASMUN(1.0),Municipal waste by waste management operations,A,Annual,DSP_L_OTH,"Disposal - landfill and other (D1-D7, D12)",KG_HAB,Kilograms per capita,LT,Lithuania,1997,,422,,,,,
dataflow,ESTAT:ENV_WASMUN(1.0),Municipal waste by waste management operations,A,Annual,DSP_L_OTH,"Disposal - landfill and other (D1-D7, D12)",KG_HAB,Kilograms per capita,LT,Lithuania,1998,,445,,,,,
dataflow,ESTAT:ENV_WASMUN(1.0),Municipal waste by waste management operations,A,Annual,DSP_L_OTH,"Disposal - landfill and other (D1-D7, D12)",KG_HAB,Kilograms per capita,LT,Lithuania,1999,,351,,b,break in time series,,
dataflow,ESTAT:ENV_WASMUN(1.0),Municipal waste by waste management operations,A,Annual,DSP_L_OTH,"Disposal - landfill and other (D1-D7, D12)",KG_HAB,Kilograms per capita,LT,Lithuania,2000,,345,,,,,
dataflow,ESTAT:ENV_WASMUN(1.0),Municipal waste by waste management operations,A,Annual,DSP_L_OTH,"Disposal - landfill and other (D1-D7, D12)",KG_HAB,Kilograms per capita,LT,Lithuania,2001,,337,,,,,
dataflow,ESTAT:ENV_WASMUN(1.0),Municipal waste by waste management operations,A,Annual,DSP_L_OTH,"Disposal - landfill and other (D1-D7, D12)",KG_HAB,Kilograms per capita,LT,Lithuania,2002,,325,,e,estimated,,
dataflow,ESTAT:ENV_WASMUN(1.0),Municipal waste by waste management operations,A,Annual,DSP_L_OTH,"Disposal - landfill and other (D1-D7, D12)",KG_HAB,Kilograms per capita,LT,Lithuania,2003,,333,,,,,
dataflow,ESTAT:ENV_WASMUN(1.0),Municipal waste by waste management operations,A,Annual,DSP_L_OTH,"Disposal - landfill and other (D1-D7, D12)",KG_HAB,Kilograms per capita,LT,Lithuania,2004,,341,,,,,
dataflow,ESTAT:ENV_WASMUN(1.0),Municipal waste by waste management operations,A,Annual,DSP_L_OTH,"Disposal - landfill and other (D1-D7, D12)",KG_HAB,Kilograms per capita,LT,Lithuania,2005,,353,,,,,
dataflow,ESTAT:ENV_WASMUN(1.0),Municipal waste by waste management operations,A,Annual,DSP_L_OTH,"Disposal - landfill and other (D1-D7, D12)",KG_HAB,Kilograms per capita,LT,Lithuania,2006,,370,,,,,
dataflow,ESTAT:ENV_WASMUN(1.0),Municipal waste by waste management operations,A,Annual,DSP_L_OTH,"Disposal - landfill and other (D1-D7, D12)",KG_HAB,Kilograms per capita,LT,Lithuania,2007,,385,,,,,
dataflow,ESTAT:ENV_WASMUN(1.0),Municipal waste by waste management operations,A,Annual,DSP_L_OTH,"Disposal - landfill and other (D1-D7, D12)",KG_HAB,Kilograms per capita,LT,Lithuania,2008,,387,,,,,
dataflow,ESTAT:ENV_WASMUN(1.0),Municipal waste by waste management operations,A,Annual,DSP_L_OTH,"Disposal - landfill and other (D1-D7, D12)",KG_HAB,Kilograms per capita,LT,Lithuania,2009,,345,,,,,
dataflow,ESTAT:ENV_WASMUN(1.0),Municipal waste by waste management operations,A,Annual,DSP_L_OTH,"Disposal - landfill and other (D1-D7, D12)",KG_HAB,Kilograms per capita,LT,Lithuania,2010,,348,,,,,
dataflow,ESTAT:ENV_WASMUN(1.0),Municipal waste by waste management operations,A,Annual,DSP_L_OTH,"Disposal - landfill and other (D1-D7, D12)",KG_HAB,Kilograms per capita,LT,Lithuania,2011,,341,,,,,
dataflow,ESTAT:ENV_WASMUN(1.0),Municipal waste by waste management operations,A,Annual,DSP_L_OTH,"Disposal - landfill and other (D1-D7, D12)",KG_HAB,Kilograms per capita,LT,Lithuania,2012,,325,,,,,
dataflow,ESTAT:ENV_WASMUN(1.0),Municipal waste by waste management operations,A,Annual,DSP_L_OTH,"Disposal - landfill and other (D1-D7, D12)",KG_HAB,Kilograms per capita,LT,Lithuania,2013,,270,,,,,
dataflow,ESTAT:ENV_WASMUN(1.0),Municipal waste by waste management operations,A,Annual,DSP_L_OTH,"Disposal - landfill and other (D1-D7, D12)",KG_HAB,Kilograms per capita,LT,Lithuania,2014,,254,,,,,
dataflow,ESTAT:ENV_WASMUN(1.0),Municipal waste by waste management operations,A,Annual,DSP_L_OTH,"Disposal - landfill and other (D1-D7, D12)",KG_HAB,Kilograms per capita,LT,Lithuania,2015,,241,,,,,
dataflow,ESTAT:ENV_WASMUN(1.0),Municipal waste by waste management operations,A,Annual,DSP_L_OTH,"Disposal - landfill and other (D1-D7, D12)",KG_HAB,Kilograms per capita,LT,Lithuania,2016,,132,,,,,
dataflow,ESTAT:ENV_WASMUN(1.0),Municipal waste by waste management operations,A,Annual,DSP_L_OTH,"Disposal - landfill and other (D1-D7, D12)",KG_HAB,Kilograms per capita,LT,Lithuania,2017,,148,,,,,
dataflow,ESTAT:ENV_WASMUN(1.0),Municipal waste by waste management operations,A,Annual,DSP_L_OTH,"Disposal - landfill and other (D1-D7, D12)",KG_HAB,Kilograms per capita,LT,Lithuania,2018,,114,,,,,
dataflow,ESTAT:ENV_WASMUN(1.0),Municipal waste by waste management operations,A,Annual,DSP_L_OTH,"Disposal - landfill and other (D1-D7, D12)",KG_HAB,Kilograms per capita,LT,Lithuania,2019,,101,,,,,
dataflow,ESTAT:ENV_WASMUN(1.0),Municipal waste by waste management operations,A,Annual,DSP_L_OTH,"Disposal - landfill and other (D1-D7, D12)",KG_HAB,Kilograms per capita,LT,Lithuania,2020,,78,,,,,
dataflow,ESTAT:ENV_WASMUN(1.0),Municipal waste by waste management operations,A,Annual,DSP_L_OTH,"Disposal - landfill and other (D1-D7, D12)",KG_HAB,Kilograms per capita,LT,Lithuania,2021,,74,,,,,
dataflow,ESTAT:ENV_WASMUN(1.0),Municipal waste by waste management operations,A,Annual,DSP_L_OTH,"Disposal - landfill and other (D1-D7, D12)",KG_HAB,Kilograms per capita,LT,Lithuania,2022,,63,,,,,
dataflow,ESTAT:ENV_WASMUN(1.0),Municipal waste by waste management operations,A,Annual,DSP_L_OTH,"Disposal - landfill and other (D1-D7, D12)",KG_HAB,Kilograms per capita,LT,Lithuania,2023,,35,,,,,
dataflow,ESTAT:ENV_WASMUN(1.0),Municipal waste by waste management operations,A,Annual,DSP_L_OTH,"Disposal - landfill and other (D1-D7, D12)",KG_HAB,Kilograms per capita,LU,Luxembourg,1995,,159,,,,,
dataflow,ESTAT:ENV_WASMUN(1.0),Municipal waste by waste management operations,A,Annual,DSP_L_OTH,"Disposal - landfill and other (D1-D7, D12)",KG_HAB,Kilograms per capita,LU,Luxembourg,1996,,162,,,,,
dataflow,ESTAT:ENV_WASMUN(1.0),Municipal waste by waste management operations,A,Annual,DSP_L_OTH,"Disposal - landfill and other (D1-D7, D12)",KG_HAB,Kilograms per capita,LU,Luxembourg,1997,,144,,,,,
dataflow,ESTAT:ENV_WASMUN(1.0),Municipal waste by waste management operations,A,Annual,DSP_L_OTH,"Disposal - landfill and other (D1-D7, D12)",KG_HAB,Kilograms per capita,LU,Luxembourg,1998,,145,,,,,
dataflow,ESTAT:ENV_WASMUN(1.0),Municipal waste by waste management operations,A,Annual,DSP_L_OTH,"Disposal - landfill and other (D1-D7, D12)",KG_HAB,Kilograms per capita,LU,Luxembourg,1999,,139,,,,,
dataflow,ESTAT:ENV_WASMUN(1.0),Municipal waste by waste management operations,A,Annual,DSP_L_OTH,"Disposal - landfill and other (D1-D7, D12)",KG_HAB,Kilograms per capita,LU,Luxembourg,2000,,137,,,,,
dataflow,ESTAT:ENV_WASMUN(1.0),Municipal waste by waste management operations,A,Annual,DSP_L_OTH,"Disposal - landfill and other (D1-D7, D12)",KG_HAB,Kilograms per capita,LU,Luxembourg,2001,,131,,,,,
dataflow,ESTAT:ENV_WASMUN(1.0),Municipal waste by waste management operations,A,Annual,DSP_L_OTH,"Disposal - landfill and other (D1-D7, D12)",KG_HAB,Kilograms per capita,LU,Luxembourg,2002,,129,,,,,
dataflow,ESTAT:ENV_WASMUN(1.0),Municipal waste by waste management operations,A,Annual,DSP_L_OTH,"Disposal - landfill and other (D1-D7, D12)",KG_HAB,Kilograms per capita,LU,Luxembourg,2003,,126,,,,,
dataflow,ESTAT:ENV_WASMUN(1.0),Municipal waste by waste management operations,A,Annual,DSP_L_OTH,"Disposal - landfill and other (D1-D7, D12)",KG_HAB,Kilograms per capita,LU,Luxembourg,2004,,113,,,,,
dataflow,ESTAT:ENV_WASMUN(1.0),Municipal waste by waste management operations,A,Annual,DSP_L_OTH,"Disposal - landfill and other (D1-D7, D12)",KG_HAB,Kilograms per capita,LU,Luxembourg,2005,,126,,,,,
dataflow,ESTAT:ENV_WASMUN(1.0),Municipal waste by waste management operations,A,Annual,DSP_L_OTH,"Disposal - landfill and other (D1-D7, D12)",KG_HAB,Kilograms per capita,LU,Luxembourg,2006,,119,,,,,
dataflow,ESTAT:ENV_WASMUN(1.0),Municipal waste by waste management operations,A,Annual,DSP_L_OTH,"Disposal - landfill and other (D1-D7, D12)",KG_HAB,Kilograms per capita,LU,Luxembourg,2007,,116,,,,,
dataflow,ESTAT:ENV_WASMUN(1.0),Municipal waste by waste management operations,A,Annual,DSP_L_OTH,"Disposal - landfill and other (D1-D7, D12)",KG_HAB,Kilograms per capita,LU,Luxembourg,2008,,108,,,,,
dataflow,ESTAT:ENV_WASMUN(1.0),Municipal waste by waste management operations,A,Annual,DSP_L_OTH,"Disposal - landfill and other (D1-D7, D12)",KG_HAB,Kilograms per capita,LU,Luxembourg,2009,,102,,,,,
dataflow,ESTAT:ENV_WASMUN(1.0),Municipal waste by waste management operations,A,Annual,DSP_L_OTH,"Disposal - landfill and other (D1-D7, D12)",KG_HAB,Kilograms per capita,LU,Luxembourg,2010,,108,,,,,
dataflow,ESTAT:ENV_WASMUN(1.0),Municipal waste by waste management operations,A,Annual,DSP_L_OTH,"Disposal - landfill and other (D1-D7, D12)",KG_HAB,Kilograms per capita,LU,Luxembourg,2011,,97,,,,,
dataflow,ESTAT:ENV_WASMUN(1.0),Municipal waste by waste management operations,A,Annual,DSP_L_OTH,"Disposal - landfill and other (D1-D7, D12)",KG_HAB,Kilograms per capita,LU,Luxembourg,2012,,93,,,,,
dataflow,ESTAT:ENV_WASMUN(1.0),Municipal waste by waste management operations,A,Annual,DSP_L_OTH,"Disposal - landfill and other (D1-D7, D12)",KG_HAB,Kilograms per capita,LU,Luxembourg,2013,,88,,,,,
dataflow,ESTAT:ENV_WASMUN(1.0),Municipal waste by waste management operations,A,Annual,DSP_L_OTH,"Disposal - landfill and other (D1-D7, D12)",KG_HAB,Kilograms per capita,LU,Luxembourg,2014,,89,,,,,
dataflow,ESTAT:ENV_WASMUN(1.0),Municipal waste by waste management operations,A,Annual,DSP_L_OTH,"Disposal - landfill and other (D1-D7, D12)",KG_HAB,Kilograms per capita,LU,Luxembourg,2015,,45,,,,,
dataflow,ESTAT:ENV_WASMUN(1.0),Municipal waste by waste management operations,A,Annual,DSP_L_OTH,"Disposal - landfill and other (D1-D7, D12)",KG_HAB,Kilograms per capita,LU,Luxembourg,2016,,35,,b,break in time series,,
dataflow,ESTAT:ENV_WASMUN(1.0),Municipal waste by waste management operations,A,Annual,DSP_L_OTH,"Disposal - landfill and other (D1-D7, D12)",KG_HAB,Kilograms per capita,LU,Luxembourg,2017,,36,,,,,
dataflow,ESTAT:ENV_WASMUN(1.0),Municipal waste by waste management operations,A,Annual,DSP_L_OTH,"Disposal - landfill and other (D1-D7, D12)",KG_HAB,Kilograms per capita,LU,Luxembourg,2018,,35,,,,,
dataflow,ESTAT:ENV_WASMUN(1.0),Municipal waste by waste management operations,A,Annual,DSP_L_OTH,"Disposal - landfill and other (D1-D7, D12)",KG_HAB,Kilograms per capita,LU,Luxembourg,2019,,35,,e,estimated,,
dataflow,ESTAT:ENV_WASMUN(1.0),Municipal waste by waste management operations,A,Annual,DSP_L_OTH,"Disposal - landfill and other (D1-D7, D12)",KG_HAB,Kilograms per capita,LU,Luxembourg,2020,,31,,i,value imputed by Eurostat or other receiving agencies,,
dataflow,ESTAT:ENV_WASMUN(1.0),Municipal waste by waste management operations,A,Annual,DSP_L_OTH,"Disposal - landfill and other (D1-D7, D12)",KG_HAB,Kilograms per capita,LU,Luxembourg,2021,,32,,,,,
dataflow,ESTAT:ENV_WASMUN(1.0),Municipal waste by waste management operations,A,Annual,DSP_L_OTH,"Disposal - landfill and other (D1-D7, D12)",KG_HAB,Kilograms per capita,LU,Luxembourg,2022,,20,,,,,
dataflow,ESTAT:ENV_WASMUN(1.0),Municipal waste by waste management operations,A,Annual,DSP_L_OTH,"Disposal - landfill and other (D1-D7, D12)",KG_HAB,Kilograms per capita,LU,Luxembourg,2023,,21,,,,,
dataflow,ESTAT:ENV_WASMUN(1.0),Municipal waste by waste management operations,A,Annual,DSP_L_OTH,"Disposal - landfill and other (D1-D7, D12)",KG_HAB,Kilograms per capita,LV,Latvia,1995,,184,,e,estimated,,
dataflow,ESTAT:ENV_WASMUN(1.0),Municipal waste by waste management operations,A,Annual,DSP_L_OTH,"Disposal - landfill and other (D1-D7, D12)",KG_HAB,Kilograms per capita,LV,Latvia,1996,,194,,e,estimated,,
dataflow,ESTAT:ENV_WASMUN(1.0),Municipal waste by waste management operations,A,Annual,DSP_L_OTH,"Disposal - landfill and other (D1-D7, D12)",KG_HAB,Kilograms per capita,LV,Latvia,1997,,208,,e,estimated,,
dataflow,ESTAT:ENV_WASMUN(1.0),Municipal waste by waste management operations,A,Annual,DSP_L_OTH,"Disposal - landfill and other (D1-D7, D12)",KG_HAB,Kilograms per capita,LV,Latvia,1998,,223,,e,estimated,,
dataflow,ESTAT:ENV_WASMUN(1.0),Municipal waste by waste management operations,A,Annual,DSP_L_OTH,"Disposal - landfill and other (D1-D7, D12)",KG_HAB,Kilograms per capita,LV,Latvia,1999,,237,,e,estimated,,
dataflow,ESTAT:ENV_WASMUN(1.0),Municipal waste by waste management operations,A,Annual,DSP_L_OTH,"Disposal - landfill and other (D1-D7, D12)",KG_HAB,Kilograms per capita,LV,Latvia,2000,,252,,e,estimated,,
dataflow,ESTAT:ENV_WASMUN(1.0),Municipal waste by waste management operations,A,Annual,DSP_L_OTH,"Disposal - landfill and other (D1-D7, D12)",KG_HAB,Kilograms per capita,LV,Latvia,2001,,269,,e,estimated,,
dataflow,ESTAT:ENV_WASMUN(1.0),Municipal waste by waste management operations,A,Annual,DSP_L_OTH,"Disposal - landfill and other (D1-D7, D12)",KG_HAB,Kilograms per capita,LV,Latvia,2002,,285,,b,break in time series,,
dataflow,ESTAT:ENV_WASMUN(1.0),Municipal waste by waste management operations,A,Annual,DSP_L_OTH,"Disposal - landfill and other (D1-D7, D12)",KG_HAB,Kilograms per capita,LV,Latvia,2003,,253,,,,,
dataflow,ESTAT:ENV_WASMUN(1.0),Municipal waste by waste management operations,A,Annual,DSP_L_OTH,"Disposal - landfill and other (D1-D7, D12)",KG_HAB,Kilograms per capita,LV,Latvia,2004,,265,,,,,
dataflow,ESTAT:ENV_WASMUN(1.0),Municipal waste by waste management operations,A,Annual,DSP_L_OTH,"Disposal - landfill and other (D1-D7, D12)",KG_HAB,Kilograms per capita,LV,Latvia,2005,,251,,,,,
dataflow,ESTAT:ENV_WASMUN(1.0),Municipal waste by waste management operations,A,Annual,DSP_L_OTH,"Disposal - landfill and other (D1-D7, D12)",KG_HAB,Kilograms per capita,LV,Latvia,2006,,302,,,,,
dataflow,ESTAT:ENV_WASMUN(1.0),Municipal waste by waste management operations,A,Annual,DSP_L_OTH,"Disposal - landfill and other (D1-D7, D12)",KG_HAB,Kilograms per capita,LV,Latvia,2007,,334,,,,,
dataflow,ESTAT:ENV_WASMUN(1.0),Municipal waste by waste management operations,A,Annual,DSP_L_OTH,"Disposal - landfill and other (D1-D7, D12)",KG_HAB,Kilograms per capita,LV,Latvia,2008,,324,,,,,
dataflow,ESTAT:ENV_WASMUN(1.0),Municipal waste by waste management operations,A,Annual,DSP_L_OTH,"Disposal - landfill and other (D1-D7, D12)",KG_HAB,Kilograms per capita,LV,Latvia,2009,,324,,,,,
dataflow,ESTAT:ENV_WASMUN(1.0),Municipal waste by waste management operations,A,Annual,DSP_L_OTH,"Disposal - landfill and other (D1-D7, D12)",KG_HAB,Kilograms per capita,LV,Latvia,2010,,294,,,,,
dataflow,ESTAT:ENV_WASMUN(1.0),Municipal waste by waste management operations,A,Annual,DSP_L_OTH,"Disposal - landfill and other (D1-D7, D12)",KG_HAB,Kilograms per capita,LV,Latvia,2011,,258,,,,,
dataflow,ESTAT:ENV_WASMUN(1.0),Municipal waste by waste management operations,A,Annual,DSP_L_OTH,"Disposal - landfill and other (D1-D7, D12)",KG_HAB,Kilograms per capita,LV,Latvia,2012,,254,,,,,
dataflow,ESTAT:ENV_WASMUN(1.0),Municipal waste by waste management operations,A,Annual,DSP_L_OTH,"Disposal - landfill and other (D1-D7, D12)",KG_HAB,Kilograms per capita,LV,Latvia,2013,,259,,,,,
dataflow,ESTAT:ENV_WASMUN(1.0),Municipal waste by waste management operations,A,Annual,DSP_L_OTH,"Disposal - landfill and other (D1-D7, D12)",KG_HAB,Kilograms per capita,LV,Latvia,2014,,258,,,,,
dataflow,ESTAT:ENV_WASMUN(1.0),Municipal waste by waste management operations,A,Annual,DSP_L_OTH,"Disposal - landfill and other (D1-D7, D12)",KG_HAB,Kilograms per capita,LV,Latvia,2015,,250,,,,,
dataflow,ESTAT:ENV_WASMUN(1.0),Municipal waste by waste management operations,A,Annual,DSP_L_OTH,"Disposal - landfill and other (D1-D7, D12)",KG_HAB,Kilograms per capita,LV,Latvia,2016,,263,,,,,
dataflow,ESTAT:ENV_WASMUN(1.0),Municipal waste by waste management operations,A,Annual,DSP_L_OTH,"Disposal - landfill and other (D1-D7, D12)",KG_HAB,Kilograms per capita,LV,Latvia,2017,,267,,,,,
dataflow,ESTAT:ENV_WASMUN(1.0),Municipal waste by waste management operations,A,Annual,DSP_L_OTH,"Disposal - landfill and other (D1-D7, D12)",KG_HAB,Kilograms per capita,LV,Latvia,2018,,240,,,,,
dataflow,ESTAT:ENV_WASMUN(1.0),Municipal waste by waste management operations,A,Annual,DSP_L_OTH,"Disposal - landfill and other (D1-D7, D12)",KG_HAB,Kilograms per capita,LV,Latvia,2019,,252,,i,value imputed by Eurostat or other receiving agencies,,
dataflow,ESTAT:ENV_WASMUN(1.0),Municipal waste by waste management operations,A,Annual,DSP_L_OTH,"Disposal - landfill and other (D1-D7, D12)",KG_HAB,Kilograms per capita,LV,Latvia,2020,,253,,,,,
dataflow,ESTAT:ENV_WASMUN(1.0),Municipal waste by waste management operations,A,Annual,DSP_L_OTH,"Disposal - landfill and other (D1-D7, D12)",KG_HAB,Kilograms per capita,LV,Latvia,2021,,242,,,,,
dataflow,ESTAT:ENV_WASMUN(1.0),Municipal waste by waste management operations,A,Annual,DSP_L_OTH,"Disposal - landfill and other (D1-D7, D12)",KG_HAB,Kilograms per capita,LV,Latvia,2022,,202,,,,,
dataflow,ESTAT:ENV_WASMUN(1.0),Municipal waste by waste management operations,A,Annual,DSP_L_OTH,"Disposal - landfill and other (D1-D7, D12)",KG_HAB,Kilograms per capita,ME,Montenegro,2011,,438,,e,estimated,,
dataflow,ESTAT:ENV_WASMUN(1.0),Municipal waste by waste management operations,A,Annual,DSP_L_OTH,"Disposal - landfill and other (D1-D7, D12)",KG_HAB,Kilograms per capita,ME,Montenegro,2012,,435,,e,estimated,,
dataflow,ESTAT:ENV_WASMUN(1.0),Municipal waste by waste management operations,A,Annual,DSP_L_OTH,"Disposal - landfill and other (D1-D7, D12)",KG_HAB,Kilograms per capita,ME,Montenegro,2013,,462,,e,estimated,,
dataflow,ESTAT:ENV_WASMUN(1.0),Municipal waste by waste management operations,A,Annual,DSP_L_OTH,"Disposal - landfill and other (D1-D7, D12)",KG_HAB,Kilograms per capita,ME,Montenegro,2014,,456,,e,estimated,,
dataflow,ESTAT:ENV_WASMUN(1.0),Municipal waste by waste management operations,A,Annual,DSP_L_OTH,"Disposal - landfill and other (D1-D7, D12)",KG_HAB,Kilograms per capita,ME,Montenegro,2015,,472,,e,estimated,,
dataflow,ESTAT:ENV_WASMUN(1.0),Municipal waste by waste management operations,A,Annual,DSP_L_OTH,"Disposal - landfill and other (D1-D7, D12)",KG_HAB,Kilograms per capita,ME,Montenegro,2016,,466,,e,estimated,,
dataflow,ESTAT:ENV_WASMUN(1.0),Municipal waste by waste management operations,A,Annual,DSP_L_OTH,"Disposal - landfill and other (D1-D7, D12)",KG_HAB,Kilograms per capita,ME,Montenegro,2018,,450,,e,estimated,,
dataflow,ESTAT:ENV_WASMUN(1.0),Municipal waste by waste management operations,A,Annual,DSP_L_OTH,"Disposal - landfill and other (D1-D7, D12)",KG_HAB,Kilograms per capita,ME,Montenegro,2019,,483,,e,estimated,,
dataflow,ESTAT:ENV_WASMUN(1.0),Municipal waste by waste management operations,A,Annual,DSP_L_OTH,"Disposal - landfill and other (D1-D7, D12)",KG_HAB,Kilograms per capita,ME,Montenegro,2020,,431,,e,estimated,,
dataflow,ESTAT:ENV_WASMUN(1.0),Municipal waste by waste management operations,A,Annual,DSP_L_OTH,"Disposal - landfill and other (D1-D7, D12)",KG_HAB,Kilograms per capita,ME,Montenegro,2021,,479,,e,estimated,,
dataflow,ESTAT:ENV_WASMUN(1.0),Municipal waste by waste management operations,A,Annual,DSP_L_OTH,"Disposal - landfill and other (D1-D7, D12)",KG_HAB,Kilograms per capita,ME,Montenegro,2022,,506,,e,estimated,,
dataflow,ESTAT:ENV_WASMUN(1.0),Municipal waste by waste management operations,A,Annual,DSP_L_OTH,"Disposal - landfill and other (D1-D7, D12)",KG_HAB,Kilograms per capita,ME,Montenegro,2023,,539,,e,estimated,,
dataflow,ESTAT:ENV_WASMUN(1.0),Municipal waste by waste management operations,A,Annual,DSP_L_OTH,"Disposal - landfill and other (D1-D7, D12)",KG_HAB,Kilograms per capita,MK,North Macedonia,2008,,259,,,,,
dataflow,ESTAT:ENV_WASMUN(1.0),Municipal waste by waste management operations,A,Annual,DSP_L_OTH,"Disposal - landfill and other (D1-D7, D12)",KG_HAB,Kilograms per capita,MK,North Macedonia,2009,,354,,,,,
dataflow,ESTAT:ENV_WASMUN(1.0),Municipal waste by waste management operations,A,Annual,DSP_L_OTH,"Disposal - landfill and other (D1-D7, D12)",KG_HAB,Kilograms per capita,MK,North Macedonia,2010,,351,,,,,
dataflow,ESTAT:ENV_WASMUN(1.0),Municipal waste by waste management operations,A,Annual,DSP_L_OTH,"Disposal - landfill and other (D1-D7, D12)",KG_HAB,Kilograms per capita,MK,North Macedonia,2011,,357,,,,,
dataflow,ESTAT:ENV_WASMUN(1.0),Municipal waste by waste management operations,A,Annual,DSP_L_OTH,"Disposal - landfill and other (D1-D7, D12)",KG_HAB,Kilograms per capita,MK,North Macedonia,2012,,381,,,,,
dataflow,ESTAT:ENV_WASMUN(1.0),Municipal waste by waste management operations,A,Annual,DSP_L_OTH,"Disposal - landfill and other (D1-D7, D12)",KG_HAB,Kilograms per capita,MK,North Macedonia,2013,,384,,,,,
dataflow,ESTAT:ENV_WASMUN(1.0),Municipal waste by waste management operations,A,Annual,DSP_L_OTH,"Disposal - landfill and other (D1-D7, D12)",KG_HAB,Kilograms per capita,MK,North Macedonia,2014,,370,,,,,
dataflow,ESTAT:ENV_WASMUN(1.0),Municipal waste by waste management operations,A,Annual,DSP_L_OTH,"Disposal - landfill and other (D1-D7, D12)",KG_HAB,Kilograms per capita,MK,North Macedonia,2015,,380,,,,,
dataflow,ESTAT:ENV_WASMUN(1.0),Municipal waste by waste management operations,A,Annual,DSP_L_OTH,"Disposal - landfill and other (D1-D7, D12)",KG_HAB,Kilograms per capita,MK,North Macedonia,2016,,385,,,,,
dataflow,ESTAT:ENV_WASMUN(1.0),Municipal waste by waste management operations,A,Annual,DSP_L_OTH,"Disposal - landfill and other (D1-D7, D12)",KG_HAB,Kilograms per capita,MK,North Macedonia,2017,,344,,,,,
dataflow,ESTAT:ENV_WASMUN(1.0),Municipal waste by waste management operations,A,Annual,DSP_L_OTH,"Disposal - landfill and other (D1-D7, D12)",KG_HAB,Kilograms per capita,MK,North Macedonia,2018,,301,,,,,
dataflow,ESTAT:ENV_WASMUN(1.0),Municipal waste by waste management operations,A,Annual,DSP_L_OTH,"Disposal - landfill and other (D1-D7, D12)",KG_HAB,Kilograms per capita,MK,North Macedonia,2019,,305,,i,value imputed by Eurostat or other receiving agencies,,
dataflow,ESTAT:ENV_WASMUN(1.0),Municipal waste by waste management operations,A,Annual,DSP_L_OTH,"Disposal - landfill and other (D1-D7, D12)",KG_HAB,Kilograms per capita,MK,North Macedonia,2020,,304,,i,value imputed by Eurostat or other receiving agencies,,
dataflow,ESTAT:ENV_WASMUN(1.0),Municipal waste by waste management operations,A,Annual,DSP_L_OTH,"Disposal - landfill and other (D1-D7, D12)",KG_HAB,Kilograms per capita,MK,North Macedonia,2021,,324,,,,,
dataflow,ESTAT:ENV_WASMUN(1.0),Municipal waste by waste management operations,A,Annual,DSP_L_OTH,"Disposal - landfill and other (D1-D7, D12)",KG_HAB,Kilograms per capita,MK,North Macedonia,2022,,330,,,,,
dataflow,ESTAT:ENV_WASMUN(1.0),Municipal waste by waste management operations,A,Annual,DSP_L_OTH,"Disposal - landfill and other (D1-D7, D12)",KG_HAB,Kilograms per capita,MT,Malta,1995,,335,,e,estimated,,
dataflow,ESTAT:ENV_WASMUN(1.0),Municipal waste by waste management operations,A,Annual,DSP_L_OTH,"Disposal - landfill and other (D1-D7, D12)",KG_HAB,Kilograms per capita,MT,Malta,1996,,362,,e,estimated,,
dataflow,ESTAT:ENV_WASMUN(1.0),Municipal waste by waste management operations,A,Annual,DSP_L_OTH,"Disposal - landfill and other (D1-D7, D12)",KG_HAB,Kilograms per capita,MT,Malta,1997,,387,,e,estimated,,
dataflow,ESTAT:ENV_WASMUN(1.0),Municipal waste by waste management operations,A,Annual,DSP_L_OTH,"Disposal - landfill and other (D1-D7, D12)",KG_HAB,Kilograms per capita,MT,Malta,1998,,413,,e,estimated,,
dataflow,ESTAT:ENV_WASMUN(1.0),Municipal waste by waste management operations,A,Annual,DSP_L_OTH,"Disposal - landfill and other (D1-D7, D12)",KG_HAB,Kilograms per capita,MT,Malta,1999,,431,,,,,
dataflow,ESTAT:ENV_WASMUN(1.0),Municipal waste by waste management operations,A,Annual,DSP_L_OTH,"Disposal - landfill and other (D1-D7, D12)",KG_HAB,Kilograms per capita,MT,Malta,2000,,481,,,,,
dataflow,ESTAT:ENV_WASMUN(1.0),Municipal waste by waste management operations,A,Annual,DSP_L_OTH,"Disposal - landfill and other (D1-D7, D12)",KG_HAB,Kilograms per capita,MT,Malta,2001,,492,,,,,
dataflow,ESTAT:ENV_WASMUN(1.0),Municipal waste by waste management operations,A,Annual,DSP_L_OTH,"Disposal - landfill and other (D1-D7, D12)",KG_HAB,Kilograms per capita,MT,Malta,2002,,515,,,,,
dataflow,ESTAT:ENV_WASMUN(1.0),Municipal waste by waste management operations,A,Annual,DSP_L_OTH,"Disposal - landfill and other (D1-D7, D12)",KG_HAB,Kilograms per capita,MT,Malta,2003,,541,,,,,
dataflow,ESTAT:ENV_WASMUN(1.0),Municipal waste by waste management operations,A,Annual,DSP_L_OTH,"Disposal - landfill and other (D1-D7, D12)",KG_HAB,Kilograms per capita,MT,Malta,2004,,593,,,,,
dataflow,ESTAT:ENV_WASMUN(1.0),Municipal waste by waste management operations,A,Annual,DSP_L_OTH,"Disposal - landfill and other (D1-D7, D12)",KG_HAB,Kilograms per capita,MT,Malta,2005,,568,,,,,
dataflow,ESTAT:ENV_WASMUN(1.0),Municipal waste by waste management operations,A,Annual,DSP_L_OTH,"Disposal - landfill and other (D1-D7, D12)",KG_HAB,Kilograms per capita,MT,Malta,2006,,577,,,,,
dataflow,ESTAT:ENV_WASMUN(1.0),Municipal waste by waste management operations,A,Annual,DSP_L_OTH,"Disposal - landfill and other (D1-D7, D12)",KG_HAB,Kilograms per capita,MT,Malta,2007,,646,,,,,
dataflow,ESTAT:ENV_WASMUN(1.0),Municipal waste by waste management operations,A,Annual,DSP_L_OTH,"Disposal - landfill and other (D1-D7, D12)",KG_HAB,Kilograms per capita,MT,Malta,2008,,654,,,,,
dataflow,ESTAT:ENV_WASMUN(1.0),Municipal waste by waste management operations,A,Annual,DSP_L_OTH,"Disposal - landfill and other (D1-D7, D12)",KG_HAB,Kilograms per capita,MT,Malta,2009,,626,,,,,
dataflow,ESTAT:ENV_WASMUN(1.0),Municipal waste by waste management operations,A,Annual,DSP_L_OTH,"Disposal - landfill and other (D1-D7, D12)",KG_HAB,Kilograms per capita,MT,Malta,2010,,545,,,,,
dataflow,ESTAT:ENV_WASMUN(1.0),Municipal waste by waste management operations,A,Annual,DSP_L_OTH,"Disposal - landfill and other (D1-D7, D12)",KG_HAB,Kilograms per capita,MT,Malta,2011,,512,,,,,
dataflow,ESTAT:ENV_WASMUN(1.0),Municipal waste by waste management operations,A,Annual,DSP_L_OTH,"Disposal - landfill and other (D1-D7, D12)",KG_HAB,Kilograms per capita,MT,Malta,2012,,503,,,,,
dataflow,ESTAT:ENV_WASMUN(1.0),Municipal waste by waste management operations,A,Annual,DSP_L_OTH,"Disposal - landfill and other (D1-D7, D12)",KG_HAB,Kilograms per capita,MT,Malta,2013,,495,,,,,
dataflow,ESTAT:ENV_WASMUN(1.0),Municipal waste by waste management operations,A,Annual,DSP_L_OTH,"Disposal - landfill and other (D1-D7, D12)",KG_HAB,Kilograms per capita,MT,Malta,2014,,506,,,,,
dataflow,ESTAT:ENV_WASMUN(1.0),Municipal waste by waste management operations,A,Annual,DSP_L_OTH,"Disposal - landfill and other (D1-D7, D12)",KG_HAB,Kilograms per capita,MT,Malta,2015,,676,,,,,
dataflow,ESTAT:ENV_WASMUN(1.0),Municipal waste by waste management operations,A,Annual,DSP_L_OTH,"Disposal - landfill and other (D1-D7, D12)",KG_HAB,Kilograms per capita,MT,Malta,2016,,488,,,,,
dataflow,ESTAT:ENV_WASMUN(1.0),Municipal waste by waste management operations,A,Annual,DSP_L_OTH,"Disposal - landfill and other (D1-D7, D12)",KG_HAB,Kilograms per capita,MT,Malta,2017,,531,,,,,
dataflow,ESTAT:ENV_WASMUN(1.0),Municipal waste by waste management operations,A,Annual,DSP_L_OTH,"Disposal - landfill and other (D1-D7, D12)",KG_HAB,Kilograms per capita,MT,Malta,2018,,562,,,,,
dataflow,ESTAT:ENV_WASMUN(1.0),Municipal waste by waste management operations,A,Annual,DSP_L_OTH,"Disposal - landfill and other (D1-D7, D12)",KG_HAB,Kilograms per capita,MT,Malta,2019,,636,,,,,
dataflow,ESTAT:ENV_WASMUN(1.0),Municipal waste by waste management operations,A,Annual,DSP_L_OTH,"Disposal - landfill and other (D1-D7, D12)",KG_HAB,Kilograms per capita,MT,Malta,2020,,531,,,,,
dataflow,ESTAT:ENV_WASMUN(1.0),Municipal waste by waste management operations,A,Annual,DSP_L_OTH,"Disposal - landfill and other (D1-D7, D12)",KG_HAB,Kilograms per capita,MT,Malta,2021,,519,,,,,
dataflow,ESTAT:ENV_WASMUN(1.0),Municipal waste by waste management operations,A,Annual,DSP_L_OTH,"Disposal - landfill and other (D1-D7, D12)",KG_HAB,Kilograms per capita,MT,Malta,2022,,515,,,,,
dataflow,ESTAT:ENV_WASMUN(1.0),Municipal waste by waste management operations,A,Annual,DSP_L_OTH,"Disposal - landfill and other (D1-D7, D12)",KG_HAB,Kilograms per capita,MT,Malta,2023,,447,,,,,
dataflow,ESTAT:ENV_WASMUN(1.0),Municipal waste by waste management operations,A,Annual,DSP_L_OTH,"Disposal - landfill and other (D1-D7, D12)",KG_HAB,Kilograms per capita,NL,Netherlands,1995,,157,,,,,
dataflow,ESTAT:ENV_WASMUN(1.0),Municipal waste by waste management operations,A,Annual,DSP_L_OTH,"Disposal - landfill and other (D1-D7, D12)",KG_HAB,Kilograms per capita,NL,Netherlands,1996,,114,,,,,
dataflow,ESTAT:ENV_WASMUN(1.0),Municipal waste by waste management operations,A,Annual,DSP_L_OTH,"Disposal - landfill and other (D1-D7, D12)",KG_HAB,Kilograms per capita,NL,Netherlands,1997,,69,,,,,
dataflow,ESTAT:ENV_WASMUN(1.0),Municipal waste by waste management operations,A,Annual,DSP_L_OTH,"Disposal - landfill and other (D1-D7, D12)",KG_HAB,Kilograms per capita,NL,Netherlands,1998,,53,,,,,
dataflow,ESTAT:ENV_WASMUN(1.0),Municipal waste by waste management operations,A,Annual,DSP_L_OTH,"Disposal - landfill and other (D1-D7, D12)",KG_HAB,Kilograms per capita,NL,Netherlands,1999,,39,,,,,
dataflow,ESTAT:ENV_WASMUN(1.0),Municipal waste by waste management operations,A,Annual,DSP_L_OTH,"Disposal - landfill and other (D1-D7, D12)",KG_HAB,Kilograms per capita,NL,Netherlands,2000,,57,,,,,
dataflow,ESTAT:ENV_WASMUN(1.0),Municipal waste by waste management operations,A,Annual,DSP_L_OTH,"Disposal - landfill and other (D1-D7, D12)",KG_HAB,Kilograms per capita,NL,Netherlands,2001,,49,,,,,
dataflow,ESTAT:ENV_WASMUN(1.0),Municipal waste by waste management operations,A,Annual,DSP_L_OTH,"Disposal - landfill and other (D1-D7, D12)",KG_HAB,Kilograms per capita,NL,Netherlands,2002,,50,,,,,
dataflow,ESTAT:ENV_WASMUN(1.0),Municipal waste by waste management operations,A,Annual,DSP_L_OTH,"Disposal - landfill and other (D1-D7, D12)",KG_HAB,Kilograms per capita,NL,Netherlands,2003,,16,,,,,
dataflow,ESTAT:ENV_WASMUN(1.0),Municipal waste by waste management operations,A,Annual,DSP_L_OTH,"Disposal - landfill and other (D1-D7, D12)",KG_HAB,Kilograms per capita,NL,Netherlands,2004,,10,,,,,
dataflow,ESTAT:ENV_WASMUN(1.0),Municipal waste by waste management operations,A,Annual,DSP_L_OTH,"Disposal - landfill and other (D1-D7, D12)",KG_HAB,Kilograms per capita,NL,Netherlands,2005,,10,,,,,
dataflow,ESTAT:ENV_WASMUN(1.0),Municipal waste by waste management operations,A,Annual,DSP_L_OTH,"Disposal - landfill and other (D1-D7, D12)",KG_HAB,Kilograms per capita,NL,Netherlands,2006,,14,,,,,
dataflow,ESTAT:ENV_WASMUN(1.0),Municipal waste by waste management operations,A,Annual,DSP_L_OTH,"Disposal - landfill and other (D1-D7, D12)",KG_HAB,Kilograms per capita,NL,Netherlands,2007,,12,,,,,
dataflow,ESTAT:ENV_WASMUN(1.0),Municipal waste by waste management operations,A,Annual,DSP_L_OTH,"Disposal - landfill and other (D1-D7, D12)",KG_HAB,Kilograms per capita,NL,Netherlands,2008,,9,,b,break in time series,,
dataflow,ESTAT:ENV_WASMUN(1.0),Municipal waste by waste management operations,A,Annual,DSP_L_OTH,"Disposal - landfill and other (D1-D7, D12)",KG_HAB,Kilograms per capita,NL,Netherlands,2009,,9,,,,,
dataflow,ESTAT:ENV_WASMUN(1.0),Municipal waste by waste management operations,A,Annual,DSP_L_OTH,"Disposal - landfill and other (D1-D7, D12)",KG_HAB,Kilograms per capita,NL,Netherlands,2010,,9,,,,,
dataflow,ESTAT:ENV_WASMUN(1.0),Municipal waste by waste management operations,A,Annual,DSP_L_OTH,"Disposal - landfill and other (D1-D7, D12)",KG_HAB,Kilograms per capita,NL,Netherlands,2011,,9,,,,,
dataflow,ESTAT:ENV_WASMUN(1.0),Municipal waste by waste management operations,A,Annual,DSP_L_OTH,"Disposal - landfill and other (D1-D7, D12)",KG_HAB,Kilograms per capita,NL,Netherlands,2012,,8,,,,,
dataflow,ESTAT:ENV_WASMUN(1.0),Municipal waste by waste management operations,A,Annual,DSP_L_OTH,"Disposal - landfill and other (D1-D7, D12)",KG_HAB,Kilograms per capita,NL,Netherlands,2013,,8,,,,,
dataflow,ESTAT:ENV_WASMUN(1.0),Municipal waste by waste management operations,A,Annual,DSP_L_OTH,"Disposal - landfill and other (D1-D7, D12)",KG_HAB,Kilograms per capita,NL,Netherlands,2014,,8,,,,,
dataflow,ESTAT:ENV_WASMUN(1.0),Municipal waste by waste management operations,A,Annual,DSP_L_OTH,"Disposal - landfill and other (D1-D7, D12)",KG_HAB,Kilograms per capita,NL,Netherlands,2015,,7,,,,,
dataflow,ESTAT:ENV_WASMUN(1.0),Municipal waste by waste management operations,A,Annual,DSP_L_OTH,"Disposal - landfill and other (D1-D7, D12)",KG_HAB,Kilograms per capita,NL,Netherlands,2016,,7,,,,,
dataflow,ESTAT:ENV_WASMUN(1.0),Municipal waste by waste management operations,A,Annual,DSP_L_OTH,"Disposal - landfill and other (D1-D7, D12)",KG_HAB,Kilograms per capita,NL,Netherlands,2017,,7,,,,,
dataflow,ESTAT:ENV_WASMUN(1.0),Municipal waste by waste management operations,A,Annual,DSP_L_OTH,"Disposal - landfill and other (D1-D7, D12)",KG_HAB,Kilograms per capita,NL,Netherlands,2018,,7,,,,,
dataflow,ESTAT:ENV_WASMUN(1.0),Municipal waste by waste management operations,A,Annual,DSP_L_OTH,"Disposal - landfill and other (D1-D7, D12)",KG_HAB,Kilograms per capita,NL,Netherlands,2019,,7,,,,,
dataflow,ESTAT:ENV_WASMUN(1.0),Municipal waste by waste management operations,A,Annual,DSP_L_OTH,"Disposal - landfill and other (D1-D7, D12)",KG_HAB,Kilograms per capita,NL,Netherlands,2020,,7,,,,,
dataflow,ESTAT:ENV_WASMUN(1.0),Municipal waste by waste management operations,A,Annual,DSP_L_OTH,"Disposal - landfill and other (D1-D7, D12)",KG_HAB,Kilograms per capita,NL,Netherlands,2021,,7,,,,,
dataflow,ESTAT:ENV_WASMUN(1.0),Municipal waste by waste management operations,A,Annual,DSP_L_OTH,"Disposal - landfill and other (D1-D7, D12)",KG_HAB,Kilograms per capita,NL,Netherlands,2022,,7,,p,provisional,,
dataflow,ESTAT:ENV_WASMUN(1.0),Municipal waste by waste management operations,A,Annual,DSP_L_OTH,"Disposal - landfill and other (D1-D7, D12)",KG_HAB,Kilograms per capita,NL,Netherlands,2023,,7,,,,,
dataflow,ESTAT:ENV_WASMUN(1.0),Municipal waste by waste management operations,A,Annual,DSP_L_OTH,"Disposal - landfill and other (D1-D7, D12)",KG_HAB,Kilograms per capita,NO,Norway,1995,,455,,,,,
dataflow,ESTAT:ENV_WASMUN(1.0),Municipal waste by waste management operations,A,Annual,DSP_L_OTH,"Disposal - landfill and other (D1-D7, D12)",KG_HAB,Kilograms per capita,NO,Norway,1996,,424,,,,,
dataflow,ESTAT:ENV_WASMUN(1.0),Municipal waste by waste management operations,A,Annual,DSP_L_OTH,"Disposal - landfill and other (D1-D7, D12)",KG_HAB,Kilograms per capita,NO,Norway,1997,,382,,,,,
dataflow,ESTAT:ENV_WASMUN(1.0),Municipal waste by waste management operations,A,Annual,DSP_L_OTH,"Disposal - landfill and other (D1-D7, D12)",KG_HAB,Kilograms per capita,NO,Norway,1998,,416,,,,,
dataflow,ESTAT:ENV_WASMUN(1.0),Municipal waste by waste management operations,A,Annual,DSP_L_OTH,"Disposal - landfill and other (D1-D7, D12)",KG_HAB,Kilograms per capita,NO,Norway,1999,,327,,,,,
dataflow,ESTAT:ENV_WASMUN(1.0),Municipal waste by waste management operations,A,Annual,DSP_L_OTH,"Disposal - landfill and other (D1-D7, D12)",KG_HAB,Kilograms per capita,NO,Norway,2000,,336,,,,,
dataflow,ESTAT:ENV_WASMUN(1.0),Municipal waste by waste management operations,A,Annual,DSP_L_OTH,"Disposal - landfill and other (D1-D7, D12)",KG_HAB,Kilograms per capita,NO,Norway,2001,,92,,b,break in time series,,
dataflow,ESTAT:ENV_WASMUN(1.0),Municipal waste by waste management operations,A,Annual,DSP_L_OTH,"Disposal - landfill and other (D1-D7, D12)",KG_HAB,Kilograms per capita,NO,Norway,2002,,93,,,,,
dataflow,ESTAT:ENV_WASMUN(1.0),Municipal waste by waste management operations,A,Annual,DSP_L_OTH,"Disposal - landfill and other (D1-D7, D12)",KG_HAB,Kilograms per capita,NO,Norway,2003,,86,,,,,
dataflow,ESTAT:ENV_WASMUN(1.0),Municipal waste by waste management operations,A,Annual,DSP_L_OTH,"Disposal - landfill and other (D1-D7, D12)",KG_HAB,Kilograms per capita,NO,Norway,2004,,82,,,,,
dataflow,ESTAT:ENV_WASMUN(1.0),Municipal waste by waste management operations,A,Annual,DSP_L_OTH,"Disposal - landfill and other (D1-D7, D12)",KG_HAB,Kilograms per capita,NO,Norway,2005,,77,,,,,
dataflow,ESTAT:ENV_WASMUN(1.0),Municipal waste by waste management operations,A,Annual,DSP_L_OTH,"Disposal - landfill and other (D1-D7, D12)",KG_HAB,Kilograms per capita,NO,Norway,2006,,84,,,,,
dataflow,ESTAT:ENV_WASMUN(1.0),Municipal waste by waste management operations,A,Annual,DSP_L_OTH,"Disposal - landfill and other (D1-D7, D12)",KG_HAB,Kilograms per capita,NO,Norway,2007,,92,,,,,
dataflow,ESTAT:ENV_WASMUN(1.0),Municipal waste by waste management operations,A,Annual,DSP_L_OTH,"Disposal - landfill and other (D1-D7, D12)",KG_HAB,Kilograms per capita,NO,Norway,2008,,87,,,,,
dataflow,ESTAT:ENV_WASMUN(1.0),Municipal waste by waste management operations,A,Annual,DSP_L_OTH,"Disposal - landfill and other (D1-D7, D12)",KG_HAB,Kilograms per capita,NO,Norway,2009,,67,,,,,
dataflow,ESTAT:ENV_WASMUN(1.0),Municipal waste by waste management operations,A,Annual,DSP_L_OTH,"Disposal - landfill and other (D1-D7, D12)",KG_HAB,Kilograms per capita,NO,Norway,2010,,28,,,,,
dataflow,ESTAT:ENV_WASMUN(1.0),Municipal waste by waste management operations,A,Annual,DSP_L_OTH,"Disposal - landfill and other (D1-D7, D12)",KG_HAB,Kilograms per capita,NO,Norway,2011,,11,,,,,
dataflow,ESTAT:ENV_WASMUN(1.0),Municipal waste by waste management operations,A,Annual,DSP_L_OTH,"Disposal - landfill and other (D1-D7, D12)",KG_HAB,Kilograms per capita,NO,Norway,2012,,9,,,,,
dataflow,ESTAT:ENV_WASMUN(1.0),Municipal waste by waste management operations,A,Annual,DSP_L_OTH,"Disposal - landfill and other (D1-D7, D12)",KG_HAB,Kilograms per capita,NO,Norway,2013,,10,,,,,
dataflow,ESTAT:ENV_WASMUN(1.0),Municipal waste by waste management operations,A,Annual,DSP_L_OTH,"Disposal - landfill and other (D1-D7, D12)",KG_HAB,Kilograms per capita,NO,Norway,2014,,12,,b,break in time series,,
dataflow,ESTAT:ENV_WASMUN(1.0),Municipal waste by waste management operations,A,Annual,DSP_L_OTH,"Disposal - landfill and other (D1-D7, D12)",KG_HAB,Kilograms per capita,NO,Norway,2015,,14,,,,,
dataflow,ESTAT:ENV_WASMUN(1.0),Municipal waste by waste management operations,A,Annual,DSP_L_OTH,"Disposal - landfill and other (D1-D7, D12)",KG_HAB,Kilograms per capita,NO,Norway,2016,,32,,b,break in time series,,
dataflow,ESTAT:ENV_WASMUN(1.0),Municipal waste by waste management operations,A,Annual,DSP_L_OTH,"Disposal - landfill and other (D1-D7, D12)",KG_HAB,Kilograms per capita,NO,Norway,2017,,26,,,,,
dataflow,ESTAT:ENV_WASMUN(1.0),Municipal waste by waste management operations,A,Annual,DSP_L_OTH,"Disposal - landfill and other (D1-D7, D12)",KG_HAB,Kilograms per capita,NO,Norway,2018,,23,,,,,
dataflow,ESTAT:ENV_WASMUN(1.0),Municipal waste by waste management operations,A,Annual,DSP_L_OTH,"Disposal - landfill and other (D1-D7, D12)",KG_HAB,Kilograms per capita,NO,Norway,2019,,29,,,,,
dataflow,ESTAT:ENV_WASMUN(1.0),Municipal waste by waste management operations,A,Annual,DSP_L_OTH,"Disposal - landfill and other (D1-D7, D12)",KG_HAB,Kilograms per capita,NO,Norway,2020,,17,,b,break in time series,,
dataflow,ESTAT:ENV_WASMUN(1.0),Municipal waste by waste management operations,A,Annual,DSP_L_OTH,"Disposal - landfill and other (D1-D7, D12)",KG_HAB,Kilograms per capita,NO,Norway,2021,,25,,,,,
dataflow,ESTAT:ENV_WASMUN(1.0),Municipal waste by waste management operations,A,Annual,DSP_L_OTH,"Disposal - landfill and other (D1-D7, D12)",KG_HAB,Kilograms per capita,NO,Norway,2022,,24,,,,,
dataflow,ESTAT:ENV_WASMUN(1.0),Municipal waste by waste management operations,A,Annual,DSP_L_OTH,"Disposal - landfill and other (D1-D7, D12)",KG_HAB,Kilograms per capita,NO,Norway,2023,,39,,,,,
dataflow,ESTAT:ENV_WASMUN(1.0),Municipal waste by waste management operations,A,Annual,DSP_L_OTH,"Disposal - landfill and other (D1-D7, D12)",KG_HAB,Kilograms per capita,PL,Poland,1995,,279,,,,,
dataflow,ESTAT:ENV_WASMUN(1.0),Municipal waste by waste management operations,A,Annual,DSP_L_OTH,"Disposal - landfill and other (D1-D7, D12)",KG_HAB,Kilograms per capita,PL,Poland,1996,,295,,,,,
dataflow,ESTAT:ENV_WASMUN(1.0),Municipal waste by waste management operations,A,Annual,DSP_L_OTH,"Disposal - landfill and other (D1-D7, D12)",KG_HAB,Kilograms per capita,PL,Poland,1997,,306,,,,,
dataflow,ESTAT:ENV_WASMUN(1.0),Municipal waste by waste management operations,A,Annual,DSP_L_OTH,"Disposal - landfill and other (D1-D7, D12)",KG_HAB,Kilograms per capita,PL,Poland,1998,,300,,,,,
dataflow,ESTAT:ENV_WASMUN(1.0),Municipal waste by waste management operations,A,Annual,DSP_L_OTH,"Disposal - landfill and other (D1-D7, D12)",KG_HAB,Kilograms per capita,PL,Poland,1999,,312,,,,,
dataflow,ESTAT:ENV_WASMUN(1.0),Municipal waste by waste management operations,A,Annual,DSP_L_OTH,"Disposal - landfill and other (D1-D7, D12)",KG_HAB,Kilograms per capita,PL,Poland,2000,,313,,,,,
dataflow,ESTAT:ENV_WASMUN(1.0),Municipal waste by waste management operations,A,Annual,DSP_L_OTH,"Disposal - landfill and other (D1-D7, D12)",KG_HAB,Kilograms per capita,PL,Poland,2001,,278,,,,,
dataflow,ESTAT:ENV_WASMUN(1.0),Municipal waste by waste management operations,A,Annual,DSP_L_OTH,"Disposal - landfill and other (D1-D7, D12)",KG_HAB,Kilograms per capita,PL,Poland,2002,,265,,,,,
dataflow,ESTAT:ENV_WASMUN(1.0),Municipal waste by waste management operations,A,Annual,DSP_L_OTH,"Disposal - landfill and other (D1-D7, D12)",KG_HAB,Kilograms per capita,PL,Poland,2003,,252,,,,,
dataflow,ESTAT:ENV_WASMUN(1.0),Municipal waste by waste management operations,A,Annual,DSP_L_OTH,"Disposal - landfill and other (D1-D7, D12)",KG_HAB,Kilograms per capita,PL,Poland,2004,,241,,,,,
dataflow,ESTAT:ENV_WASMUN(1.0),Municipal waste by waste management operations,A,Annual,DSP_L_OTH,"Disposal - landfill and other (D1-D7, D12)",KG_HAB,Kilograms per capita,PL,Poland,2005,,226,,,,,
dataflow,ESTAT:ENV_WASMUN(1.0),Municipal waste by waste management operations,A,Annual,DSP_L_OTH,"Disposal - landfill and other (D1-D7, D12)",KG_HAB,Kilograms per capita,PL,Poland,2006,,236,,,,,
dataflow,ESTAT:ENV_WASMUN(1.0),Municipal waste by waste management operations,A,Annual,DSP_L_OTH,"Disposal - landfill and other (D1-D7, D12)",KG_HAB,Kilograms per capita,PL,Poland,2007,,239,,,,,
dataflow,ESTAT:ENV_WASMUN(1.0),Municipal waste by waste management operations,A,Annual,DSP_L_OTH,"Disposal - landfill and other (D1-D7, D12)",KG_HAB,Kilograms per capita,PL,Poland,2008,,229,,,,,
dataflow,ESTAT:ENV_WASMUN(1.0),Municipal waste by waste management operations,A,Annual,DSP_L_OTH,"Disposal - landfill and other (D1-D7, D12)",KG_HAB,Kilograms per capita,PL,Poland,2009,,221,,b,break in time series,,
dataflow,ESTAT:ENV_WASMUN(1.0),Municipal waste by waste management operations,A,Annual,DSP_L_OTH,"Disposal - landfill and other (D1-D7, D12)",KG_HAB,Kilograms per capita,PL,Poland,2010,,211,,,,,
dataflow,ESTAT:ENV_WASMUN(1.0),Municipal waste by waste management operations,A,Annual,DSP_L_OTH,"Disposal - landfill and other (D1-D7, D12)",KG_HAB,Kilograms per capita,PL,Poland,2011,,221,,,,,
dataflow,ESTAT:ENV_WASMUN(1.0),Municipal waste by waste management operations,A,Annual,DSP_L_OTH,"Disposal - landfill and other (D1-D7, D12)",KG_HAB,Kilograms per capita,PL,Poland,2012,,212,,,,,
dataflow,ESTAT:ENV_WASMUN(1.0),Municipal waste by waste management operations,A,Annual,DSP_L_OTH,"Disposal - landfill and other (D1-D7, D12)",KG_HAB,Kilograms per capita,PL,Poland,2013,,184,,e,estimated,,
dataflow,ESTAT:ENV_WASMUN(1.0),Municipal waste by waste management operations,A,Annual,DSP_L_OTH,"Disposal - landfill and other (D1-D7, D12)",KG_HAB,Kilograms per capita,PL,Poland,2014,,159,,be,"break in time series, estimated",,
dataflow,ESTAT:ENV_WASMUN(1.0),Municipal waste by waste management operations,A,Annual,DSP_L_OTH,"Disposal - landfill and other (D1-D7, D12)",KG_HAB,Kilograms per capita,PL,Poland,2015,,155,,e,estimated,,
dataflow,ESTAT:ENV_WASMUN(1.0),Municipal waste by waste management operations,A,Annual,DSP_L_OTH,"Disposal - landfill and other (D1-D7, D12)",KG_HAB,Kilograms per capita,PL,Poland,2016,,140,,e,estimated,,
dataflow,ESTAT:ENV_WASMUN(1.0),Municipal waste by waste management operations,A,Annual,DSP_L_OTH,"Disposal - landfill and other (D1-D7, D12)",KG_HAB,Kilograms per capita,PL,Poland,2017,,132,,e,estimated,,
dataflow,ESTAT:ENV_WASMUN(1.0),Municipal waste by waste management operations,A,Annual,DSP_L_OTH,"Disposal - landfill and other (D1-D7, D12)",KG_HAB,Kilograms per capita,PL,Poland,2018,,137,,e,estimated,,
dataflow,ESTAT:ENV_WASMUN(1.0),Municipal waste by waste management operations,A,Annual,DSP_L_OTH,"Disposal - landfill and other (D1-D7, D12)",KG_HAB,Kilograms per capita,PL,Poland,2019,,145,,e,estimated,,
dataflow,ESTAT:ENV_WASMUN(1.0),Municipal waste by waste management operations,A,Annual,DSP_L_OTH,"Disposal - landfill and other (D1-D7, D12)",KG_HAB,Kilograms per capita,PL,Poland,2020,,139,,,,,
dataflow,ESTAT:ENV_WASMUN(1.0),Municipal waste by waste management operations,A,Annual,DSP_L_OTH,"Disposal - landfill and other (D1-D7, D12)",KG_HAB,Kilograms per capita,PL,Poland,2021,,143,,,,,
dataflow,ESTAT:ENV_WASMUN(1.0),Municipal waste by waste management operations,A,Annual,DSP_L_OTH,"Disposal - landfill and other (D1-D7, D12)",KG_HAB,Kilograms per capita,PL,Poland,2022,,139,,,,,
dataflow,ESTAT:ENV_WASMUN(1.0),Municipal waste by waste management operations,A,Annual,DSP_L_OTH,"Disposal - landfill and other (D1-D7, D12)",KG_HAB,Kilograms per capita,PL,Poland,2023,,111,,b,break in time series,,
dataflow,ESTAT:ENV_WASMUN(1.0),Municipal waste by waste management operations,A,Annual,DSP_L_OTH,"Disposal - landfill and other (D1-D7, D12)",KG_HAB,Kilograms per capita,PT,Portugal,1995,,317,,,,,
dataflow,ESTAT:ENV_WASMUN(1.0),Municipal waste by waste management operations,A,Annual,DSP_L_OTH,"Disposal - landfill and other (D1-D7, D12)",KG_HAB,Kilograms per capita,PT,Portugal,1996,,335,,,,,
dataflow,ESTAT:ENV_WASMUN(1.0),Municipal waste by waste management operations,A,Annual,DSP_L_OTH,"Disposal - landfill and other (D1-D7, D12)",KG_HAB,Kilograms per capita,PT,Portugal,1997,,357,,,,,
dataflow,ESTAT:ENV_WASMUN(1.0),Municipal waste by waste management operations,A,Annual,DSP_L_OTH,"Disposal - landfill and other (D1-D7, D12)",KG_HAB,Kilograms per capita,PT,Portugal,1998,,370,,,,,
dataflow,ESTAT:ENV_WASMUN(1.0),Municipal waste by waste management operations,A,Annual,DSP_L_OTH,"Disposal - landfill and other (D1-D7, D12)",KG_HAB,Kilograms per capita,PT,Portugal,1999,,387,,,,,
dataflow,ESTAT:ENV_WASMUN(1.0),Municipal waste by waste management operations,A,Annual,DSP_L_OTH,"Disposal - landfill and other (D1-D7, D12)",KG_HAB,Kilograms per capita,PT,Portugal,2000,,313,,,,,
dataflow,ESTAT:ENV_WASMUN(1.0),Municipal waste by waste management operations,A,Annual,DSP_L_OTH,"Disposal - landfill and other (D1-D7, D12)",KG_HAB,Kilograms per capita,PT,Portugal,2001,,307,,,,,
dataflow,ESTAT:ENV_WASMUN(1.0),Municipal waste by waste management operations,A,Annual,DSP_L_OTH,"Disposal - landfill and other (D1-D7, D12)",KG_HAB,Kilograms per capita,PT,Portugal,2002,,316,,b,break in time series,,
dataflow,ESTAT:ENV_WASMUN(1.0),Municipal waste by waste management operations,A,Annual,DSP_L_OTH,"Disposal - landfill and other (D1-D7, D12)",KG_HAB,Kilograms per capita,PT,Portugal,2003,,304,,,,,
dataflow,ESTAT:ENV_WASMUN(1.0),Municipal waste by waste management operations,A,Annual,DSP_L_OTH,"Disposal - landfill and other (D1-D7, D12)",KG_HAB,Kilograms per capita,PT,Portugal,2004,,290,,,,,
dataflow,ESTAT:ENV_WASMUN(1.0),Municipal waste by waste management operations,A,Annual,DSP_L_OTH,"Disposal - landfill and other (D1-D7, D12)",KG_HAB,Kilograms per capita,PT,Portugal,2005,,283,,,,,
dataflow,ESTAT:ENV_WASMUN(1.0),Municipal waste by waste management operations,A,Annual,DSP_L_OTH,"Disposal - landfill and other (D1-D7, D12)",KG_HAB,Kilograms per capita,PT,Portugal,2006,,299,,,,,
dataflow,ESTAT:ENV_WASMUN(1.0),Municipal waste by waste management operations,A,Annual,DSP_L_OTH,"Disposal - landfill and other (D1-D7, D12)",KG_HAB,Kilograms per capita,PT,Portugal,2007,,301,,b,break in time series,,
dataflow,ESTAT:ENV_WASMUN(1.0),Municipal waste by waste management operations,A,Annual,DSP_L_OTH,"Disposal - landfill and other (D1-D7, D12)",KG_HAB,Kilograms per capita,PT,Portugal,2008,,334,,,,,
dataflow,ESTAT:ENV_WASMUN(1.0),Municipal waste by waste management operations,A,Annual,DSP_L_OTH,"Disposal - landfill and other (D1-D7, D12)",KG_HAB,Kilograms per capita,PT,Portugal,2009,,316,,,,,
dataflow,ESTAT:ENV_WASMUN(1.0),Municipal waste by waste management operations,A,Annual,DSP_L_OTH,"Disposal - landfill and other (D1-D7, D12)",KG_HAB,Kilograms per capita,PT,Portugal,2010,,320,,,,,
dataflow,ESTAT:ENV_WASMUN(1.0),Municipal waste by waste management operations,A,Annual,DSP_L_OTH,"Disposal - landfill and other (D1-D7, D12)",KG_HAB,Kilograms per capita,PT,Portugal,2011,,288,,,,,
dataflow,ESTAT:ENV_WASMUN(1.0),Municipal waste by waste management operations,A,Annual,DSP_L_OTH,"Disposal - landfill and other (D1-D7, D12)",KG_HAB,Kilograms per capita,PT,Portugal,2012,,246,,,,,
dataflow,ESTAT:ENV_WASMUN(1.0),Municipal waste by waste management operations,A,Annual,DSP_L_OTH,"Disposal - landfill and other (D1-D7, D12)",KG_HAB,Kilograms per capita,PT,Portugal,2013,,222,,,,,
dataflow,ESTAT:ENV_WASMUN(1.0),Municipal waste by waste management operations,A,Annual,DSP_L_OTH,"Disposal - landfill and other (D1-D7, D12)",KG_HAB,Kilograms per capita,PT,Portugal,2014,,221,,,,,
dataflow,ESTAT:ENV_WASMUN(1.0),Municipal waste by waste management operations,A,Annual,DSP_L_OTH,"Disposal - landfill and other (D1-D7, D12)",KG_HAB,Kilograms per capita,PT,Portugal,2015,,214,,,,,
dataflow,ESTAT:ENV_WASMUN(1.0),Municipal waste by waste management operations,A,Annual,DSP_L_OTH,"Disposal - landfill and other (D1-D7, D12)",KG_HAB,Kilograms per capita,PT,Portugal,2016,,207,,,,,
dataflow,ESTAT:ENV_WASMUN(1.0),Municipal waste by waste management operations,A,Annual,DSP_L_OTH,"Disposal - landfill and other (D1-D7, D12)",KG_HAB,Kilograms per capita,PT,Portugal,2017,,226,,,,,
dataflow,ESTAT:ENV_WASMUN(1.0),Municipal waste by waste management operations,A,Annual,DSP_L_OTH,"Disposal - landfill and other (D1-D7, D12)",KG_HAB,Kilograms per capita,PT,Portugal,2018,,244,,,,,
dataflow,ESTAT:ENV_WASMUN(1.0),Municipal waste by waste management operations,A,Annual,DSP_L_OTH,"Disposal - landfill and other (D1-D7, D12)",KG_HAB,Kilograms per capita,PT,Portugal,2019,,242,,,,,
dataflow,ESTAT:ENV_WASMUN(1.0),Municipal waste by waste management operations,A,Annual,DSP_L_OTH,"Disposal - landfill and other (D1-D7, D12)",KG_HAB,Kilograms per capita,PT,Portugal,2020,,290,,,,,
dataflow,ESTAT:ENV_WASMUN(1.0),Municipal waste by waste management operations,A,Annual,DSP_L_OTH,"Disposal - landfill and other (D1-D7, D12)",KG_HAB,Kilograms per capita,PT,Portugal,2021,,270,,,,,
dataflow,ESTAT:ENV_WASMUN(1.0),Municipal waste by waste management operations,A,Annual,DSP_L_OTH,"Disposal - landfill and other (D1-D7, D12)",KG_HAB,Kilograms per capita,PT,Portugal,2022,,280,,,,,
dataflow,ESTAT:ENV_WASMUN(1.0),Municipal waste by waste management operations,A,Annual,DSP_L_OTH,"Disposal - landfill and other (D1-D7, D12)",KG_HAB,Kilograms per capita,PT,Portugal,2023,,285,,,,,
dataflow,ESTAT:ENV_WASMUN(1.0),Municipal waste by waste management operations,A,Annual,DSP_L_OTH,"Disposal - landfill and other (D1-D7, D12)",KG_HAB,Kilograms per capita,RO,Romania,1995,,254,,,,,
dataflow,ESTAT:ENV_WASMUN(1.0),Municipal waste by waste management operations,A,Annual,DSP_L_OTH,"Disposal - landfill and other (D1-D7, D12)",KG_HAB,Kilograms per capita,RO,Romania,1996,,230,,,,,
dataflow,ESTAT:ENV_WASMUN(1.0),Municipal waste by waste management operations,A,Annual,DSP_L_OTH,"Disposal - landfill and other (D1-D7, D12)",KG_HAB,Kilograms per capita,RO,Romania,1997,,257,,e,estimated,,
dataflow,ESTAT:ENV_WASMUN(1.0),Municipal waste by waste management operations,A,Annual,DSP_L_OTH,"Disposal - landfill and other (D1-D7, D12)",KG_HAB,Kilograms per capita,RO,Romania,1998,,224,,,,,
dataflow,ESTAT:ENV_WASMUN(1.0),Municipal waste by waste management operations,A,Annual,DSP_L_OTH,"Disposal - landfill and other (D1-D7, D12)",KG_HAB,Kilograms per capita,RO,Romania,1999,,255,,,,,
dataflow,ESTAT:ENV_WASMUN(1.0),Municipal waste by waste management operations,A,Annual,DSP_L_OTH,"Disposal - landfill and other (D1-D7, D12)",KG_HAB,Kilograms per capita,RO,Romania,2000,,295,,,,,
dataflow,ESTAT:ENV_WASMUN(1.0),Municipal waste by waste management operations,A,Annual,DSP_L_OTH,"Disposal - landfill and other (D1-D7, D12)",KG_HAB,Kilograms per capita,RO,Romania,2001,,269,,,,,
dataflow,ESTAT:ENV_WASMUN(1.0),Municipal waste by waste management operations,A,Annual,DSP_L_OTH,"Disposal - landfill and other (D1-D7, D12)",KG_HAB,Kilograms per capita,RO,Romania,2002,,308,,,,,
dataflow,ESTAT:ENV_WASMUN(1.0),Municipal waste by waste management operations,A,Annual,DSP_L_OTH,"Disposal - landfill and other (D1-D7, D12)",KG_HAB,Kilograms per capita,RO,Romania,2003,,279,,,,,
dataflow,ESTAT:ENV_WASMUN(1.0),Municipal waste by waste management operations,A,Annual,DSP_L_OTH,"Disposal - landfill and other (D1-D7, D12)",KG_HAB,Kilograms per capita,RO,Romania,2004,,276,,,,,
dataflow,ESTAT:ENV_WASMUN(1.0),Municipal waste by waste management operations,A,Annual,DSP_L_OTH,"Disposal - landfill and other (D1-D7, D12)",KG_HAB,Kilograms per capita,RO,Romania,2005,,301,,,,,
dataflow,ESTAT:ENV_WASMUN(1.0),Municipal waste by waste management operations,A,Annual,DSP_L_OTH,"Disposal - landfill and other (D1-D7, D12)",KG_HAB,Kilograms per capita,RO,Romania,2006,,297,,,,,
dataflow,ESTAT:ENV_WASMUN(1.0),Municipal waste by waste management operations,A,Annual,DSP_L_OTH,"Disposal - landfill and other (D1-D7, D12)",KG_HAB,Kilograms per capita,RO,Romania,2007,,293,,,,,
dataflow,ESTAT:ENV_WASMUN(1.0),Municipal waste by waste management operations,A,Annual,DSP_L_OTH,"Disposal - landfill and other (D1-D7, D12)",KG_HAB,Kilograms per capita,RO,Romania,2008,,316,,,,,
dataflow,ESTAT:ENV_WASMUN(1.0),Municipal waste by waste management operations,A,Annual,DSP_L_OTH,"Disposal - landfill and other (D1-D7, D12)",KG_HAB,Kilograms per capita,RO,Romania,2009,,303,,,,,
dataflow,ESTAT:ENV_WASMUN(1.0),Municipal waste by waste management operations,A,Annual,DSP_L_OTH,"Disposal - landfill and other (D1-D7, D12)",KG_HAB,Kilograms per capita,RO,Romania,2010,,238,,b,break in time series,,
dataflow,ESTAT:ENV_WASMUN(1.0),Municipal waste by waste management operations,A,Annual,DSP_L_OTH,"Disposal - landfill and other (D1-D7, D12)",KG_HAB,Kilograms per capita,RO,Romania,2011,,201,,,,,
dataflow,ESTAT:ENV_WASMUN(1.0),Municipal waste by waste management operations,A,Annual,DSP_L_OTH,"Disposal - landfill and other (D1-D7, D12)",KG_HAB,Kilograms per capita,RO,Romania,2012,,171,,,,,
dataflow,ESTAT:ENV_WASMUN(1.0),Municipal waste by waste management operations,A,Annual,DSP_L_OTH,"Disposal - landfill and other (D1-D7, D12)",KG_HAB,Kilograms per capita,RO,Romania,2013,,175,,,,,
dataflow,ESTAT:ENV_WASMUN(1.0),Municipal waste by waste management operations,A,Annual,DSP_L_OTH,"Disposal - landfill and other (D1-D7, D12)",KG_HAB,Kilograms per capita,RO,Romania,2014,,179,,,,,
dataflow,ESTAT:ENV_WASMUN(1.0),Municipal waste by waste management operations,A,Annual,DSP_L_OTH,"Disposal - landfill and other (D1-D7, D12)",KG_HAB,Kilograms per capita,RO,Romania,2015,,178,,,,,
dataflow,ESTAT:ENV_WASMUN(1.0),Municipal waste by waste management operations,A,Annual,DSP_L_OTH,"Disposal - landfill and other (D1-D7, D12)",KG_HAB,Kilograms per capita,RO,Romania,2016,,190,,,,,
dataflow,ESTAT:ENV_WASMUN(1.0),Municipal waste by waste management operations,A,Annual,DSP_L_OTH,"Disposal - landfill and other (D1-D7, D12)",KG_HAB,Kilograms per capita,RO,Romania,2017,,207,,,,,
dataflow,ESTAT:ENV_WASMUN(1.0),Municipal waste by waste management operations,A,Annual,DSP_L_OTH,"Disposal - landfill and other (D1-D7, D12)",KG_HAB,Kilograms per capita,RO,Romania,2018,,210,,,,,
dataflow,ESTAT:ENV_WASMUN(1.0),Municipal waste by waste management operations,A,Annual,DSP_L_OTH,"Disposal - landfill and other (D1-D7, D12)",KG_HAB,Kilograms per capita,RO,Romania,2019,,213,,,,,
dataflow,ESTAT:ENV_WASMUN(1.0),Municipal waste by waste management operations,A,Annual,DSP_L_OTH,"Disposal - landfill and other (D1-D7, D12)",KG_HAB,Kilograms per capita,RO,Romania,2020,,214,,,,,
dataflow,ESTAT:ENV_WASMUN(1.0),Municipal waste by waste management operations,A,Annual,DSP_L_OTH,"Disposal - landfill and other (D1-D7, D12)",KG_HAB,Kilograms per capita,RO,Romania,2021,,228,,,,,
dataflow,ESTAT:ENV_WASMUN(1.0),Municipal waste by waste management operations,A,Annual,DSP_L_OTH,"Disposal - landfill and other (D1-D7, D12)",KG_HAB,Kilograms per capita,RO,Romania,2022,,223,,,,,
dataflow,ESTAT:ENV_WASMUN(1.0),Municipal waste by waste management operations,A,Annual,DSP_L_OTH,"Disposal - landfill and other (D1-D7, D12)",KG_HAB,Kilograms per capita,RS,Serbia,2006,,140,,,,,
dataflow,ESTAT:ENV_WASMUN(1.0),Municipal waste by waste management operations,A,Annual,DSP_L_OTH,"Disposal - landfill and other (D1-D7, D12)",KG_HAB,Kilograms per capita,RS,Serbia,2007,,168,,,,,
dataflow,ESTAT:ENV_WASMUN(1.0),Municipal waste by waste management operations,A,Annual,DSP_L_OTH,"Disposal - landfill and other (D1-D7, D12)",KG_HAB,Kilograms per capita,RS,Serbia,2008,,207,,,,,
dataflow,ESTAT:ENV_WASMUN(1.0),Municipal waste by waste management operations,A,Annual,DSP_L_OTH,"Disposal - landfill and other (D1-D7, D12)",KG_HAB,Kilograms per capita,RS,Serbia,2009,,216,,,,,
dataflow,ESTAT:ENV_WASMUN(1.0),Municipal waste by waste management operations,A,Annual,DSP_L_OTH,"Disposal - landfill and other (D1-D7, D12)",KG_HAB,Kilograms per capita,RS,Serbia,2010,,259,,,,,
dataflow,ESTAT:ENV_WASMUN(1.0),Municipal waste by waste management operations,A,Annual,DSP_L_OTH,"Disposal - landfill and other (D1-D7, D12)",KG_HAB,Kilograms per capita,RS,Serbia,2011,,289,,,,,
dataflow,ESTAT:ENV_WASMUN(1.0),Municipal waste by waste management operations,A,Annual,DSP_L_OTH,"Disposal - landfill and other (D1-D7, D12)",KG_HAB,Kilograms per capita,RS,Serbia,2012,,254,,,,,
dataflow,ESTAT:ENV_WASMUN(1.0),Municipal waste by waste management operations,A,Annual,DSP_L_OTH,"Disposal - landfill and other (D1-D7, D12)",KG_HAB,Kilograms per capita,RS,Serbia,2013,,268,,,,,
dataflow,ESTAT:ENV_WASMUN(1.0),Municipal waste by waste management operations,A,Annual,DSP_L_OTH,"Disposal - landfill and other (D1-D7, D12)",KG_HAB,Kilograms per capita,RS,Serbia,2014,,234,,,,,
dataflow,ESTAT:ENV_WASMUN(1.0),Municipal waste by waste management operations,A,Annual,DSP_L_OTH,"Disposal - landfill and other (D1-D7, D12)",KG_HAB,Kilograms per capita,RS,Serbia,2015,,192,,,,,
dataflow,ESTAT:ENV_WASMUN(1.0),Municipal waste by waste management operations,A,Annual,DSP_L_OTH,"Disposal - landfill and other (D1-D7, D12)",KG_HAB,Kilograms per capita,RS,Serbia,2016,,211,,,,,
dataflow,ESTAT:ENV_WASMUN(1.0),Municipal waste by waste management operations,A,Annual,DSP_L_OTH,"Disposal - landfill and other (D1-D7, D12)",KG_HAB,Kilograms per capita,RS,Serbia,2017,,256,,,,,
dataflow,ESTAT:ENV_WASMUN(1.0),Municipal waste by waste management operations,A,Annual,DSP_L_OTH,"Disposal - landfill and other (D1-D7, D12)",KG_HAB,Kilograms per capita,RS,Serbia,2018,,279,,,,,
dataflow,ESTAT:ENV_WASMUN(1.0),Municipal waste by waste management operations,A,Annual,DSP_L_OTH,"Disposal - landfill and other (D1-D7, D12)",KG_HAB,Kilograms per capita,RS,Serbia,2019,,291,,i,value imputed by Eurostat or other receiving agencies,,
dataflow,ESTAT:ENV_WASMUN(1.0),Municipal waste by waste management operations,A,Annual,DSP_L_OTH,"Disposal - landfill and other (D1-D7, D12)",KG_HAB,Kilograms per capita,RS,Serbia,2022,,366,,,,,
dataflow,ESTAT:ENV_WASMUN(1.0),Municipal waste by waste management operations,A,Annual,DSP_L_OTH,"Disposal - landfill and other (D1-D7, D12)",KG_HAB,Kilograms per capita,RS,Serbia,2023,,372,,,,,
dataflow,ESTAT:ENV_WASMUN(1.0),Municipal waste by waste management operations,A,Annual,DSP_L_OTH,"Disposal - landfill and other (D1-D7, D12)",KG_HAB,Kilograms per capita,SE,Sweden,1995,,136,,,,,
dataflow,ESTAT:ENV_WASMUN(1.0),Municipal waste by waste management operations,A,Annual,DSP_L_OTH,"Disposal - landfill and other (D1-D7, D12)",KG_HAB,Kilograms per capita,SE,Sweden,1996,,126,,,,,
dataflow,ESTAT:ENV_WASMUN(1.0),Municipal waste by waste management operations,A,Annual,DSP_L_OTH,"Disposal - landfill and other (D1-D7, D12)",KG_HAB,Kilograms per capita,SE,Sweden,1997,,130,,,,,
dataflow,ESTAT:ENV_WASMUN(1.0),Municipal waste by waste management operations,A,Annual,DSP_L_OTH,"Disposal - landfill and other (D1-D7, D12)",KG_HAB,Kilograms per capita,SE,Sweden,1998,,115,,,,,
dataflow,ESTAT:ENV_WASMUN(1.0),Municipal waste by waste management operations,A,Annual,DSP_L_OTH,"Disposal - landfill and other (D1-D7, D12)",KG_HAB,Kilograms per capita,SE,Sweden,1999,,104,,,,,
dataflow,ESTAT:ENV_WASMUN(1.0),Municipal waste by waste management operations,A,Annual,DSP_L_OTH,"Disposal - landfill and other (D1-D7, D12)",KG_HAB,Kilograms per capita,SE,Sweden,2000,,97,,,,,
dataflow,ESTAT:ENV_WASMUN(1.0),Municipal waste by waste management operations,A,Annual,DSP_L_OTH,"Disposal - landfill and other (D1-D7, D12)",KG_HAB,Kilograms per capita,SE,Sweden,2001,,99,,,,,
dataflow,ESTAT:ENV_WASMUN(1.0),Municipal waste by waste management operations,A,Annual,DSP_L_OTH,"Disposal - landfill and other (D1-D7, D12)",KG_HAB,Kilograms per capita,SE,Sweden,2002,,92,,,,,
dataflow,ESTAT:ENV_WASMUN(1.0),Municipal waste by waste management operations,A,Annual,DSP_L_OTH,"Disposal - landfill and other (D1-D7, D12)",KG_HAB,Kilograms per capita,SE,Sweden,2003,,64,,,,,
dataflow,ESTAT:ENV_WASMUN(1.0),Municipal waste by waste management operations,A,Annual,DSP_L_OTH,"Disposal - landfill and other (D1-D7, D12)",KG_HAB,Kilograms per capita,SE,Sweden,2004,,42,,,,,
dataflow,ESTAT:ENV_WASMUN(1.0),Municipal waste by waste management operations,A,Annual,DSP_L_OTH,"Disposal - landfill and other (D1-D7, D12)",KG_HAB,Kilograms per capita,SE,Sweden,2005,,23,,,,,
dataflow,ESTAT:ENV_WASMUN(1.0),Municipal waste by waste management operations,A,Annual,DSP_L_OTH,"Disposal - landfill and other (D1-D7, D12)",KG_HAB,Kilograms per capita,SE,Sweden,2006,,25,,,,,
dataflow,ESTAT:ENV_WASMUN(1.0),Municipal waste by waste management operations,A,Annual,DSP_L_OTH,"Disposal - landfill and other (D1-D7, D12)",KG_HAB,Kilograms per capita,SE,Sweden,2007,,20,,,,,
dataflow,ESTAT:ENV_WASMUN(1.0),Municipal waste by waste management operations,A,Annual,DSP_L_OTH,"Disposal - landfill and other (D1-D7, D12)",KG_HAB,Kilograms per capita,SE,Sweden,2008,,15,,,,,
dataflow,ESTAT:ENV_WASMUN(1.0),Municipal waste by waste management operations,A,Annual,DSP_L_OTH,"Disposal - landfill and other (D1-D7, D12)",KG_HAB,Kilograms per capita,SE,Sweden,2009,,6,,,,,
dataflow,ESTAT:ENV_WASMUN(1.0),Municipal waste by waste management operations,A,Annual,DSP_L_OTH,"Disposal - landfill and other (D1-D7, D12)",KG_HAB,Kilograms per capita,SE,Sweden,2010,,4,,,,,
dataflow,ESTAT:ENV_WASMUN(1.0),Municipal waste by waste management operations,A,Annual,DSP_L_OTH,"Disposal - landfill and other (D1-D7, D12)",KG_HAB,Kilograms per capita,SE,Sweden,2011,,3,,,,,
dataflow,ESTAT:ENV_WASMUN(1.0),Municipal waste by waste management operations,A,Annual,DSP_L_OTH,"Disposal - landfill and other (D1-D7, D12)",KG_HAB,Kilograms per capita,SE,Sweden,2012,,3,,,,,
dataflow,ESTAT:ENV_WASMUN(1.0),Municipal waste by waste management operations,A,Annual,DSP_L_OTH,"Disposal - landfill and other (D1-D7, D12)",KG_HAB,Kilograms per capita,SE,Sweden,2013,,3,,,,,
dataflow,ESTAT:ENV_WASMUN(1.0),Municipal waste by waste management operations,A,Annual,DSP_L_OTH,"Disposal - landfill and other (D1-D7, D12)",KG_HAB,Kilograms per capita,SE,Sweden,2014,,3,,,,,
dataflow,ESTAT:ENV_WASMUN(1.0),Municipal waste by waste management operations,A,Annual,DSP_L_OTH,"Disposal - landfill and other (D1-D7, D12)",KG_HAB,Kilograms per capita,SE,Sweden,2015,,4,,,,,
dataflow,ESTAT:ENV_WASMUN(1.0),Municipal waste by waste management operations,A,Annual,DSP_L_OTH,"Disposal - landfill and other (D1-D7, D12)",KG_HAB,Kilograms per capita,SE,Sweden,2016,,3,,,,,
dataflow,ESTAT:ENV_WASMUN(1.0),Municipal waste by waste management operations,A,Annual,DSP_L_OTH,"Disposal - landfill and other (D1-D7, D12)",KG_HAB,Kilograms per capita,SE,Sweden,2017,,2,,,,,
dataflow,ESTAT:ENV_WASMUN(1.0),Municipal waste by waste management operations,A,Annual,DSP_L_OTH,"Disposal - landfill and other (D1-D7, D12)",KG_HAB,Kilograms per capita,SE,Sweden,2018,,3,,,,,
dataflow,ESTAT:ENV_WASMUN(1.0),Municipal waste by waste management operations,A,Annual,DSP_L_OTH,"Disposal - landfill and other (D1-D7, D12)",KG_HAB,Kilograms per capita,SE,Sweden,2019,,3,,,,,
dataflow,ESTAT:ENV_WASMUN(1.0),Municipal waste by waste management operations,A,Annual,DSP_L_OTH,"Disposal - landfill and other (D1-D7, D12)",KG_HAB,Kilograms per capita,SE,Sweden,2020,,2,,be,"break in time series, estimated",,
dataflow,ESTAT:ENV_WASMUN(1.0),Municipal waste by waste management operations,A,Annual,DSP_L_OTH,"Disposal - landfill and other (D1-D7, D12)",KG_HAB,Kilograms per capita,SE,Sweden,2021,,2,,e,estimated,,
dataflow,ESTAT:ENV_WASMUN(1.0),Municipal waste by waste management operations,A,Annual,DSP_L_OTH,"Disposal - landfill and other (D1-D7, D12)",KG_HAB,Kilograms per capita,SE,Sweden,2022,,2,,e,estimated,,
dataflow,ESTAT:ENV_WASMUN(1.0),Municipal waste by waste management operations,A,Annual,DSP_L_OTH,"Disposal - landfill and other (D1-D7, D12)",KG_HAB,Kilograms per capita,SE,Sweden,2023,,4,,e,estimated,,
dataflow,ESTAT:ENV_WASMUN(1.0),Municipal waste by waste management operations,A,Annual,DSP_L_OTH,"Disposal - landfill and other (D1-D7, D12)",KG_HAB,Kilograms per capita,SI,Slovenia,1995,,456,,,,,
dataflow,ESTAT:ENV_WASMUN(1.0),Municipal waste by waste management operations,A,Annual,DSP_L_OTH,"Disposal - landfill and other (D1-D7, D12)",KG_HAB,Kilograms per capita,SI,Slovenia,1996,,465,,e,estimated,,
dataflow,ESTAT:ENV_WASMUN(1.0),Municipal waste by waste management operations,A,Annual,DSP_L_OTH,"Disposal - landfill and other (D1-D7, D12)",KG_HAB,Kilograms per capita,SI,Slovenia,1997,,491,,e,estimated,,
dataflow,ESTAT:ENV_WASMUN(1.0),Municipal waste by waste management operations,A,Annual,DSP_L_OTH,"Disposal - landfill and other (D1-D7, D12)",KG_HAB,Kilograms per capita,SI,Slovenia,1998,,513,,,,,
dataflow,ESTAT:ENV_WASMUN(1.0),Municipal waste by waste management operations,A,Annual,DSP_L_OTH,"Disposal - landfill and other (D1-D7, D12)",KG_HAB,Kilograms per capita,SI,Slovenia,1999,,454,,e,estimated,,
dataflow,ESTAT:ENV_WASMUN(1.0),Municipal waste by waste management operations,A,Annual,DSP_L_OTH,"Disposal - landfill and other (D1-D7, D12)",KG_HAB,Kilograms per capita,SI,Slovenia,2000,,402,,e,estimated,,
dataflow,ESTAT:ENV_WASMUN(1.0),Municipal waste by waste management operations,A,Annual,DSP_L_OTH,"Disposal - landfill and other (D1-D7, D12)",KG_HAB,Kilograms per capita,SI,Slovenia,2001,,358,,,,,
dataflow,ESTAT:ENV_WASMUN(1.0),Municipal waste by waste management operations,A,Annual,DSP_L_OTH,"Disposal - landfill and other (D1-D7, D12)",KG_HAB,Kilograms per capita,SI,Slovenia,2002,,357,,,,,
dataflow,ESTAT:ENV_WASMUN(1.0),Municipal waste by waste management operations,A,Annual,DSP_L_OTH,"Disposal - landfill and other (D1-D7, D12)",KG_HAB,Kilograms per capita,SI,Slovenia,2003,,348,,,,,
dataflow,ESTAT:ENV_WASMUN(1.0),Municipal waste by waste management operations,A,Annual,DSP_L_OTH,"Disposal - landfill and other (D1-D7, D12)",KG_HAB,Kilograms per capita,SI,Slovenia,2004,,313,,,,,
dataflow,ESTAT:ENV_WASMUN(1.0),Municipal waste by waste management operations,A,Annual,DSP_L_OTH,"Disposal - landfill and other (D1-D7, D12)",KG_HAB,Kilograms per capita,SI,Slovenia,2005,,329,,,,,
dataflow,ESTAT:ENV_WASMUN(1.0),Municipal waste by waste management operations,A,Annual,DSP_L_OTH,"Disposal - landfill and other (D1-D7, D12)",KG_HAB,Kilograms per capita,SI,Slovenia,2006,,361,,,,,
dataflow,ESTAT:ENV_WASMUN(1.0),Municipal waste by waste management operations,A,Annual,DSP_L_OTH,"Disposal - landfill and other (D1-D7, D12)",KG_HAB,Kilograms per capita,SI,Slovenia,2007,,341,,,,,
dataflow,ESTAT:ENV_WASMUN(1.0),Municipal waste by waste management operations,A,Annual,DSP_L_OTH,"Disposal - landfill and other (D1-D7, D12)",KG_HAB,Kilograms per capita,SI,Slovenia,2008,,339,,,,,
dataflow,ESTAT:ENV_WASMUN(1.0),Municipal waste by waste management operations,A,Annual,DSP_L_OTH,"Disposal - landfill and other (D1-D7, D12)",KG_HAB,Kilograms per capita,SI,Slovenia,2009,,308,,,,,
dataflow,ESTAT:ENV_WASMUN(1.0),Municipal waste by waste management operations,A,Annual,DSP_L_OTH,"Disposal - landfill and other (D1-D7, D12)",KG_HAB,Kilograms per capita,SI,Slovenia,2010,,279,,,,,
dataflow,ESTAT:ENV_WASMUN(1.0),Municipal waste by waste management operations,A,Annual,DSP_L_OTH,"Disposal - landfill and other (D1-D7, D12)",KG_HAB,Kilograms per capita,SI,Slovenia,2011,,234,,,,,
dataflow,ESTAT:ENV_WASMUN(1.0),Municipal waste by waste management operations,A,Annual,DSP_L_OTH,"Disposal - landfill and other (D1-D7, D12)",KG_HAB,Kilograms per capita,SI,Slovenia,2012,,154,,,,,
dataflow,ESTAT:ENV_WASMUN(1.0),Municipal waste by waste management operations,A,Annual,DSP_L_OTH,"Disposal - landfill and other (D1-D7, D12)",KG_HAB,Kilograms per capita,SI,Slovenia,2013,,109,,,,,
dataflow,ESTAT:ENV_WASMUN(1.0),Municipal waste by waste management operations,A,Annual,DSP_L_OTH,"Disposal - landfill and other (D1-D7, D12)",KG_HAB,Kilograms per capita,SI,Slovenia,2014,,101,,,,,
dataflow,ESTAT:ENV_WASMUN(1.0),Municipal waste by waste management operations,A,Annual,DSP_L_OTH,"Disposal - landfill and other (D1-D7, D12)",KG_HAB,Kilograms per capita,SI,Slovenia,2015,,102,,,,,
dataflow,ESTAT:ENV_WASMUN(1.0),Municipal waste by waste management operations,A,Annual,DSP_L_OTH,"Disposal - landfill and other (D1-D7, D12)",KG_HAB,Kilograms per capita,SI,Slovenia,2016,,38,,,,,
dataflow,ESTAT:ENV_WASMUN(1.0),Municipal waste by waste management operations,A,Annual,DSP_L_OTH,"Disposal - landfill and other (D1-D7, D12)",KG_HAB,Kilograms per capita,SI,Slovenia,2017,,48,,,,,
dataflow,ESTAT:ENV_WASMUN(1.0),Municipal waste by waste management operations,A,Annual,DSP_L_OTH,"Disposal - landfill and other (D1-D7, D12)",KG_HAB,Kilograms per capita,SI,Slovenia,2018,,47,,,,,
dataflow,ESTAT:ENV_WASMUN(1.0),Municipal waste by waste management operations,A,Annual,DSP_L_OTH,"Disposal - landfill and other (D1-D7, D12)",KG_HAB,Kilograms per capita,SI,Slovenia,2019,,52,,,,,
dataflow,ESTAT:ENV_WASMUN(1.0),Municipal waste by waste management operations,A,Annual,DSP_L_OTH,"Disposal - landfill and other (D1-D7, D12)",KG_HAB,Kilograms per capita,SI,Slovenia,2020,,33,,,,,
dataflow,ESTAT:ENV_WASMUN(1.0),Municipal waste by waste management operations,A,Annual,DSP_L_OTH,"Disposal - landfill and other (D1-D7, D12)",KG_HAB,Kilograms per capita,SI,Slovenia,2021,,31,,,,,
dataflow,ESTAT:ENV_WASMUN(1.0),Municipal waste by waste management operations,A,Annual,DSP_L_OTH,"Disposal - landfill and other (D1-D7, D12)",KG_HAB,Kilograms per capita,SI,Slovenia,2022,,39,,,,,
dataflow,ESTAT:ENV_WASMUN(1.0),Municipal waste by waste management operations,A,Annual,DSP_L_OTH,"Disposal - landfill and other (D1-D7, D12)",KG_HAB,Kilograms per capita,SI,Slovenia,2023,,49,,,,,
dataflow,ESTAT:ENV_WASMUN(1.0),Municipal waste by waste management operations,A,Annual,DSP_L_OTH,"Disposal - landfill and other (D1-D7, D12)",KG_HAB,Kilograms per capita,SK,Slovakia,1995,,258,,,,,
dataflow,ESTAT:ENV_WASMUN(1.0),Municipal waste by waste management operations,A,Annual,DSP_L_OTH,"Disposal - landfill and other (D1-D7, D12)",KG_HAB,Kilograms per capita,SK,Slovakia,1996,,247,,,,,
dataflow,ESTAT:ENV_WASMUN(1.0),Municipal waste by waste management operations,A,Annual,DSP_L_OTH,"Disposal - landfill and other (D1-D7, D12)",KG_HAB,Kilograms per capita,SK,Slovakia,1997,,224,,,,,
dataflow,ESTAT:ENV_WASMUN(1.0),Municipal waste by waste management operations,A,Annual,DSP_L_OTH,"Disposal - landfill and other (D1-D7, D12)",KG_HAB,Kilograms per capita,SK,Slovakia,1998,,206,,,,,
dataflow,ESTAT:ENV_WASMUN(1.0),Municipal waste by waste management operations,A,Annual,DSP_L_OTH,"Disposal - landfill and other (D1-D7, D12)",KG_HAB,Kilograms per capita,SK,Slovakia,1999,,210,,,,,
dataflow,ESTAT:ENV_WASMUN(1.0),Municipal waste by waste management operations,A,Annual,DSP_L_OTH,"Disposal - landfill and other (D1-D7, D12)",KG_HAB,Kilograms per capita,SK,Slovakia,2000,,196,,,,,
dataflow,ESTAT:ENV_WASMUN(1.0),Municipal waste by waste management operations,A,Annual,DSP_L_OTH,"Disposal - landfill and other (D1-D7, D12)",KG_HAB,Kilograms per capita,SK,Slovakia,2001,,195,,e,estimated,,
dataflow,ESTAT:ENV_WASMUN(1.0),Municipal waste by waste management operations,A,Annual,DSP_L_OTH,"Disposal - landfill and other (D1-D7, D12)",KG_HAB,Kilograms per capita,SK,Slovakia,2002,,209,,,,,
dataflow,ESTAT:ENV_WASMUN(1.0),Municipal waste by waste management operations,A,Annual,DSP_L_OTH,"Disposal - landfill and other (D1-D7, D12)",KG_HAB,Kilograms per capita,SK,Slovakia,2003,,218,,,,,
dataflow,ESTAT:ENV_WASMUN(1.0),Municipal waste by waste management operations,A,Annual,DSP_L_OTH,"Disposal - landfill and other (D1-D7, D12)",KG_HAB,Kilograms per capita,SK,Slovakia,2004,,209,,,,,
dataflow,ESTAT:ENV_WASMUN(1.0),Municipal waste by waste management operations,A,Annual,DSP_L_OTH,"Disposal - landfill and other (D1-D7, D12)",KG_HAB,Kilograms per capita,SK,Slovakia,2005,,213,,b,break in time series,,
dataflow,ESTAT:ENV_WASMUN(1.0),Municipal waste by waste management operations,A,Annual,DSP_L_OTH,"Disposal - landfill and other (D1-D7, D12)",KG_HAB,Kilograms per capita,SK,Slovakia,2006,,218,,,,,
dataflow,ESTAT:ENV_WASMUN(1.0),Municipal waste by waste management operations,A,Annual,DSP_L_OTH,"Disposal - landfill and other (D1-D7, D12)",KG_HAB,Kilograms per capita,SK,Slovakia,2007,,225,,,,,
dataflow,ESTAT:ENV_WASMUN(1.0),Municipal waste by waste management operations,A,Annual,DSP_L_OTH,"Disposal - landfill and other (D1-D7, D12)",KG_HAB,Kilograms per capita,SK,Slovakia,2008,,237,,,,,
dataflow,ESTAT:ENV_WASMUN(1.0),Municipal waste by waste management operations,A,Annual,DSP_L_OTH,"Disposal - landfill and other (D1-D7, D12)",KG_HAB,Kilograms per capita,SK,Slovakia,2009,,235,,,,,
dataflow,ESTAT:ENV_WASMUN(1.0),Municipal waste by waste management operations,A,Annual,DSP_L_OTH,"Disposal - landfill and other (D1-D7, D12)",KG_HAB,Kilograms per capita,SK,Slovakia,2010,,246,,,,,
dataflow,ESTAT:ENV_WASMUN(1.0),Municipal waste by waste management operations,A,Annual,DSP_L_OTH,"Disposal - landfill and other (D1-D7, D12)",KG_HAB,Kilograms per capita,SK,Slovakia,2011,,230,,,,,
dataflow,ESTAT:ENV_WASMUN(1.0),Municipal waste by waste management operations,A,Annual,DSP_L_OTH,"Disposal - landfill and other (D1-D7, D12)",KG_HAB,Kilograms per capita,SK,Slovakia,2012,,224,,,,,
dataflow,ESTAT:ENV_WASMUN(1.0),Municipal waste by waste management operations,A,Annual,DSP_L_OTH,"Disposal - landfill and other (D1-D7, D12)",KG_HAB,Kilograms per capita,SK,Slovakia,2013,,213,,,,,
dataflow,ESTAT:ENV_WASMUN(1.0),Municipal waste by waste management operations,A,Annual,DSP_L_OTH,"Disposal - landfill and other (D1-D7, D12)",KG_HAB,Kilograms per capita,SK,Slovakia,2014,,214,,,,,
dataflow,ESTAT:ENV_WASMUN(1.0),Municipal waste by waste management operations,A,Annual,DSP_L_OTH,"Disposal - landfill and other (D1-D7, D12)",KG_HAB,Kilograms per capita,SK,Slovakia,2015,,226,,,,,
dataflow,ESTAT:ENV_WASMUN(1.0),Municipal waste by waste management operations,A,Annual,DSP_L_OTH,"Disposal - landfill and other (D1-D7, D12)",KG_HAB,Kilograms per capita,SK,Slovakia,2016,,228,,,,,
dataflow,ESTAT:ENV_WASMUN(1.0),Municipal waste by waste management operations,A,Annual,DSP_L_OTH,"Disposal - landfill and other (D1-D7, D12)",KG_HAB,Kilograms per capita,SK,Slovakia,2017,,229,,,,,
dataflow,ESTAT:ENV_WASMUN(1.0),Municipal waste by waste management operations,A,Annual,DSP_L_OTH,"Disposal - landfill and other (D1-D7, D12)",KG_HAB,Kilograms per capita,SK,Slovakia,2018,,229,,,,,
dataflow,ESTAT:ENV_WASMUN(1.0),Municipal waste by waste management operations,A,Annual,DSP_L_OTH,"Disposal - landfill and other (D1-D7, D12)",KG_HAB,Kilograms per capita,SK,Slovakia,2019,,219,,,,,
dataflow,ESTAT:ENV_WASMUN(1.0),Municipal waste by waste management operations,A,Annual,DSP_L_OTH,"Disposal - landfill and other (D1-D7, D12)",KG_HAB,Kilograms per capita,SK,Slovakia,2020,,218,,,,,
dataflow,ESTAT:ENV_WASMUN(1.0),Municipal waste by waste management operations,A,Annual,DSP_L_OTH,"Disposal - landfill and other (D1-D7, D12)",KG_HAB,Kilograms per capita,SK,Slovakia,2021,,202,,,,,
dataflow,ESTAT:ENV_WASMUN(1.0),Municipal waste by waste management operations,A,Annual,DSP_L_OTH,"Disposal - landfill and other (D1-D7, D12)",KG_HAB,Kilograms per capita,SK,Slovakia,2022,,188,,,,,
dataflow,ESTAT:ENV_WASMUN(1.0),Municipal waste by waste management operations,A,Annual,DSP_L_OTH,"Disposal - landfill and other (D1-D7, D12)",KG_HAB,Kilograms per capita,SK,Slovakia,2023,,183,,,,,
dataflow,ESTAT:ENV_WASMUN(1.0),Municipal waste by waste management operations,A,Annual,DSP_L_OTH,"Disposal - landfill and other (D1-D7, D12)",KG_HAB,Kilograms per capita,TR,Türkiye,1995,,323,,,,,
dataflow,ESTAT:ENV_WASMUN(1.0),Municipal waste by waste management operations,A,Annual,DSP_L_OTH,"Disposal - landfill and other (D1-D7, D12)",KG_HAB,Kilograms per capita,TR,Türkiye,1996,,342,,,,,
dataflow,ESTAT:ENV_WASMUN(1.0),Municipal waste by waste management operations,A,Annual,DSP_L_OTH,"Disposal - landfill and other (D1-D7, D12)",KG_HAB,Kilograms per capita,TR,Türkiye,1997,,359,,,,,
dataflow,ESTAT:ENV_WASMUN(1.0),Municipal waste by waste management operations,A,Annual,DSP_L_OTH,"Disposal - landfill and other (D1-D7, D12)",KG_HAB,Kilograms per capita,TR,Türkiye,1998,,368,,,,,
dataflow,ESTAT:ENV_WASMUN(1.0),Municipal waste by waste management operations,A,Annual,DSP_L_OTH,"Disposal - landfill and other (D1-D7, D12)",KG_HAB,Kilograms per capita,TR,Türkiye,1999,,351,,e,estimated,,
dataflow,ESTAT:ENV_WASMUN(1.0),Municipal waste by waste management operations,A,Annual,DSP_L_OTH,"Disposal - landfill and other (D1-D7, D12)",KG_HAB,Kilograms per capita,TR,Türkiye,2000,,363,,e,estimated,,
dataflow,ESTAT:ENV_WASMUN(1.0),Municipal waste by waste management operations,A,Annual,DSP_L_OTH,"Disposal - landfill and other (D1-D7, D12)",KG_HAB,Kilograms per capita,TR,Türkiye,2001,,376,,,,,
dataflow,ESTAT:ENV_WASMUN(1.0),Municipal waste by waste management operations,A,Annual,DSP_L_OTH,"Disposal - landfill and other (D1-D7, D12)",KG_HAB,Kilograms per capita,TR,Türkiye,2002,,372,,,,,
dataflow,ESTAT:ENV_WASMUN(1.0),Municipal waste by waste management operations,A,Annual,DSP_L_OTH,"Disposal - landfill and other (D1-D7, D12)",KG_HAB,Kilograms per capita,TR,Türkiye,2003,,379,,,,,
dataflow,ESTAT:ENV_WASMUN(1.0),Municipal waste by waste management operations,A,Annual,DSP_L_OTH,"Disposal - landfill and other (D1-D7, D12)",KG_HAB,Kilograms per capita,TR,Türkiye,2004,,361,,b,break in time series,,
dataflow,ESTAT:ENV_WASMUN(1.0),Municipal waste by waste management operations,A,Annual,DSP_L_OTH,"Disposal - landfill and other (D1-D7, D12)",KG_HAB,Kilograms per capita,TR,Türkiye,2005,,379,,e,estimated,,
dataflow,ESTAT:ENV_WASMUN(1.0),Municipal waste by waste management operations,A,Annual,DSP_L_OTH,"Disposal - landfill and other (D1-D7, D12)",KG_HAB,Kilograms per capita,TR,Türkiye,2006,,357,,,,,
dataflow,ESTAT:ENV_WASMUN(1.0),Municipal waste by waste management operations,A,Annual,DSP_L_OTH,"Disposal - landfill and other (D1-D7, D12)",KG_HAB,Kilograms per capita,TR,Türkiye,2007,,363,,e,estimated,,
dataflow,ESTAT:ENV_WASMUN(1.0),Municipal waste by waste management operations,A,Annual,DSP_L_OTH,"Disposal - landfill and other (D1-D7, D12)",KG_HAB,Kilograms per capita,TR,Türkiye,2008,,335,,,,,
dataflow,ESTAT:ENV_WASMUN(1.0),Municipal waste by waste management operations,A,Annual,DSP_L_OTH,"Disposal - landfill and other (D1-D7, D12)",KG_HAB,Kilograms per capita,TR,Türkiye,2009,,357,,e,estimated,,
dataflow,ESTAT:ENV_WASMUN(1.0),Municipal waste by waste management operations,A,Annual,DSP_L_OTH,"Disposal - landfill and other (D1-D7, D12)",KG_HAB,Kilograms per capita,TR,Türkiye,2010,,340,,,,,
dataflow,ESTAT:ENV_WASMUN(1.0),Municipal waste by waste management operations,A,Annual,DSP_L_OTH,"Disposal - landfill and other (D1-D7, D12)",KG_HAB,Kilograms per capita,TR,Türkiye,2011,,355,,e,estimated,,
dataflow,ESTAT:ENV_WASMUN(1.0),Municipal waste by waste management operations,A,Annual,DSP_L_OTH,"Disposal - landfill and other (D1-D7, D12)",KG_HAB,Kilograms per capita,TR,Türkiye,2012,,340,,,,,
dataflow,ESTAT:ENV_WASMUN(1.0),Municipal waste by waste management operations,A,Annual,DSP_L_OTH,"Disposal - landfill and other (D1-D7, D12)",KG_HAB,Kilograms per capita,TR,Türkiye,2013,,332,,e,estimated,,
dataflow,ESTAT:ENV_WASMUN(1.0),Municipal waste by waste management operations,A,Annual,DSP_L_OTH,"Disposal - landfill and other (D1-D7, D12)",KG_HAB,Kilograms per capita,TR,Türkiye,2014,,361,,,,,
dataflow,ESTAT:ENV_WASMUN(1.0),Municipal waste by waste management operations,A,Annual,DSP_L_OTH,"Disposal - landfill and other (D1-D7, D12)",KG_HAB,Kilograms per capita,TR,Türkiye,2015,,350,,e,estimated,,
dataflow,ESTAT:ENV_WASMUN(1.0),Municipal waste by waste management operations,A,Annual,DSP_L_OTH,"Disposal - landfill and other (D1-D7, D12)",KG_HAB,Kilograms per capita,TR,Türkiye,2016,,359,,,,,
dataflow,ESTAT:ENV_WASMUN(1.0),Municipal waste by waste management operations,A,Annual,DSP_L_OTH,"Disposal - landfill and other (D1-D7, D12)",KG_HAB,Kilograms per capita,TR,Türkiye,2017,,359,,e,estimated,,
dataflow,ESTAT:ENV_WASMUN(1.0),Municipal waste by waste management operations,A,Annual,DSP_L_OTH,"Disposal - landfill and other (D1-D7, D12)",KG_HAB,Kilograms per capita,TR,Türkiye,2018,,347,,,,,
dataflow,ESTAT:ENV_WASMUN(1.0),Municipal waste by waste management operations,A,Annual,DSP_L_OTH,"Disposal - landfill and other (D1-D7, D12)",KG_HAB,Kilograms per capita,TR,Türkiye,2019,,347,,e,estimated,,
dataflow,ESTAT:ENV_WASMUN(1.0),Municipal waste by waste management operations,A,Annual,DSP_L_OTH,"Disposal - landfill and other (D1-D7, D12)",KG_HAB,Kilograms per capita,TR,Türkiye,2020,,337,,,,,
dataflow,ESTAT:ENV_WASMUN(1.0),Municipal waste by waste management operations,A,Annual,DSP_L_OTH,"Disposal - landfill and other (D1-D7, D12)",KG_HAB,Kilograms per capita,TR,Türkiye,2021,,338,,e,estimated,,
dataflow,ESTAT:ENV_WASMUN(1.0),Municipal waste by waste management operations,A,Annual,DSP_L_OTH,"Disposal - landfill and other (D1-D7, D12)",KG_HAB,Kilograms per capita,XK,Kosovo*,2015,,177,,,,,
dataflow,ESTAT:ENV_WASMUN(1.0),Municipal waste by waste management operations,A,Annual,DSP_L_OTH,"Disposal - landfill and other (D1-D7, D12)",KG_HAB,Kilograms per capita,XK,Kosovo*,2016,,222,,,,,
dataflow,ESTAT:ENV_WASMUN(1.0),Municipal waste by waste management operations,A,Annual,DSP_L_OTH,"Disposal - landfill and other (D1-D7, D12)",KG_HAB,Kilograms per capita,XK,Kosovo*,2017,,228,,,,,
dataflow,ESTAT:ENV_WASMUN(1.0),Municipal waste by waste management operations,A,Annual,DSP_L_OTH,"Disposal - landfill and other (D1-D7, D12)",KG_HAB,Kilograms per capita,XK,Kosovo*,2018,,226,,,,,
dataflow,ESTAT:ENV_WASMUN(1.0),Municipal waste by waste management operations,A,Annual,DSP_L_OTH,"Disposal - landfill and other (D1-D7, D12)",KG_HAB,Kilograms per capita,XK,Kosovo*,2019,,252,,i,value imputed by Eurostat or other receiving agencies,,
dataflow,ESTAT:ENV_WASMUN(1.0),Municipal waste by waste management operations,A,Annual,DSP_L_OTH,"Disposal - landfill and other (D1-D7, D12)",KG_HAB,Kilograms per capita,XK,Kosovo*,2020,,255,,,,,
dataflow,ESTAT:ENV_WASMUN(1.0),Municipal waste by waste management operations,A,Annual,DSP_L_OTH,"Disposal - landfill and other (D1-D7, D12)",KG_HAB,Kilograms per capita,XK,Kosovo*,2021,,264,,,,,
dataflow,ESTAT:ENV_WASMUN(1.0),Municipal waste by waste management operations,A,Annual,DSP_L_OTH,"Disposal - landfill and other (D1-D7, D12)",KG_HAB,Kilograms per capita,XK,Kosovo*,2022,,275,,,,,
dataflow,ESTAT:ENV_WASMUN(1.0),Municipal waste by waste management operations,A,Annual,DSP_L_OTH,"Disposal - landfill and other (D1-D7, D12)",THS_T,Thousand tonnes,AL,Albania,2013,,476,,,,,
dataflow,ESTAT:ENV_WASMUN(1.0),Municipal waste by waste management operations,A,Annual,DSP_L_OTH,"Disposal - landfill and other (D1-D7, D12)",THS_T,Thousand tonnes,AL,Albania,2014,,779,,,,,
dataflow,ESTAT:ENV_WASMUN(1.0),Municipal waste by waste management operations,A,Annual,DSP_L_OTH,"Disposal - landfill and other (D1-D7, D12)",THS_T,Thousand tonnes,AL,Albania,2015,,970,,,,,
dataflow,ESTAT:ENV_WASMUN(1.0),Municipal waste by waste management operations,A,Annual,DSP_L_OTH,"Disposal - landfill and other (D1-D7, D12)",THS_T,Thousand tonnes,AL,Albania,2016,,1016,,,,,
dataflow,ESTAT:ENV_WASMUN(1.0),Municipal waste by waste management operations,A,Annual,DSP_L_OTH,"Disposal - landfill and other (D1-D7, D12)",THS_T,Thousand tonnes,AL,Albania,2017,,993,,,,,
dataflow,ESTAT:ENV_WASMUN(1.0),Municipal waste by waste management operations,A,Annual,DSP_L_OTH,"Disposal - landfill and other (D1-D7, D12)",THS_T,Thousand tonnes,AL,Albania,2018,,1017,,,,,
dataflow,ESTAT:ENV_WASMUN(1.0),Municipal waste by waste management operations,A,Annual,DSP_L_OTH,"Disposal - landfill and other (D1-D7, D12)",THS_T,Thousand tonnes,AL,Albania,2019,,872,,,,,
dataflow,ESTAT:ENV_WASMUN(1.0),Municipal waste by waste management operations,A,Annual,DSP_L_OTH,"Disposal - landfill and other (D1-D7, D12)",THS_T,Thousand tonnes,AL,Albania,2020,,846,,,,,
dataflow,ESTAT:ENV_WASMUN(1.0),Municipal waste by waste management operations,A,Annual,DSP_L_OTH,"Disposal - landfill and other (D1-D7, D12)",THS_T,Thousand tonnes,AL,Albania,2021,,693,,,,,
dataflow,ESTAT:ENV_WASMUN(1.0),Municipal waste by waste management operations,A,Annual,DSP_L_OTH,"Disposal - landfill and other (D1-D7, D12)",THS_T,Thousand tonnes,AL,Albania,2022,,629,,,,,
dataflow,ESTAT:ENV_WASMUN(1.0),Municipal waste by waste management operations,A,Annual,DSP_L_OTH,"Disposal - landfill and other (D1-D7, D12)",THS_T,Thousand tonnes,AL,Albania,2023,,645,,,,,
dataflow,ESTAT:ENV_WASMUN(1.0),Municipal waste by waste management operations,A,Annual,DSP_L_OTH,"Disposal - landfill and other (D1-D7, D12)",THS_T,Thousand tonnes,AT,Austria,1995,,1626,,,,,
dataflow,ESTAT:ENV_WASMUN(1.0),Municipal waste by waste management operations,A,Annual,DSP_L_OTH,"Disposal - landfill and other (D1-D7, D12)",THS_T,Thousand tonnes,AT,Austria,1996,,1476,,,,,
dataflow,ESTAT:ENV_WASMUN(1.0),Municipal waste by waste management operations,A,Annual,DSP_L_OTH,"Disposal - landfill and other (D1-D7, D12)",THS_T,Thousand tonnes,AT,Austria,1997,,1506,,,,,
dataflow,ESTAT:ENV_WASMUN(1.0),Municipal waste by waste management operations,A,Annual,DSP_L_OTH,"Disposal - landfill and other (D1-D7, D12)",THS_T,Thousand tonnes,AT,Austria,1998,,1483,,,,,
dataflow,ESTAT:ENV_WASMUN(1.0),Municipal waste by waste management operations,A,Annual,DSP_L_OTH,"Disposal - landfill and other (D1-D7, D12)",THS_T,Thousand tonnes,AT,Austria,1999,,1553,,,,,
dataflow,ESTAT:ENV_WASMUN(1.0),Municipal waste by waste management operations,A,Annual,DSP_L_OTH,"Disposal - landfill and other (D1-D7, D12)",THS_T,Thousand tonnes,AT,Austria,2000,,1572,,,,,
dataflow,ESTAT:ENV_WASMUN(1.0),Municipal waste by waste management operations,A,Annual,DSP_L_OTH,"Disposal - landfill and other (D1-D7, D12)",THS_T,Thousand tonnes,AT,Austria,2001,,1542,,,,,
dataflow,ESTAT:ENV_WASMUN(1.0),Municipal waste by waste management operations,A,Annual,DSP_L_OTH,"Disposal - landfill and other (D1-D7, D12)",THS_T,Thousand tonnes,AT,Austria,2002,,1512,,,,,
dataflow,ESTAT:ENV_WASMUN(1.0),Municipal waste by waste management operations,A,Annual,DSP_L_OTH,"Disposal - landfill and other (D1-D7, D12)",THS_T,Thousand tonnes,AT,Austria,2003,,1483,,,,,
dataflow,ESTAT:ENV_WASMUN(1.0),Municipal waste by waste management operations,A,Annual,DSP_L_OTH,"Disposal - landfill and other (D1-D7, D12)",THS_T,Thousand tonnes,AT,Austria,2004,,557,,,,,
dataflow,ESTAT:ENV_WASMUN(1.0),Municipal waste by waste management operations,A,Annual,DSP_L_OTH,"Disposal - landfill and other (D1-D7, D12)",THS_T,Thousand tonnes,AT,Austria,2005,,535,,e,estimated,,
dataflow,ESTAT:ENV_WASMUN(1.0),Municipal waste by waste management operations,A,Annual,DSP_L_OTH,"Disposal - landfill and other (D1-D7, D12)",THS_T,Thousand tonnes,AT,Austria,2006,,485,,,,,
dataflow,ESTAT:ENV_WASMUN(1.0),Municipal waste by waste management operations,A,Annual,DSP_L_OTH,"Disposal - landfill and other (D1-D7, D12)",THS_T,Thousand tonnes,AT,Austria,2007,,427,,,,,
dataflow,ESTAT:ENV_WASMUN(1.0),Municipal waste by waste management operations,A,Annual,DSP_L_OTH,"Disposal - landfill and other (D1-D7, D12)",THS_T,Thousand tonnes,AT,Austria,2008,,373,,,,,
dataflow,ESTAT:ENV_WASMUN(1.0),Municipal waste by waste management operations,A,Annual,DSP_L_OTH,"Disposal - landfill and other (D1-D7, D12)",THS_T,Thousand tonnes,AT,Austria,2009,,302,,,,,
dataflow,ESTAT:ENV_WASMUN(1.0),Municipal waste by waste management operations,A,Annual,DSP_L_OTH,"Disposal - landfill and other (D1-D7, D12)",THS_T,Thousand tonnes,AT,Austria,2010,,153,,,,,
dataflow,ESTAT:ENV_WASMUN(1.0),Municipal waste by waste management operations,A,Annual,DSP_L_OTH,"Disposal - landfill and other (D1-D7, D12)",THS_T,Thousand tonnes,AT,Austria,2011,,230,,,,,
dataflow,ESTAT:ENV_WASMUN(1.0),Municipal waste by waste management operations,A,Annual,DSP_L_OTH,"Disposal - landfill and other (D1-D7, D12)",THS_T,Thousand tonnes,AT,Austria,2012,,207,,,,,
dataflow,ESTAT:ENV_WASMUN(1.0),Municipal waste by waste management operations,A,Annual,DSP_L_OTH,"Disposal - landfill and other (D1-D7, D12)",THS_T,Thousand tonnes,AT,Austria,2013,,199,,,,,
dataflow,ESTAT:ENV_WASMUN(1.0),Municipal waste by waste management operations,A,Annual,DSP_L_OTH,"Disposal - landfill and other (D1-D7, D12)",THS_T,Thousand tonnes,AT,Austria,2014,,194,,,,,
dataflow,ESTAT:ENV_WASMUN(1.0),Municipal waste by waste management operations,A,Annual,DSP_L_OTH,"Disposal - landfill and other (D1-D7, D12)",THS_T,Thousand tonnes,AT,Austria,2015,,144,,,,,
dataflow,ESTAT:ENV_WASMUN(1.0),Municipal waste by waste management operations,A,Annual,DSP_L_OTH,"Disposal - landfill and other (D1-D7, D12)",THS_T,Thousand tonnes,AT,Austria,2016,,132,,,,,
dataflow,ESTAT:ENV_WASMUN(1.0),Municipal waste by waste management operations,A,Annual,DSP_L_OTH,"Disposal - landfill and other (D1-D7, D12)",THS_T,Thousand tonnes,AT,Austria,2017,,103,,,,,
dataflow,ESTAT:ENV_WASMUN(1.0),Municipal waste by waste management operations,A,Annual,DSP_L_OTH,"Disposal - landfill and other (D1-D7, D12)",THS_T,Thousand tonnes,AT,Austria,2018,,113,,,,,
dataflow,ESTAT:ENV_WASMUN(1.0),Municipal waste by waste management operations,A,Annual,DSP_L_OTH,"Disposal - landfill and other (D1-D7, D12)",THS_T,Thousand tonnes,AT,Austria,2019,,106,,i,value imputed by Eurostat or other receiving agencies,,
dataflow,ESTAT:ENV_WASMUN(1.0),Municipal waste by waste management operations,A,Annual,DSP_L_OTH,"Disposal - landfill and other (D1-D7, D12)",THS_T,Thousand tonnes,AT,Austria,2020,,137,,b,break in time series,,
dataflow,ESTAT:ENV_WASMUN(1.0),Municipal waste by waste management operations,A,Annual,DSP_L_OTH,"Disposal - landfill and other (D1-D7, D12)",THS_T,Thousand tonnes,AT,Austria,2021,,152,,,,,
dataflow,ESTAT:ENV_WASMUN(1.0),Municipal waste by waste management operations,A,Annual,DSP_L_OTH,"Disposal - landfill and other (D1-D7, D12)",THS_T,Thousand tonnes,AT,Austria,2022,,150,,,,,
dataflow,ESTAT:ENV_WASMUN(1.0),Municipal waste by waste management operations,A,Annual,DSP_L_OTH,"Disposal - landfill and other (D1-D7, D12)",THS_T,Thousand tonnes,BA,Bosnia and Herzegovina,2008,,1220,,,,,
dataflow,ESTAT:ENV_WASMUN(1.0),Municipal waste by waste management operations,A,Annual,DSP_L_OTH,"Disposal - landfill and other (D1-D7, D12)",THS_T,Thousand tonnes,BA,Bosnia and Herzegovina,2009,,1002,,,,,
dataflow,ESTAT:ENV_WASMUN(1.0),Municipal waste by waste management operations,A,Annual,DSP_L_OTH,"Disposal - landfill and other (D1-D7, D12)",THS_T,Thousand tonnes,BA,Bosnia and Herzegovina,2010,,1042,,,,,
dataflow,ESTAT:ENV_WASMUN(1.0),Municipal waste by waste management operations,A,Annual,DSP_L_OTH,"Disposal - landfill and other (D1-D7, D12)",THS_T,Thousand tonnes,BA,Bosnia and Herzegovina,2011,,1034,,,,,
dataflow,ESTAT:ENV_WASMUN(1.0),Municipal waste by waste management operations,A,Annual,DSP_L_OTH,"Disposal - landfill and other (D1-D7, D12)",THS_T,Thousand tonnes,BA,Bosnia and Herzegovina,2012,,873,,,,,
dataflow,ESTAT:ENV_WASMUN(1.0),Municipal waste by waste management operations,A,Annual,DSP_L_OTH,"Disposal - landfill and other (D1-D7, D12)",THS_T,Thousand tonnes,BA,Bosnia and Herzegovina,2013,,894,,,,,
dataflow,ESTAT:ENV_WASMUN(1.0),Municipal waste by waste management operations,A,Annual,DSP_L_OTH,"Disposal - landfill and other (D1-D7, D12)",THS_T,Thousand tonnes,BA,Bosnia and Herzegovina,2014,,894,,,,,
dataflow,ESTAT:ENV_WASMUN(1.0),Municipal waste by waste management operations,A,Annual,DSP_L_OTH,"Disposal - landfill and other (D1-D7, D12)",THS_T,Thousand tonnes,BA,Bosnia and Herzegovina,2015,,942,,,,,
dataflow,ESTAT:ENV_WASMUN(1.0),Municipal waste by waste management operations,A,Annual,DSP_L_OTH,"Disposal - landfill and other (D1-D7, D12)",THS_T,Thousand tonnes,BA,Bosnia and Herzegovina,2016,,947,,,,,
dataflow,ESTAT:ENV_WASMUN(1.0),Municipal waste by waste management operations,A,Annual,DSP_L_OTH,"Disposal - landfill and other (D1-D7, D12)",THS_T,Thousand tonnes,BA,Bosnia and Herzegovina,2017,,946,,,,,
dataflow,ESTAT:ENV_WASMUN(1.0),Municipal waste by waste management operations,A,Annual,DSP_L_OTH,"Disposal - landfill and other (D1-D7, D12)",THS_T,Thousand tonnes,BA,Bosnia and Herzegovina,2018,,946,,,,,
dataflow,ESTAT:ENV_WASMUN(1.0),Municipal waste by waste management operations,A,Annual,DSP_L_OTH,"Disposal - landfill and other (D1-D7, D12)",THS_T,Thousand tonnes,BA,Bosnia and Herzegovina,2019,,1087,,i,value imputed by Eurostat or other receiving agencies,,
dataflow,ESTAT:ENV_WASMUN(1.0),Municipal waste by waste management operations,A,Annual,DSP_L_OTH,"Disposal - landfill and other (D1-D7, D12)",THS_T,Thousand tonnes,BA,Bosnia and Herzegovina,2020,,1089,,,,,
dataflow,ESTAT:ENV_WASMUN(1.0),Municipal waste by waste management operations,A,Annual,DSP_L_OTH,"Disposal - landfill and other (D1-D7, D12)",THS_T,Thousand tonnes,BE,Belgium,1995,,2004,,,,,
dataflow,ESTAT:ENV_WASMUN(1.0),Municipal waste by waste management operations,A,Annual,DSP_L_OTH,"Disposal - landfill and other (D1-D7, D12)",THS_T,Thousand tonnes,BE,Belgium,1996,,1718,,,,,
dataflow,ESTAT:ENV_WASMUN(1.0),Municipal waste by waste management operations,A,Annual,DSP_L_OTH,"Disposal - landfill and other (D1-D7, D12)",THS_T,Thousand tonnes,BE,Belgium,1997,,1249,,,,,
dataflow,ESTAT:ENV_WASMUN(1.0),Municipal waste by waste management operations,A,Annual,DSP_L_OTH,"Disposal - landfill and other (D1-D7, D12)",THS_T,Thousand tonnes,BE,Belgium,1998,,1028,,,,,
dataflow,ESTAT:ENV_WASMUN(1.0),Municipal waste by waste management operations,A,Annual,DSP_L_OTH,"Disposal - landfill and other (D1-D7, D12)",THS_T,Thousand tonnes,BE,Belgium,1999,,934,,,,,
dataflow,ESTAT:ENV_WASMUN(1.0),Municipal waste by waste management operations,A,Annual,DSP_L_OTH,"Disposal - landfill and other (D1-D7, D12)",THS_T,Thousand tonnes,BE,Belgium,2000,,936,,,,,
dataflow,ESTAT:ENV_WASMUN(1.0),Municipal waste by waste management operations,A,Annual,DSP_L_OTH,"Disposal - landfill and other (D1-D7, D12)",THS_T,Thousand tonnes,BE,Belgium,2001,,760,,,,,
dataflow,ESTAT:ENV_WASMUN(1.0),Municipal waste by waste management operations,A,Annual,DSP_L_OTH,"Disposal - landfill and other (D1-D7, D12)",THS_T,Thousand tonnes,BE,Belgium,2002,,575,,,,,
dataflow,ESTAT:ENV_WASMUN(1.0),Municipal waste by waste management operations,A,Annual,DSP_L_OTH,"Disposal - landfill and other (D1-D7, D12)",THS_T,Thousand tonnes,BE,Belgium,2003,,536,,,,,
dataflow,ESTAT:ENV_WASMUN(1.0),Municipal waste by waste management operations,A,Annual,DSP_L_OTH,"Disposal - landfill and other (D1-D7, D12)",THS_T,Thousand tonnes,BE,Belgium,2004,,590,,,,,
dataflow,ESTAT:ENV_WASMUN(1.0),Municipal waste by waste management operations,A,Annual,DSP_L_OTH,"Disposal - landfill and other (D1-D7, D12)",THS_T,Thousand tonnes,BE,Belgium,2005,,583,,,,,
dataflow,ESTAT:ENV_WASMUN(1.0),Municipal waste by waste management operations,A,Annual,DSP_L_OTH,"Disposal - landfill and other (D1-D7, D12)",THS_T,Thousand tonnes,BE,Belgium,2006,,492,,,,,
dataflow,ESTAT:ENV_WASMUN(1.0),Municipal waste by waste management operations,A,Annual,DSP_L_OTH,"Disposal - landfill and other (D1-D7, D12)",THS_T,Thousand tonnes,BE,Belgium,2007,,499,,,,,
dataflow,ESTAT:ENV_WASMUN(1.0),Municipal waste by waste management operations,A,Annual,DSP_L_OTH,"Disposal - landfill and other (D1-D7, D12)",THS_T,Thousand tonnes,BE,Belgium,2008,,204,,,,,
dataflow,ESTAT:ENV_WASMUN(1.0),Municipal waste by waste management operations,A,Annual,DSP_L_OTH,"Disposal - landfill and other (D1-D7, D12)",THS_T,Thousand tonnes,BE,Belgium,2009,,157,,,,,
dataflow,ESTAT:ENV_WASMUN(1.0),Municipal waste by waste management operations,A,Annual,DSP_L_OTH,"Disposal - landfill and other (D1-D7, D12)",THS_T,Thousand tonnes,BE,Belgium,2010,,81,,,,,
dataflow,ESTAT:ENV_WASMUN(1.0),Municipal waste by waste management operations,A,Annual,DSP_L_OTH,"Disposal - landfill and other (D1-D7, D12)",THS_T,Thousand tonnes,BE,Belgium,2011,,41,,,,,
dataflow,ESTAT:ENV_WASMUN(1.0),Municipal waste by waste management operations,A,Annual,DSP_L_OTH,"Disposal - landfill and other (D1-D7, D12)",THS_T,Thousand tonnes,BE,Belgium,2012,,32,,,,,
dataflow,ESTAT:ENV_WASMUN(1.0),Municipal waste by waste management operations,A,Annual,DSP_L_OTH,"Disposal - landfill and other (D1-D7, D12)",THS_T,Thousand tonnes,BE,Belgium,2013,,42,,,,,
dataflow,ESTAT:ENV_WASMUN(1.0),Municipal waste by waste management operations,A,Annual,DSP_L_OTH,"Disposal - landfill and other (D1-D7, D12)",THS_T,Thousand tonnes,BE,Belgium,2014,,46,,,,,
dataflow,ESTAT:ENV_WASMUN(1.0),Municipal waste by waste management operations,A,Annual,DSP_L_OTH,"Disposal - landfill and other (D1-D7, D12)",THS_T,Thousand tonnes,BE,Belgium,2015,,40,,,,,
dataflow,ESTAT:ENV_WASMUN(1.0),Municipal waste by waste management operations,A,Annual,DSP_L_OTH,"Disposal - landfill and other (D1-D7, D12)",THS_T,Thousand tonnes,BE,Belgium,2016,,38,,,,,
dataflow,ESTAT:ENV_WASMUN(1.0),Municipal waste by waste management operations,A,Annual,DSP_L_OTH,"Disposal - landfill and other (D1-D7, D12)",THS_T,Thousand tonnes,BE,Belgium,2017,,41,,,,,
dataflow,ESTAT:ENV_WASMUN(1.0),Municipal waste by waste management operations,A,Annual,DSP_L_OTH,"Disposal - landfill and other (D1-D7, D12)",THS_T,Thousand tonnes,BE,Belgium,2018,,46,,,,,
dataflow,ESTAT:ENV_WASMUN(1.0),Municipal waste by waste management operations,A,Annual,DSP_L_OTH,"Disposal - landfill and other (D1-D7, D12)",THS_T,Thousand tonnes,BE,Belgium,2019,,44,,,,,
dataflow,ESTAT:ENV_WASMUN(1.0),Municipal waste by waste management operations,A,Annual,DSP_L_OTH,"Disposal - landfill and other (D1-D7, D12)",THS_T,Thousand tonnes,BE,Belgium,2020,,19,,,,,
dataflow,ESTAT:ENV_WASMUN(1.0),Municipal waste by waste management operations,A,Annual,DSP_L_OTH,"Disposal - landfill and other (D1-D7, D12)",THS_T,Thousand tonnes,BE,Belgium,2021,,40,,,,,
dataflow,ESTAT:ENV_WASMUN(1.0),Municipal waste by waste management operations,A,Annual,DSP_L_OTH,"Disposal - landfill and other (D1-D7, D12)",THS_T,Thousand tonnes,BE,Belgium,2022,,12,,,,,
dataflow,ESTAT:ENV_WASMUN(1.0),Municipal waste by waste management operations,A,Annual,DSP_L_OTH,"Disposal - landfill and other (D1-D7, D12)",THS_T,Thousand tonnes,BE,Belgium,2023,,10,,,,,
dataflow,ESTAT:ENV_WASMUN(1.0),Municipal waste by waste management operations,A,Annual,DSP_L_OTH,"Disposal - landfill and other (D1-D7, D12)",THS_T,Thousand tonnes,BG,Bulgaria,1995,,4467,,,,,
dataflow,ESTAT:ENV_WASMUN(1.0),Municipal waste by waste management operations,A,Annual,DSP_L_OTH,"Disposal - landfill and other (D1-D7, D12)",THS_T,Thousand tonnes,BG,Bulgaria,1996,,3996,,,,,
dataflow,ESTAT:ENV_WASMUN(1.0),Municipal waste by waste management operations,A,Annual,DSP_L_OTH,"Disposal - landfill and other (D1-D7, D12)",THS_T,Thousand tonnes,BG,Bulgaria,1997,,3614,,,,,
dataflow,ESTAT:ENV_WASMUN(1.0),Municipal waste by waste management operations,A,Annual,DSP_L_OTH,"Disposal - landfill and other (D1-D7, D12)",THS_T,Thousand tonnes,BG,Bulgaria,1998,,3167,,,,,
dataflow,ESTAT:ENV_WASMUN(1.0),Municipal waste by waste management operations,A,Annual,DSP_L_OTH,"Disposal - landfill and other (D1-D7, D12)",THS_T,Thousand tonnes,BG,Bulgaria,1999,,3197,,,,,
dataflow,ESTAT:ENV_WASMUN(1.0),Municipal waste by waste management operations,A,Annual,DSP_L_OTH,"Disposal - landfill and other (D1-D7, D12)",THS_T,Thousand tonnes,BG,Bulgaria,2000,,3271,,,,,
dataflow,ESTAT:ENV_WASMUN(1.0),Municipal waste by waste management operations,A,Annual,DSP_L_OTH,"Disposal - landfill and other (D1-D7, D12)",THS_T,Thousand tonnes,BG,Bulgaria,2001,,3198,,,,,
dataflow,ESTAT:ENV_WASMUN(1.0),Municipal waste by waste management operations,A,Annual,DSP_L_OTH,"Disposal - landfill and other (D1-D7, D12)",THS_T,Thousand tonnes,BG,Bulgaria,2002,,3188,,,,,
dataflow,ESTAT:ENV_WASMUN(1.0),Municipal waste by waste management operations,A,Annual,DSP_L_OTH,"Disposal - landfill and other (D1-D7, D12)",THS_T,Thousand tonnes,BG,Bulgaria,2003,,3194,,,,,
dataflow,ESTAT:ENV_WASMUN(1.0),Municipal waste by waste management operations,A,Annual,DSP_L_OTH,"Disposal - landfill and other (D1-D7, D12)",THS_T,Thousand tonnes,BG,Bulgaria,2004,,3092,,,,,
dataflow,ESTAT:ENV_WASMUN(1.0),Municipal waste by waste management operations,A,Annual,DSP_L_OTH,"Disposal - landfill and other (D1-D7, D12)",THS_T,Thousand tonnes,BG,Bulgaria,2005,,3144,,,,,
dataflow,ESTAT:ENV_WASMUN(1.0),Municipal waste by waste management operations,A,Annual,DSP_L_OTH,"Disposal - landfill and other (D1-D7, D12)",THS_T,Thousand tonnes,BG,Bulgaria,2006,,2751,,,,,
dataflow,ESTAT:ENV_WASMUN(1.0),Municipal waste by waste management operations,A,Annual,DSP_L_OTH,"Disposal - landfill and other (D1-D7, D12)",THS_T,Thousand tonnes,BG,Bulgaria,2007,,2980,,b,break in time series,,
dataflow,ESTAT:ENV_WASMUN(1.0),Municipal waste by waste management operations,A,Annual,DSP_L_OTH,"Disposal - landfill and other (D1-D7, D12)",THS_T,Thousand tonnes,BG,Bulgaria,2008,,3359,,,,,
dataflow,ESTAT:ENV_WASMUN(1.0),Municipal waste by waste management operations,A,Annual,DSP_L_OTH,"Disposal - landfill and other (D1-D7, D12)",THS_T,Thousand tonnes,BG,Bulgaria,2009,,3421,,,,,
dataflow,ESTAT:ENV_WASMUN(1.0),Municipal waste by waste management operations,A,Annual,DSP_L_OTH,"Disposal - landfill and other (D1-D7, D12)",THS_T,Thousand tonnes,BG,Bulgaria,2010,,3041,,,,,
dataflow,ESTAT:ENV_WASMUN(1.0),Municipal waste by waste management operations,A,Annual,DSP_L_OTH,"Disposal - landfill and other (D1-D7, D12)",THS_T,Thousand tonnes,BG,Bulgaria,2011,,2568,,,,,
dataflow,ESTAT:ENV_WASMUN(1.0),Municipal waste by waste management operations,A,Annual,DSP_L_OTH,"Disposal - landfill and other (D1-D7, D12)",THS_T,Thousand tonnes,BG,Bulgaria,2012,,2323,,,,,
dataflow,ESTAT:ENV_WASMUN(1.0),Municipal waste by waste management operations,A,Annual,DSP_L_OTH,"Disposal - landfill and other (D1-D7, D12)",THS_T,Thousand tonnes,BG,Bulgaria,2013,,2167,,,,,
dataflow,ESTAT:ENV_WASMUN(1.0),Municipal waste by waste management operations,A,Annual,DSP_L_OTH,"Disposal - landfill and other (D1-D7, D12)",THS_T,Thousand tonnes,BG,Bulgaria,2014,,2217,,,,,
dataflow,ESTAT:ENV_WASMUN(1.0),Municipal waste by waste management operations,A,Annual,DSP_L_OTH,"Disposal - landfill and other (D1-D7, D12)",THS_T,Thousand tonnes,BG,Bulgaria,2015,,1994,,,,,
dataflow,ESTAT:ENV_WASMUN(1.0),Municipal waste by waste management operations,A,Annual,DSP_L_OTH,"Disposal - landfill and other (D1-D7, D12)",THS_T,Thousand tonnes,BG,Bulgaria,2016,,1851,,,,,
dataflow,ESTAT:ENV_WASMUN(1.0),Municipal waste by waste management operations,A,Annual,DSP_L_OTH,"Disposal - landfill and other (D1-D7, D12)",THS_T,Thousand tonnes,BG,Bulgaria,2017,,1903,,,,,
dataflow,ESTAT:ENV_WASMUN(1.0),Municipal waste by waste management operations,A,Annual,DSP_L_OTH,"Disposal - landfill and other (D1-D7, D12)",THS_T,Thousand tonnes,BG,Bulgaria,2018,,1750,,,,,
dataflow,ESTAT:ENV_WASMUN(1.0),Municipal waste by waste management operations,A,Annual,DSP_L_OTH,"Disposal - landfill and other (D1-D7, D12)",THS_T,Thousand tonnes,BG,Bulgaria,2019,,1903,,i,value imputed by Eurostat or other receiving agencies,,
dataflow,ESTAT:ENV_WASMUN(1.0),Municipal waste by waste management operations,A,Annual,DSP_L_OTH,"Disposal - landfill and other (D1-D7, D12)",THS_T,Thousand tonnes,BG,Bulgaria,2020,,1903,,i,value imputed by Eurostat or other receiving agencies,,
dataflow,ESTAT:ENV_WASMUN(1.0),Municipal waste by waste management operations,A,Annual,DSP_L_OTH,"Disposal - landfill and other (D1-D7, D12)",THS_T,Thousand tonnes,BG,Bulgaria,2021,,892,,,,,
dataflow,ESTAT:ENV_WASMUN(1.0),Municipal waste by waste management operations,A,Annual,DSP_L_OTH,"Disposal - landfill and other (D1-D7, D12)",THS_T,Thousand tonnes,BG,Bulgaria,2022,,1695,,,,,
dataflow,ESTAT:ENV_WASMUN(1.0),Municipal waste by waste management operations,A,Annual,DSP_L_OTH,"Disposal - landfill and other (D1-D7, D12)",THS_T,Thousand tonnes,CH,Switzerland,1995,,540,,,,,
dataflow,ESTAT:ENV_WASMUN(1.0),Municipal waste by waste management operations,A,Annual,DSP_L_OTH,"Disposal - landfill and other (D1-D7, D12)",THS_T,Thousand tonnes,CH,Switzerland,1996,,490,,,,,
dataflow,ESTAT:ENV_WASMUN(1.0),Municipal waste by waste management operations,A,Annual,DSP_L_OTH,"Disposal - landfill and other (D1-D7, D12)",THS_T,Thousand tonnes,CH,Switzerland,1997,,480,,,,,
dataflow,ESTAT:ENV_WASMUN(1.0),Municipal waste by waste management operations,A,Annual,DSP_L_OTH,"Disposal - landfill and other (D1-D7, D12)",THS_T,Thousand tonnes,CH,Switzerland,1998,,470,,,,,
dataflow,ESTAT:ENV_WASMUN(1.0),Municipal waste by waste management operations,A,Annual,DSP_L_OTH,"Disposal - landfill and other (D1-D7, D12)",THS_T,Thousand tonnes,CH,Switzerland,1999,,470,,,,,
dataflow,ESTAT:ENV_WASMUN(1.0),Municipal waste by waste management operations,A,Annual,DSP_L_OTH,"Disposal - landfill and other (D1-D7, D12)",THS_T,Thousand tonnes,CH,Switzerland,2000,,391,,,,,
dataflow,ESTAT:ENV_WASMUN(1.0),Municipal waste by waste management operations,A,Annual,DSP_L_OTH,"Disposal - landfill and other (D1-D7, D12)",THS_T,Thousand tonnes,CH,Switzerland,2001,,203,,,,,
dataflow,ESTAT:ENV_WASMUN(1.0),Municipal waste by waste management operations,A,Annual,DSP_L_OTH,"Disposal - landfill and other (D1-D7, D12)",THS_T,Thousand tonnes,CH,Switzerland,2002,,80,,,,,
dataflow,ESTAT:ENV_WASMUN(1.0),Municipal waste by waste management operations,A,Annual,DSP_L_OTH,"Disposal - landfill and other (D1-D7, D12)",THS_T,Thousand tonnes,CH,Switzerland,2003,,70,,,,,
dataflow,ESTAT:ENV_WASMUN(1.0),Municipal waste by waste management operations,A,Annual,DSP_L_OTH,"Disposal - landfill and other (D1-D7, D12)",THS_T,Thousand tonnes,CH,Switzerland,2004,,0,,,,,
dataflow,ESTAT:ENV_WASMUN(1.0),Municipal waste by waste management operations,A,Annual,DSP_L_OTH,"Disposal - landfill and other (D1-D7, D12)",THS_T,Thousand tonnes,CH,Switzerland,2005,,0,,,,,
dataflow,ESTAT:ENV_WASMUN(1.0),Municipal waste by waste management operations,A,Annual,DSP_L_OTH,"Disposal - landfill and other (D1-D7, D12)",THS_T,Thousand tonnes,CH,Switzerland,2006,,0,,,,,
dataflow,ESTAT:ENV_WASMUN(1.0),Municipal waste by waste management operations,A,Annual,DSP_L_OTH,"Disposal - landfill and other (D1-D7, D12)",THS_T,Thousand tonnes,CH,Switzerland,2007,,0,,,,,
dataflow,ESTAT:ENV_WASMUN(1.0),Municipal waste by waste management operations,A,Annual,DSP_L_OTH,"Disposal - landfill and other (D1-D7, D12)",THS_T,Thousand tonnes,CH,Switzerland,2008,,0,,,,,
dataflow,ESTAT:ENV_WASMUN(1.0),Municipal waste by waste management operations,A,Annual,DSP_L_OTH,"Disposal - landfill and other (D1-D7, D12)",THS_T,Thousand tonnes,CH,Switzerland,2009,,0,,,,,
dataflow,ESTAT:ENV_WASMUN(1.0),Municipal waste by waste management operations,A,Annual,DSP_L_OTH,"Disposal - landfill and other (D1-D7, D12)",THS_T,Thousand tonnes,CH,Switzerland,2010,,0,,,,,
dataflow,ESTAT:ENV_WASMUN(1.0),Municipal waste by waste management operations,A,Annual,DSP_L_OTH,"Disposal - landfill and other (D1-D7, D12)",THS_T,Thousand tonnes,CH,Switzerland,2011,,0,,,,,
dataflow,ESTAT:ENV_WASMUN(1.0),Municipal waste by waste management operations,A,Annual,DSP_L_OTH,"Disposal - landfill and other (D1-D7, D12)",THS_T,Thousand tonnes,CH,Switzerland,2012,,0,,,,,
dataflow,ESTAT:ENV_WASMUN(1.0),Municipal waste by waste management operations,A,Annual,DSP_L_OTH,"Disposal - landfill and other (D1-D7, D12)",THS_T,Thousand tonnes,CH,Switzerland,2013,,0,,,,,
dataflow,ESTAT:ENV_WASMUN(1.0),Municipal waste by waste management operations,A,Annual,DSP_L_OTH,"Disposal - landfill and other (D1-D7, D12)",THS_T,Thousand tonnes,CH,Switzerland,2014,,0,,,,,
dataflow,ESTAT:ENV_WASMUN(1.0),Municipal waste by waste management operations,A,Annual,DSP_L_OTH,"Disposal - landfill and other (D1-D7, D12)",THS_T,Thousand tonnes,CH,Switzerland,2015,,0,,,,,
dataflow,ESTAT:ENV_WASMUN(1.0),Municipal waste by waste management operations,A,Annual,DSP_L_OTH,"Disposal - landfill and other (D1-D7, D12)",THS_T,Thousand tonnes,CH,Switzerland,2016,,0,,,,,
dataflow,ESTAT:ENV_WASMUN(1.0),Municipal waste by waste management operations,A,Annual,DSP_L_OTH,"Disposal - landfill and other (D1-D7, D12)",THS_T,Thousand tonnes,CH,Switzerland,2017,,0,,,,,
dataflow,ESTAT:ENV_WASMUN(1.0),Municipal waste by waste management operations,A,Annual,DSP_L_OTH,"Disposal - landfill and other (D1-D7, D12)",THS_T,Thousand tonnes,CH,Switzerland,2018,,0,,,,,
dataflow,ESTAT:ENV_WASMUN(1.0),Municipal waste by waste management operations,A,Annual,DSP_L_OTH,"Disposal - landfill and other (D1-D7, D12)",THS_T,Thousand tonnes,CH,Switzerland,2019,,0,,,,,
dataflow,ESTAT:ENV_WASMUN(1.0),Municipal waste by waste management operations,A,Annual,DSP_L_OTH,"Disposal - landfill and other (D1-D7, D12)",THS_T,Thousand tonnes,CH,Switzerland,2020,,0,,,,,
dataflow,ESTAT:ENV_WASMUN(1.0),Municipal waste by waste management operations,A,Annual,DSP_L_OTH,"Disposal - landfill and other (D1-D7, D12)",THS_T,Thousand tonnes,CH,Switzerland,2021,,0,,,,,
dataflow,ESTAT:ENV_WASMUN(1.0),Municipal waste by waste management operations,A,Annual,DSP_L_OTH,"Disposal - landfill and other (D1-D7, D12)",THS_T,Thousand tonnes,CH,Switzerland,2022,,0,,,,,
dataflow,ESTAT:ENV_WASMUN(1.0),Municipal waste by waste management operations,A,Annual,DSP_L_OTH,"Disposal - landfill and other (D1-D7, D12)",THS_T,Thousand tonnes,CY,Cyprus,1995,,387,,,,,
dataflow,ESTAT:ENV_WASMUN(1.0),Municipal waste by waste management operations,A,Annual,DSP_L_OTH,"Disposal - landfill and other (D1-D7, D12)",THS_T,Thousand tonnes,CY,Cyprus,1996,,389,,,,,
dataflow,ESTAT:ENV_WASMUN(1.0),Municipal waste by waste management operations,A,Annual,DSP_L_OTH,"Disposal - landfill and other (D1-D7, D12)",THS_T,Thousand tonnes,CY,Cyprus,1997,,398,,,,,
dataflow,ESTAT:ENV_WASMUN(1.0),Municipal waste by waste management operations,A,Annual,DSP_L_OTH,"Disposal - landfill and other (D1-D7, D12)",THS_T,Thousand tonnes,CY,Cyprus,1998,,406,,,,,
dataflow,ESTAT:ENV_WASMUN(1.0),Municipal waste by waste management operations,A,Annual,DSP_L_OTH,"Disposal - landfill and other (D1-D7, D12)",THS_T,Thousand tonnes,CY,Cyprus,1999,,413,,,,,
dataflow,ESTAT:ENV_WASMUN(1.0),Municipal waste by waste management operations,A,Annual,DSP_L_OTH,"Disposal - landfill and other (D1-D7, D12)",THS_T,Thousand tonnes,CY,Cyprus,2000,,423,,,,,
dataflow,ESTAT:ENV_WASMUN(1.0),Municipal waste by waste management operations,A,Annual,DSP_L_OTH,"Disposal - landfill and other (D1-D7, D12)",THS_T,Thousand tonnes,CY,Cyprus,2001,,442,,,,,
dataflow,ESTAT:ENV_WASMUN(1.0),Municipal waste by waste management operations,A,Annual,DSP_L_OTH,"Disposal - landfill and other (D1-D7, D12)",THS_T,Thousand tonnes,CY,Cyprus,2002,,450,,,,,
dataflow,ESTAT:ENV_WASMUN(1.0),Municipal waste by waste management operations,A,Annual,DSP_L_OTH,"Disposal - landfill and other (D1-D7, D12)",THS_T,Thousand tonnes,CY,Cyprus,2003,,467,,,,,
dataflow,ESTAT:ENV_WASMUN(1.0),Municipal waste by waste management operations,A,Annual,DSP_L_OTH,"Disposal - landfill and other (D1-D7, D12)",THS_T,Thousand tonnes,CY,Cyprus,2004,,482,,,,,
dataflow,ESTAT:ENV_WASMUN(1.0),Municipal waste by waste management operations,A,Annual,DSP_L_OTH,"Disposal - landfill and other (D1-D7, D12)",THS_T,Thousand tonnes,CY,Cyprus,2005,,489,,,,,
dataflow,ESTAT:ENV_WASMUN(1.0),Municipal waste by waste management operations,A,Annual,DSP_L_OTH,"Disposal - landfill and other (D1-D7, D12)",THS_T,Thousand tonnes,CY,Cyprus,2006,,499,,,,,
dataflow,ESTAT:ENV_WASMUN(1.0),Municipal waste by waste management operations,A,Annual,DSP_L_OTH,"Disposal - landfill and other (D1-D7, D12)",THS_T,Thousand tonnes,CY,Cyprus,2007,,512,,,,,
dataflow,ESTAT:ENV_WASMUN(1.0),Municipal waste by waste management operations,A,Annual,DSP_L_OTH,"Disposal - landfill and other (D1-D7, D12)",THS_T,Thousand tonnes,CY,Cyprus,2008,,531,,,,,
dataflow,ESTAT:ENV_WASMUN(1.0),Municipal waste by waste management operations,A,Annual,DSP_L_OTH,"Disposal - landfill and other (D1-D7, D12)",THS_T,Thousand tonnes,CY,Cyprus,2009,,540,,,,,
dataflow,ESTAT:ENV_WASMUN(1.0),Municipal waste by waste management operations,A,Annual,DSP_L_OTH,"Disposal - landfill and other (D1-D7, D12)",THS_T,Thousand tonnes,CY,Cyprus,2010,,498,,,,,
dataflow,ESTAT:ENV_WASMUN(1.0),Municipal waste by waste management operations,A,Annual,DSP_L_OTH,"Disposal - landfill and other (D1-D7, D12)",THS_T,Thousand tonnes,CY,Cyprus,2011,,476,,,,,
dataflow,ESTAT:ENV_WASMUN(1.0),Municipal waste by waste management operations,A,Annual,DSP_L_OTH,"Disposal - landfill and other (D1-D7, D12)",THS_T,Thousand tonnes,CY,Cyprus,2012,,467,,,,,
dataflow,ESTAT:ENV_WASMUN(1.0),Municipal waste by waste management operations,A,Annual,DSP_L_OTH,"Disposal - landfill and other (D1-D7, D12)",THS_T,Thousand tonnes,CY,Cyprus,2013,,434,,,,,
dataflow,ESTAT:ENV_WASMUN(1.0),Municipal waste by waste management operations,A,Annual,DSP_L_OTH,"Disposal - landfill and other (D1-D7, D12)",THS_T,Thousand tonnes,CY,Cyprus,2014,,399,,,,,
dataflow,ESTAT:ENV_WASMUN(1.0),Municipal waste by waste management operations,A,Annual,DSP_L_OTH,"Disposal - landfill and other (D1-D7, D12)",THS_T,Thousand tonnes,CY,Cyprus,2015,,410,,,,,
dataflow,ESTAT:ENV_WASMUN(1.0),Municipal waste by waste management operations,A,Annual,DSP_L_OTH,"Disposal - landfill and other (D1-D7, D12)",THS_T,Thousand tonnes,CY,Cyprus,2016,,424,,,,,
dataflow,ESTAT:ENV_WASMUN(1.0),Municipal waste by waste management operations,A,Annual,DSP_L_OTH,"Disposal - landfill and other (D1-D7, D12)",THS_T,Thousand tonnes,CY,Cyprus,2017,,423,,,,,
dataflow,ESTAT:ENV_WASMUN(1.0),Municipal waste by waste management operations,A,Annual,DSP_L_OTH,"Disposal - landfill and other (D1-D7, D12)",THS_T,Thousand tonnes,CY,Cyprus,2018,,393,,,,,
dataflow,ESTAT:ENV_WASMUN(1.0),Municipal waste by waste management operations,A,Annual,DSP_L_OTH,"Disposal - landfill and other (D1-D7, D12)",THS_T,Thousand tonnes,CY,Cyprus,2019,,379,,,,,
dataflow,ESTAT:ENV_WASMUN(1.0),Municipal waste by waste management operations,A,Annual,DSP_L_OTH,"Disposal - landfill and other (D1-D7, D12)",THS_T,Thousand tonnes,CY,Cyprus,2020,,364,,,,,
dataflow,ESTAT:ENV_WASMUN(1.0),Municipal waste by waste management operations,A,Annual,DSP_L_OTH,"Disposal - landfill and other (D1-D7, D12)",THS_T,Thousand tonnes,CY,Cyprus,2021,,354,,,,,
dataflow,ESTAT:ENV_WASMUN(1.0),Municipal waste by waste management operations,A,Annual,DSP_L_OTH,"Disposal - landfill and other (D1-D7, D12)",THS_T,Thousand tonnes,CY,Cyprus,2022,,363,,,,,
dataflow,ESTAT:ENV_WASMUN(1.0),Municipal waste by waste management operations,A,Annual,DSP_L_OTH,"Disposal - landfill and other (D1-D7, D12)",THS_T,Thousand tonnes,CY,Cyprus,2023,,381,,,,,
dataflow,ESTAT:ENV_WASMUN(1.0),Municipal waste by waste management operations,A,Annual,DSP_L_OTH,"Disposal - landfill and other (D1-D7, D12)",THS_T,Thousand tonnes,CZ,Czechia,1995,,3120,,,,,
dataflow,ESTAT:ENV_WASMUN(1.0),Municipal waste by waste management operations,A,Annual,DSP_L_OTH,"Disposal - landfill and other (D1-D7, D12)",THS_T,Thousand tonnes,CZ,Czechia,1996,,3200,,,,,
dataflow,ESTAT:ENV_WASMUN(1.0),Municipal waste by waste management operations,A,Annual,DSP_L_OTH,"Disposal - landfill and other (D1-D7, D12)",THS_T,Thousand tonnes,CZ,Czechia,1997,,3280,,,,,
dataflow,ESTAT:ENV_WASMUN(1.0),Municipal waste by waste management operations,A,Annual,DSP_L_OTH,"Disposal - landfill and other (D1-D7, D12)",THS_T,Thousand tonnes,CZ,Czechia,1998,,2800,,,,,
dataflow,ESTAT:ENV_WASMUN(1.0),Municipal waste by waste management operations,A,Annual,DSP_L_OTH,"Disposal - landfill and other (D1-D7, D12)",THS_T,Thousand tonnes,CZ,Czechia,1999,,2850,,,,,
dataflow,ESTAT:ENV_WASMUN(1.0),Municipal waste by waste management operations,A,Annual,DSP_L_OTH,"Disposal - landfill and other (D1-D7, D12)",THS_T,Thousand tonnes,CZ,Czechia,2000,,2900,,,,,
dataflow,ESTAT:ENV_WASMUN(1.0),Municipal waste by waste management operations,A,Annual,DSP_L_OTH,"Disposal - landfill and other (D1-D7, D12)",THS_T,Thousand tonnes,CZ,Czechia,2001,,2200,,b,break in time series,,
dataflow,ESTAT:ENV_WASMUN(1.0),Municipal waste by waste management operations,A,Annual,DSP_L_OTH,"Disposal - landfill and other (D1-D7, D12)",THS_T,Thousand tonnes,CZ,Czechia,2002,,2097,,,,,
dataflow,ESTAT:ENV_WASMUN(1.0),Municipal waste by waste management operations,A,Annual,DSP_L_OTH,"Disposal - landfill and other (D1-D7, D12)",THS_T,Thousand tonnes,CZ,Czechia,2003,,2049,,,,,
dataflow,ESTAT:ENV_WASMUN(1.0),Municipal waste by waste management operations,A,Annual,DSP_L_OTH,"Disposal - landfill and other (D1-D7, D12)",THS_T,Thousand tonnes,CZ,Czechia,2004,,1838,,b,break in time series,,
dataflow,ESTAT:ENV_WASMUN(1.0),Municipal waste by waste management operations,A,Annual,DSP_L_OTH,"Disposal - landfill and other (D1-D7, D12)",THS_T,Thousand tonnes,CZ,Czechia,2005,,1934,,e,estimated,,
dataflow,ESTAT:ENV_WASMUN(1.0),Municipal waste by waste management operations,A,Annual,DSP_L_OTH,"Disposal - landfill and other (D1-D7, D12)",THS_T,Thousand tonnes,CZ,Czechia,2006,,2043,,e,estimated,,
dataflow,ESTAT:ENV_WASMUN(1.0),Municipal waste by waste management operations,A,Annual,DSP_L_OTH,"Disposal - landfill and other (D1-D7, D12)",THS_T,Thousand tonnes,CZ,Czechia,2007,,2121,,e,estimated,,
dataflow,ESTAT:ENV_WASMUN(1.0),Municipal waste by waste management operations,A,Annual,DSP_L_OTH,"Disposal - landfill and other (D1-D7, D12)",THS_T,Thousand tonnes,CZ,Czechia,2008,,2057,,e,estimated,,
dataflow,ESTAT:ENV_WASMUN(1.0),Municipal waste by waste management operations,A,Annual,DSP_L_OTH,"Disposal - landfill and other (D1-D7, D12)",THS_T,Thousand tonnes,CZ,Czechia,2009,,2114,,e,estimated,,
dataflow,ESTAT:ENV_WASMUN(1.0),Municipal waste by waste management operations,A,Annual,DSP_L_OTH,"Disposal - landfill and other (D1-D7, D12)",THS_T,Thousand tonnes,CZ,Czechia,2010,,2162,,e,estimated,,
dataflow,ESTAT:ENV_WASMUN(1.0),Municipal waste by waste management operations,A,Annual,DSP_L_OTH,"Disposal - landfill and other (D1-D7, D12)",THS_T,Thousand tonnes,CZ,Czechia,2011,,2167,,e,estimated,,
dataflow,ESTAT:ENV_WASMUN(1.0),Municipal waste by waste management operations,A,Annual,DSP_L_OTH,"Disposal - landfill and other (D1-D7, D12)",THS_T,Thousand tonnes,CZ,Czechia,2012,,1828,,e,estimated,,
dataflow,ESTAT:ENV_WASMUN(1.0),Municipal waste by waste management operations,A,Annual,DSP_L_OTH,"Disposal - landfill and other (D1-D7, D12)",THS_T,Thousand tonnes,CZ,Czechia,2013,,1815,,e,estimated,,
dataflow,ESTAT:ENV_WASMUN(1.0),Municipal waste by waste management operations,A,Annual,DSP_L_OTH,"Disposal - landfill and other (D1-D7, D12)",THS_T,Thousand tonnes,CZ,Czechia,2014,,1827,,e,estimated,,
dataflow,ESTAT:ENV_WASMUN(1.0),Municipal waste by waste management operations,A,Annual,DSP_L_OTH,"Disposal - landfill and other (D1-D7, D12)",THS_T,Thousand tonnes,CZ,Czechia,2015,,1755,,e,estimated,,
dataflow,ESTAT:ENV_WASMUN(1.0),Municipal waste by waste management operations,A,Annual,DSP_L_OTH,"Disposal - landfill and other (D1-D7, D12)",THS_T,Thousand tonnes,CZ,Czechia,2016,,1789,,e,estimated,,
dataflow,ESTAT:ENV_WASMUN(1.0),Municipal waste by waste management operations,A,Annual,DSP_L_OTH,"Disposal - landfill and other (D1-D7, D12)",THS_T,Thousand tonnes,CZ,Czechia,2017,,2355,,b,break in time series,,
dataflow,ESTAT:ENV_WASMUN(1.0),Municipal waste by waste management operations,A,Annual,DSP_L_OTH,"Disposal - landfill and other (D1-D7, D12)",THS_T,Thousand tonnes,CZ,Czechia,2018,,2430,,,,,
dataflow,ESTAT:ENV_WASMUN(1.0),Municipal waste by waste management operations,A,Annual,DSP_L_OTH,"Disposal - landfill and other (D1-D7, D12)",THS_T,Thousand tonnes,CZ,Czechia,2019,,2467,,,,,
dataflow,ESTAT:ENV_WASMUN(1.0),Municipal waste by waste management operations,A,Annual,DSP_L_OTH,"Disposal - landfill and other (D1-D7, D12)",THS_T,Thousand tonnes,CZ,Czechia,2020,,2774,,,,,
dataflow,ESTAT:ENV_WASMUN(1.0),Municipal waste by waste management operations,A,Annual,DSP_L_OTH,"Disposal - landfill and other (D1-D7, D12)",THS_T,Thousand tonnes,CZ,Czechia,2021,,2768,,,,,
dataflow,ESTAT:ENV_WASMUN(1.0),Municipal waste by waste management operations,A,Annual,DSP_L_OTH,"Disposal - landfill and other (D1-D7, D12)",THS_T,Thousand tonnes,DE,Germany,1995,,21831,,i,value imputed by Eurostat or other receiving agencies,,
dataflow,ESTAT:ENV_WASMUN(1.0),Municipal waste by waste management operations,A,Annual,DSP_L_OTH,"Disposal - landfill and other (D1-D7, D12)",THS_T,Thousand tonnes,DE,Germany,1996,,20515,,i,value imputed by Eurostat or other receiving agencies,,
dataflow,ESTAT:ENV_WASMUN(1.0),Municipal waste by waste management operations,A,Annual,DSP_L_OTH,"Disposal - landfill and other (D1-D7, D12)",THS_T,Thousand tonnes,DE,Germany,1997,,19861,,i,value imputed by Eurostat or other receiving agencies,,
dataflow,ESTAT:ENV_WASMUN(1.0),Municipal waste by waste management operations,A,Annual,DSP_L_OTH,"Disposal - landfill and other (D1-D7, D12)",THS_T,Thousand tonnes,DE,Germany,1998,,18462,,i,value imputed by Eurostat or other receiving agencies,,
dataflow,ESTAT:ENV_WASMUN(1.0),Municipal waste by waste management operations,A,Annual,DSP_L_OTH,"Disposal - landfill and other (D1-D7, D12)",THS_T,Thousand tonnes,DE,Germany,1999,,14883,,i,value imputed by Eurostat or other receiving agencies,,
dataflow,ESTAT:ENV_WASMUN(1.0),Municipal waste by waste management operations,A,Annual,DSP_L_OTH,"Disposal - landfill and other (D1-D7, D12)",THS_T,Thousand tonnes,DE,Germany,2000,,13692,,i,value imputed by Eurostat or other receiving agencies,,
dataflow,ESTAT:ENV_WASMUN(1.0),Municipal waste by waste management operations,A,Annual,DSP_L_OTH,"Disposal - landfill and other (D1-D7, D12)",THS_T,Thousand tonnes,DE,Germany,2001,,13298,,i,value imputed by Eurostat or other receiving agencies,,
dataflow,ESTAT:ENV_WASMUN(1.0),Municipal waste by waste management operations,A,Annual,DSP_L_OTH,"Disposal - landfill and other (D1-D7, D12)",THS_T,Thousand tonnes,DE,Germany,2002,,11266,,,,,
dataflow,ESTAT:ENV_WASMUN(1.0),Municipal waste by waste management operations,A,Annual,DSP_L_OTH,"Disposal - landfill and other (D1-D7, D12)",THS_T,Thousand tonnes,DE,Germany,2003,,9530,,,,,
dataflow,ESTAT:ENV_WASMUN(1.0),Municipal waste by waste management operations,A,Annual,DSP_L_OTH,"Disposal - landfill and other (D1-D7, D12)",THS_T,Thousand tonnes,DE,Germany,2004,,8578,,,,,
dataflow,ESTAT:ENV_WASMUN(1.0),Municipal waste by waste management operations,A,Annual,DSP_L_OTH,"Disposal - landfill and other (D1-D7, D12)",THS_T,Thousand tonnes,DE,Germany,2005,,3980,,,,,
dataflow,ESTAT:ENV_WASMUN(1.0),Municipal waste by waste management operations,A,Annual,DSP_L_OTH,"Disposal - landfill and other (D1-D7, D12)",THS_T,Thousand tonnes,DE,Germany,2006,,307,,,,,
dataflow,ESTAT:ENV_WASMUN(1.0),Municipal waste by waste management operations,A,Annual,DSP_L_OTH,"Disposal - landfill and other (D1-D7, D12)",THS_T,Thousand tonnes,DE,Germany,2007,,299,,,,,
dataflow,ESTAT:ENV_WASMUN(1.0),Municipal waste by waste management operations,A,Annual,DSP_L_OTH,"Disposal - landfill and other (D1-D7, D12)",THS_T,Thousand tonnes,DE,Germany,2008,,286,,,,,
dataflow,ESTAT:ENV_WASMUN(1.0),Municipal waste by waste management operations,A,Annual,DSP_L_OTH,"Disposal - landfill and other (D1-D7, D12)",THS_T,Thousand tonnes,DE,Germany,2009,,176,,,,,
dataflow,ESTAT:ENV_WASMUN(1.0),Municipal waste by waste management operations,A,Annual,DSP_L_OTH,"Disposal - landfill and other (D1-D7, D12)",THS_T,Thousand tonnes,DE,Germany,2010,,206,,,,,
dataflow,ESTAT:ENV_WASMUN(1.0),Municipal waste by waste management operations,A,Annual,DSP_L_OTH,"Disposal - landfill and other (D1-D7, D12)",THS_T,Thousand tonnes,DE,Germany,2011,,247,,,,,
dataflow,ESTAT:ENV_WASMUN(1.0),Municipal waste by waste management operations,A,Annual,DSP_L_OTH,"Disposal - landfill and other (D1-D7, D12)",THS_T,Thousand tonnes,DE,Germany,2012,,107,,,,,
dataflow,ESTAT:ENV_WASMUN(1.0),Municipal waste by waste management operations,A,Annual,DSP_L_OTH,"Disposal - landfill and other (D1-D7, D12)",THS_T,Thousand tonnes,DE,Germany,2013,,684,,i,value imputed by Eurostat or other receiving agencies,,
dataflow,ESTAT:ENV_WASMUN(1.0),Municipal waste by waste management operations,A,Annual,DSP_L_OTH,"Disposal - landfill and other (D1-D7, D12)",THS_T,Thousand tonnes,DE,Germany,2014,,682,,i,value imputed by Eurostat or other receiving agencies,,
dataflow,ESTAT:ENV_WASMUN(1.0),Municipal waste by waste management operations,A,Annual,DSP_L_OTH,"Disposal - landfill and other (D1-D7, D12)",THS_T,Thousand tonnes,DE,Germany,2015,,646,,i,value imputed by Eurostat or other receiving agencies,,
dataflow,ESTAT:ENV_WASMUN(1.0),Municipal waste by waste management operations,A,Annual,DSP_L_OTH,"Disposal - landfill and other (D1-D7, D12)",THS_T,Thousand tonnes,DE,Germany,2016,,522,,i,value imputed by Eurostat or other receiving agencies,,
dataflow,ESTAT:ENV_WASMUN(1.0),Municipal waste by waste management operations,A,Annual,DSP_L_OTH,"Disposal - landfill and other (D1-D7, D12)",THS_T,Thousand tonnes,DE,Germany,2017,,451,,i,value imputed by Eurostat or other receiving agencies,,
dataflow,ESTAT:ENV_WASMUN(1.0),Municipal waste by waste management operations,A,Annual,DSP_L_OTH,"Disposal - landfill and other (D1-D7, D12)",THS_T,Thousand tonnes,DE,Germany,2018,,422,,i,value imputed by Eurostat or other receiving agencies,,
dataflow,ESTAT:ENV_WASMUN(1.0),Municipal waste by waste management operations,A,Annual,DSP_L_OTH,"Disposal - landfill and other (D1-D7, D12)",THS_T,Thousand tonnes,DE,Germany,2019,,413,,i,value imputed by Eurostat or other receiving agencies,,
dataflow,ESTAT:ENV_WASMUN(1.0),Municipal waste by waste management operations,A,Annual,DSP_L_OTH,"Disposal - landfill and other (D1-D7, D12)",THS_T,Thousand tonnes,DE,Germany,2020,,386,,i,value imputed by Eurostat or other receiving agencies,,
dataflow,ESTAT:ENV_WASMUN(1.0),Municipal waste by waste management operations,A,Annual,DSP_L_OTH,"Disposal - landfill and other (D1-D7, D12)",THS_T,Thousand tonnes,DE,Germany,2021,,185,,i,value imputed by Eurostat or other receiving agencies,,
dataflow,ESTAT:ENV_WASMUN(1.0),Municipal waste by waste management operations,A,Annual,DSP_L_OTH,"Disposal - landfill and other (D1-D7, D12)",THS_T,Thousand tonnes,DE,Germany,2022,,414,,i,value imputed by Eurostat or other receiving agencies,,
dataflow,ESTAT:ENV_WASMUN(1.0),Municipal waste by waste management operations,A,Annual,DSP_L_OTH,"Disposal - landfill and other (D1-D7, D12)",THS_T,Thousand tonnes,DE,Germany,2023,,606,,i,value imputed by Eurostat or other receiving agencies,,
dataflow,ESTAT:ENV_WASMUN(1.0),Municipal waste by waste management operations,A,Annual,DSP_L_OTH,"Disposal - landfill and other (D1-D7, D12)",THS_T,Thousand tonnes,DK,Denmark,1995,,503,,be,"break in time series, estimated",,
dataflow,ESTAT:ENV_WASMUN(1.0),Municipal waste by waste management operations,A,Annual,DSP_L_OTH,"Disposal - landfill and other (D1-D7, D12)",THS_T,Thousand tonnes,DK,Denmark,1996,,432,,,,,
dataflow,ESTAT:ENV_WASMUN(1.0),Municipal waste by waste management operations,A,Annual,DSP_L_OTH,"Disposal - landfill and other (D1-D7, D12)",THS_T,Thousand tonnes,DK,Denmark,1997,,344,,,,,
dataflow,ESTAT:ENV_WASMUN(1.0),Municipal waste by waste management operations,A,Annual,DSP_L_OTH,"Disposal - landfill and other (D1-D7, D12)",THS_T,Thousand tonnes,DK,Denmark,1998,,357,,,,,
dataflow,ESTAT:ENV_WASMUN(1.0),Municipal waste by waste management operations,A,Annual,DSP_L_OTH,"Disposal - landfill and other (D1-D7, D12)",THS_T,Thousand tonnes,DK,Denmark,1999,,361,,,,,
dataflow,ESTAT:ENV_WASMUN(1.0),Municipal waste by waste management operations,A,Annual,DSP_L_OTH,"Disposal - landfill and other (D1-D7, D12)",THS_T,Thousand tonnes,DK,Denmark,2000,,355,,,,,
dataflow,ESTAT:ENV_WASMUN(1.0),Municipal waste by waste management operations,A,Annual,DSP_L_OTH,"Disposal - landfill and other (D1-D7, D12)",THS_T,Thousand tonnes,DK,Denmark,2001,,251,,,,,
dataflow,ESTAT:ENV_WASMUN(1.0),Municipal waste by waste management operations,A,Annual,DSP_L_OTH,"Disposal - landfill and other (D1-D7, D12)",THS_T,Thousand tonnes,DK,Denmark,2002,,218,,,,,
dataflow,ESTAT:ENV_WASMUN(1.0),Municipal waste by waste management operations,A,Annual,DSP_L_OTH,"Disposal - landfill and other (D1-D7, D12)",THS_T,Thousand tonnes,DK,Denmark,2003,,184,,,,,
dataflow,ESTAT:ENV_WASMUN(1.0),Municipal waste by waste management operations,A,Annual,DSP_L_OTH,"Disposal - landfill and other (D1-D7, D12)",THS_T,Thousand tonnes,DK,Denmark,2004,,169,,,,,
dataflow,ESTAT:ENV_WASMUN(1.0),Municipal waste by waste management operations,A,Annual,DSP_L_OTH,"Disposal - landfill and other (D1-D7, D12)",THS_T,Thousand tonnes,DK,Denmark,2005,,207,,,,,
dataflow,ESTAT:ENV_WASMUN(1.0),Municipal waste by waste management operations,A,Annual,DSP_L_OTH,"Disposal - landfill and other (D1-D7, D12)",THS_T,Thousand tonnes,DK,Denmark,2006,,203,,,,,
dataflow,ESTAT:ENV_WASMUN(1.0),Municipal waste by waste management operations,A,Annual,DSP_L_OTH,"Disposal - landfill and other (D1-D7, D12)",THS_T,Thousand tonnes,DK,Denmark,2007,,204,,,,,
dataflow,ESTAT:ENV_WASMUN(1.0),Municipal waste by waste management operations,A,Annual,DSP_L_OTH,"Disposal - landfill and other (D1-D7, D12)",THS_T,Thousand tonnes,DK,Denmark,2008,,175,,,,,
dataflow,ESTAT:ENV_WASMUN(1.0),Municipal waste by waste management operations,A,Annual,DSP_L_OTH,"Disposal - landfill and other (D1-D7, D12)",THS_T,Thousand tonnes,DK,Denmark,2009,,130,,e,estimated,,
dataflow,ESTAT:ENV_WASMUN(1.0),Municipal waste by waste management operations,A,Annual,DSP_L_OTH,"Disposal - landfill and other (D1-D7, D12)",THS_T,Thousand tonnes,DK,Denmark,2011,,124,,b,break in time series,,
dataflow,ESTAT:ENV_WASMUN(1.0),Municipal waste by waste management operations,A,Annual,DSP_L_OTH,"Disposal - landfill and other (D1-D7, D12)",THS_T,Thousand tonnes,DK,Denmark,2012,,98,,,,,
dataflow,ESTAT:ENV_WASMUN(1.0),Municipal waste by waste management operations,A,Annual,DSP_L_OTH,"Disposal - landfill and other (D1-D7, D12)",THS_T,Thousand tonnes,DK,Denmark,2013,,78,,,,,
dataflow,ESTAT:ENV_WASMUN(1.0),Municipal waste by waste management operations,A,Annual,DSP_L_OTH,"Disposal - landfill and other (D1-D7, D12)",THS_T,Thousand tonnes,DK,Denmark,2014,,66,,,,,
dataflow,ESTAT:ENV_WASMUN(1.0),Municipal waste by waste management operations,A,Annual,DSP_L_OTH,"Disposal - landfill and other (D1-D7, D12)",THS_T,Thousand tonnes,DK,Denmark,2015,,61,,,,,
dataflow,ESTAT:ENV_WASMUN(1.0),Municipal waste by waste management operations,A,Annual,DSP_L_OTH,"Disposal - landfill and other (D1-D7, D12)",THS_T,Thousand tonnes,DK,Denmark,2016,,56,,,,,
dataflow,ESTAT:ENV_WASMUN(1.0),Municipal waste by waste management operations,A,Annual,DSP_L_OTH,"Disposal - landfill and other (D1-D7, D12)",THS_T,Thousand tonnes,DK,Denmark,2017,,48,,,,,
dataflow,ESTAT:ENV_WASMUN(1.0),Municipal waste by waste management operations,A,Annual,DSP_L_OTH,"Disposal - landfill and other (D1-D7, D12)",THS_T,Thousand tonnes,DK,Denmark,2018,,53,,,,,
dataflow,ESTAT:ENV_WASMUN(1.0),Municipal waste by waste management operations,A,Annual,DSP_L_OTH,"Disposal - landfill and other (D1-D7, D12)",THS_T,Thousand tonnes,DK,Denmark,2019,,46,,,,,
dataflow,ESTAT:ENV_WASMUN(1.0),Municipal waste by waste management operations,A,Annual,DSP_L_OTH,"Disposal - landfill and other (D1-D7, D12)",THS_T,Thousand tonnes,DK,Denmark,2020,,41,,,,,
dataflow,ESTAT:ENV_WASMUN(1.0),Municipal waste by waste management operations,A,Annual,DSP_L_OTH,"Disposal - landfill and other (D1-D7, D12)",THS_T,Thousand tonnes,DK,Denmark,2021,,49,,,,,
dataflow,ESTAT:ENV_WASMUN(1.0),Municipal waste by waste management operations,A,Annual,DSP_L_OTH,"Disposal - landfill and other (D1-D7, D12)",THS_T,Thousand tonnes,DK,Denmark,2022,,71,,,,,
dataflow,ESTAT:ENV_WASMUN(1.0),Municipal waste by waste management operations,A,Annual,DSP_L_OTH,"Disposal - landfill and other (D1-D7, D12)",THS_T,Thousand tonnes,EE,Estonia,1995,,529,,,,,
dataflow,ESTAT:ENV_WASMUN(1.0),Municipal waste by waste management operations,A,Annual,DSP_L_OTH,"Disposal - landfill and other (D1-D7, D12)",THS_T,Thousand tonnes,EE,Estonia,1996,,564,,,,,
dataflow,ESTAT:ENV_WASMUN(1.0),Municipal waste by waste management operations,A,Annual,DSP_L_OTH,"Disposal - landfill and other (D1-D7, D12)",THS_T,Thousand tonnes,EE,Estonia,1997,,592,,,,,
dataflow,ESTAT:ENV_WASMUN(1.0),Municipal waste by waste management operations,A,Annual,DSP_L_OTH,"Disposal - landfill and other (D1-D7, D12)",THS_T,Thousand tonnes,EE,Estonia,1998,,556,,,,,
dataflow,ESTAT:ENV_WASMUN(1.0),Municipal waste by waste management operations,A,Annual,DSP_L_OTH,"Disposal - landfill and other (D1-D7, D12)",THS_T,Thousand tonnes,EE,Estonia,1999,,569,,,,,
dataflow,ESTAT:ENV_WASMUN(1.0),Municipal waste by waste management operations,A,Annual,DSP_L_OTH,"Disposal - landfill and other (D1-D7, D12)",THS_T,Thousand tonnes,EE,Estonia,2000,,601,,,,,
dataflow,ESTAT:ENV_WASMUN(1.0),Municipal waste by waste management operations,A,Annual,DSP_L_OTH,"Disposal - landfill and other (D1-D7, D12)",THS_T,Thousand tonnes,EE,Estonia,2001,,403,,b,break in time series,,
dataflow,ESTAT:ENV_WASMUN(1.0),Municipal waste by waste management operations,A,Annual,DSP_L_OTH,"Disposal - landfill and other (D1-D7, D12)",THS_T,Thousand tonnes,EE,Estonia,2002,,419,,,,,
dataflow,ESTAT:ENV_WASMUN(1.0),Municipal waste by waste management operations,A,Annual,DSP_L_OTH,"Disposal - landfill and other (D1-D7, D12)",THS_T,Thousand tonnes,EE,Estonia,2003,,371,,,,,
dataflow,ESTAT:ENV_WASMUN(1.0),Municipal waste by waste management operations,A,Annual,DSP_L_OTH,"Disposal - landfill and other (D1-D7, D12)",THS_T,Thousand tonnes,EE,Estonia,2004,,383,,,,,
dataflow,ESTAT:ENV_WASMUN(1.0),Municipal waste by waste management operations,A,Annual,DSP_L_OTH,"Disposal - landfill and other (D1-D7, D12)",THS_T,Thousand tonnes,EE,Estonia,2005,,369,,,,,
dataflow,ESTAT:ENV_WASMUN(1.0),Municipal waste by waste management operations,A,Annual,DSP_L_OTH,"Disposal - landfill and other (D1-D7, D12)",THS_T,Thousand tonnes,EE,Estonia,2006,,373,,,,,
dataflow,ESTAT:ENV_WASMUN(1.0),Municipal waste by waste management operations,A,Annual,DSP_L_OTH,"Disposal - landfill and other (D1-D7, D12)",THS_T,Thousand tonnes,EE,Estonia,2007,,390,,,,,
dataflow,ESTAT:ENV_WASMUN(1.0),Municipal waste by waste management operations,A,Annual,DSP_L_OTH,"Disposal - landfill and other (D1-D7, D12)",THS_T,Thousand tonnes,EE,Estonia,2008,,333,,,,,
dataflow,ESTAT:ENV_WASMUN(1.0),Municipal waste by waste management operations,A,Annual,DSP_L_OTH,"Disposal - landfill and other (D1-D7, D12)",THS_T,Thousand tonnes,EE,Estonia,2009,,287,,,,,
dataflow,ESTAT:ENV_WASMUN(1.0),Municipal waste by waste management operations,A,Annual,DSP_L_OTH,"Disposal - landfill and other (D1-D7, D12)",THS_T,Thousand tonnes,EE,Estonia,2010,,267,,,,,
dataflow,ESTAT:ENV_WASMUN(1.0),Municipal waste by waste management operations,A,Annual,DSP_L_OTH,"Disposal - landfill and other (D1-D7, D12)",THS_T,Thousand tonnes,EE,Estonia,2011,,239,,,,,
dataflow,ESTAT:ENV_WASMUN(1.0),Municipal waste by waste management operations,A,Annual,DSP_L_OTH,"Disposal - landfill and other (D1-D7, D12)",THS_T,Thousand tonnes,EE,Estonia,2012,,129,,,,,
dataflow,ESTAT:ENV_WASMUN(1.0),Municipal waste by waste management operations,A,Annual,DSP_L_OTH,"Disposal - landfill and other (D1-D7, D12)",THS_T,Thousand tonnes,EE,Estonia,2013,,53,,,,,
dataflow,ESTAT:ENV_WASMUN(1.0),Municipal waste by waste management operations,A,Annual,DSP_L_OTH,"Disposal - landfill and other (D1-D7, D12)",THS_T,Thousand tonnes,EE,Estonia,2014,,30,,,,,
dataflow,ESTAT:ENV_WASMUN(1.0),Municipal waste by waste management operations,A,Annual,DSP_L_OTH,"Disposal - landfill and other (D1-D7, D12)",THS_T,Thousand tonnes,EE,Estonia,2015,,35,,,,,
dataflow,ESTAT:ENV_WASMUN(1.0),Municipal waste by waste management operations,A,Annual,DSP_L_OTH,"Disposal - landfill and other (D1-D7, D12)",THS_T,Thousand tonnes,EE,Estonia,2016,,51,,,,,
dataflow,ESTAT:ENV_WASMUN(1.0),Municipal waste by waste management operations,A,Annual,DSP_L_OTH,"Disposal - landfill and other (D1-D7, D12)",THS_T,Thousand tonnes,EE,Estonia,2017,,99,,,,,
dataflow,ESTAT:ENV_WASMUN(1.0),Municipal waste by waste management operations,A,Annual,DSP_L_OTH,"Disposal - landfill and other (D1-D7, D12)",THS_T,Thousand tonnes,EE,Estonia,2018,,115,,,,,
dataflow,ESTAT:ENV_WASMUN(1.0),Municipal waste by waste management operations,A,Annual,DSP_L_OTH,"Disposal - landfill and other (D1-D7, D12)",THS_T,Thousand tonnes,EE,Estonia,2019,,85,,,,,
dataflow,ESTAT:ENV_WASMUN(1.0),Municipal waste by waste management operations,A,Annual,DSP_L_OTH,"Disposal - landfill and other (D1-D7, D12)",THS_T,Thousand tonnes,EE,Estonia,2020,,75,,,,,
dataflow,ESTAT:ENV_WASMUN(1.0),Municipal waste by waste management operations,A,Annual,DSP_L_OTH,"Disposal - landfill and other (D1-D7, D12)",THS_T,Thousand tonnes,EE,Estonia,2021,,103,,,,,
dataflow,ESTAT:ENV_WASMUN(1.0),Municipal waste by waste management operations,A,Annual,DSP_L_OTH,"Disposal - landfill and other (D1-D7, D12)",THS_T,Thousand tonnes,EE,Estonia,2022,,66,,,,,
dataflow,ESTAT:ENV_WASMUN(1.0),Municipal waste by waste management operations,A,Annual,DSP_L_OTH,"Disposal - landfill and other (D1-D7, D12)",THS_T,Thousand tonnes,EE,Estonia,2023,,3,,,,,
dataflow,ESTAT:ENV_WASMUN(1.0),Municipal waste by waste management operations,A,Annual,DSP_L_OTH,"Disposal - landfill and other (D1-D7, D12)",THS_T,Thousand tonnes,EL,Greece,1995,,3295,,,,,
dataflow,ESTAT:ENV_WASMUN(1.0),Municipal waste by waste management operations,A,Annual,DSP_L_OTH,"Disposal - landfill and other (D1-D7, D12)",THS_T,Thousand tonnes,EL,Greece,1996,,3437,,,,,
dataflow,ESTAT:ENV_WASMUN(1.0),Municipal waste by waste management operations,A,Annual,DSP_L_OTH,"Disposal - landfill and other (D1-D7, D12)",THS_T,Thousand tonnes,EL,Greece,1997,,3540,,,,,
dataflow,ESTAT:ENV_WASMUN(1.0),Municipal waste by waste management operations,A,Annual,DSP_L_OTH,"Disposal - landfill and other (D1-D7, D12)",THS_T,Thousand tonnes,EL,Greece,1998,,3719,,,,,
dataflow,ESTAT:ENV_WASMUN(1.0),Municipal waste by waste management operations,A,Annual,DSP_L_OTH,"Disposal - landfill and other (D1-D7, D12)",THS_T,Thousand tonnes,EL,Greece,1999,,3886,,,,,
dataflow,ESTAT:ENV_WASMUN(1.0),Municipal waste by waste management operations,A,Annual,DSP_L_OTH,"Disposal - landfill and other (D1-D7, D12)",THS_T,Thousand tonnes,EL,Greece,2000,,4056,,,,,
dataflow,ESTAT:ENV_WASMUN(1.0),Municipal waste by waste management operations,A,Annual,DSP_L_OTH,"Disposal - landfill and other (D1-D7, D12)",THS_T,Thousand tonnes,EL,Greece,2001,,4157,,,,,
dataflow,ESTAT:ENV_WASMUN(1.0),Municipal waste by waste management operations,A,Annual,DSP_L_OTH,"Disposal - landfill and other (D1-D7, D12)",THS_T,Thousand tonnes,EL,Greece,2002,,4233,,,,,
dataflow,ESTAT:ENV_WASMUN(1.0),Municipal waste by waste management operations,A,Annual,DSP_L_OTH,"Disposal - landfill and other (D1-D7, D12)",THS_T,Thousand tonnes,EL,Greece,2003,,4328,,,,,
dataflow,ESTAT:ENV_WASMUN(1.0),Municipal waste by waste management operations,A,Annual,DSP_L_OTH,"Disposal - landfill and other (D1-D7, D12)",THS_T,Thousand tonnes,EL,Greece,2004,,4298,,,,,
dataflow,ESTAT:ENV_WASMUN(1.0),Municipal waste by waste management operations,A,Annual,DSP_L_OTH,"Disposal - landfill and other (D1-D7, D12)",THS_T,Thousand tonnes,EL,Greece,2005,,4295,,,,,
dataflow,ESTAT:ENV_WASMUN(1.0),Municipal waste by waste management operations,A,Annual,DSP_L_OTH,"Disposal - landfill and other (D1-D7, D12)",THS_T,Thousand tonnes,EL,Greece,2006,,4295,,,,,
dataflow,ESTAT:ENV_WASMUN(1.0),Municipal waste by waste management operations,A,Annual,DSP_L_OTH,"Disposal - landfill and other (D1-D7, D12)",THS_T,Thousand tonnes,EL,Greece,2007,,3999,,,,,
dataflow,ESTAT:ENV_WASMUN(1.0),Municipal waste by waste management operations,A,Annual,DSP_L_OTH,"Disposal - landfill and other (D1-D7, D12)",THS_T,Thousand tonnes,EL,Greece,2008,,4181,,,,,
dataflow,ESTAT:ENV_WASMUN(1.0),Municipal waste by waste management operations,A,Annual,DSP_L_OTH,"Disposal - landfill and other (D1-D7, D12)",THS_T,Thousand tonnes,EL,Greece,2009,,4181,,,,,
dataflow,ESTAT:ENV_WASMUN(1.0),Municipal waste by waste management operations,A,Annual,DSP_L_OTH,"Disposal - landfill and other (D1-D7, D12)",THS_T,Thousand tonnes,EL,Greece,2010,,4903,,,,,
dataflow,ESTAT:ENV_WASMUN(1.0),Municipal waste by waste management operations,A,Annual,DSP_L_OTH,"Disposal - landfill and other (D1-D7, D12)",THS_T,Thousand tonnes,EL,Greece,2011,,4578,,,,,
dataflow,ESTAT:ENV_WASMUN(1.0),Municipal waste by waste management operations,A,Annual,DSP_L_OTH,"Disposal - landfill and other (D1-D7, D12)",THS_T,Thousand tonnes,EL,Greece,2012,,4507,,,,,
dataflow,ESTAT:ENV_WASMUN(1.0),Municipal waste by waste management operations,A,Annual,DSP_L_OTH,"Disposal - landfill and other (D1-D7, D12)",THS_T,Thousand tonnes,EL,Greece,2013,,4421,,,,,
dataflow,ESTAT:ENV_WASMUN(1.0),Municipal waste by waste management operations,A,Annual,DSP_L_OTH,"Disposal - landfill and other (D1-D7, D12)",THS_T,Thousand tonnes,EL,Greece,2014,,4470,,,,,
dataflow,ESTAT:ENV_WASMUN(1.0),Municipal waste by waste management operations,A,Annual,DSP_L_OTH,"Disposal - landfill and other (D1-D7, D12)",THS_T,Thousand tonnes,EL,Greece,2015,,4426,,,,,
dataflow,ESTAT:ENV_WASMUN(1.0),Municipal waste by waste management operations,A,Annual,DSP_L_OTH,"Disposal - landfill and other (D1-D7, D12)",THS_T,Thousand tonnes,EL,Greece,2016,,4415,,i,value imputed by Eurostat or other receiving agencies,,
dataflow,ESTAT:ENV_WASMUN(1.0),Municipal waste by waste management operations,A,Annual,DSP_L_OTH,"Disposal - landfill and other (D1-D7, D12)",THS_T,Thousand tonnes,EL,Greece,2017,,4335,,i,value imputed by Eurostat or other receiving agencies,,
dataflow,ESTAT:ENV_WASMUN(1.0),Municipal waste by waste management operations,A,Annual,DSP_L_OTH,"Disposal - landfill and other (D1-D7, D12)",THS_T,Thousand tonnes,EL,Greece,2018,,4330,,i,value imputed by Eurostat or other receiving agencies,,
dataflow,ESTAT:ENV_WASMUN(1.0),Municipal waste by waste management operations,A,Annual,DSP_L_OTH,"Disposal - landfill and other (D1-D7, D12)",THS_T,Thousand tonnes,EL,Greece,2019,,4359,,,,,
dataflow,ESTAT:ENV_WASMUN(1.0),Municipal waste by waste management operations,A,Annual,DSP_L_OTH,"Disposal - landfill and other (D1-D7, D12)",THS_T,Thousand tonnes,EL,Greece,2020,,4284,,,,,
dataflow,ESTAT:ENV_WASMUN(1.0),Municipal waste by waste management operations,A,Annual,DSP_L_OTH,"Disposal - landfill and other (D1-D7, D12)",THS_T,Thousand tonnes,EL,Greece,2021,,4340,,,,,
dataflow,ESTAT:ENV_WASMUN(1.0),Municipal waste by waste management operations,A,Annual,DSP_L_OTH,"Disposal - landfill and other (D1-D7, D12)",THS_T,Thousand tonnes,EL,Greece,2022,,4386,,,,,
dataflow,ESTAT:ENV_WASMUN(1.0),Municipal waste by waste management operations,A,Annual,DSP_L_OTH,"Disposal - landfill and other (D1-D7, D12)",THS_T,Thousand tonnes,ES,Spain,1995,,12134,,,,,
dataflow,ESTAT:ENV_WASMUN(1.0),Municipal waste by waste management operations,A,Annual,DSP_L_OTH,"Disposal - landfill and other (D1-D7, D12)",THS_T,Thousand tonnes,ES,Spain,1996,,11758,,,,,
dataflow,ESTAT:ENV_WASMUN(1.0),Municipal waste by waste management operations,A,Annual,DSP_L_OTH,"Disposal - landfill and other (D1-D7, D12)",THS_T,Thousand tonnes,ES,Spain,1997,,12606,,,,,
dataflow,ESTAT:ENV_WASMUN(1.0),Municipal waste by waste management operations,A,Annual,DSP_L_OTH,"Disposal - landfill and other (D1-D7, D12)",THS_T,Thousand tonnes,ES,Spain,1998,,12577,,,,,
dataflow,ESTAT:ENV_WASMUN(1.0),Municipal waste by waste management operations,A,Annual,DSP_L_OTH,"Disposal - landfill and other (D1-D7, D12)",THS_T,Thousand tonnes,ES,Spain,1999,,13157,,,,,
dataflow,ESTAT:ENV_WASMUN(1.0),Municipal waste by waste management operations,A,Annual,DSP_L_OTH,"Disposal - landfill and other (D1-D7, D12)",THS_T,Thousand tonnes,ES,Spain,2000,,13559,,,,,
dataflow,ESTAT:ENV_WASMUN(1.0),Municipal waste by waste management operations,A,Annual,DSP_L_OTH,"Disposal - landfill and other (D1-D7, D12)",THS_T,Thousand tonnes,ES,Spain,2001,,14726,,,,,
dataflow,ESTAT:ENV_WASMUN(1.0),Municipal waste by waste management operations,A,Annual,DSP_L_OTH,"Disposal - landfill and other (D1-D7, D12)",THS_T,Thousand tonnes,ES,Spain,2002,,14723,,,,,
dataflow,ESTAT:ENV_WASMUN(1.0),Municipal waste by waste management operations,A,Annual,DSP_L_OTH,"Disposal - landfill and other (D1-D7, D12)",THS_T,Thousand tonnes,ES,Spain,2003,,15174,,,,,
dataflow,ESTAT:ENV_WASMUN(1.0),Municipal waste by waste management operations,A,Annual,DSP_L_OTH,"Disposal - landfill and other (D1-D7, D12)",THS_T,Thousand tonnes,ES,Spain,2004,,13068,,,,,
dataflow,ESTAT:ENV_WASMUN(1.0),Municipal waste by waste management operations,A,Annual,DSP_L_OTH,"Disposal - landfill and other (D1-D7, D12)",THS_T,Thousand tonnes,ES,Spain,2005,,12584,,,,,
dataflow,ESTAT:ENV_WASMUN(1.0),Municipal waste by waste management operations,A,Annual,DSP_L_OTH,"Disposal - landfill and other (D1-D7, D12)",THS_T,Thousand tonnes,ES,Spain,2006,,15657,,,,,
dataflow,ESTAT:ENV_WASMUN(1.0),Municipal waste by waste management operations,A,Annual,DSP_L_OTH,"Disposal - landfill and other (D1-D7, D12)",THS_T,Thousand tonnes,ES,Spain,2007,,15569,,,,,
dataflow,ESTAT:ENV_WASMUN(1.0),Municipal waste by waste management operations,A,Annual,DSP_L_OTH,"Disposal - landfill and other (D1-D7, D12)",THS_T,Thousand tonnes,ES,Spain,2008,,13091,,,,,
dataflow,ESTAT:ENV_WASMUN(1.0),Municipal waste by waste management operations,A,Annual,DSP_L_OTH,"Disposal - landfill and other (D1-D7, D12)",THS_T,Thousand tonnes,ES,Spain,2009,,14540,,,,,
dataflow,ESTAT:ENV_WASMUN(1.0),Municipal waste by waste management operations,A,Annual,DSP_L_OTH,"Disposal - landfill and other (D1-D7, D12)",THS_T,Thousand tonnes,ES,Spain,2010,,14789,,,,,
dataflow,ESTAT:ENV_WASMUN(1.0),Municipal waste by waste management operations,A,Annual,DSP_L_OTH,"Disposal - landfill and other (D1-D7, D12)",THS_T,Thousand tonnes,ES,Spain,2011,,14276,,,,,
dataflow,ESTAT:ENV_WASMUN(1.0),Municipal waste by waste management operations,A,Annual,DSP_L_OTH,"Disposal - landfill and other (D1-D7, D12)",THS_T,Thousand tonnes,ES,Spain,2012,,13263,,,,,
dataflow,ESTAT:ENV_WASMUN(1.0),Municipal waste by waste management operations,A,Annual,DSP_L_OTH,"Disposal - landfill and other (D1-D7, D12)",THS_T,Thousand tonnes,ES,Spain,2013,,11801,,,,,
dataflow,ESTAT:ENV_WASMUN(1.0),Municipal waste by waste management operations,A,Annual,DSP_L_OTH,"Disposal - landfill and other (D1-D7, D12)",THS_T,Thousand tonnes,ES,Spain,2014,,12023,,,,,
dataflow,ESTAT:ENV_WASMUN(1.0),Municipal waste by waste management operations,A,Annual,DSP_L_OTH,"Disposal - landfill and other (D1-D7, D12)",THS_T,Thousand tonnes,ES,Spain,2015,,12129,,,,,
dataflow,ESTAT:ENV_WASMUN(1.0),Municipal waste by waste management operations,A,Annual,DSP_L_OTH,"Disposal - landfill and other (D1-D7, D12)",THS_T,Thousand tonnes,ES,Spain,2016,,11658,,,,,
dataflow,ESTAT:ENV_WASMUN(1.0),Municipal waste by waste management operations,A,Annual,DSP_L_OTH,"Disposal - landfill and other (D1-D7, D12)",THS_T,Thousand tonnes,ES,Spain,2017,,11263,,,,,
dataflow,ESTAT:ENV_WASMUN(1.0),Municipal waste by waste management operations,A,Annual,DSP_L_OTH,"Disposal - landfill and other (D1-D7, D12)",THS_T,Thousand tonnes,ES,Spain,2018,,11917,,,,,
dataflow,ESTAT:ENV_WASMUN(1.0),Municipal waste by waste management operations,A,Annual,DSP_L_OTH,"Disposal - landfill and other (D1-D7, D12)",THS_T,Thousand tonnes,ES,Spain,2019,,11365,,,,,
dataflow,ESTAT:ENV_WASMUN(1.0),Municipal waste by waste management operations,A,Annual,DSP_L_OTH,"Disposal - landfill and other (D1-D7, D12)",THS_T,Thousand tonnes,ES,Spain,2020,,10853,,,,,
dataflow,ESTAT:ENV_WASMUN(1.0),Municipal waste by waste management operations,A,Annual,DSP_L_OTH,"Disposal - landfill and other (D1-D7, D12)",THS_T,Thousand tonnes,ES,Spain,2021,,10438,,,,,
dataflow,ESTAT:ENV_WASMUN(1.0),Municipal waste by waste management operations,A,Annual,DSP_L_OTH,"Disposal - landfill and other (D1-D7, D12)",THS_T,Thousand tonnes,ES,Spain,2022,,10782,,p,provisional,,
dataflow,ESTAT:ENV_WASMUN(1.0),Municipal waste by waste management operations,A,Annual,DSP_L_OTH,"Disposal - landfill and other (D1-D7, D12)",THS_T,Thousand tonnes,ES,Spain,2023,,10793,,e,estimated,,
dataflow,ESTAT:ENV_WASMUN(1.0),Municipal waste by waste management operations,A,Annual,DSP_L_OTH,"Disposal - landfill and other (D1-D7, D12)",THS_T,Thousand tonnes,EU27_2020,European Union - 27 countries (from 2020),1995,,121434,,i,value imputed by Eurostat or other receiving agencies,,
dataflow,ESTAT:ENV_WASMUN(1.0),Municipal waste by waste management operations,A,Annual,DSP_L_OTH,"Disposal - landfill and other (D1-D7, D12)",THS_T,Thousand tonnes,EU27_2020,European Union - 27 countries (from 2020),1996,,117132,,i,value imputed by Eurostat or other receiving agencies,,
dataflow,ESTAT:ENV_WASMUN(1.0),Municipal waste by waste management operations,A,Annual,DSP_L_OTH,"Disposal - landfill and other (D1-D7, D12)",THS_T,Thousand tonnes,EU27_2020,European Union - 27 countries (from 2020),1997,,117438,,i,value imputed by Eurostat or other receiving agencies,,
dataflow,ESTAT:ENV_WASMUN(1.0),Municipal waste by waste management operations,A,Annual,DSP_L_OTH,"Disposal - landfill and other (D1-D7, D12)",THS_T,Thousand tonnes,EU27_2020,European Union - 27 countries (from 2020),1998,,113813,,i,value imputed by Eurostat or other receiving agencies,,
dataflow,ESTAT:ENV_WASMUN(1.0),Municipal waste by waste management operations,A,Annual,DSP_L_OTH,"Disposal - landfill and other (D1-D7, D12)",THS_T,Thousand tonnes,EU27_2020,European Union - 27 countries (from 2020),1999,,112524,,i,value imputed by Eurostat or other receiving agencies,,
dataflow,ESTAT:ENV_WASMUN(1.0),Municipal waste by waste management operations,A,Annual,DSP_L_OTH,"Disposal - landfill and other (D1-D7, D12)",THS_T,Thousand tonnes,EU27_2020,European Union - 27 countries (from 2020),2000,,112365,,i,value imputed by Eurostat or other receiving agencies,,
dataflow,ESTAT:ENV_WASMUN(1.0),Municipal waste by waste management operations,A,Annual,DSP_L_OTH,"Disposal - landfill and other (D1-D7, D12)",THS_T,Thousand tonnes,EU27_2020,European Union - 27 countries (from 2020),2001,,107367,,i,value imputed by Eurostat or other receiving agencies,,
dataflow,ESTAT:ENV_WASMUN(1.0),Municipal waste by waste management operations,A,Annual,DSP_L_OTH,"Disposal - landfill and other (D1-D7, D12)",THS_T,Thousand tonnes,EU27_2020,European Union - 27 countries (from 2020),2002,,103873,,i,value imputed by Eurostat or other receiving agencies,,
dataflow,ESTAT:ENV_WASMUN(1.0),Municipal waste by waste management operations,A,Annual,DSP_L_OTH,"Disposal - landfill and other (D1-D7, D12)",THS_T,Thousand tonnes,EU27_2020,European Union - 27 countries (from 2020),2003,,98827,,i,value imputed by Eurostat or other receiving agencies,,
dataflow,ESTAT:ENV_WASMUN(1.0),Municipal waste by waste management operations,A,Annual,DSP_L_OTH,"Disposal - landfill and other (D1-D7, D12)",THS_T,Thousand tonnes,EU27_2020,European Union - 27 countries (from 2020),2004,,93031,,i,value imputed by Eurostat or other receiving agencies,,
dataflow,ESTAT:ENV_WASMUN(1.0),Municipal waste by waste management operations,A,Annual,DSP_L_OTH,"Disposal - landfill and other (D1-D7, D12)",THS_T,Thousand tonnes,EU27_2020,European Union - 27 countries (from 2020),2005,,87835,,i,value imputed by Eurostat or other receiving agencies,,
dataflow,ESTAT:ENV_WASMUN(1.0),Municipal waste by waste management operations,A,Annual,DSP_L_OTH,"Disposal - landfill and other (D1-D7, D12)",THS_T,Thousand tonnes,EU27_2020,European Union - 27 countries (from 2020),2006,,88016,,,,,
dataflow,ESTAT:ENV_WASMUN(1.0),Municipal waste by waste management operations,A,Annual,DSP_L_OTH,"Disposal - landfill and other (D1-D7, D12)",THS_T,Thousand tonnes,EU27_2020,European Union - 27 countries (from 2020),2007,,87260,,,,,
dataflow,ESTAT:ENV_WASMUN(1.0),Municipal waste by waste management operations,A,Annual,DSP_L_OTH,"Disposal - landfill and other (D1-D7, D12)",THS_T,Thousand tonnes,EU27_2020,European Union - 27 countries (from 2020),2008,,83474,,,,,
dataflow,ESTAT:ENV_WASMUN(1.0),Municipal waste by waste management operations,A,Annual,DSP_L_OTH,"Disposal - landfill and other (D1-D7, D12)",THS_T,Thousand tonnes,EU27_2020,European Union - 27 countries (from 2020),2009,,81744,,,,,
dataflow,ESTAT:ENV_WASMUN(1.0),Municipal waste by waste management operations,A,Annual,DSP_L_OTH,"Disposal - landfill and other (D1-D7, D12)",THS_T,Thousand tonnes,EU27_2020,European Union - 27 countries (from 2020),2010,,78615,,,,,
dataflow,ESTAT:ENV_WASMUN(1.0),Municipal waste by waste management operations,A,Annual,DSP_L_OTH,"Disposal - landfill and other (D1-D7, D12)",THS_T,Thousand tonnes,EU27_2020,European Union - 27 countries (from 2020),2011,,73618,,,,,
dataflow,ESTAT:ENV_WASMUN(1.0),Municipal waste by waste management operations,A,Annual,DSP_L_OTH,"Disposal - landfill and other (D1-D7, D12)",THS_T,Thousand tonnes,EU27_2020,European Union - 27 countries (from 2020),2012,,67425,,,,,
dataflow,ESTAT:ENV_WASMUN(1.0),Municipal waste by waste management operations,A,Annual,DSP_L_OTH,"Disposal - landfill and other (D1-D7, D12)",THS_T,Thousand tonnes,EU27_2020,European Union - 27 countries (from 2020),2013,,62899,,i,value imputed by Eurostat or other receiving agencies,,
dataflow,ESTAT:ENV_WASMUN(1.0),Municipal waste by waste management operations,A,Annual,DSP_L_OTH,"Disposal - landfill and other (D1-D7, D12)",THS_T,Thousand tonnes,EU27_2020,European Union - 27 countries (from 2020),2014,,59209,,i,value imputed by Eurostat or other receiving agencies,,
dataflow,ESTAT:ENV_WASMUN(1.0),Municipal waste by waste management operations,A,Annual,DSP_L_OTH,"Disposal - landfill and other (D1-D7, D12)",THS_T,Thousand tonnes,EU27_2020,European Union - 27 countries (from 2020),2015,,56529,,i,value imputed by Eurostat or other receiving agencies,,
dataflow,ESTAT:ENV_WASMUN(1.0),Municipal waste by waste management operations,A,Annual,DSP_L_OTH,"Disposal - landfill and other (D1-D7, D12)",THS_T,Thousand tonnes,EU27_2020,European Union - 27 countries (from 2020),2016,,56736,,i,value imputed by Eurostat or other receiving agencies,,
dataflow,ESTAT:ENV_WASMUN(1.0),Municipal waste by waste management operations,A,Annual,DSP_L_OTH,"Disposal - landfill and other (D1-D7, D12)",THS_T,Thousand tonnes,EU27_2020,European Union - 27 countries (from 2020),2017,,56448,,i,value imputed by Eurostat or other receiving agencies,,
dataflow,ESTAT:ENV_WASMUN(1.0),Municipal waste by waste management operations,A,Annual,DSP_L_OTH,"Disposal - landfill and other (D1-D7, D12)",THS_T,Thousand tonnes,EU27_2020,European Union - 27 countries (from 2020),2018,,55637,,i,value imputed by Eurostat or other receiving agencies,,
dataflow,ESTAT:ENV_WASMUN(1.0),Municipal waste by waste management operations,A,Annual,DSP_L_OTH,"Disposal - landfill and other (D1-D7, D12)",THS_T,Thousand tonnes,EU27_2020,European Union - 27 countries (from 2020),2019,,55332,,i,value imputed by Eurostat or other receiving agencies,,
dataflow,ESTAT:ENV_WASMUN(1.0),Municipal waste by waste management operations,A,Annual,DSP_L_OTH,"Disposal - landfill and other (D1-D7, D12)",THS_T,Thousand tonnes,EU27_2020,European Union - 27 countries (from 2020),2020,,54373,,i,value imputed by Eurostat or other receiving agencies,,
dataflow,ESTAT:ENV_WASMUN(1.0),Municipal waste by waste management operations,A,Annual,DSP_L_OTH,"Disposal - landfill and other (D1-D7, D12)",THS_T,Thousand tonnes,EU27_2020,European Union - 27 countries (from 2020),2021,,52257,,i,value imputed by Eurostat or other receiving agencies,,
dataflow,ESTAT:ENV_WASMUN(1.0),Municipal waste by waste management operations,A,Annual,DSP_L_OTH,"Disposal - landfill and other (D1-D7, D12)",THS_T,Thousand tonnes,EU27_2020,European Union - 27 countries (from 2020),2022,,52445,,i,value imputed by Eurostat or other receiving agencies,,
dataflow,ESTAT:ENV_WASMUN(1.0),Municipal waste by waste management operations,A,Annual,DSP_L_OTH,"Disposal - landfill and other (D1-D7, D12)",THS_T,Thousand tonnes,EU27_2020,European Union - 27 countries (from 2020),2023,,51380,,i,value imputed by Eurostat or other receiving agencies,,
dataflow,ESTAT:ENV_WASMUN(1.0),Municipal waste by waste management operations,A,Annual,DSP_L_OTH,"Disposal - landfill and other (D1-D7, D12)",THS_T,Thousand tonnes,FI,Finland,1995,,1366,,,,,
dataflow,ESTAT:ENV_WASMUN(1.0),Municipal waste by waste management operations,A,Annual,DSP_L_OTH,"Disposal - landfill and other (D1-D7, D12)",THS_T,Thousand tonnes,FI,Finland,1996,,1405,,,,,
dataflow,ESTAT:ENV_WASMUN(1.0),Municipal waste by waste management operations,A,Annual,DSP_L_OTH,"Disposal - landfill and other (D1-D7, D12)",THS_T,Thousand tonnes,FI,Finland,1997,,1444,,,,,
dataflow,ESTAT:ENV_WASMUN(1.0),Municipal waste by waste management operations,A,Annual,DSP_L_OTH,"Disposal - landfill and other (D1-D7, D12)",THS_T,Thousand tonnes,FI,Finland,1998,,1514,,,,,
dataflow,ESTAT:ENV_WASMUN(1.0),Municipal waste by waste management operations,A,Annual,DSP_L_OTH,"Disposal - landfill and other (D1-D7, D12)",THS_T,Thousand tonnes,FI,Finland,1999,,1446,,,,,
dataflow,ESTAT:ENV_WASMUN(1.0),Municipal waste by waste management operations,A,Annual,DSP_L_OTH,"Disposal - landfill and other (D1-D7, D12)",THS_T,Thousand tonnes,FI,Finland,2000,,1580,,,,,
dataflow,ESTAT:ENV_WASMUN(1.0),Municipal waste by waste management operations,A,Annual,DSP_L_OTH,"Disposal - landfill and other (D1-D7, D12)",THS_T,Thousand tonnes,FI,Finland,2001,,1473,,,,,
dataflow,ESTAT:ENV_WASMUN(1.0),Municipal waste by waste management operations,A,Annual,DSP_L_OTH,"Disposal - landfill and other (D1-D7, D12)",THS_T,Thousand tonnes,FI,Finland,2002,,1485,,,,,
dataflow,ESTAT:ENV_WASMUN(1.0),Municipal waste by waste management operations,A,Annual,DSP_L_OTH,"Disposal - landfill and other (D1-D7, D12)",THS_T,Thousand tonnes,FI,Finland,2003,,1445,,,,,
dataflow,ESTAT:ENV_WASMUN(1.0),Municipal waste by waste management operations,A,Annual,DSP_L_OTH,"Disposal - landfill and other (D1-D7, D12)",THS_T,Thousand tonnes,FI,Finland,2004,,1423,,,,,
dataflow,ESTAT:ENV_WASMUN(1.0),Municipal waste by waste management operations,A,Annual,DSP_L_OTH,"Disposal - landfill and other (D1-D7, D12)",THS_T,Thousand tonnes,FI,Finland,2005,,1478,,,,,
dataflow,ESTAT:ENV_WASMUN(1.0),Municipal waste by waste management operations,A,Annual,DSP_L_OTH,"Disposal - landfill and other (D1-D7, D12)",THS_T,Thousand tonnes,FI,Finland,2006,,1504,,,,,
dataflow,ESTAT:ENV_WASMUN(1.0),Municipal waste by waste management operations,A,Annual,DSP_L_OTH,"Disposal - landfill and other (D1-D7, D12)",THS_T,Thousand tonnes,FI,Finland,2007,,1411,,,,,
dataflow,ESTAT:ENV_WASMUN(1.0),Municipal waste by waste management operations,A,Annual,DSP_L_OTH,"Disposal - landfill and other (D1-D7, D12)",THS_T,Thousand tonnes,FI,Finland,2008,,1406,,,,,
dataflow,ESTAT:ENV_WASMUN(1.0),Municipal waste by waste management operations,A,Annual,DSP_L_OTH,"Disposal - landfill and other (D1-D7, D12)",THS_T,Thousand tonnes,FI,Finland,2009,,1180,,,,,
dataflow,ESTAT:ENV_WASMUN(1.0),Municipal waste by waste management operations,A,Annual,DSP_L_OTH,"Disposal - landfill and other (D1-D7, D12)",THS_T,Thousand tonnes,FI,Finland,2010,,1136,,,,,
dataflow,ESTAT:ENV_WASMUN(1.0),Municipal waste by waste management operations,A,Annual,DSP_L_OTH,"Disposal - landfill and other (D1-D7, D12)",THS_T,Thousand tonnes,FI,Finland,2011,,1093,,,,,
dataflow,ESTAT:ENV_WASMUN(1.0),Municipal waste by waste management operations,A,Annual,DSP_L_OTH,"Disposal - landfill and other (D1-D7, D12)",THS_T,Thousand tonnes,FI,Finland,2012,,901,,,,,
dataflow,ESTAT:ENV_WASMUN(1.0),Municipal waste by waste management operations,A,Annual,DSP_L_OTH,"Disposal - landfill and other (D1-D7, D12)",THS_T,Thousand tonnes,FI,Finland,2013,,672,,,,,
dataflow,ESTAT:ENV_WASMUN(1.0),Municipal waste by waste management operations,A,Annual,DSP_L_OTH,"Disposal - landfill and other (D1-D7, D12)",THS_T,Thousand tonnes,FI,Finland,2014,,458,,,,,
dataflow,ESTAT:ENV_WASMUN(1.0),Municipal waste by waste management operations,A,Annual,DSP_L_OTH,"Disposal - landfill and other (D1-D7, D12)",THS_T,Thousand tonnes,FI,Finland,2015,,315,,,,,
dataflow,ESTAT:ENV_WASMUN(1.0),Municipal waste by waste management operations,A,Annual,DSP_L_OTH,"Disposal - landfill and other (D1-D7, D12)",THS_T,Thousand tonnes,FI,Finland,2016,,90,,,,,
dataflow,ESTAT:ENV_WASMUN(1.0),Municipal waste by waste management operations,A,Annual,DSP_L_OTH,"Disposal - landfill and other (D1-D7, D12)",THS_T,Thousand tonnes,FI,Finland,2017,,26,,,,,
dataflow,ESTAT:ENV_WASMUN(1.0),Municipal waste by waste management operations,A,Annual,DSP_L_OTH,"Disposal - landfill and other (D1-D7, D12)",THS_T,Thousand tonnes,FI,Finland,2018,,22,,,,,
dataflow,ESTAT:ENV_WASMUN(1.0),Municipal waste by waste management operations,A,Annual,DSP_L_OTH,"Disposal - landfill and other (D1-D7, D12)",THS_T,Thousand tonnes,FI,Finland,2019,,30,,,,,
dataflow,ESTAT:ENV_WASMUN(1.0),Municipal waste by waste management operations,A,Annual,DSP_L_OTH,"Disposal - landfill and other (D1-D7, D12)",THS_T,Thousand tonnes,FI,Finland,2020,,17,,,,,
dataflow,ESTAT:ENV_WASMUN(1.0),Municipal waste by waste management operations,A,Annual,DSP_L_OTH,"Disposal - landfill and other (D1-D7, D12)",THS_T,Thousand tonnes,FI,Finland,2021,,14,,,,,
dataflow,ESTAT:ENV_WASMUN(1.0),Municipal waste by waste management operations,A,Annual,DSP_L_OTH,"Disposal - landfill and other (D1-D7, D12)",THS_T,Thousand tonnes,FI,Finland,2022,,11,,,,,
dataflow,ESTAT:ENV_WASMUN(1.0),Municipal waste by waste management operations,A,Annual,DSP_L_OTH,"Disposal - landfill and other (D1-D7, D12)",THS_T,Thousand tonnes,FI,Finland,2023,,13,,,,,
dataflow,ESTAT:ENV_WASMUN(1.0),Municipal waste by waste management operations,A,Annual,DSP_L_OTH,"Disposal - landfill and other (D1-D7, D12)",THS_T,Thousand tonnes,FR,France,1995,,12668,,,,,
dataflow,ESTAT:ENV_WASMUN(1.0),Municipal waste by waste management operations,A,Annual,DSP_L_OTH,"Disposal - landfill and other (D1-D7, D12)",THS_T,Thousand tonnes,FR,France,1996,,13408,,,,,
dataflow,ESTAT:ENV_WASMUN(1.0),Municipal waste by waste management operations,A,Annual,DSP_L_OTH,"Disposal - landfill and other (D1-D7, D12)",THS_T,Thousand tonnes,FR,France,1997,,13588,,,,,
dataflow,ESTAT:ENV_WASMUN(1.0),Municipal waste by waste management operations,A,Annual,DSP_L_OTH,"Disposal - landfill and other (D1-D7, D12)",THS_T,Thousand tonnes,FR,France,1998,,13786,,,,,
dataflow,ESTAT:ENV_WASMUN(1.0),Municipal waste by waste management operations,A,Annual,DSP_L_OTH,"Disposal - landfill and other (D1-D7, D12)",THS_T,Thousand tonnes,FR,France,1999,,13462,,,,,
dataflow,ESTAT:ENV_WASMUN(1.0),Municipal waste by waste management operations,A,Annual,DSP_L_OTH,"Disposal - landfill and other (D1-D7, D12)",THS_T,Thousand tonnes,FR,France,2000,,13320,,,,,
dataflow,ESTAT:ENV_WASMUN(1.0),Municipal waste by waste management operations,A,Annual,DSP_L_OTH,"Disposal - landfill and other (D1-D7, D12)",THS_T,Thousand tonnes,FR,France,2001,,13117,,,,,
dataflow,ESTAT:ENV_WASMUN(1.0),Municipal waste by waste management operations,A,Annual,DSP_L_OTH,"Disposal - landfill and other (D1-D7, D12)",THS_T,Thousand tonnes,FR,France,2002,,12651,,,,,
dataflow,ESTAT:ENV_WASMUN(1.0),Municipal waste by waste management operations,A,Annual,DSP_L_OTH,"Disposal - landfill and other (D1-D7, D12)",THS_T,Thousand tonnes,FR,France,2003,,11944,,,,,
dataflow,ESTAT:ENV_WASMUN(1.0),Municipal waste by waste management operations,A,Annual,DSP_L_OTH,"Disposal - landfill and other (D1-D7, D12)",THS_T,Thousand tonnes,FR,France,2004,,11767,,,,,
dataflow,ESTAT:ENV_WASMUN(1.0),Municipal waste by waste management operations,A,Annual,DSP_L_OTH,"Disposal - landfill and other (D1-D7, D12)",THS_T,Thousand tonnes,FR,France,2005,,12133,,,,,
dataflow,ESTAT:ENV_WASMUN(1.0),Municipal waste by waste management operations,A,Annual,DSP_L_OTH,"Disposal - landfill and other (D1-D7, D12)",THS_T,Thousand tonnes,FR,France,2006,,12003,,e,estimated,,
dataflow,ESTAT:ENV_WASMUN(1.0),Municipal waste by waste management operations,A,Annual,DSP_L_OTH,"Disposal - landfill and other (D1-D7, D12)",THS_T,Thousand tonnes,FR,France,2007,,11872,,,,,
dataflow,ESTAT:ENV_WASMUN(1.0),Municipal waste by waste management operations,A,Annual,DSP_L_OTH,"Disposal - landfill and other (D1-D7, D12)",THS_T,Thousand tonnes,FR,France,2008,,11148,,e,estimated,,
dataflow,ESTAT:ENV_WASMUN(1.0),Municipal waste by waste management operations,A,Annual,DSP_L_OTH,"Disposal - landfill and other (D1-D7, D12)",THS_T,Thousand tonnes,FR,France,2009,,10424,,,,,
dataflow,ESTAT:ENV_WASMUN(1.0),Municipal waste by waste management operations,A,Annual,DSP_L_OTH,"Disposal - landfill and other (D1-D7, D12)",THS_T,Thousand tonnes,FR,France,2010,,10078,,e,estimated,,
dataflow,ESTAT:ENV_WASMUN(1.0),Municipal waste by waste management operations,A,Annual,DSP_L_OTH,"Disposal - landfill and other (D1-D7, D12)",THS_T,Thousand tonnes,FR,France,2011,,9731,,,,,
dataflow,ESTAT:ENV_WASMUN(1.0),Municipal waste by waste management operations,A,Annual,DSP_L_OTH,"Disposal - landfill and other (D1-D7, D12)",THS_T,Thousand tonnes,FR,France,2012,,9281,,e,estimated,,
dataflow,ESTAT:ENV_WASMUN(1.0),Municipal waste by waste management operations,A,Annual,DSP_L_OTH,"Disposal - landfill and other (D1-D7, D12)",THS_T,Thousand tonnes,FR,France,2013,,8830,,,,,
dataflow,ESTAT:ENV_WASMUN(1.0),Municipal waste by waste management operations,A,Annual,DSP_L_OTH,"Disposal - landfill and other (D1-D7, D12)",THS_T,Thousand tonnes,FR,France,2014,,8490,,e,estimated,,
dataflow,ESTAT:ENV_WASMUN(1.0),Municipal waste by waste management operations,A,Annual,DSP_L_OTH,"Disposal - landfill and other (D1-D7, D12)",THS_T,Thousand tonnes,FR,France,2015,,8151,,,,,
dataflow,ESTAT:ENV_WASMUN(1.0),Municipal waste by waste management operations,A,Annual,DSP_L_OTH,"Disposal - landfill and other (D1-D7, D12)",THS_T,Thousand tonnes,FR,France,2016,,10569,,e,estimated,,
dataflow,ESTAT:ENV_WASMUN(1.0),Municipal waste by waste management operations,A,Annual,DSP_L_OTH,"Disposal - landfill and other (D1-D7, D12)",THS_T,Thousand tonnes,FR,France,2017,,10700,,e,estimated,,
dataflow,ESTAT:ENV_WASMUN(1.0),Municipal waste by waste management operations,A,Annual,DSP_L_OTH,"Disposal - landfill and other (D1-D7, D12)",THS_T,Thousand tonnes,FR,France,2018,,9738,,e,estimated,,
dataflow,ESTAT:ENV_WASMUN(1.0),Municipal waste by waste management operations,A,Annual,DSP_L_OTH,"Disposal - landfill and other (D1-D7, D12)",THS_T,Thousand tonnes,FR,France,2019,,9707,,e,estimated,,
dataflow,ESTAT:ENV_WASMUN(1.0),Municipal waste by waste management operations,A,Annual,DSP_L_OTH,"Disposal - landfill and other (D1-D7, D12)",THS_T,Thousand tonnes,FR,France,2020,,9298,,e,estimated,,
dataflow,ESTAT:ENV_WASMUN(1.0),Municipal waste by waste management operations,A,Annual,DSP_L_OTH,"Disposal - landfill and other (D1-D7, D12)",THS_T,Thousand tonnes,FR,France,2021,,8973,,,,,
dataflow,ESTAT:ENV_WASMUN(1.0),Municipal waste by waste management operations,A,Annual,DSP_L_OTH,"Disposal - landfill and other (D1-D7, D12)",THS_T,Thousand tonnes,FR,France,2022,,8465,,ep,"estimated, provisional",,
dataflow,ESTAT:ENV_WASMUN(1.0),Municipal waste by waste management operations,A,Annual,DSP_L_OTH,"Disposal - landfill and other (D1-D7, D12)",THS_T,Thousand tonnes,FR,France,2023,,8294,,ep,"estimated, provisional",,
dataflow,ESTAT:ENV_WASMUN(1.0),Municipal waste by waste management operations,A,Annual,DSP_L_OTH,"Disposal - landfill and other (D1-D7, D12)",THS_T,Thousand tonnes,HR,Croatia,2006,,1221,,,,,
dataflow,ESTAT:ENV_WASMUN(1.0),Municipal waste by waste management operations,A,Annual,DSP_L_OTH,"Disposal - landfill and other (D1-D7, D12)",THS_T,Thousand tonnes,HR,Croatia,2007,,1649,,,,,
dataflow,ESTAT:ENV_WASMUN(1.0),Municipal waste by waste management operations,A,Annual,DSP_L_OTH,"Disposal - landfill and other (D1-D7, D12)",THS_T,Thousand tonnes,HR,Croatia,2008,,1731,,,,,
dataflow,ESTAT:ENV_WASMUN(1.0),Municipal waste by waste management operations,A,Annual,DSP_L_OTH,"Disposal - landfill and other (D1-D7, D12)",THS_T,Thousand tonnes,HR,Croatia,2009,,1691,,,,,
dataflow,ESTAT:ENV_WASMUN(1.0),Municipal waste by waste management operations,A,Annual,DSP_L_OTH,"Disposal - landfill and other (D1-D7, D12)",THS_T,Thousand tonnes,HR,Croatia,2010,,1537,,,,,
dataflow,ESTAT:ENV_WASMUN(1.0),Municipal waste by waste management operations,A,Annual,DSP_L_OTH,"Disposal - landfill and other (D1-D7, D12)",THS_T,Thousand tonnes,HR,Croatia,2011,,1496,,,,,
dataflow,ESTAT:ENV_WASMUN(1.0),Municipal waste by waste management operations,A,Annual,DSP_L_OTH,"Disposal - landfill and other (D1-D7, D12)",THS_T,Thousand tonnes,HR,Croatia,2012,,1380,,,,,
dataflow,ESTAT:ENV_WASMUN(1.0),Municipal waste by waste management operations,A,Annual,DSP_L_OTH,"Disposal - landfill and other (D1-D7, D12)",THS_T,Thousand tonnes,HR,Croatia,2013,,1413,,,,,
dataflow,ESTAT:ENV_WASMUN(1.0),Municipal waste by waste management operations,A,Annual,DSP_L_OTH,"Disposal - landfill and other (D1-D7, D12)",THS_T,Thousand tonnes,HR,Croatia,2014,,1310,,,,,
dataflow,ESTAT:ENV_WASMUN(1.0),Municipal waste by waste management operations,A,Annual,DSP_L_OTH,"Disposal - landfill and other (D1-D7, D12)",THS_T,Thousand tonnes,HR,Croatia,2015,,1319,,,,,
dataflow,ESTAT:ENV_WASMUN(1.0),Municipal waste by waste management operations,A,Annual,DSP_L_OTH,"Disposal - landfill and other (D1-D7, D12)",THS_T,Thousand tonnes,HR,Croatia,2016,,1288,,,,,
dataflow,ESTAT:ENV_WASMUN(1.0),Municipal waste by waste management operations,A,Annual,DSP_L_OTH,"Disposal - landfill and other (D1-D7, D12)",THS_T,Thousand tonnes,HR,Croatia,2017,,1243,,,,,
dataflow,ESTAT:ENV_WASMUN(1.0),Municipal waste by waste management operations,A,Annual,DSP_L_OTH,"Disposal - landfill and other (D1-D7, D12)",THS_T,Thousand tonnes,HR,Croatia,2018,,1171,,,,,
dataflow,ESTAT:ENV_WASMUN(1.0),Municipal waste by waste management operations,A,Annual,DSP_L_OTH,"Disposal - landfill and other (D1-D7, D12)",THS_T,Thousand tonnes,HR,Croatia,2019,,1073,,,,,
dataflow,ESTAT:ENV_WASMUN(1.0),Municipal waste by waste management operations,A,Annual,DSP_L_OTH,"Disposal - landfill and other (D1-D7, D12)",THS_T,Thousand tonnes,HR,Croatia,2020,,1023,,,,,
dataflow,ESTAT:ENV_WASMUN(1.0),Municipal waste by waste management operations,A,Annual,DSP_L_OTH,"Disposal - landfill and other (D1-D7, D12)",THS_T,Thousand tonnes,HR,Croatia,2021,,1030,,,,,
dataflow,ESTAT:ENV_WASMUN(1.0),Municipal waste by waste management operations,A,Annual,DSP_L_OTH,"Disposal - landfill and other (D1-D7, D12)",THS_T,Thousand tonnes,HR,Croatia,2022,,1025,,,,,
dataflow,ESTAT:ENV_WASMUN(1.0),Municipal waste by waste management operations,A,Annual,DSP_L_OTH,"Disposal - landfill and other (D1-D7, D12)",THS_T,Thousand tonnes,HR,Croatia,2023,,950,,,,,
dataflow,ESTAT:ENV_WASMUN(1.0),Municipal waste by waste management operations,A,Annual,DSP_L_OTH,"Disposal - landfill and other (D1-D7, D12)",THS_T,Thousand tonnes,HU,Hungary,1995,,3481,,,,,
dataflow,ESTAT:ENV_WASMUN(1.0),Municipal waste by waste management operations,A,Annual,DSP_L_OTH,"Disposal - landfill and other (D1-D7, D12)",THS_T,Thousand tonnes,HU,Hungary,1996,,3693,,,,,
dataflow,ESTAT:ENV_WASMUN(1.0),Municipal waste by waste management operations,A,Annual,DSP_L_OTH,"Disposal - landfill and other (D1-D7, D12)",THS_T,Thousand tonnes,HU,Hungary,1997,,3928,,,,,
dataflow,ESTAT:ENV_WASMUN(1.0),Municipal waste by waste management operations,A,Annual,DSP_L_OTH,"Disposal - landfill and other (D1-D7, D12)",THS_T,Thousand tonnes,HU,Hungary,1998,,3936,,,,,
dataflow,ESTAT:ENV_WASMUN(1.0),Municipal waste by waste management operations,A,Annual,DSP_L_OTH,"Disposal - landfill and other (D1-D7, D12)",THS_T,Thousand tonnes,HU,Hungary,1999,,4024,,,,,
dataflow,ESTAT:ENV_WASMUN(1.0),Municipal waste by waste management operations,A,Annual,DSP_L_OTH,"Disposal - landfill and other (D1-D7, D12)",THS_T,Thousand tonnes,HU,Hungary,2000,,3736,,,,,
dataflow,ESTAT:ENV_WASMUN(1.0),Municipal waste by waste management operations,A,Annual,DSP_L_OTH,"Disposal - landfill and other (D1-D7, D12)",THS_T,Thousand tonnes,HU,Hungary,2001,,3696,,,,,
dataflow,ESTAT:ENV_WASMUN(1.0),Municipal waste by waste management operations,A,Annual,DSP_L_OTH,"Disposal - landfill and other (D1-D7, D12)",THS_T,Thousand tonnes,HU,Hungary,2002,,3841,,,,,
dataflow,ESTAT:ENV_WASMUN(1.0),Municipal waste by waste management operations,A,Annual,DSP_L_OTH,"Disposal - landfill and other (D1-D7, D12)",THS_T,Thousand tonnes,HU,Hungary,2003,,3968,,,,,
dataflow,ESTAT:ENV_WASMUN(1.0),Municipal waste by waste management operations,A,Annual,DSP_L_OTH,"Disposal - landfill and other (D1-D7, D12)",THS_T,Thousand tonnes,HU,Hungary,2004,,3857,,,,,
dataflow,ESTAT:ENV_WASMUN(1.0),Municipal waste by waste management operations,A,Annual,DSP_L_OTH,"Disposal - landfill and other (D1-D7, D12)",THS_T,Thousand tonnes,HU,Hungary,2005,,3859,,,,,
dataflow,ESTAT:ENV_WASMUN(1.0),Municipal waste by waste management operations,A,Annual,DSP_L_OTH,"Disposal - landfill and other (D1-D7, D12)",THS_T,Thousand tonnes,HU,Hungary,2006,,3792,,,,,
dataflow,ESTAT:ENV_WASMUN(1.0),Municipal waste by waste management operations,A,Annual,DSP_L_OTH,"Disposal - landfill and other (D1-D7, D12)",THS_T,Thousand tonnes,HU,Hungary,2007,,3429,,,,,
dataflow,ESTAT:ENV_WASMUN(1.0),Municipal waste by waste management operations,A,Annual,DSP_L_OTH,"Disposal - landfill and other (D1-D7, D12)",THS_T,Thousand tonnes,HU,Hungary,2008,,3341,,,,,
dataflow,ESTAT:ENV_WASMUN(1.0),Municipal waste by waste management operations,A,Annual,DSP_L_OTH,"Disposal - landfill and other (D1-D7, D12)",THS_T,Thousand tonnes,HU,Hungary,2009,,3212,,,,,
dataflow,ESTAT:ENV_WASMUN(1.0),Municipal waste by waste management operations,A,Annual,DSP_L_OTH,"Disposal - landfill and other (D1-D7, D12)",THS_T,Thousand tonnes,HU,Hungary,2010,,2838,,,,,
dataflow,ESTAT:ENV_WASMUN(1.0),Municipal waste by waste management operations,A,Annual,DSP_L_OTH,"Disposal - landfill and other (D1-D7, D12)",THS_T,Thousand tonnes,HU,Hungary,2011,,2563,,,,,
dataflow,ESTAT:ENV_WASMUN(1.0),Municipal waste by waste management operations,A,Annual,DSP_L_OTH,"Disposal - landfill and other (D1-D7, D12)",THS_T,Thousand tonnes,HU,Hungary,2012,,2609,,,,,
dataflow,ESTAT:ENV_WASMUN(1.0),Municipal waste by waste management operations,A,Annual,DSP_L_OTH,"Disposal - landfill and other (D1-D7, D12)",THS_T,Thousand tonnes,HU,Hungary,2013,,2415,,,,,
dataflow,ESTAT:ENV_WASMUN(1.0),Municipal waste by waste management operations,A,Annual,DSP_L_OTH,"Disposal - landfill and other (D1-D7, D12)",THS_T,Thousand tonnes,HU,Hungary,2014,,2181,,,,,
dataflow,ESTAT:ENV_WASMUN(1.0),Municipal waste by waste management operations,A,Annual,DSP_L_OTH,"Disposal - landfill and other (D1-D7, D12)",THS_T,Thousand tonnes,HU,Hungary,2015,,1991,,,,,
dataflow,ESTAT:ENV_WASMUN(1.0),Municipal waste by waste management operations,A,Annual,DSP_L_OTH,"Disposal - landfill and other (D1-D7, D12)",THS_T,Thousand tonnes,HU,Hungary,2016,,1888,,,,,
dataflow,ESTAT:ENV_WASMUN(1.0),Municipal waste by waste management operations,A,Annual,DSP_L_OTH,"Disposal - landfill and other (D1-D7, D12)",THS_T,Thousand tonnes,HU,Hungary,2017,,1825,,,,,
dataflow,ESTAT:ENV_WASMUN(1.0),Municipal waste by waste management operations,A,Annual,DSP_L_OTH,"Disposal - landfill and other (D1-D7, D12)",THS_T,Thousand tonnes,HU,Hungary,2018,,1851,,,,,
dataflow,ESTAT:ENV_WASMUN(1.0),Municipal waste by waste management operations,A,Annual,DSP_L_OTH,"Disposal - landfill and other (D1-D7, D12)",THS_T,Thousand tonnes,HU,Hungary,2019,,1918,,,,,
dataflow,ESTAT:ENV_WASMUN(1.0),Municipal waste by waste management operations,A,Annual,DSP_L_OTH,"Disposal - landfill and other (D1-D7, D12)",THS_T,Thousand tonnes,HU,Hungary,2020,,2124,,,,,
dataflow,ESTAT:ENV_WASMUN(1.0),Municipal waste by waste management operations,A,Annual,DSP_L_OTH,"Disposal - landfill and other (D1-D7, D12)",THS_T,Thousand tonnes,HU,Hungary,2021,,2061,,,,,
dataflow,ESTAT:ENV_WASMUN(1.0),Municipal waste by waste management operations,A,Annual,DSP_L_OTH,"Disposal - landfill and other (D1-D7, D12)",THS_T,Thousand tonnes,HU,Hungary,2022,,2164,,,,,
dataflow,ESTAT:ENV_WASMUN(1.0),Municipal waste by waste management operations,A,Annual,DSP_L_OTH,"Disposal - landfill and other (D1-D7, D12)",THS_T,Thousand tonnes,HU,Hungary,2023,,2232,,,,,
dataflow,ESTAT:ENV_WASMUN(1.0),Municipal waste by waste management operations,A,Annual,DSP_L_OTH,"Disposal - landfill and other (D1-D7, D12)",THS_T,Thousand tonnes,IE,Ireland,1995,,1426,,,,,
dataflow,ESTAT:ENV_WASMUN(1.0),Municipal waste by waste management operations,A,Annual,DSP_L_OTH,"Disposal - landfill and other (D1-D7, D12)",THS_T,Thousand tonnes,IE,Ireland,1996,,1518,,,,,
dataflow,ESTAT:ENV_WASMUN(1.0),Municipal waste by waste management operations,A,Annual,DSP_L_OTH,"Disposal - landfill and other (D1-D7, D12)",THS_T,Thousand tonnes,IE,Ireland,1997,,1604,,,,,
dataflow,ESTAT:ENV_WASMUN(1.0),Municipal waste by waste management operations,A,Annual,DSP_L_OTH,"Disposal - landfill and other (D1-D7, D12)",THS_T,Thousand tonnes,IE,Ireland,1998,,1767,,,,,
dataflow,ESTAT:ENV_WASMUN(1.0),Municipal waste by waste management operations,A,Annual,DSP_L_OTH,"Disposal - landfill and other (D1-D7, D12)",THS_T,Thousand tonnes,IE,Ireland,1999,,1930,,,,,
dataflow,ESTAT:ENV_WASMUN(1.0),Municipal waste by waste management operations,A,Annual,DSP_L_OTH,"Disposal - landfill and other (D1-D7, D12)",THS_T,Thousand tonnes,IE,Ireland,2000,,2093,,,,,
dataflow,ESTAT:ENV_WASMUN(1.0),Municipal waste by waste management operations,A,Annual,DSP_L_OTH,"Disposal - landfill and other (D1-D7, D12)",THS_T,Thousand tonnes,IE,Ireland,2001,,2071,,,,,
dataflow,ESTAT:ENV_WASMUN(1.0),Municipal waste by waste management operations,A,Annual,DSP_L_OTH,"Disposal - landfill and other (D1-D7, D12)",THS_T,Thousand tonnes,IE,Ireland,2002,,1967,,,,,
dataflow,ESTAT:ENV_WASMUN(1.0),Municipal waste by waste management operations,A,Annual,DSP_L_OTH,"Disposal - landfill and other (D1-D7, D12)",THS_T,Thousand tonnes,IE,Ireland,2003,,1904,,,,,
dataflow,ESTAT:ENV_WASMUN(1.0),Municipal waste by waste management operations,A,Annual,DSP_L_OTH,"Disposal - landfill and other (D1-D7, D12)",THS_T,Thousand tonnes,IE,Ireland,2004,,1819,,,,,
dataflow,ESTAT:ENV_WASMUN(1.0),Municipal waste by waste management operations,A,Annual,DSP_L_OTH,"Disposal - landfill and other (D1-D7, D12)",THS_T,Thousand tonnes,IE,Ireland,2005,,1833,,,,,
dataflow,ESTAT:ENV_WASMUN(1.0),Municipal waste by waste management operations,A,Annual,DSP_L_OTH,"Disposal - landfill and other (D1-D7, D12)",THS_T,Thousand tonnes,IE,Ireland,2006,,1981,,,,,
dataflow,ESTAT:ENV_WASMUN(1.0),Municipal waste by waste management operations,A,Annual,DSP_L_OTH,"Disposal - landfill and other (D1-D7, D12)",THS_T,Thousand tonnes,IE,Ireland,2007,,2015,,,,,
dataflow,ESTAT:ENV_WASMUN(1.0),Municipal waste by waste management operations,A,Annual,DSP_L_OTH,"Disposal - landfill and other (D1-D7, D12)",THS_T,Thousand tonnes,IE,Ireland,2008,,1939,,,,,
dataflow,ESTAT:ENV_WASMUN(1.0),Municipal waste by waste management operations,A,Annual,DSP_L_OTH,"Disposal - landfill and other (D1-D7, D12)",THS_T,Thousand tonnes,IE,Ireland,2009,,1724,,,,,
dataflow,ESTAT:ENV_WASMUN(1.0),Municipal waste by waste management operations,A,Annual,DSP_L_OTH,"Disposal - landfill and other (D1-D7, D12)",THS_T,Thousand tonnes,IE,Ireland,2010,,1496,,,,,
dataflow,ESTAT:ENV_WASMUN(1.0),Municipal waste by waste management operations,A,Annual,DSP_L_OTH,"Disposal - landfill and other (D1-D7, D12)",THS_T,Thousand tonnes,IE,Ireland,2011,,1344,,,,,
dataflow,ESTAT:ENV_WASMUN(1.0),Municipal waste by waste management operations,A,Annual,DSP_L_OTH,"Disposal - landfill and other (D1-D7, D12)",THS_T,Thousand tonnes,IE,Ireland,2012,,1028,,,,,
dataflow,ESTAT:ENV_WASMUN(1.0),Municipal waste by waste management operations,A,Annual,DSP_L_OTH,"Disposal - landfill and other (D1-D7, D12)",THS_T,Thousand tonnes,IE,Ireland,2014,,537,,,,,
dataflow,ESTAT:ENV_WASMUN(1.0),Municipal waste by waste management operations,A,Annual,DSP_L_OTH,"Disposal - landfill and other (D1-D7, D12)",THS_T,Thousand tonnes,IE,Ireland,2016,,711,,,,,
dataflow,ESTAT:ENV_WASMUN(1.0),Municipal waste by waste management operations,A,Annual,DSP_L_OTH,"Disposal - landfill and other (D1-D7, D12)",THS_T,Thousand tonnes,IE,Ireland,2017,,623,,,,,
dataflow,ESTAT:ENV_WASMUN(1.0),Municipal waste by waste management operations,A,Annual,DSP_L_OTH,"Disposal - landfill and other (D1-D7, D12)",THS_T,Thousand tonnes,IE,Ireland,2018,,418,,,,,
dataflow,ESTAT:ENV_WASMUN(1.0),Municipal waste by waste management operations,A,Annual,DSP_L_OTH,"Disposal - landfill and other (D1-D7, D12)",THS_T,Thousand tonnes,IE,Ireland,2019,,472,,,,,
dataflow,ESTAT:ENV_WASMUN(1.0),Municipal waste by waste management operations,A,Annual,DSP_L_OTH,"Disposal - landfill and other (D1-D7, D12)",THS_T,Thousand tonnes,IE,Ireland,2020,,517,,b,break in time series,,
dataflow,ESTAT:ENV_WASMUN(1.0),Municipal waste by waste management operations,A,Annual,DSP_L_OTH,"Disposal - landfill and other (D1-D7, D12)",THS_T,Thousand tonnes,IS,Iceland,1995,,86,,,,,
dataflow,ESTAT:ENV_WASMUN(1.0),Municipal waste by waste management operations,A,Annual,DSP_L_OTH,"Disposal - landfill and other (D1-D7, D12)",THS_T,Thousand tonnes,IS,Iceland,1996,,88,,,,,
dataflow,ESTAT:ENV_WASMUN(1.0),Municipal waste by waste management operations,A,Annual,DSP_L_OTH,"Disposal - landfill and other (D1-D7, D12)",THS_T,Thousand tonnes,IS,Iceland,1997,,90,,,,,
dataflow,ESTAT:ENV_WASMUN(1.0),Municipal waste by waste management operations,A,Annual,DSP_L_OTH,"Disposal - landfill and other (D1-D7, D12)",THS_T,Thousand tonnes,IS,Iceland,1998,,92,,,,,
dataflow,ESTAT:ENV_WASMUN(1.0),Municipal waste by waste management operations,A,Annual,DSP_L_OTH,"Disposal - landfill and other (D1-D7, D12)",THS_T,Thousand tonnes,IS,Iceland,1999,,95,,,,,
dataflow,ESTAT:ENV_WASMUN(1.0),Municipal waste by waste management operations,A,Annual,DSP_L_OTH,"Disposal - landfill and other (D1-D7, D12)",THS_T,Thousand tonnes,IS,Iceland,2000,,98,,,,,
dataflow,ESTAT:ENV_WASMUN(1.0),Municipal waste by waste management operations,A,Annual,DSP_L_OTH,"Disposal - landfill and other (D1-D7, D12)",THS_T,Thousand tonnes,IS,Iceland,2001,,100,,,,,
dataflow,ESTAT:ENV_WASMUN(1.0),Municipal waste by waste management operations,A,Annual,DSP_L_OTH,"Disposal - landfill and other (D1-D7, D12)",THS_T,Thousand tonnes,IS,Iceland,2002,,103,,,,,
dataflow,ESTAT:ENV_WASMUN(1.0),Municipal waste by waste management operations,A,Annual,DSP_L_OTH,"Disposal - landfill and other (D1-D7, D12)",THS_T,Thousand tonnes,IS,Iceland,2003,,105,,,,,
dataflow,ESTAT:ENV_WASMUN(1.0),Municipal waste by waste management operations,A,Annual,DSP_L_OTH,"Disposal - landfill and other (D1-D7, D12)",THS_T,Thousand tonnes,IS,Iceland,2004,,106,,,,,
dataflow,ESTAT:ENV_WASMUN(1.0),Municipal waste by waste management operations,A,Annual,DSP_L_OTH,"Disposal - landfill and other (D1-D7, D12)",THS_T,Thousand tonnes,IS,Iceland,2005,,108,,,,,
dataflow,ESTAT:ENV_WASMUN(1.0),Municipal waste by waste management operations,A,Annual,DSP_L_OTH,"Disposal - landfill and other (D1-D7, D12)",THS_T,Thousand tonnes,IS,Iceland,2006,,117,,,,,
dataflow,ESTAT:ENV_WASMUN(1.0),Municipal waste by waste management operations,A,Annual,DSP_L_OTH,"Disposal - landfill and other (D1-D7, D12)",THS_T,Thousand tonnes,IS,Iceland,2007,,117,,,,,
dataflow,ESTAT:ENV_WASMUN(1.0),Municipal waste by waste management operations,A,Annual,DSP_L_OTH,"Disposal - landfill and other (D1-D7, D12)",THS_T,Thousand tonnes,IS,Iceland,2008,,155,,,,,
dataflow,ESTAT:ENV_WASMUN(1.0),Municipal waste by waste management operations,A,Annual,DSP_L_OTH,"Disposal - landfill and other (D1-D7, D12)",THS_T,Thousand tonnes,IS,Iceland,2009,,94,,,,,
dataflow,ESTAT:ENV_WASMUN(1.0),Municipal waste by waste management operations,A,Annual,DSP_L_OTH,"Disposal - landfill and other (D1-D7, D12)",THS_T,Thousand tonnes,IS,Iceland,2010,,110,,,,,
dataflow,ESTAT:ENV_WASMUN(1.0),Municipal waste by waste management operations,A,Annual,DSP_L_OTH,"Disposal - landfill and other (D1-D7, D12)",THS_T,Thousand tonnes,IS,Iceland,2011,,108,,,,,
dataflow,ESTAT:ENV_WASMUN(1.0),Municipal waste by waste management operations,A,Annual,DSP_L_OTH,"Disposal - landfill and other (D1-D7, D12)",THS_T,Thousand tonnes,IS,Iceland,2012,,110,,,,,
dataflow,ESTAT:ENV_WASMUN(1.0),Municipal waste by waste management operations,A,Annual,DSP_L_OTH,"Disposal - landfill and other (D1-D7, D12)",THS_T,Thousand tonnes,IS,Iceland,2013,,110,,,,,
dataflow,ESTAT:ENV_WASMUN(1.0),Municipal waste by waste management operations,A,Annual,DSP_L_OTH,"Disposal - landfill and other (D1-D7, D12)",THS_T,Thousand tonnes,IS,Iceland,2014,,116,,,,,
dataflow,ESTAT:ENV_WASMUN(1.0),Municipal waste by waste management operations,A,Annual,DSP_L_OTH,"Disposal - landfill and other (D1-D7, D12)",THS_T,Thousand tonnes,IS,Iceland,2015,,113,,,,,
dataflow,ESTAT:ENV_WASMUN(1.0),Municipal waste by waste management operations,A,Annual,DSP_L_OTH,"Disposal - landfill and other (D1-D7, D12)",THS_T,Thousand tonnes,IS,Iceland,2016,,126,,,,,
dataflow,ESTAT:ENV_WASMUN(1.0),Municipal waste by waste management operations,A,Annual,DSP_L_OTH,"Disposal - landfill and other (D1-D7, D12)",THS_T,Thousand tonnes,IS,Iceland,2017,,143,,,,,
dataflow,ESTAT:ENV_WASMUN(1.0),Municipal waste by waste management operations,A,Annual,DSP_L_OTH,"Disposal - landfill and other (D1-D7, D12)",THS_T,Thousand tonnes,IS,Iceland,2018,,148,,,,,
dataflow,ESTAT:ENV_WASMUN(1.0),Municipal waste by waste management operations,A,Annual,DSP_L_OTH,"Disposal - landfill and other (D1-D7, D12)",THS_T,Thousand tonnes,IS,Iceland,2020,,107,,,,,
dataflow,ESTAT:ENV_WASMUN(1.0),Municipal waste by waste management operations,A,Annual,DSP_L_OTH,"Disposal - landfill and other (D1-D7, D12)",THS_T,Thousand tonnes,IS,Iceland,2021,,98,,,,,
dataflow,ESTAT:ENV_WASMUN(1.0),Municipal waste by waste management operations,A,Annual,DSP_L_OTH,"Disposal - landfill and other (D1-D7, D12)",THS_T,Thousand tonnes,IS,Iceland,2022,,75,,,,,
dataflow,ESTAT:ENV_WASMUN(1.0),Municipal waste by waste management operations,A,Annual,DSP_L_OTH,"Disposal - landfill and other (D1-D7, D12)",THS_T,Thousand tonnes,IT,Italy,1995,,24000,,,,,
dataflow,ESTAT:ENV_WASMUN(1.0),Municipal waste by waste management operations,A,Annual,DSP_L_OTH,"Disposal - landfill and other (D1-D7, D12)",THS_T,Thousand tonnes,IT,Italy,1996,,21623,,,,,
dataflow,ESTAT:ENV_WASMUN(1.0),Municipal waste by waste management operations,A,Annual,DSP_L_OTH,"Disposal - landfill and other (D1-D7, D12)",THS_T,Thousand tonnes,IT,Italy,1997,,21275,,,,,
dataflow,ESTAT:ENV_WASMUN(1.0),Municipal waste by waste management operations,A,Annual,DSP_L_OTH,"Disposal - landfill and other (D1-D7, D12)",THS_T,Thousand tonnes,IT,Italy,1998,,20768,,,,,
dataflow,ESTAT:ENV_WASMUN(1.0),Municipal waste by waste management operations,A,Annual,DSP_L_OTH,"Disposal - landfill and other (D1-D7, D12)",THS_T,Thousand tonnes,IT,Italy,1999,,21745,,,,,
dataflow,ESTAT:ENV_WASMUN(1.0),Municipal waste by waste management operations,A,Annual,DSP_L_OTH,"Disposal - landfill and other (D1-D7, D12)",THS_T,Thousand tonnes,IT,Italy,2000,,21917,,,,,
dataflow,ESTAT:ENV_WASMUN(1.0),Municipal waste by waste management operations,A,Annual,DSP_L_OTH,"Disposal - landfill and other (D1-D7, D12)",THS_T,Thousand tonnes,IT,Italy,2001,,19912,,,,,
dataflow,ESTAT:ENV_WASMUN(1.0),Municipal waste by waste management operations,A,Annual,DSP_L_OTH,"Disposal - landfill and other (D1-D7, D12)",THS_T,Thousand tonnes,IT,Italy,2002,,18745,,,,,
dataflow,ESTAT:ENV_WASMUN(1.0),Municipal waste by waste management operations,A,Annual,DSP_L_OTH,"Disposal - landfill and other (D1-D7, D12)",THS_T,Thousand tonnes,IT,Italy,2003,,17883,,,,,
dataflow,ESTAT:ENV_WASMUN(1.0),Municipal waste by waste management operations,A,Annual,DSP_L_OTH,"Disposal - landfill and other (D1-D7, D12)",THS_T,Thousand tonnes,IT,Italy,2004,,17641,,,,,
dataflow,ESTAT:ENV_WASMUN(1.0),Municipal waste by waste management operations,A,Annual,DSP_L_OTH,"Disposal - landfill and other (D1-D7, D12)",THS_T,Thousand tonnes,IT,Italy,2005,,17117,,,,,
dataflow,ESTAT:ENV_WASMUN(1.0),Municipal waste by waste management operations,A,Annual,DSP_L_OTH,"Disposal - landfill and other (D1-D7, D12)",THS_T,Thousand tonnes,IT,Italy,2006,,17462,,,,,
dataflow,ESTAT:ENV_WASMUN(1.0),Municipal waste by waste management operations,A,Annual,DSP_L_OTH,"Disposal - landfill and other (D1-D7, D12)",THS_T,Thousand tonnes,IT,Italy,2007,,16912,,,,,
dataflow,ESTAT:ENV_WASMUN(1.0),Municipal waste by waste management operations,A,Annual,DSP_L_OTH,"Disposal - landfill and other (D1-D7, D12)",THS_T,Thousand tonnes,IT,Italy,2008,,16069,,,,,
dataflow,ESTAT:ENV_WASMUN(1.0),Municipal waste by waste management operations,A,Annual,DSP_L_OTH,"Disposal - landfill and other (D1-D7, D12)",THS_T,Thousand tonnes,IT,Italy,2009,,15538,,,,,
dataflow,ESTAT:ENV_WASMUN(1.0),Municipal waste by waste management operations,A,Annual,DSP_L_OTH,"Disposal - landfill and other (D1-D7, D12)",THS_T,Thousand tonnes,IT,Italy,2010,,15015,,,,,
dataflow,ESTAT:ENV_WASMUN(1.0),Municipal waste by waste management operations,A,Annual,DSP_L_OTH,"Disposal - landfill and other (D1-D7, D12)",THS_T,Thousand tonnes,IT,Italy,2011,,13206,,,,,
dataflow,ESTAT:ENV_WASMUN(1.0),Municipal waste by waste management operations,A,Annual,DSP_L_OTH,"Disposal - landfill and other (D1-D7, D12)",THS_T,Thousand tonnes,IT,Italy,2012,,11720,,,,,
dataflow,ESTAT:ENV_WASMUN(1.0),Municipal waste by waste management operations,A,Annual,DSP_L_OTH,"Disposal - landfill and other (D1-D7, D12)",THS_T,Thousand tonnes,IT,Italy,2013,,10914,,,,,
dataflow,ESTAT:ENV_WASMUN(1.0),Municipal waste by waste management operations,A,Annual,DSP_L_OTH,"Disposal - landfill and other (D1-D7, D12)",THS_T,Thousand tonnes,IT,Italy,2014,,9332,,,,,
dataflow,ESTAT:ENV_WASMUN(1.0),Municipal waste by waste management operations,A,Annual,DSP_L_OTH,"Disposal - landfill and other (D1-D7, D12)",THS_T,Thousand tonnes,IT,Italy,2015,,7819,,,,,
dataflow,ESTAT:ENV_WASMUN(1.0),Municipal waste by waste management operations,A,Annual,DSP_L_OTH,"Disposal - landfill and other (D1-D7, D12)",THS_T,Thousand tonnes,IT,Italy,2016,,7432,,,,,
dataflow,ESTAT:ENV_WASMUN(1.0),Municipal waste by waste management operations,A,Annual,DSP_L_OTH,"Disposal - landfill and other (D1-D7, D12)",THS_T,Thousand tonnes,IT,Italy,2017,,6927,,,,,
dataflow,ESTAT:ENV_WASMUN(1.0),Municipal waste by waste management operations,A,Annual,DSP_L_OTH,"Disposal - landfill and other (D1-D7, D12)",THS_T,Thousand tonnes,IT,Italy,2018,,6486,,,,,
dataflow,ESTAT:ENV_WASMUN(1.0),Municipal waste by waste management operations,A,Annual,DSP_L_OTH,"Disposal - landfill and other (D1-D7, D12)",THS_T,Thousand tonnes,IT,Italy,2019,,6283,,,,,
dataflow,ESTAT:ENV_WASMUN(1.0),Municipal waste by waste management operations,A,Annual,DSP_L_OTH,"Disposal - landfill and other (D1-D7, D12)",THS_T,Thousand tonnes,IT,Italy,2020,,5817,,,,,
dataflow,ESTAT:ENV_WASMUN(1.0),Municipal waste by waste management operations,A,Annual,DSP_L_OTH,"Disposal - landfill and other (D1-D7, D12)",THS_T,Thousand tonnes,IT,Italy,2021,,5619,,,,,
dataflow,ESTAT:ENV_WASMUN(1.0),Municipal waste by waste management operations,A,Annual,DSP_L_OTH,"Disposal - landfill and other (D1-D7, D12)",THS_T,Thousand tonnes,IT,Italy,2022,,5173,,,,,
dataflow,ESTAT:ENV_WASMUN(1.0),Municipal waste by waste management operations,A,Annual,DSP_L_OTH,"Disposal - landfill and other (D1-D7, D12)",THS_T,Thousand tonnes,LT,Lithuania,1995,,1546,,,,,
dataflow,ESTAT:ENV_WASMUN(1.0),Municipal waste by waste management operations,A,Annual,DSP_L_OTH,"Disposal - landfill and other (D1-D7, D12)",THS_T,Thousand tonnes,LT,Lithuania,1996,,1445,,,,,
dataflow,ESTAT:ENV_WASMUN(1.0),Municipal waste by waste management operations,A,Annual,DSP_L_OTH,"Disposal - landfill and other (D1-D7, D12)",THS_T,Thousand tonnes,LT,Lithuania,1997,,1510,,,,,
dataflow,ESTAT:ENV_WASMUN(1.0),Municipal waste by waste management operations,A,Annual,DSP_L_OTH,"Disposal - landfill and other (D1-D7, D12)",THS_T,Thousand tonnes,LT,Lithuania,1998,,1578,,,,,
dataflow,ESTAT:ENV_WASMUN(1.0),Municipal waste by waste management operations,A,Annual,DSP_L_OTH,"Disposal - landfill and other (D1-D7, D12)",THS_T,Thousand tonnes,LT,Lithuania,1999,,1236,,b,break in time series,,
dataflow,ESTAT:ENV_WASMUN(1.0),Municipal waste by waste management operations,A,Annual,DSP_L_OTH,"Disposal - landfill and other (D1-D7, D12)",THS_T,Thousand tonnes,LT,Lithuania,2000,,1209,,,,,
dataflow,ESTAT:ENV_WASMUN(1.0),Municipal waste by waste management operations,A,Annual,DSP_L_OTH,"Disposal - landfill and other (D1-D7, D12)",THS_T,Thousand tonnes,LT,Lithuania,2001,,1169,,,,,
dataflow,ESTAT:ENV_WASMUN(1.0),Municipal waste by waste management operations,A,Annual,DSP_L_OTH,"Disposal - landfill and other (D1-D7, D12)",THS_T,Thousand tonnes,LT,Lithuania,2002,,1119,,e,estimated,,
dataflow,ESTAT:ENV_WASMUN(1.0),Municipal waste by waste management operations,A,Annual,DSP_L_OTH,"Disposal - landfill and other (D1-D7, D12)",THS_T,Thousand tonnes,LT,Lithuania,2003,,1136,,,,,
dataflow,ESTAT:ENV_WASMUN(1.0),Municipal waste by waste management operations,A,Annual,DSP_L_OTH,"Disposal - landfill and other (D1-D7, D12)",THS_T,Thousand tonnes,LT,Lithuania,2004,,1153,,,,,
dataflow,ESTAT:ENV_WASMUN(1.0),Municipal waste by waste management operations,A,Annual,DSP_L_OTH,"Disposal - landfill and other (D1-D7, D12)",THS_T,Thousand tonnes,LT,Lithuania,2005,,1174,,,,,
dataflow,ESTAT:ENV_WASMUN(1.0),Municipal waste by waste management operations,A,Annual,DSP_L_OTH,"Disposal - landfill and other (D1-D7, D12)",THS_T,Thousand tonnes,LT,Lithuania,2006,,1211,,,,,
dataflow,ESTAT:ENV_WASMUN(1.0),Municipal waste by waste management operations,A,Annual,DSP_L_OTH,"Disposal - landfill and other (D1-D7, D12)",THS_T,Thousand tonnes,LT,Lithuania,2007,,1245,,,,,
dataflow,ESTAT:ENV_WASMUN(1.0),Municipal waste by waste management operations,A,Annual,DSP_L_OTH,"Disposal - landfill and other (D1-D7, D12)",THS_T,Thousand tonnes,LT,Lithuania,2008,,1237,,,,,
dataflow,ESTAT:ENV_WASMUN(1.0),Municipal waste by waste management operations,A,Annual,DSP_L_OTH,"Disposal - landfill and other (D1-D7, D12)",THS_T,Thousand tonnes,LT,Lithuania,2009,,1093,,,,,
dataflow,ESTAT:ENV_WASMUN(1.0),Municipal waste by waste management operations,A,Annual,DSP_L_OTH,"Disposal - landfill and other (D1-D7, D12)",THS_T,Thousand tonnes,LT,Lithuania,2010,,1079,,,,,
dataflow,ESTAT:ENV_WASMUN(1.0),Municipal waste by waste management operations,A,Annual,DSP_L_OTH,"Disposal - landfill and other (D1-D7, D12)",THS_T,Thousand tonnes,LT,Lithuania,2011,,1034,,,,,
dataflow,ESTAT:ENV_WASMUN(1.0),Municipal waste by waste management operations,A,Annual,DSP_L_OTH,"Disposal - landfill and other (D1-D7, D12)",THS_T,Thousand tonnes,LT,Lithuania,2012,,971,,,,,
dataflow,ESTAT:ENV_WASMUN(1.0),Municipal waste by waste management operations,A,Annual,DSP_L_OTH,"Disposal - landfill and other (D1-D7, D12)",THS_T,Thousand tonnes,LT,Lithuania,2013,,798,,,,,
dataflow,ESTAT:ENV_WASMUN(1.0),Municipal waste by waste management operations,A,Annual,DSP_L_OTH,"Disposal - landfill and other (D1-D7, D12)",THS_T,Thousand tonnes,LT,Lithuania,2014,,748,,,,,
dataflow,ESTAT:ENV_WASMUN(1.0),Municipal waste by waste management operations,A,Annual,DSP_L_OTH,"Disposal - landfill and other (D1-D7, D12)",THS_T,Thousand tonnes,LT,Lithuania,2015,,702,,,,,
dataflow,ESTAT:ENV_WASMUN(1.0),Municipal waste by waste management operations,A,Annual,DSP_L_OTH,"Disposal - landfill and other (D1-D7, D12)",THS_T,Thousand tonnes,LT,Lithuania,2016,,379,,,,,
dataflow,ESTAT:ENV_WASMUN(1.0),Municipal waste by waste management operations,A,Annual,DSP_L_OTH,"Disposal - landfill and other (D1-D7, D12)",THS_T,Thousand tonnes,LT,Lithuania,2017,,421,,,,,
dataflow,ESTAT:ENV_WASMUN(1.0),Municipal waste by waste management operations,A,Annual,DSP_L_OTH,"Disposal - landfill and other (D1-D7, D12)",THS_T,Thousand tonnes,LT,Lithuania,2018,,320,,,,,
dataflow,ESTAT:ENV_WASMUN(1.0),Municipal waste by waste management operations,A,Annual,DSP_L_OTH,"Disposal - landfill and other (D1-D7, D12)",THS_T,Thousand tonnes,LT,Lithuania,2019,,284,,,,,
dataflow,ESTAT:ENV_WASMUN(1.0),Municipal waste by waste management operations,A,Annual,DSP_L_OTH,"Disposal - landfill and other (D1-D7, D12)",THS_T,Thousand tonnes,LT,Lithuania,2020,,220,,,,,
dataflow,ESTAT:ENV_WASMUN(1.0),Municipal waste by waste management operations,A,Annual,DSP_L_OTH,"Disposal - landfill and other (D1-D7, D12)",THS_T,Thousand tonnes,LT,Lithuania,2021,,207,,,,,
dataflow,ESTAT:ENV_WASMUN(1.0),Municipal waste by waste management operations,A,Annual,DSP_L_OTH,"Disposal - landfill and other (D1-D7, D12)",THS_T,Thousand tonnes,LT,Lithuania,2022,,180,,,,,
dataflow,ESTAT:ENV_WASMUN(1.0),Municipal waste by waste management operations,A,Annual,DSP_L_OTH,"Disposal - landfill and other (D1-D7, D12)",THS_T,Thousand tonnes,LT,Lithuania,2023,,100,,,,,
dataflow,ESTAT:ENV_WASMUN(1.0),Municipal waste by waste management operations,A,Annual,DSP_L_OTH,"Disposal - landfill and other (D1-D7, D12)",THS_T,Thousand tonnes,LU,Luxembourg,1995,,65,,,,,
dataflow,ESTAT:ENV_WASMUN(1.0),Municipal waste by waste management operations,A,Annual,DSP_L_OTH,"Disposal - landfill and other (D1-D7, D12)",THS_T,Thousand tonnes,LU,Luxembourg,1996,,67,,,,,
dataflow,ESTAT:ENV_WASMUN(1.0),Municipal waste by waste management operations,A,Annual,DSP_L_OTH,"Disposal - landfill and other (D1-D7, D12)",THS_T,Thousand tonnes,LU,Luxembourg,1997,,60,,,,,
dataflow,ESTAT:ENV_WASMUN(1.0),Municipal waste by waste management operations,A,Annual,DSP_L_OTH,"Disposal - landfill and other (D1-D7, D12)",THS_T,Thousand tonnes,LU,Luxembourg,1998,,62,,,,,
dataflow,ESTAT:ENV_WASMUN(1.0),Municipal waste by waste management operations,A,Annual,DSP_L_OTH,"Disposal - landfill and other (D1-D7, D12)",THS_T,Thousand tonnes,LU,Luxembourg,1999,,60,,,,,
dataflow,ESTAT:ENV_WASMUN(1.0),Municipal waste by waste management operations,A,Annual,DSP_L_OTH,"Disposal - landfill and other (D1-D7, D12)",THS_T,Thousand tonnes,LU,Luxembourg,2000,,60,,,,,
dataflow,ESTAT:ENV_WASMUN(1.0),Municipal waste by waste management operations,A,Annual,DSP_L_OTH,"Disposal - landfill and other (D1-D7, D12)",THS_T,Thousand tonnes,LU,Luxembourg,2001,,58,,,,,
dataflow,ESTAT:ENV_WASMUN(1.0),Municipal waste by waste management operations,A,Annual,DSP_L_OTH,"Disposal - landfill and other (D1-D7, D12)",THS_T,Thousand tonnes,LU,Luxembourg,2002,,57,,,,,
dataflow,ESTAT:ENV_WASMUN(1.0),Municipal waste by waste management operations,A,Annual,DSP_L_OTH,"Disposal - landfill and other (D1-D7, D12)",THS_T,Thousand tonnes,LU,Luxembourg,2003,,57,,,,,
dataflow,ESTAT:ENV_WASMUN(1.0),Municipal waste by waste management operations,A,Annual,DSP_L_OTH,"Disposal - landfill and other (D1-D7, D12)",THS_T,Thousand tonnes,LU,Luxembourg,2004,,52,,,,,
dataflow,ESTAT:ENV_WASMUN(1.0),Municipal waste by waste management operations,A,Annual,DSP_L_OTH,"Disposal - landfill and other (D1-D7, D12)",THS_T,Thousand tonnes,LU,Luxembourg,2005,,58,,,,,
dataflow,ESTAT:ENV_WASMUN(1.0),Municipal waste by waste management operations,A,Annual,DSP_L_OTH,"Disposal - landfill and other (D1-D7, D12)",THS_T,Thousand tonnes,LU,Luxembourg,2006,,56,,,,,
dataflow,ESTAT:ENV_WASMUN(1.0),Municipal waste by waste management operations,A,Annual,DSP_L_OTH,"Disposal - landfill and other (D1-D7, D12)",THS_T,Thousand tonnes,LU,Luxembourg,2007,,56,,,,,
dataflow,ESTAT:ENV_WASMUN(1.0),Municipal waste by waste management operations,A,Annual,DSP_L_OTH,"Disposal - landfill and other (D1-D7, D12)",THS_T,Thousand tonnes,LU,Luxembourg,2008,,53,,,,,
dataflow,ESTAT:ENV_WASMUN(1.0),Municipal waste by waste management operations,A,Annual,DSP_L_OTH,"Disposal - landfill and other (D1-D7, D12)",THS_T,Thousand tonnes,LU,Luxembourg,2009,,51,,,,,
dataflow,ESTAT:ENV_WASMUN(1.0),Municipal waste by waste management operations,A,Annual,DSP_L_OTH,"Disposal - landfill and other (D1-D7, D12)",THS_T,Thousand tonnes,LU,Luxembourg,2010,,55,,,,,
dataflow,ESTAT:ENV_WASMUN(1.0),Municipal waste by waste management operations,A,Annual,DSP_L_OTH,"Disposal - landfill and other (D1-D7, D12)",THS_T,Thousand tonnes,LU,Luxembourg,2011,,50,,,,,
dataflow,ESTAT:ENV_WASMUN(1.0),Municipal waste by waste management operations,A,Annual,DSP_L_OTH,"Disposal - landfill and other (D1-D7, D12)",THS_T,Thousand tonnes,LU,Luxembourg,2012,,50,,,,,
dataflow,ESTAT:ENV_WASMUN(1.0),Municipal waste by waste management operations,A,Annual,DSP_L_OTH,"Disposal - landfill and other (D1-D7, D12)",THS_T,Thousand tonnes,LU,Luxembourg,2013,,48,,,,,
dataflow,ESTAT:ENV_WASMUN(1.0),Municipal waste by waste management operations,A,Annual,DSP_L_OTH,"Disposal - landfill and other (D1-D7, D12)",THS_T,Thousand tonnes,LU,Luxembourg,2014,,50,,,,,
dataflow,ESTAT:ENV_WASMUN(1.0),Municipal waste by waste management operations,A,Annual,DSP_L_OTH,"Disposal - landfill and other (D1-D7, D12)",THS_T,Thousand tonnes,LU,Luxembourg,2015,,26,,,,,
dataflow,ESTAT:ENV_WASMUN(1.0),Municipal waste by waste management operations,A,Annual,DSP_L_OTH,"Disposal - landfill and other (D1-D7, D12)",THS_T,Thousand tonnes,LU,Luxembourg,2016,,20,,b,break in time series,,
dataflow,ESTAT:ENV_WASMUN(1.0),Municipal waste by waste management operations,A,Annual,DSP_L_OTH,"Disposal - landfill and other (D1-D7, D12)",THS_T,Thousand tonnes,LU,Luxembourg,2017,,21,,,,,
dataflow,ESTAT:ENV_WASMUN(1.0),Municipal waste by waste management operations,A,Annual,DSP_L_OTH,"Disposal - landfill and other (D1-D7, D12)",THS_T,Thousand tonnes,LU,Luxembourg,2018,,21,,,,,
dataflow,ESTAT:ENV_WASMUN(1.0),Municipal waste by waste management operations,A,Annual,DSP_L_OTH,"Disposal - landfill and other (D1-D7, D12)",THS_T,Thousand tonnes,LU,Luxembourg,2019,,22,,e,estimated,,
dataflow,ESTAT:ENV_WASMUN(1.0),Municipal waste by waste management operations,A,Annual,DSP_L_OTH,"Disposal - landfill and other (D1-D7, D12)",THS_T,Thousand tonnes,LU,Luxembourg,2020,,19,,i,value imputed by Eurostat or other receiving agencies,,
dataflow,ESTAT:ENV_WASMUN(1.0),Municipal waste by waste management operations,A,Annual,DSP_L_OTH,"Disposal - landfill and other (D1-D7, D12)",THS_T,Thousand tonnes,LU,Luxembourg,2021,,20,,,,,
dataflow,ESTAT:ENV_WASMUN(1.0),Municipal waste by waste management operations,A,Annual,DSP_L_OTH,"Disposal - landfill and other (D1-D7, D12)",THS_T,Thousand tonnes,LU,Luxembourg,2022,,13,,,,,
dataflow,ESTAT:ENV_WASMUN(1.0),Municipal waste by waste management operations,A,Annual,DSP_L_OTH,"Disposal - landfill and other (D1-D7, D12)",THS_T,Thousand tonnes,LU,Luxembourg,2023,,14,,,,,
dataflow,ESTAT:ENV_WASMUN(1.0),Municipal waste by waste management operations,A,Annual,DSP_L_OTH,"Disposal - landfill and other (D1-D7, D12)",THS_T,Thousand tonnes,LV,Latvia,1995,,457,,e,estimated,,
dataflow,ESTAT:ENV_WASMUN(1.0),Municipal waste by waste management operations,A,Annual,DSP_L_OTH,"Disposal - landfill and other (D1-D7, D12)",THS_T,Thousand tonnes,LV,Latvia,1996,,476,,e,estimated,,
dataflow,ESTAT:ENV_WASMUN(1.0),Municipal waste by waste management operations,A,Annual,DSP_L_OTH,"Disposal - landfill and other (D1-D7, D12)",THS_T,Thousand tonnes,LV,Latvia,1997,,506,,e,estimated,,
dataflow,ESTAT:ENV_WASMUN(1.0),Municipal waste by waste management operations,A,Annual,DSP_L_OTH,"Disposal - landfill and other (D1-D7, D12)",THS_T,Thousand tonnes,LV,Latvia,1998,,537,,e,estimated,,
dataflow,ESTAT:ENV_WASMUN(1.0),Municipal waste by waste management operations,A,Annual,DSP_L_OTH,"Disposal - landfill and other (D1-D7, D12)",THS_T,Thousand tonnes,LV,Latvia,1999,,567,,e,estimated,,
dataflow,ESTAT:ENV_WASMUN(1.0),Municipal waste by waste management operations,A,Annual,DSP_L_OTH,"Disposal - landfill and other (D1-D7, D12)",THS_T,Thousand tonnes,LV,Latvia,2000,,597,,e,estimated,,
dataflow,ESTAT:ENV_WASMUN(1.0),Municipal waste by waste management operations,A,Annual,DSP_L_OTH,"Disposal - landfill and other (D1-D7, D12)",THS_T,Thousand tonnes,LV,Latvia,2001,,628,,e,estimated,,
dataflow,ESTAT:ENV_WASMUN(1.0),Municipal waste by waste management operations,A,Annual,DSP_L_OTH,"Disposal - landfill and other (D1-D7, D12)",THS_T,Thousand tonnes,LV,Latvia,2002,,657,,b,break in time series,,
dataflow,ESTAT:ENV_WASMUN(1.0),Municipal waste by waste management operations,A,Annual,DSP_L_OTH,"Disposal - landfill and other (D1-D7, D12)",THS_T,Thousand tonnes,LV,Latvia,2003,,579,,,,,
dataflow,ESTAT:ENV_WASMUN(1.0),Municipal waste by waste management operations,A,Annual,DSP_L_OTH,"Disposal - landfill and other (D1-D7, D12)",THS_T,Thousand tonnes,LV,Latvia,2004,,601,,,,,
dataflow,ESTAT:ENV_WASMUN(1.0),Municipal waste by waste management operations,A,Annual,DSP_L_OTH,"Disposal - landfill and other (D1-D7, D12)",THS_T,Thousand tonnes,LV,Latvia,2005,,561,,,,,
dataflow,ESTAT:ENV_WASMUN(1.0),Municipal waste by waste management operations,A,Annual,DSP_L_OTH,"Disposal - landfill and other (D1-D7, D12)",THS_T,Thousand tonnes,LV,Latvia,2006,,670,,,,,
dataflow,ESTAT:ENV_WASMUN(1.0),Municipal waste by waste management operations,A,Annual,DSP_L_OTH,"Disposal - landfill and other (D1-D7, D12)",THS_T,Thousand tonnes,LV,Latvia,2007,,735,,,,,
dataflow,ESTAT:ENV_WASMUN(1.0),Municipal waste by waste management operations,A,Annual,DSP_L_OTH,"Disposal - landfill and other (D1-D7, D12)",THS_T,Thousand tonnes,LV,Latvia,2008,,705,,,,,
dataflow,ESTAT:ENV_WASMUN(1.0),Municipal waste by waste management operations,A,Annual,DSP_L_OTH,"Disposal - landfill and other (D1-D7, D12)",THS_T,Thousand tonnes,LV,Latvia,2009,,694,,,,,
dataflow,ESTAT:ENV_WASMUN(1.0),Municipal waste by waste management operations,A,Annual,DSP_L_OTH,"Disposal - landfill and other (D1-D7, D12)",THS_T,Thousand tonnes,LV,Latvia,2010,,617,,,,,
dataflow,ESTAT:ENV_WASMUN(1.0),Municipal waste by waste management operations,A,Annual,DSP_L_OTH,"Disposal - landfill and other (D1-D7, D12)",THS_T,Thousand tonnes,LV,Latvia,2011,,531,,,,,
dataflow,ESTAT:ENV_WASMUN(1.0),Municipal waste by waste management operations,A,Annual,DSP_L_OTH,"Disposal - landfill and other (D1-D7, D12)",THS_T,Thousand tonnes,LV,Latvia,2012,,516,,,,,
dataflow,ESTAT:ENV_WASMUN(1.0),Municipal waste by waste management operations,A,Annual,DSP_L_OTH,"Disposal - landfill and other (D1-D7, D12)",THS_T,Thousand tonnes,LV,Latvia,2013,,521,,,,,
dataflow,ESTAT:ENV_WASMUN(1.0),Municipal waste by waste management operations,A,Annual,DSP_L_OTH,"Disposal - landfill and other (D1-D7, D12)",THS_T,Thousand tonnes,LV,Latvia,2014,,515,,,,,
dataflow,ESTAT:ENV_WASMUN(1.0),Municipal waste by waste management operations,A,Annual,DSP_L_OTH,"Disposal - landfill and other (D1-D7, D12)",THS_T,Thousand tonnes,LV,Latvia,2015,,494,,,,,
dataflow,ESTAT:ENV_WASMUN(1.0),Municipal waste by waste management operations,A,Annual,DSP_L_OTH,"Disposal - landfill and other (D1-D7, D12)",THS_T,Thousand tonnes,LV,Latvia,2016,,516,,,,,
dataflow,ESTAT:ENV_WASMUN(1.0),Municipal waste by waste management operations,A,Annual,DSP_L_OTH,"Disposal - landfill and other (D1-D7, D12)",THS_T,Thousand tonnes,LV,Latvia,2017,,518,,,,,
dataflow,ESTAT:ENV_WASMUN(1.0),Municipal waste by waste management operations,A,Annual,DSP_L_OTH,"Disposal - landfill and other (D1-D7, D12)",THS_T,Thousand tonnes,LV,Latvia,2018,,462,,,,,
dataflow,ESTAT:ENV_WASMUN(1.0),Municipal waste by waste management operations,A,Annual,DSP_L_OTH,"Disposal - landfill and other (D1-D7, D12)",THS_T,Thousand tonnes,LV,Latvia,2019,,482,,i,value imputed by Eurostat or other receiving agencies,,
dataflow,ESTAT:ENV_WASMUN(1.0),Municipal waste by waste management operations,A,Annual,DSP_L_OTH,"Disposal - landfill and other (D1-D7, D12)",THS_T,Thousand tonnes,LV,Latvia,2020,,480,,,,,
dataflow,ESTAT:ENV_WASMUN(1.0),Municipal waste by waste management operations,A,Annual,DSP_L_OTH,"Disposal - landfill and other (D1-D7, D12)",THS_T,Thousand tonnes,LV,Latvia,2021,,456,,,,,
dataflow,ESTAT:ENV_WASMUN(1.0),Municipal waste by waste management operations,A,Annual,DSP_L_OTH,"Disposal - landfill and other (D1-D7, D12)",THS_T,Thousand tonnes,LV,Latvia,2022,,380,,,,,
dataflow,ESTAT:ENV_WASMUN(1.0),Municipal waste by waste management operations,A,Annual,DSP_L_OTH,"Disposal - landfill and other (D1-D7, D12)",THS_T,Thousand tonnes,ME,Montenegro,2011,,271,,e,estimated,,
dataflow,ESTAT:ENV_WASMUN(1.0),Municipal waste by waste management operations,A,Annual,DSP_L_OTH,"Disposal - landfill and other (D1-D7, D12)",THS_T,Thousand tonnes,ME,Montenegro,2012,,270,,e,estimated,,
dataflow,ESTAT:ENV_WASMUN(1.0),Municipal waste by waste management operations,A,Annual,DSP_L_OTH,"Disposal - landfill and other (D1-D7, D12)",THS_T,Thousand tonnes,ME,Montenegro,2013,,287,,e,estimated,,
dataflow,ESTAT:ENV_WASMUN(1.0),Municipal waste by waste management operations,A,Annual,DSP_L_OTH,"Disposal - landfill and other (D1-D7, D12)",THS_T,Thousand tonnes,ME,Montenegro,2014,,284,,e,estimated,,
dataflow,ESTAT:ENV_WASMUN(1.0),Municipal waste by waste management operations,A,Annual,DSP_L_OTH,"Disposal - landfill and other (D1-D7, D12)",THS_T,Thousand tonnes,ME,Montenegro,2015,,294,,e,estimated,,
dataflow,ESTAT:ENV_WASMUN(1.0),Municipal waste by waste management operations,A,Annual,DSP_L_OTH,"Disposal - landfill and other (D1-D7, D12)",THS_T,Thousand tonnes,ME,Montenegro,2016,,290,,e,estimated,,
dataflow,ESTAT:ENV_WASMUN(1.0),Municipal waste by waste management operations,A,Annual,DSP_L_OTH,"Disposal - landfill and other (D1-D7, D12)",THS_T,Thousand tonnes,ME,Montenegro,2018,,280,,e,estimated,,
dataflow,ESTAT:ENV_WASMUN(1.0),Municipal waste by waste management operations,A,Annual,DSP_L_OTH,"Disposal - landfill and other (D1-D7, D12)",THS_T,Thousand tonnes,ME,Montenegro,2019,,301,,e,estimated,,
dataflow,ESTAT:ENV_WASMUN(1.0),Municipal waste by waste management operations,A,Annual,DSP_L_OTH,"Disposal - landfill and other (D1-D7, D12)",THS_T,Thousand tonnes,ME,Montenegro,2020,,268,,e,estimated,,
dataflow,ESTAT:ENV_WASMUN(1.0),Municipal waste by waste management operations,A,Annual,DSP_L_OTH,"Disposal - landfill and other (D1-D7, D12)",THS_T,Thousand tonnes,ME,Montenegro,2021,,297,,e,estimated,,
dataflow,ESTAT:ENV_WASMUN(1.0),Municipal waste by waste management operations,A,Annual,DSP_L_OTH,"Disposal - landfill and other (D1-D7, D12)",THS_T,Thousand tonnes,ME,Montenegro,2022,,312,,e,estimated,,
dataflow,ESTAT:ENV_WASMUN(1.0),Municipal waste by waste management operations,A,Annual,DSP_L_OTH,"Disposal - landfill and other (D1-D7, D12)",THS_T,Thousand tonnes,ME,Montenegro,2023,,332,,e,estimated,,
dataflow,ESTAT:ENV_WASMUN(1.0),Municipal waste by waste management operations,A,Annual,DSP_L_OTH,"Disposal - landfill and other (D1-D7, D12)",THS_T,Thousand tonnes,MK,North Macedonia,2008,,531,,,,,
dataflow,ESTAT:ENV_WASMUN(1.0),Municipal waste by waste management operations,A,Annual,DSP_L_OTH,"Disposal - landfill and other (D1-D7, D12)",THS_T,Thousand tonnes,MK,North Macedonia,2009,,726,,,,,
dataflow,ESTAT:ENV_WASMUN(1.0),Municipal waste by waste management operations,A,Annual,DSP_L_OTH,"Disposal - landfill and other (D1-D7, D12)",THS_T,Thousand tonnes,MK,North Macedonia,2010,,721,,,,,
dataflow,ESTAT:ENV_WASMUN(1.0),Municipal waste by waste management operations,A,Annual,DSP_L_OTH,"Disposal - landfill and other (D1-D7, D12)",THS_T,Thousand tonnes,MK,North Macedonia,2011,,735,,,,,
dataflow,ESTAT:ENV_WASMUN(1.0),Municipal waste by waste management operations,A,Annual,DSP_L_OTH,"Disposal - landfill and other (D1-D7, D12)",THS_T,Thousand tonnes,MK,North Macedonia,2012,,786,,,,,
dataflow,ESTAT:ENV_WASMUN(1.0),Municipal waste by waste management operations,A,Annual,DSP_L_OTH,"Disposal - landfill and other (D1-D7, D12)",THS_T,Thousand tonnes,MK,North Macedonia,2013,,793,,,,,
dataflow,ESTAT:ENV_WASMUN(1.0),Municipal waste by waste management operations,A,Annual,DSP_L_OTH,"Disposal - landfill and other (D1-D7, D12)",THS_T,Thousand tonnes,MK,North Macedonia,2014,,765,,,,,
dataflow,ESTAT:ENV_WASMUN(1.0),Municipal waste by waste management operations,A,Annual,DSP_L_OTH,"Disposal - landfill and other (D1-D7, D12)",THS_T,Thousand tonnes,MK,North Macedonia,2015,,786,,,,,
dataflow,ESTAT:ENV_WASMUN(1.0),Municipal waste by waste management operations,A,Annual,DSP_L_OTH,"Disposal - landfill and other (D1-D7, D12)",THS_T,Thousand tonnes,MK,North Macedonia,2016,,797,,,,,
dataflow,ESTAT:ENV_WASMUN(1.0),Municipal waste by waste management operations,A,Annual,DSP_L_OTH,"Disposal - landfill and other (D1-D7, D12)",THS_T,Thousand tonnes,MK,North Macedonia,2017,,714,,,,,
dataflow,ESTAT:ENV_WASMUN(1.0),Municipal waste by waste management operations,A,Annual,DSP_L_OTH,"Disposal - landfill and other (D1-D7, D12)",THS_T,Thousand tonnes,MK,North Macedonia,2018,,625,,,,,
dataflow,ESTAT:ENV_WASMUN(1.0),Municipal waste by waste management operations,A,Annual,DSP_L_OTH,"Disposal - landfill and other (D1-D7, D12)",THS_T,Thousand tonnes,MK,North Macedonia,2019,,632,,i,value imputed by Eurostat or other receiving agencies,,
dataflow,ESTAT:ENV_WASMUN(1.0),Municipal waste by waste management operations,A,Annual,DSP_L_OTH,"Disposal - landfill and other (D1-D7, D12)",THS_T,Thousand tonnes,MK,North Macedonia,2020,,630,,i,value imputed by Eurostat or other receiving agencies,,
dataflow,ESTAT:ENV_WASMUN(1.0),Municipal waste by waste management operations,A,Annual,DSP_L_OTH,"Disposal - landfill and other (D1-D7, D12)",THS_T,Thousand tonnes,MK,North Macedonia,2021,,632,,,,,
dataflow,ESTAT:ENV_WASMUN(1.0),Municipal waste by waste management operations,A,Annual,DSP_L_OTH,"Disposal - landfill and other (D1-D7, D12)",THS_T,Thousand tonnes,MK,North Macedonia,2022,,606,,,,,
dataflow,ESTAT:ENV_WASMUN(1.0),Municipal waste by waste management operations,A,Annual,DSP_L_OTH,"Disposal - landfill and other (D1-D7, D12)",THS_T,Thousand tonnes,MT,Malta,1995,,126,,e,estimated,,
dataflow,ESTAT:ENV_WASMUN(1.0),Municipal waste by waste management operations,A,Annual,DSP_L_OTH,"Disposal - landfill and other (D1-D7, D12)",THS_T,Thousand tonnes,MT,Malta,1996,,137,,e,estimated,,
dataflow,ESTAT:ENV_WASMUN(1.0),Municipal waste by waste management operations,A,Annual,DSP_L_OTH,"Disposal - landfill and other (D1-D7, D12)",THS_T,Thousand tonnes,MT,Malta,1997,,148,,e,estimated,,
dataflow,ESTAT:ENV_WASMUN(1.0),Municipal waste by waste management operations,A,Annual,DSP_L_OTH,"Disposal - landfill and other (D1-D7, D12)",THS_T,Thousand tonnes,MT,Malta,1998,,159,,e,estimated,,
dataflow,ESTAT:ENV_WASMUN(1.0),Municipal waste by waste management operations,A,Annual,DSP_L_OTH,"Disposal - landfill and other (D1-D7, D12)",THS_T,Thousand tonnes,MT,Malta,1999,,167,,,,,
dataflow,ESTAT:ENV_WASMUN(1.0),Municipal waste by waste management operations,A,Annual,DSP_L_OTH,"Disposal - landfill and other (D1-D7, D12)",THS_T,Thousand tonnes,MT,Malta,2000,,188,,,,,
dataflow,ESTAT:ENV_WASMUN(1.0),Municipal waste by waste management operations,A,Annual,DSP_L_OTH,"Disposal - landfill and other (D1-D7, D12)",THS_T,Thousand tonnes,MT,Malta,2001,,193,,,,,
dataflow,ESTAT:ENV_WASMUN(1.0),Municipal waste by waste management operations,A,Annual,DSP_L_OTH,"Disposal - landfill and other (D1-D7, D12)",THS_T,Thousand tonnes,MT,Malta,2002,,204,,,,,
dataflow,ESTAT:ENV_WASMUN(1.0),Municipal waste by waste management operations,A,Annual,DSP_L_OTH,"Disposal - landfill and other (D1-D7, D12)",THS_T,Thousand tonnes,MT,Malta,2003,,216,,,,,
dataflow,ESTAT:ENV_WASMUN(1.0),Municipal waste by waste management operations,A,Annual,DSP_L_OTH,"Disposal - landfill and other (D1-D7, D12)",THS_T,Thousand tonnes,MT,Malta,2004,,238,,,,,
dataflow,ESTAT:ENV_WASMUN(1.0),Municipal waste by waste management operations,A,Annual,DSP_L_OTH,"Disposal - landfill and other (D1-D7, D12)",THS_T,Thousand tonnes,MT,Malta,2005,,230,,,,,
dataflow,ESTAT:ENV_WASMUN(1.0),Municipal waste by waste management operations,A,Annual,DSP_L_OTH,"Disposal - landfill and other (D1-D7, D12)",THS_T,Thousand tonnes,MT,Malta,2006,,234,,,,,
dataflow,ESTAT:ENV_WASMUN(1.0),Municipal waste by waste management operations,A,Annual,DSP_L_OTH,"Disposal - landfill and other (D1-D7, D12)",THS_T,Thousand tonnes,MT,Malta,2007,,263,,,,,
dataflow,ESTAT:ENV_WASMUN(1.0),Municipal waste by waste management operations,A,Annual,DSP_L_OTH,"Disposal - landfill and other (D1-D7, D12)",THS_T,Thousand tonnes,MT,Malta,2008,,268,,,,,
dataflow,ESTAT:ENV_WASMUN(1.0),Municipal waste by waste management operations,A,Annual,DSP_L_OTH,"Disposal - landfill and other (D1-D7, D12)",THS_T,Thousand tonnes,MT,Malta,2009,,258,,,,,
dataflow,ESTAT:ENV_WASMUN(1.0),Municipal waste by waste management operations,A,Annual,DSP_L_OTH,"Disposal - landfill and other (D1-D7, D12)",THS_T,Thousand tonnes,MT,Malta,2010,,226,,,,,
dataflow,ESTAT:ENV_WASMUN(1.0),Municipal waste by waste management operations,A,Annual,DSP_L_OTH,"Disposal - landfill and other (D1-D7, D12)",THS_T,Thousand tonnes,MT,Malta,2011,,213,,,,,
dataflow,ESTAT:ENV_WASMUN(1.0),Municipal waste by waste management operations,A,Annual,DSP_L_OTH,"Disposal - landfill and other (D1-D7, D12)",THS_T,Thousand tonnes,MT,Malta,2012,,211,,,,,
dataflow,ESTAT:ENV_WASMUN(1.0),Municipal waste by waste management operations,A,Annual,DSP_L_OTH,"Disposal - landfill and other (D1-D7, D12)",THS_T,Thousand tonnes,MT,Malta,2013,,210,,,,,
dataflow,ESTAT:ENV_WASMUN(1.0),Municipal waste by waste management operations,A,Annual,DSP_L_OTH,"Disposal - landfill and other (D1-D7, D12)",THS_T,Thousand tonnes,MT,Malta,2014,,219,,,,,
dataflow,ESTAT:ENV_WASMUN(1.0),Municipal waste by waste management operations,A,Annual,DSP_L_OTH,"Disposal - landfill and other (D1-D7, D12)",THS_T,Thousand tonnes,MT,Malta,2015,,300,,,,,
dataflow,ESTAT:ENV_WASMUN(1.0),Municipal waste by waste management operations,A,Annual,DSP_L_OTH,"Disposal - landfill and other (D1-D7, D12)",THS_T,Thousand tonnes,MT,Malta,2016,,222,,,,,
dataflow,ESTAT:ENV_WASMUN(1.0),Municipal waste by waste management operations,A,Annual,DSP_L_OTH,"Disposal - landfill and other (D1-D7, D12)",THS_T,Thousand tonnes,MT,Malta,2017,,248,,,,,
dataflow,ESTAT:ENV_WASMUN(1.0),Municipal waste by waste management operations,A,Annual,DSP_L_OTH,"Disposal - landfill and other (D1-D7, D12)",THS_T,Thousand tonnes,MT,Malta,2018,,272,,,,,
dataflow,ESTAT:ENV_WASMUN(1.0),Municipal waste by waste management operations,A,Annual,DSP_L_OTH,"Disposal - landfill and other (D1-D7, D12)",THS_T,Thousand tonnes,MT,Malta,2019,,321,,,,,
dataflow,ESTAT:ENV_WASMUN(1.0),Municipal waste by waste management operations,A,Annual,DSP_L_OTH,"Disposal - landfill and other (D1-D7, D12)",THS_T,Thousand tonnes,MT,Malta,2020,,274,,,,,
dataflow,ESTAT:ENV_WASMUN(1.0),Municipal waste by waste management operations,A,Annual,DSP_L_OTH,"Disposal - landfill and other (D1-D7, D12)",THS_T,Thousand tonnes,MT,Malta,2021,,269,,,,,
dataflow,ESTAT:ENV_WASMUN(1.0),Municipal waste by waste management operations,A,Annual,DSP_L_OTH,"Disposal - landfill and other (D1-D7, D12)",THS_T,Thousand tonnes,MT,Malta,2022,,273,,,,,
dataflow,ESTAT:ENV_WASMUN(1.0),Municipal waste by waste management operations,A,Annual,DSP_L_OTH,"Disposal - landfill and other (D1-D7, D12)",THS_T,Thousand tonnes,MT,Malta,2023,,247,,,,,
dataflow,ESTAT:ENV_WASMUN(1.0),Municipal waste by waste management operations,A,Annual,DSP_L_OTH,"Disposal - landfill and other (D1-D7, D12)",THS_T,Thousand tonnes,NL,Netherlands,1995,,2425,,,,,
dataflow,ESTAT:ENV_WASMUN(1.0),Municipal waste by waste management operations,A,Annual,DSP_L_OTH,"Disposal - landfill and other (D1-D7, D12)",THS_T,Thousand tonnes,NL,Netherlands,1996,,1778,,,,,
dataflow,ESTAT:ENV_WASMUN(1.0),Municipal waste by waste management operations,A,Annual,DSP_L_OTH,"Disposal - landfill and other (D1-D7, D12)",THS_T,Thousand tonnes,NL,Netherlands,1997,,1080,,,,,
dataflow,ESTAT:ENV_WASMUN(1.0),Municipal waste by waste management operations,A,Annual,DSP_L_OTH,"Disposal - landfill and other (D1-D7, D12)",THS_T,Thousand tonnes,NL,Netherlands,1998,,838,,,,,
dataflow,ESTAT:ENV_WASMUN(1.0),Municipal waste by waste management operations,A,Annual,DSP_L_OTH,"Disposal - landfill and other (D1-D7, D12)",THS_T,Thousand tonnes,NL,Netherlands,1999,,616,,,,,
dataflow,ESTAT:ENV_WASMUN(1.0),Municipal waste by waste management operations,A,Annual,DSP_L_OTH,"Disposal - landfill and other (D1-D7, D12)",THS_T,Thousand tonnes,NL,Netherlands,2000,,900,,,,,
dataflow,ESTAT:ENV_WASMUN(1.0),Municipal waste by waste management operations,A,Annual,DSP_L_OTH,"Disposal - landfill and other (D1-D7, D12)",THS_T,Thousand tonnes,NL,Netherlands,2001,,783,,,,,
dataflow,ESTAT:ENV_WASMUN(1.0),Municipal waste by waste management operations,A,Annual,DSP_L_OTH,"Disposal - landfill and other (D1-D7, D12)",THS_T,Thousand tonnes,NL,Netherlands,2002,,800,,,,,
dataflow,ESTAT:ENV_WASMUN(1.0),Municipal waste by waste management operations,A,Annual,DSP_L_OTH,"Disposal - landfill and other (D1-D7, D12)",THS_T,Thousand tonnes,NL,Netherlands,2003,,252,,,,,
dataflow,ESTAT:ENV_WASMUN(1.0),Municipal waste by waste management operations,A,Annual,DSP_L_OTH,"Disposal - landfill and other (D1-D7, D12)",THS_T,Thousand tonnes,NL,Netherlands,2004,,159,,,,,
dataflow,ESTAT:ENV_WASMUN(1.0),Municipal waste by waste management operations,A,Annual,DSP_L_OTH,"Disposal - landfill and other (D1-D7, D12)",THS_T,Thousand tonnes,NL,Netherlands,2005,,168,,,,,
dataflow,ESTAT:ENV_WASMUN(1.0),Municipal waste by waste management operations,A,Annual,DSP_L_OTH,"Disposal - landfill and other (D1-D7, D12)",THS_T,Thousand tonnes,NL,Netherlands,2006,,232,,,,,
dataflow,ESTAT:ENV_WASMUN(1.0),Municipal waste by waste management operations,A,Annual,DSP_L_OTH,"Disposal - landfill and other (D1-D7, D12)",THS_T,Thousand tonnes,NL,Netherlands,2007,,199,,,,,
dataflow,ESTAT:ENV_WASMUN(1.0),Municipal waste by waste management operations,A,Annual,DSP_L_OTH,"Disposal - landfill and other (D1-D7, D12)",THS_T,Thousand tonnes,NL,Netherlands,2008,,154,,b,break in time series,,
dataflow,ESTAT:ENV_WASMUN(1.0),Municipal waste by waste management operations,A,Annual,DSP_L_OTH,"Disposal - landfill and other (D1-D7, D12)",THS_T,Thousand tonnes,NL,Netherlands,2009,,152,,,,,
dataflow,ESTAT:ENV_WASMUN(1.0),Municipal waste by waste management operations,A,Annual,DSP_L_OTH,"Disposal - landfill and other (D1-D7, D12)",THS_T,Thousand tonnes,NL,Netherlands,2010,,145,,,,,
dataflow,ESTAT:ENV_WASMUN(1.0),Municipal waste by waste management operations,A,Annual,DSP_L_OTH,"Disposal - landfill and other (D1-D7, D12)",THS_T,Thousand tonnes,NL,Netherlands,2011,,151,,,,,
dataflow,ESTAT:ENV_WASMUN(1.0),Municipal waste by waste management operations,A,Annual,DSP_L_OTH,"Disposal - landfill and other (D1-D7, D12)",THS_T,Thousand tonnes,NL,Netherlands,2012,,138,,,,,
dataflow,ESTAT:ENV_WASMUN(1.0),Municipal waste by waste management operations,A,Annual,DSP_L_OTH,"Disposal - landfill and other (D1-D7, D12)",THS_T,Thousand tonnes,NL,Netherlands,2013,,131,,,,,
dataflow,ESTAT:ENV_WASMUN(1.0),Municipal waste by waste management operations,A,Annual,DSP_L_OTH,"Disposal - landfill and other (D1-D7, D12)",THS_T,Thousand tonnes,NL,Netherlands,2014,,128,,,,,
dataflow,ESTAT:ENV_WASMUN(1.0),Municipal waste by waste management operations,A,Annual,DSP_L_OTH,"Disposal - landfill and other (D1-D7, D12)",THS_T,Thousand tonnes,NL,Netherlands,2015,,125,,,,,
dataflow,ESTAT:ENV_WASMUN(1.0),Municipal waste by waste management operations,A,Annual,DSP_L_OTH,"Disposal - landfill and other (D1-D7, D12)",THS_T,Thousand tonnes,NL,Netherlands,2016,,127,,,,,
dataflow,ESTAT:ENV_WASMUN(1.0),Municipal waste by waste management operations,A,Annual,DSP_L_OTH,"Disposal - landfill and other (D1-D7, D12)",THS_T,Thousand tonnes,NL,Netherlands,2017,,124,,,,,
dataflow,ESTAT:ENV_WASMUN(1.0),Municipal waste by waste management operations,A,Annual,DSP_L_OTH,"Disposal - landfill and other (D1-D7, D12)",THS_T,Thousand tonnes,NL,Netherlands,2018,,125,,,,,
dataflow,ESTAT:ENV_WASMUN(1.0),Municipal waste by waste management operations,A,Annual,DSP_L_OTH,"Disposal - landfill and other (D1-D7, D12)",THS_T,Thousand tonnes,NL,Netherlands,2019,,124,,,,,
dataflow,ESTAT:ENV_WASMUN(1.0),Municipal waste by waste management operations,A,Annual,DSP_L_OTH,"Disposal - landfill and other (D1-D7, D12)",THS_T,Thousand tonnes,NL,Netherlands,2020,,127,,,,,
dataflow,ESTAT:ENV_WASMUN(1.0),Municipal waste by waste management operations,A,Annual,DSP_L_OTH,"Disposal - landfill and other (D1-D7, D12)",THS_T,Thousand tonnes,NL,Netherlands,2021,,121,,,,,
dataflow,ESTAT:ENV_WASMUN(1.0),Municipal waste by waste management operations,A,Annual,DSP_L_OTH,"Disposal - landfill and other (D1-D7, D12)",THS_T,Thousand tonnes,NL,Netherlands,2022,,118,,p,provisional,,
dataflow,ESTAT:ENV_WASMUN(1.0),Municipal waste by waste management operations,A,Annual,DSP_L_OTH,"Disposal - landfill and other (D1-D7, D12)",THS_T,Thousand tonnes,NL,Netherlands,2023,,117,,,,,
dataflow,ESTAT:ENV_WASMUN(1.0),Municipal waste by waste management operations,A,Annual,DSP_L_OTH,"Disposal - landfill and other (D1-D7, D12)",THS_T,Thousand tonnes,NO,Norway,1995,,1982,,,,,
dataflow,ESTAT:ENV_WASMUN(1.0),Municipal waste by waste management operations,A,Annual,DSP_L_OTH,"Disposal - landfill and other (D1-D7, D12)",THS_T,Thousand tonnes,NO,Norway,1996,,1859,,,,,
dataflow,ESTAT:ENV_WASMUN(1.0),Municipal waste by waste management operations,A,Annual,DSP_L_OTH,"Disposal - landfill and other (D1-D7, D12)",THS_T,Thousand tonnes,NO,Norway,1997,,1683,,,,,
dataflow,ESTAT:ENV_WASMUN(1.0),Municipal waste by waste management operations,A,Annual,DSP_L_OTH,"Disposal - landfill and other (D1-D7, D12)",THS_T,Thousand tonnes,NO,Norway,1998,,1843,,,,,
dataflow,ESTAT:ENV_WASMUN(1.0),Municipal waste by waste management operations,A,Annual,DSP_L_OTH,"Disposal - landfill and other (D1-D7, D12)",THS_T,Thousand tonnes,NO,Norway,1999,,1459,,,,,
dataflow,ESTAT:ENV_WASMUN(1.0),Municipal waste by waste management operations,A,Annual,DSP_L_OTH,"Disposal - landfill and other (D1-D7, D12)",THS_T,Thousand tonnes,NO,Norway,2000,,1507,,,,,
dataflow,ESTAT:ENV_WASMUN(1.0),Municipal waste by waste management operations,A,Annual,DSP_L_OTH,"Disposal - landfill and other (D1-D7, D12)",THS_T,Thousand tonnes,NO,Norway,2001,,413,,b,break in time series,,
dataflow,ESTAT:ENV_WASMUN(1.0),Municipal waste by waste management operations,A,Annual,DSP_L_OTH,"Disposal - landfill and other (D1-D7, D12)",THS_T,Thousand tonnes,NO,Norway,2002,,424,,,,,
dataflow,ESTAT:ENV_WASMUN(1.0),Municipal waste by waste management operations,A,Annual,DSP_L_OTH,"Disposal - landfill and other (D1-D7, D12)",THS_T,Thousand tonnes,NO,Norway,2003,,393,,,,,
dataflow,ESTAT:ENV_WASMUN(1.0),Municipal waste by waste management operations,A,Annual,DSP_L_OTH,"Disposal - landfill and other (D1-D7, D12)",THS_T,Thousand tonnes,NO,Norway,2004,,375,,,,,
dataflow,ESTAT:ENV_WASMUN(1.0),Municipal waste by waste management operations,A,Annual,DSP_L_OTH,"Disposal - landfill and other (D1-D7, D12)",THS_T,Thousand tonnes,NO,Norway,2005,,355,,,,,
dataflow,ESTAT:ENV_WASMUN(1.0),Municipal waste by waste management operations,A,Annual,DSP_L_OTH,"Disposal - landfill and other (D1-D7, D12)",THS_T,Thousand tonnes,NO,Norway,2006,,390,,,,,
dataflow,ESTAT:ENV_WASMUN(1.0),Municipal waste by waste management operations,A,Annual,DSP_L_OTH,"Disposal - landfill and other (D1-D7, D12)",THS_T,Thousand tonnes,NO,Norway,2007,,432,,,,,
dataflow,ESTAT:ENV_WASMUN(1.0),Municipal waste by waste management operations,A,Annual,DSP_L_OTH,"Disposal - landfill and other (D1-D7, D12)",THS_T,Thousand tonnes,NO,Norway,2008,,415,,,,,
dataflow,ESTAT:ENV_WASMUN(1.0),Municipal waste by waste management operations,A,Annual,DSP_L_OTH,"Disposal - landfill and other (D1-D7, D12)",THS_T,Thousand tonnes,NO,Norway,2009,,324,,,,,
dataflow,ESTAT:ENV_WASMUN(1.0),Municipal waste by waste management operations,A,Annual,DSP_L_OTH,"Disposal - landfill and other (D1-D7, D12)",THS_T,Thousand tonnes,NO,Norway,2010,,137,,,,,
dataflow,ESTAT:ENV_WASMUN(1.0),Municipal waste by waste management operations,A,Annual,DSP_L_OTH,"Disposal - landfill and other (D1-D7, D12)",THS_T,Thousand tonnes,NO,Norway,2011,,56,,,,,
dataflow,ESTAT:ENV_WASMUN(1.0),Municipal waste by waste management operations,A,Annual,DSP_L_OTH,"Disposal - landfill and other (D1-D7, D12)",THS_T,Thousand tonnes,NO,Norway,2012,,44,,,,,
dataflow,ESTAT:ENV_WASMUN(1.0),Municipal waste by waste management operations,A,Annual,DSP_L_OTH,"Disposal - landfill and other (D1-D7, D12)",THS_T,Thousand tonnes,NO,Norway,2013,,52,,,,,
dataflow,ESTAT:ENV_WASMUN(1.0),Municipal waste by waste management operations,A,Annual,DSP_L_OTH,"Disposal - landfill and other (D1-D7, D12)",THS_T,Thousand tonnes,NO,Norway,2014,,60,,b,break in time series,,
dataflow,ESTAT:ENV_WASMUN(1.0),Municipal waste by waste management operations,A,Annual,DSP_L_OTH,"Disposal - landfill and other (D1-D7, D12)",THS_T,Thousand tonnes,NO,Norway,2015,,74,,,,,
dataflow,ESTAT:ENV_WASMUN(1.0),Municipal waste by waste management operations,A,Annual,DSP_L_OTH,"Disposal - landfill and other (D1-D7, D12)",THS_T,Thousand tonnes,NO,Norway,2016,,167,,b,break in time series,,
dataflow,ESTAT:ENV_WASMUN(1.0),Municipal waste by waste management operations,A,Annual,DSP_L_OTH,"Disposal - landfill and other (D1-D7, D12)",THS_T,Thousand tonnes,NO,Norway,2017,,138,,,,,
dataflow,ESTAT:ENV_WASMUN(1.0),Municipal waste by waste management operations,A,Annual,DSP_L_OTH,"Disposal - landfill and other (D1-D7, D12)",THS_T,Thousand tonnes,NO,Norway,2018,,124,,,,,
dataflow,ESTAT:ENV_WASMUN(1.0),Municipal waste by waste management operations,A,Annual,DSP_L_OTH,"Disposal - landfill and other (D1-D7, D12)",THS_T,Thousand tonnes,NO,Norway,2019,,154,,,,,
dataflow,ESTAT:ENV_WASMUN(1.0),Municipal waste by waste management operations,A,Annual,DSP_L_OTH,"Disposal - landfill and other (D1-D7, D12)",THS_T,Thousand tonnes,NO,Norway,2020,,90,,b,break in time series,,
dataflow,ESTAT:ENV_WASMUN(1.0),Municipal waste by waste management operations,A,Annual,DSP_L_OTH,"Disposal - landfill and other (D1-D7, D12)",THS_T,Thousand tonnes,NO,Norway,2021,,135,,,,,
dataflow,ESTAT:ENV_WASMUN(1.0),Municipal waste by waste management operations,A,Annual,DSP_L_OTH,"Disposal - landfill and other (D1-D7, D12)",THS_T,Thousand tonnes,NO,Norway,2022,,129,,,,,
dataflow,ESTAT:ENV_WASMUN(1.0),Municipal waste by waste management operations,A,Annual,DSP_L_OTH,"Disposal - landfill and other (D1-D7, D12)",THS_T,Thousand tonnes,NO,Norway,2023,,214,,,,,
dataflow,ESTAT:ENV_WASMUN(1.0),Municipal waste by waste management operations,A,Annual,DSP_L_OTH,"Disposal - landfill and other (D1-D7, D12)",THS_T,Thousand tonnes,PL,Poland,1995,,10784,,,,,
dataflow,ESTAT:ENV_WASMUN(1.0),Municipal waste by waste management operations,A,Annual,DSP_L_OTH,"Disposal - landfill and other (D1-D7, D12)",THS_T,Thousand tonnes,PL,Poland,1996,,11402,,,,,
dataflow,ESTAT:ENV_WASMUN(1.0),Municipal waste by waste management operations,A,Annual,DSP_L_OTH,"Disposal - landfill and other (D1-D7, D12)",THS_T,Thousand tonnes,PL,Poland,1997,,11814,,,,,
dataflow,ESTAT:ENV_WASMUN(1.0),Municipal waste by waste management operations,A,Annual,DSP_L_OTH,"Disposal - landfill and other (D1-D7, D12)",THS_T,Thousand tonnes,PL,Poland,1998,,11592,,,,,
dataflow,ESTAT:ENV_WASMUN(1.0),Municipal waste by waste management operations,A,Annual,DSP_L_OTH,"Disposal - landfill and other (D1-D7, D12)",THS_T,Thousand tonnes,PL,Poland,1999,,12074,,,,,
dataflow,ESTAT:ENV_WASMUN(1.0),Municipal waste by waste management operations,A,Annual,DSP_L_OTH,"Disposal - landfill and other (D1-D7, D12)",THS_T,Thousand tonnes,PL,Poland,2000,,11965,,,,,
dataflow,ESTAT:ENV_WASMUN(1.0),Municipal waste by waste management operations,A,Annual,DSP_L_OTH,"Disposal - landfill and other (D1-D7, D12)",THS_T,Thousand tonnes,PL,Poland,2001,,10638,,,,,
dataflow,ESTAT:ENV_WASMUN(1.0),Municipal waste by waste management operations,A,Annual,DSP_L_OTH,"Disposal - landfill and other (D1-D7, D12)",THS_T,Thousand tonnes,PL,Poland,2002,,10142,,,,,
dataflow,ESTAT:ENV_WASMUN(1.0),Municipal waste by waste management operations,A,Annual,DSP_L_OTH,"Disposal - landfill and other (D1-D7, D12)",THS_T,Thousand tonnes,PL,Poland,2003,,9609,,,,,
dataflow,ESTAT:ENV_WASMUN(1.0),Municipal waste by waste management operations,A,Annual,DSP_L_OTH,"Disposal - landfill and other (D1-D7, D12)",THS_T,Thousand tonnes,PL,Poland,2004,,9194,,,,,
dataflow,ESTAT:ENV_WASMUN(1.0),Municipal waste by waste management operations,A,Annual,DSP_L_OTH,"Disposal - landfill and other (D1-D7, D12)",THS_T,Thousand tonnes,PL,Poland,2005,,8623,,,,,
dataflow,ESTAT:ENV_WASMUN(1.0),Municipal waste by waste management operations,A,Annual,DSP_L_OTH,"Disposal - landfill and other (D1-D7, D12)",THS_T,Thousand tonnes,PL,Poland,2006,,8987,,,,,
dataflow,ESTAT:ENV_WASMUN(1.0),Municipal waste by waste management operations,A,Annual,DSP_L_OTH,"Disposal - landfill and other (D1-D7, D12)",THS_T,Thousand tonnes,PL,Poland,2007,,9098,,,,,
dataflow,ESTAT:ENV_WASMUN(1.0),Municipal waste by waste management operations,A,Annual,DSP_L_OTH,"Disposal - landfill and other (D1-D7, D12)",THS_T,Thousand tonnes,PL,Poland,2008,,8716,,,,,
dataflow,ESTAT:ENV_WASMUN(1.0),Municipal waste by waste management operations,A,Annual,DSP_L_OTH,"Disposal - landfill and other (D1-D7, D12)",THS_T,Thousand tonnes,PL,Poland,2009,,8423,,b,break in time series,,
dataflow,ESTAT:ENV_WASMUN(1.0),Municipal waste by waste management operations,A,Annual,DSP_L_OTH,"Disposal - landfill and other (D1-D7, D12)",THS_T,Thousand tonnes,PL,Poland,2010,,8037,,,,,
dataflow,ESTAT:ENV_WASMUN(1.0),Municipal waste by waste management operations,A,Annual,DSP_L_OTH,"Disposal - landfill and other (D1-D7, D12)",THS_T,Thousand tonnes,PL,Poland,2011,,8400,,,,,
dataflow,ESTAT:ENV_WASMUN(1.0),Municipal waste by waste management operations,A,Annual,DSP_L_OTH,"Disposal - landfill and other (D1-D7, D12)",THS_T,Thousand tonnes,PL,Poland,2012,,8085,,,,,
dataflow,ESTAT:ENV_WASMUN(1.0),Municipal waste by waste management operations,A,Annual,DSP_L_OTH,"Disposal - landfill and other (D1-D7, D12)",THS_T,Thousand tonnes,PL,Poland,2013,,6997,,e,estimated,,
dataflow,ESTAT:ENV_WASMUN(1.0),Municipal waste by waste management operations,A,Annual,DSP_L_OTH,"Disposal - landfill and other (D1-D7, D12)",THS_T,Thousand tonnes,PL,Poland,2014,,6031,,be,"break in time series, estimated",,
dataflow,ESTAT:ENV_WASMUN(1.0),Municipal waste by waste management operations,A,Annual,DSP_L_OTH,"Disposal - landfill and other (D1-D7, D12)",THS_T,Thousand tonnes,PL,Poland,2015,,5897,,e,estimated,,
dataflow,ESTAT:ENV_WASMUN(1.0),Municipal waste by waste management operations,A,Annual,DSP_L_OTH,"Disposal - landfill and other (D1-D7, D12)",THS_T,Thousand tonnes,PL,Poland,2016,,5331,,e,estimated,,
dataflow,ESTAT:ENV_WASMUN(1.0),Municipal waste by waste management operations,A,Annual,DSP_L_OTH,"Disposal - landfill and other (D1-D7, D12)",THS_T,Thousand tonnes,PL,Poland,2017,,5000,,e,estimated,,
dataflow,ESTAT:ENV_WASMUN(1.0),Municipal waste by waste management operations,A,Annual,DSP_L_OTH,"Disposal - landfill and other (D1-D7, D12)",THS_T,Thousand tonnes,PL,Poland,2018,,5191,,e,estimated,,
dataflow,ESTAT:ENV_WASMUN(1.0),Municipal waste by waste management operations,A,Annual,DSP_L_OTH,"Disposal - landfill and other (D1-D7, D12)",THS_T,Thousand tonnes,PL,Poland,2019,,5487,,e,estimated,,
dataflow,ESTAT:ENV_WASMUN(1.0),Municipal waste by waste management operations,A,Annual,DSP_L_OTH,"Disposal - landfill and other (D1-D7, D12)",THS_T,Thousand tonnes,PL,Poland,2020,,5218,,,,,
dataflow,ESTAT:ENV_WASMUN(1.0),Municipal waste by waste management operations,A,Annual,DSP_L_OTH,"Disposal - landfill and other (D1-D7, D12)",THS_T,Thousand tonnes,PL,Poland,2021,,5296,,,,,
dataflow,ESTAT:ENV_WASMUN(1.0),Municipal waste by waste management operations,A,Annual,DSP_L_OTH,"Disposal - landfill and other (D1-D7, D12)",THS_T,Thousand tonnes,PL,Poland,2022,,5108,,,,,
dataflow,ESTAT:ENV_WASMUN(1.0),Municipal waste by waste management operations,A,Annual,DSP_L_OTH,"Disposal - landfill and other (D1-D7, D12)",THS_T,Thousand tonnes,PL,Poland,2023,,4067,,b,break in time series,,
dataflow,ESTAT:ENV_WASMUN(1.0),Municipal waste by waste management operations,A,Annual,DSP_L_OTH,"Disposal - landfill and other (D1-D7, D12)",THS_T,Thousand tonnes,PT,Portugal,1995,,3183,,,,,
dataflow,ESTAT:ENV_WASMUN(1.0),Municipal waste by waste management operations,A,Annual,DSP_L_OTH,"Disposal - landfill and other (D1-D7, D12)",THS_T,Thousand tonnes,PT,Portugal,1996,,3371,,,,,
dataflow,ESTAT:ENV_WASMUN(1.0),Municipal waste by waste management operations,A,Annual,DSP_L_OTH,"Disposal - landfill and other (D1-D7, D12)",THS_T,Thousand tonnes,PT,Portugal,1997,,3607,,,,,
dataflow,ESTAT:ENV_WASMUN(1.0),Municipal waste by waste management operations,A,Annual,DSP_L_OTH,"Disposal - landfill and other (D1-D7, D12)",THS_T,Thousand tonnes,PT,Portugal,1998,,3761,,,,,
dataflow,ESTAT:ENV_WASMUN(1.0),Municipal waste by waste management operations,A,Annual,DSP_L_OTH,"Disposal - landfill and other (D1-D7, D12)",THS_T,Thousand tonnes,PT,Portugal,1999,,3951,,,,,
dataflow,ESTAT:ENV_WASMUN(1.0),Municipal waste by waste management operations,A,Annual,DSP_L_OTH,"Disposal - landfill and other (D1-D7, D12)",THS_T,Thousand tonnes,PT,Portugal,2000,,3224,,,,,
dataflow,ESTAT:ENV_WASMUN(1.0),Municipal waste by waste management operations,A,Annual,DSP_L_OTH,"Disposal - landfill and other (D1-D7, D12)",THS_T,Thousand tonnes,PT,Portugal,2001,,3176,,,,,
dataflow,ESTAT:ENV_WASMUN(1.0),Municipal waste by waste management operations,A,Annual,DSP_L_OTH,"Disposal - landfill and other (D1-D7, D12)",THS_T,Thousand tonnes,PT,Portugal,2002,,3290,,b,break in time series,,
dataflow,ESTAT:ENV_WASMUN(1.0),Municipal waste by waste management operations,A,Annual,DSP_L_OTH,"Disposal - landfill and other (D1-D7, D12)",THS_T,Thousand tonnes,PT,Portugal,2003,,3178,,,,,
dataflow,ESTAT:ENV_WASMUN(1.0),Municipal waste by waste management operations,A,Annual,DSP_L_OTH,"Disposal - landfill and other (D1-D7, D12)",THS_T,Thousand tonnes,PT,Portugal,2004,,3044,,,,,
dataflow,ESTAT:ENV_WASMUN(1.0),Municipal waste by waste management operations,A,Annual,DSP_L_OTH,"Disposal - landfill and other (D1-D7, D12)",THS_T,Thousand tonnes,PT,Portugal,2005,,2969,,,,,
dataflow,ESTAT:ENV_WASMUN(1.0),Municipal waste by waste management operations,A,Annual,DSP_L_OTH,"Disposal - landfill and other (D1-D7, D12)",THS_T,Thousand tonnes,PT,Portugal,2006,,3143,,,,,
dataflow,ESTAT:ENV_WASMUN(1.0),Municipal waste by waste management operations,A,Annual,DSP_L_OTH,"Disposal - landfill and other (D1-D7, D12)",THS_T,Thousand tonnes,PT,Portugal,2007,,3170,,b,break in time series,,
dataflow,ESTAT:ENV_WASMUN(1.0),Municipal waste by waste management operations,A,Annual,DSP_L_OTH,"Disposal - landfill and other (D1-D7, D12)",THS_T,Thousand tonnes,PT,Portugal,2008,,3530,,,,,
dataflow,ESTAT:ENV_WASMUN(1.0),Municipal waste by waste management operations,A,Annual,DSP_L_OTH,"Disposal - landfill and other (D1-D7, D12)",THS_T,Thousand tonnes,PT,Portugal,2009,,3342,,,,,
dataflow,ESTAT:ENV_WASMUN(1.0),Municipal waste by waste management operations,A,Annual,DSP_L_OTH,"Disposal - landfill and other (D1-D7, D12)",THS_T,Thousand tonnes,PT,Portugal,2010,,3381,,,,,
dataflow,ESTAT:ENV_WASMUN(1.0),Municipal waste by waste management operations,A,Annual,DSP_L_OTH,"Disposal - landfill and other (D1-D7, D12)",THS_T,Thousand tonnes,PT,Portugal,2011,,3048,,,,,
dataflow,ESTAT:ENV_WASMUN(1.0),Municipal waste by waste management operations,A,Annual,DSP_L_OTH,"Disposal - landfill and other (D1-D7, D12)",THS_T,Thousand tonnes,PT,Portugal,2012,,2593,,,,,
dataflow,ESTAT:ENV_WASMUN(1.0),Municipal waste by waste management operations,A,Annual,DSP_L_OTH,"Disposal - landfill and other (D1-D7, D12)",THS_T,Thousand tonnes,PT,Portugal,2013,,2320,,,,,
dataflow,ESTAT:ENV_WASMUN(1.0),Municipal waste by waste management operations,A,Annual,DSP_L_OTH,"Disposal - landfill and other (D1-D7, D12)",THS_T,Thousand tonnes,PT,Portugal,2014,,2307,,,,,
dataflow,ESTAT:ENV_WASMUN(1.0),Municipal waste by waste management operations,A,Annual,DSP_L_OTH,"Disposal - landfill and other (D1-D7, D12)",THS_T,Thousand tonnes,PT,Portugal,2015,,2221,,,,,
dataflow,ESTAT:ENV_WASMUN(1.0),Municipal waste by waste management operations,A,Annual,DSP_L_OTH,"Disposal - landfill and other (D1-D7, D12)",THS_T,Thousand tonnes,PT,Portugal,2016,,2144,,,,,
dataflow,ESTAT:ENV_WASMUN(1.0),Municipal waste by waste management operations,A,Annual,DSP_L_OTH,"Disposal - landfill and other (D1-D7, D12)",THS_T,Thousand tonnes,PT,Portugal,2017,,2335,,,,,
dataflow,ESTAT:ENV_WASMUN(1.0),Municipal waste by waste management operations,A,Annual,DSP_L_OTH,"Disposal - landfill and other (D1-D7, D12)",THS_T,Thousand tonnes,PT,Portugal,2018,,2518,,,,,
dataflow,ESTAT:ENV_WASMUN(1.0),Municipal waste by waste management operations,A,Annual,DSP_L_OTH,"Disposal - landfill and other (D1-D7, D12)",THS_T,Thousand tonnes,PT,Portugal,2019,,2505,,,,,
dataflow,ESTAT:ENV_WASMUN(1.0),Municipal waste by waste management operations,A,Annual,DSP_L_OTH,"Disposal - landfill and other (D1-D7, D12)",THS_T,Thousand tonnes,PT,Portugal,2020,,3009,,,,,
dataflow,ESTAT:ENV_WASMUN(1.0),Municipal waste by waste management operations,A,Annual,DSP_L_OTH,"Disposal - landfill and other (D1-D7, D12)",THS_T,Thousand tonnes,PT,Portugal,2021,,2809,,,,,
dataflow,ESTAT:ENV_WASMUN(1.0),Municipal waste by waste management operations,A,Annual,DSP_L_OTH,"Disposal - landfill and other (D1-D7, D12)",THS_T,Thousand tonnes,PT,Portugal,2022,,2929,,,,,
dataflow,ESTAT:ENV_WASMUN(1.0),Municipal waste by waste management operations,A,Annual,DSP_L_OTH,"Disposal - landfill and other (D1-D7, D12)",THS_T,Thousand tonnes,PT,Portugal,2023,,3019,,,,,
dataflow,ESTAT:ENV_WASMUN(1.0),Municipal waste by waste management operations,A,Annual,DSP_L_OTH,"Disposal - landfill and other (D1-D7, D12)",THS_T,Thousand tonnes,RO,Romania,1995,,5758,,,,,
dataflow,ESTAT:ENV_WASMUN(1.0),Municipal waste by waste management operations,A,Annual,DSP_L_OTH,"Disposal - landfill and other (D1-D7, D12)",THS_T,Thousand tonnes,RO,Romania,1996,,5202,,,,,
dataflow,ESTAT:ENV_WASMUN(1.0),Municipal waste by waste management operations,A,Annual,DSP_L_OTH,"Disposal - landfill and other (D1-D7, D12)",THS_T,Thousand tonnes,RO,Romania,1997,,5790,,e,estimated,,
dataflow,ESTAT:ENV_WASMUN(1.0),Municipal waste by waste management operations,A,Annual,DSP_L_OTH,"Disposal - landfill and other (D1-D7, D12)",THS_T,Thousand tonnes,RO,Romania,1998,,5050,,,,,
dataflow,ESTAT:ENV_WASMUN(1.0),Municipal waste by waste management operations,A,Annual,DSP_L_OTH,"Disposal - landfill and other (D1-D7, D12)",THS_T,Thousand tonnes,RO,Romania,1999,,5727,,,,,
dataflow,ESTAT:ENV_WASMUN(1.0),Municipal waste by waste management operations,A,Annual,DSP_L_OTH,"Disposal - landfill and other (D1-D7, D12)",THS_T,Thousand tonnes,RO,Romania,2000,,6611,,,,,
dataflow,ESTAT:ENV_WASMUN(1.0),Municipal waste by waste management operations,A,Annual,DSP_L_OTH,"Disposal - landfill and other (D1-D7, D12)",THS_T,Thousand tonnes,RO,Romania,2001,,5956,,,,,
dataflow,ESTAT:ENV_WASMUN(1.0),Municipal waste by waste management operations,A,Annual,DSP_L_OTH,"Disposal - landfill and other (D1-D7, D12)",THS_T,Thousand tonnes,RO,Romania,2002,,6695,,,,,
dataflow,ESTAT:ENV_WASMUN(1.0),Municipal waste by waste management operations,A,Annual,DSP_L_OTH,"Disposal - landfill and other (D1-D7, D12)",THS_T,Thousand tonnes,RO,Romania,2003,,6023,,,,,
dataflow,ESTAT:ENV_WASMUN(1.0),Municipal waste by waste management operations,A,Annual,DSP_L_OTH,"Disposal - landfill and other (D1-D7, D12)",THS_T,Thousand tonnes,RO,Romania,2004,,5918,,,,,
dataflow,ESTAT:ENV_WASMUN(1.0),Municipal waste by waste management operations,A,Annual,DSP_L_OTH,"Disposal - landfill and other (D1-D7, D12)",THS_T,Thousand tonnes,RO,Romania,2005,,6413,,,,,
dataflow,ESTAT:ENV_WASMUN(1.0),Municipal waste by waste management operations,A,Annual,DSP_L_OTH,"Disposal - landfill and other (D1-D7, D12)",THS_T,Thousand tonnes,RO,Romania,2006,,6294,,,,,
dataflow,ESTAT:ENV_WASMUN(1.0),Municipal waste by waste management operations,A,Annual,DSP_L_OTH,"Disposal - landfill and other (D1-D7, D12)",THS_T,Thousand tonnes,RO,Romania,2007,,6122,,,,,
dataflow,ESTAT:ENV_WASMUN(1.0),Municipal waste by waste management operations,A,Annual,DSP_L_OTH,"Disposal - landfill and other (D1-D7, D12)",THS_T,Thousand tonnes,RO,Romania,2008,,6486,,,,,
dataflow,ESTAT:ENV_WASMUN(1.0),Municipal waste by waste management operations,A,Annual,DSP_L_OTH,"Disposal - landfill and other (D1-D7, D12)",THS_T,Thousand tonnes,RO,Romania,2009,,6164,,,,,
dataflow,ESTAT:ENV_WASMUN(1.0),Municipal waste by waste management operations,A,Annual,DSP_L_OTH,"Disposal - landfill and other (D1-D7, D12)",THS_T,Thousand tonnes,RO,Romania,2010,,4813,,b,break in time series,,
dataflow,ESTAT:ENV_WASMUN(1.0),Municipal waste by waste management operations,A,Annual,DSP_L_OTH,"Disposal - landfill and other (D1-D7, D12)",THS_T,Thousand tonnes,RO,Romania,2011,,4057,,,,,
dataflow,ESTAT:ENV_WASMUN(1.0),Municipal waste by waste management operations,A,Annual,DSP_L_OTH,"Disposal - landfill and other (D1-D7, D12)",THS_T,Thousand tonnes,RO,Romania,2012,,3427,,,,,
dataflow,ESTAT:ENV_WASMUN(1.0),Municipal waste by waste management operations,A,Annual,DSP_L_OTH,"Disposal - landfill and other (D1-D7, D12)",THS_T,Thousand tonnes,RO,Romania,2013,,3503,,,,,
dataflow,ESTAT:ENV_WASMUN(1.0),Municipal waste by waste management operations,A,Annual,DSP_L_OTH,"Disposal - landfill and other (D1-D7, D12)",THS_T,Thousand tonnes,RO,Romania,2014,,3558,,,,,
dataflow,ESTAT:ENV_WASMUN(1.0),Municipal waste by waste management operations,A,Annual,DSP_L_OTH,"Disposal - landfill and other (D1-D7, D12)",THS_T,Thousand tonnes,RO,Romania,2015,,3522,,,,,
dataflow,ESTAT:ENV_WASMUN(1.0),Municipal waste by waste management operations,A,Annual,DSP_L_OTH,"Disposal - landfill and other (D1-D7, D12)",THS_T,Thousand tonnes,RO,Romania,2016,,3741,,,,,
dataflow,ESTAT:ENV_WASMUN(1.0),Municipal waste by waste management operations,A,Annual,DSP_L_OTH,"Disposal - landfill and other (D1-D7, D12)",THS_T,Thousand tonnes,RO,Romania,2017,,4052,,,,,
dataflow,ESTAT:ENV_WASMUN(1.0),Municipal waste by waste management operations,A,Annual,DSP_L_OTH,"Disposal - landfill and other (D1-D7, D12)",THS_T,Thousand tonnes,RO,Romania,2018,,4095,,,,,
dataflow,ESTAT:ENV_WASMUN(1.0),Municipal waste by waste management operations,A,Annual,DSP_L_OTH,"Disposal - landfill and other (D1-D7, D12)",THS_T,Thousand tonnes,RO,Romania,2019,,4120,,,,,
dataflow,ESTAT:ENV_WASMUN(1.0),Municipal waste by waste management operations,A,Annual,DSP_L_OTH,"Disposal - landfill and other (D1-D7, D12)",THS_T,Thousand tonnes,RO,Romania,2020,,4114,,,,,
dataflow,ESTAT:ENV_WASMUN(1.0),Municipal waste by waste management operations,A,Annual,DSP_L_OTH,"Disposal - landfill and other (D1-D7, D12)",THS_T,Thousand tonnes,RO,Romania,2021,,4356,,,,,
dataflow,ESTAT:ENV_WASMUN(1.0),Municipal waste by waste management operations,A,Annual,DSP_L_OTH,"Disposal - landfill and other (D1-D7, D12)",THS_T,Thousand tonnes,RO,Romania,2022,,4253,,,,,
dataflow,ESTAT:ENV_WASMUN(1.0),Municipal waste by waste management operations,A,Annual,DSP_L_OTH,"Disposal - landfill and other (D1-D7, D12)",THS_T,Thousand tonnes,RS,Serbia,2006,,1040,,,,,
dataflow,ESTAT:ENV_WASMUN(1.0),Municipal waste by waste management operations,A,Annual,DSP_L_OTH,"Disposal - landfill and other (D1-D7, D12)",THS_T,Thousand tonnes,RS,Serbia,2007,,1241,,,,,
dataflow,ESTAT:ENV_WASMUN(1.0),Municipal waste by waste management operations,A,Annual,DSP_L_OTH,"Disposal - landfill and other (D1-D7, D12)",THS_T,Thousand tonnes,RS,Serbia,2008,,1520,,,,,
dataflow,ESTAT:ENV_WASMUN(1.0),Municipal waste by waste management operations,A,Annual,DSP_L_OTH,"Disposal - landfill and other (D1-D7, D12)",THS_T,Thousand tonnes,RS,Serbia,2009,,1581,,,,,
dataflow,ESTAT:ENV_WASMUN(1.0),Municipal waste by waste management operations,A,Annual,DSP_L_OTH,"Disposal - landfill and other (D1-D7, D12)",THS_T,Thousand tonnes,RS,Serbia,2010,,1889,,,,,
dataflow,ESTAT:ENV_WASMUN(1.0),Municipal waste by waste management operations,A,Annual,DSP_L_OTH,"Disposal - landfill and other (D1-D7, D12)",THS_T,Thousand tonnes,RS,Serbia,2011,,2090,,,,,
dataflow,ESTAT:ENV_WASMUN(1.0),Municipal waste by waste management operations,A,Annual,DSP_L_OTH,"Disposal - landfill and other (D1-D7, D12)",THS_T,Thousand tonnes,RS,Serbia,2012,,1830,,,,,
dataflow,ESTAT:ENV_WASMUN(1.0),Municipal waste by waste management operations,A,Annual,DSP_L_OTH,"Disposal - landfill and other (D1-D7, D12)",THS_T,Thousand tonnes,RS,Serbia,2013,,1920,,,,,
dataflow,ESTAT:ENV_WASMUN(1.0),Municipal waste by waste management operations,A,Annual,DSP_L_OTH,"Disposal - landfill and other (D1-D7, D12)",THS_T,Thousand tonnes,RS,Serbia,2014,,1670,,,,,
dataflow,ESTAT:ENV_WASMUN(1.0),Municipal waste by waste management operations,A,Annual,DSP_L_OTH,"Disposal - landfill and other (D1-D7, D12)",THS_T,Thousand tonnes,RS,Serbia,2015,,1360,,,,,
dataflow,ESTAT:ENV_WASMUN(1.0),Municipal waste by waste management operations,A,Annual,DSP_L_OTH,"Disposal - landfill and other (D1-D7, D12)",THS_T,Thousand tonnes,RS,Serbia,2016,,1490,,,,,
dataflow,ESTAT:ENV_WASMUN(1.0),Municipal waste by waste management operations,A,Annual,DSP_L_OTH,"Disposal - landfill and other (D1-D7, D12)",THS_T,Thousand tonnes,RS,Serbia,2017,,1800,,,,,
dataflow,ESTAT:ENV_WASMUN(1.0),Municipal waste by waste management operations,A,Annual,DSP_L_OTH,"Disposal - landfill and other (D1-D7, D12)",THS_T,Thousand tonnes,RS,Serbia,2018,,1950,,,,,
dataflow,ESTAT:ENV_WASMUN(1.0),Municipal waste by waste management operations,A,Annual,DSP_L_OTH,"Disposal - landfill and other (D1-D7, D12)",THS_T,Thousand tonnes,RS,Serbia,2019,,2020,,i,value imputed by Eurostat or other receiving agencies,,
dataflow,ESTAT:ENV_WASMUN(1.0),Municipal waste by waste management operations,A,Annual,DSP_L_OTH,"Disposal - landfill and other (D1-D7, D12)",THS_T,Thousand tonnes,RS,Serbia,2022,,2457,,,,,
dataflow,ESTAT:ENV_WASMUN(1.0),Municipal waste by waste management operations,A,Annual,DSP_L_OTH,"Disposal - landfill and other (D1-D7, D12)",THS_T,Thousand tonnes,RS,Serbia,2023,,2461,,,,,
dataflow,ESTAT:ENV_WASMUN(1.0),Municipal waste by waste management operations,A,Annual,DSP_L_OTH,"Disposal - landfill and other (D1-D7, D12)",THS_T,Thousand tonnes,SE,Sweden,1995,,1200,,,,,
dataflow,ESTAT:ENV_WASMUN(1.0),Municipal waste by waste management operations,A,Annual,DSP_L_OTH,"Disposal - landfill and other (D1-D7, D12)",THS_T,Thousand tonnes,SE,Sweden,1996,,1110,,,,,
dataflow,ESTAT:ENV_WASMUN(1.0),Municipal waste by waste management operations,A,Annual,DSP_L_OTH,"Disposal - landfill and other (D1-D7, D12)",THS_T,Thousand tonnes,SE,Sweden,1997,,1150,,,,,
dataflow,ESTAT:ENV_WASMUN(1.0),Municipal waste by waste management operations,A,Annual,DSP_L_OTH,"Disposal - landfill and other (D1-D7, D12)",THS_T,Thousand tonnes,SE,Sweden,1998,,1020,,,,,
dataflow,ESTAT:ENV_WASMUN(1.0),Municipal waste by waste management operations,A,Annual,DSP_L_OTH,"Disposal - landfill and other (D1-D7, D12)",THS_T,Thousand tonnes,SE,Sweden,1999,,920,,,,,
dataflow,ESTAT:ENV_WASMUN(1.0),Municipal waste by waste management operations,A,Annual,DSP_L_OTH,"Disposal - landfill and other (D1-D7, D12)",THS_T,Thousand tonnes,SE,Sweden,2000,,865,,,,,
dataflow,ESTAT:ENV_WASMUN(1.0),Municipal waste by waste management operations,A,Annual,DSP_L_OTH,"Disposal - landfill and other (D1-D7, D12)",THS_T,Thousand tonnes,SE,Sweden,2001,,880,,,,,
dataflow,ESTAT:ENV_WASMUN(1.0),Municipal waste by waste management operations,A,Annual,DSP_L_OTH,"Disposal - landfill and other (D1-D7, D12)",THS_T,Thousand tonnes,SE,Sweden,2002,,825,,,,,
dataflow,ESTAT:ENV_WASMUN(1.0),Municipal waste by waste management operations,A,Annual,DSP_L_OTH,"Disposal - landfill and other (D1-D7, D12)",THS_T,Thousand tonnes,SE,Sweden,2003,,575,,,,,
dataflow,ESTAT:ENV_WASMUN(1.0),Municipal waste by waste management operations,A,Annual,DSP_L_OTH,"Disposal - landfill and other (D1-D7, D12)",THS_T,Thousand tonnes,SE,Sweden,2004,,380,,,,,
dataflow,ESTAT:ENV_WASMUN(1.0),Municipal waste by waste management operations,A,Annual,DSP_L_OTH,"Disposal - landfill and other (D1-D7, D12)",THS_T,Thousand tonnes,SE,Sweden,2005,,210,,,,,
dataflow,ESTAT:ENV_WASMUN(1.0),Municipal waste by waste management operations,A,Annual,DSP_L_OTH,"Disposal - landfill and other (D1-D7, D12)",THS_T,Thousand tonnes,SE,Sweden,2006,,226,,,,,
dataflow,ESTAT:ENV_WASMUN(1.0),Municipal waste by waste management operations,A,Annual,DSP_L_OTH,"Disposal - landfill and other (D1-D7, D12)",THS_T,Thousand tonnes,SE,Sweden,2007,,186,,,,,
dataflow,ESTAT:ENV_WASMUN(1.0),Municipal waste by waste management operations,A,Annual,DSP_L_OTH,"Disposal - landfill and other (D1-D7, D12)",THS_T,Thousand tonnes,SE,Sweden,2008,,140,,,,,
dataflow,ESTAT:ENV_WASMUN(1.0),Municipal waste by waste management operations,A,Annual,DSP_L_OTH,"Disposal - landfill and other (D1-D7, D12)",THS_T,Thousand tonnes,SE,Sweden,2009,,58,,,,,
dataflow,ESTAT:ENV_WASMUN(1.0),Municipal waste by waste management operations,A,Annual,DSP_L_OTH,"Disposal - landfill and other (D1-D7, D12)",THS_T,Thousand tonnes,SE,Sweden,2010,,38,,,,,
dataflow,ESTAT:ENV_WASMUN(1.0),Municipal waste by waste management operations,A,Annual,DSP_L_OTH,"Disposal - landfill and other (D1-D7, D12)",THS_T,Thousand tonnes,SE,Sweden,2011,,33,,,,,
dataflow,ESTAT:ENV_WASMUN(1.0),Municipal waste by waste management operations,A,Annual,DSP_L_OTH,"Disposal - landfill and other (D1-D7, D12)",THS_T,Thousand tonnes,SE,Sweden,2012,,27,,,,,
dataflow,ESTAT:ENV_WASMUN(1.0),Municipal waste by waste management operations,A,Annual,DSP_L_OTH,"Disposal - landfill and other (D1-D7, D12)",THS_T,Thousand tonnes,SE,Sweden,2013,,28,,,,,
dataflow,ESTAT:ENV_WASMUN(1.0),Municipal waste by waste management operations,A,Annual,DSP_L_OTH,"Disposal - landfill and other (D1-D7, D12)",THS_T,Thousand tonnes,SE,Sweden,2014,,27,,,,,
dataflow,ESTAT:ENV_WASMUN(1.0),Municipal waste by waste management operations,A,Annual,DSP_L_OTH,"Disposal - landfill and other (D1-D7, D12)",THS_T,Thousand tonnes,SE,Sweden,2015,,35,,,,,
dataflow,ESTAT:ENV_WASMUN(1.0),Municipal waste by waste management operations,A,Annual,DSP_L_OTH,"Disposal - landfill and other (D1-D7, D12)",THS_T,Thousand tonnes,SE,Sweden,2016,,28,,,,,
dataflow,ESTAT:ENV_WASMUN(1.0),Municipal waste by waste management operations,A,Annual,DSP_L_OTH,"Disposal - landfill and other (D1-D7, D12)",THS_T,Thousand tonnes,SE,Sweden,2017,,20,,,,,
dataflow,ESTAT:ENV_WASMUN(1.0),Municipal waste by waste management operations,A,Annual,DSP_L_OTH,"Disposal - landfill and other (D1-D7, D12)",THS_T,Thousand tonnes,SE,Sweden,2018,,30,,,,,
dataflow,ESTAT:ENV_WASMUN(1.0),Municipal waste by waste management operations,A,Annual,DSP_L_OTH,"Disposal - landfill and other (D1-D7, D12)",THS_T,Thousand tonnes,SE,Sweden,2019,,35,,,,,
dataflow,ESTAT:ENV_WASMUN(1.0),Municipal waste by waste management operations,A,Annual,DSP_L_OTH,"Disposal - landfill and other (D1-D7, D12)",THS_T,Thousand tonnes,SE,Sweden,2020,,21,,be,"break in time series, estimated",,
dataflow,ESTAT:ENV_WASMUN(1.0),Municipal waste by waste management operations,A,Annual,DSP_L_OTH,"Disposal - landfill and other (D1-D7, D12)",THS_T,Thousand tonnes,SE,Sweden,2021,,24,,e,estimated,,
dataflow,ESTAT:ENV_WASMUN(1.0),Municipal waste by waste management operations,A,Annual,DSP_L_OTH,"Disposal - landfill and other (D1-D7, D12)",THS_T,Thousand tonnes,SE,Sweden,2022,,25,,e,estimated,,
dataflow,ESTAT:ENV_WASMUN(1.0),Municipal waste by waste management operations,A,Annual,DSP_L_OTH,"Disposal - landfill and other (D1-D7, D12)",THS_T,Thousand tonnes,SE,Sweden,2023,,46,,e,estimated,,
dataflow,ESTAT:ENV_WASMUN(1.0),Municipal waste by waste management operations,A,Annual,DSP_L_OTH,"Disposal - landfill and other (D1-D7, D12)",THS_T,Thousand tonnes,SI,Slovenia,1995,,908,,,,,
dataflow,ESTAT:ENV_WASMUN(1.0),Municipal waste by waste management operations,A,Annual,DSP_L_OTH,"Disposal - landfill and other (D1-D7, D12)",THS_T,Thousand tonnes,SI,Slovenia,1996,,925,,e,estimated,,
dataflow,ESTAT:ENV_WASMUN(1.0),Municipal waste by waste management operations,A,Annual,DSP_L_OTH,"Disposal - landfill and other (D1-D7, D12)",THS_T,Thousand tonnes,SI,Slovenia,1997,,975,,e,estimated,,
dataflow,ESTAT:ENV_WASMUN(1.0),Municipal waste by waste management operations,A,Annual,DSP_L_OTH,"Disposal - landfill and other (D1-D7, D12)",THS_T,Thousand tonnes,SI,Slovenia,1998,,1017,,,,,
dataflow,ESTAT:ENV_WASMUN(1.0),Municipal waste by waste management operations,A,Annual,DSP_L_OTH,"Disposal - landfill and other (D1-D7, D12)",THS_T,Thousand tonnes,SI,Slovenia,1999,,900,,e,estimated,,
dataflow,ESTAT:ENV_WASMUN(1.0),Municipal waste by waste management operations,A,Annual,DSP_L_OTH,"Disposal - landfill and other (D1-D7, D12)",THS_T,Thousand tonnes,SI,Slovenia,2000,,800,,e,estimated,,
dataflow,ESTAT:ENV_WASMUN(1.0),Municipal waste by waste management operations,A,Annual,DSP_L_OTH,"Disposal - landfill and other (D1-D7, D12)",THS_T,Thousand tonnes,SI,Slovenia,2001,,712,,,,,
dataflow,ESTAT:ENV_WASMUN(1.0),Municipal waste by waste management operations,A,Annual,DSP_L_OTH,"Disposal - landfill and other (D1-D7, D12)",THS_T,Thousand tonnes,SI,Slovenia,2002,,713,,,,,
dataflow,ESTAT:ENV_WASMUN(1.0),Municipal waste by waste management operations,A,Annual,DSP_L_OTH,"Disposal - landfill and other (D1-D7, D12)",THS_T,Thousand tonnes,SI,Slovenia,2003,,694,,,,,
dataflow,ESTAT:ENV_WASMUN(1.0),Municipal waste by waste management operations,A,Annual,DSP_L_OTH,"Disposal - landfill and other (D1-D7, D12)",THS_T,Thousand tonnes,SI,Slovenia,2004,,625,,,,,
dataflow,ESTAT:ENV_WASMUN(1.0),Municipal waste by waste management operations,A,Annual,DSP_L_OTH,"Disposal - landfill and other (D1-D7, D12)",THS_T,Thousand tonnes,SI,Slovenia,2005,,659,,,,,
dataflow,ESTAT:ENV_WASMUN(1.0),Municipal waste by waste management operations,A,Annual,DSP_L_OTH,"Disposal - landfill and other (D1-D7, D12)",THS_T,Thousand tonnes,SI,Slovenia,2006,,725,,,,,
dataflow,ESTAT:ENV_WASMUN(1.0),Municipal waste by waste management operations,A,Annual,DSP_L_OTH,"Disposal - landfill and other (D1-D7, D12)",THS_T,Thousand tonnes,SI,Slovenia,2007,,688,,,,,
dataflow,ESTAT:ENV_WASMUN(1.0),Municipal waste by waste management operations,A,Annual,DSP_L_OTH,"Disposal - landfill and other (D1-D7, D12)",THS_T,Thousand tonnes,SI,Slovenia,2008,,685,,,,,
dataflow,ESTAT:ENV_WASMUN(1.0),Municipal waste by waste management operations,A,Annual,DSP_L_OTH,"Disposal - landfill and other (D1-D7, D12)",THS_T,Thousand tonnes,SI,Slovenia,2009,,628,,,,,
dataflow,ESTAT:ENV_WASMUN(1.0),Municipal waste by waste management operations,A,Annual,DSP_L_OTH,"Disposal - landfill and other (D1-D7, D12)",THS_T,Thousand tonnes,SI,Slovenia,2010,,571,,,,,
dataflow,ESTAT:ENV_WASMUN(1.0),Municipal waste by waste management operations,A,Annual,DSP_L_OTH,"Disposal - landfill and other (D1-D7, D12)",THS_T,Thousand tonnes,SI,Slovenia,2011,,481,,,,,
dataflow,ESTAT:ENV_WASMUN(1.0),Municipal waste by waste management operations,A,Annual,DSP_L_OTH,"Disposal - landfill and other (D1-D7, D12)",THS_T,Thousand tonnes,SI,Slovenia,2012,,316,,,,,
dataflow,ESTAT:ENV_WASMUN(1.0),Municipal waste by waste management operations,A,Annual,DSP_L_OTH,"Disposal - landfill and other (D1-D7, D12)",THS_T,Thousand tonnes,SI,Slovenia,2013,,224,,,,,
dataflow,ESTAT:ENV_WASMUN(1.0),Municipal waste by waste management operations,A,Annual,DSP_L_OTH,"Disposal - landfill and other (D1-D7, D12)",THS_T,Thousand tonnes,SI,Slovenia,2014,,208,,,,,
dataflow,ESTAT:ENV_WASMUN(1.0),Municipal waste by waste management operations,A,Annual,DSP_L_OTH,"Disposal - landfill and other (D1-D7, D12)",THS_T,Thousand tonnes,SI,Slovenia,2015,,210,,,,,
dataflow,ESTAT:ENV_WASMUN(1.0),Municipal waste by waste management operations,A,Annual,DSP_L_OTH,"Disposal - landfill and other (D1-D7, D12)",THS_T,Thousand tonnes,SI,Slovenia,2016,,78,,,,,
dataflow,ESTAT:ENV_WASMUN(1.0),Municipal waste by waste management operations,A,Annual,DSP_L_OTH,"Disposal - landfill and other (D1-D7, D12)",THS_T,Thousand tonnes,SI,Slovenia,2017,,99,,,,,
dataflow,ESTAT:ENV_WASMUN(1.0),Municipal waste by waste management operations,A,Annual,DSP_L_OTH,"Disposal - landfill and other (D1-D7, D12)",THS_T,Thousand tonnes,SI,Slovenia,2018,,97,,,,,
dataflow,ESTAT:ENV_WASMUN(1.0),Municipal waste by waste management operations,A,Annual,DSP_L_OTH,"Disposal - landfill and other (D1-D7, D12)",THS_T,Thousand tonnes,SI,Slovenia,2019,,108,,,,,
dataflow,ESTAT:ENV_WASMUN(1.0),Municipal waste by waste management operations,A,Annual,DSP_L_OTH,"Disposal - landfill and other (D1-D7, D12)",THS_T,Thousand tonnes,SI,Slovenia,2020,,69,,,,,
dataflow,ESTAT:ENV_WASMUN(1.0),Municipal waste by waste management operations,A,Annual,DSP_L_OTH,"Disposal - landfill and other (D1-D7, D12)",THS_T,Thousand tonnes,SI,Slovenia,2021,,66,,,,,
dataflow,ESTAT:ENV_WASMUN(1.0),Municipal waste by waste management operations,A,Annual,DSP_L_OTH,"Disposal - landfill and other (D1-D7, D12)",THS_T,Thousand tonnes,SI,Slovenia,2022,,81,,,,,
dataflow,ESTAT:ENV_WASMUN(1.0),Municipal waste by waste management operations,A,Annual,DSP_L_OTH,"Disposal - landfill and other (D1-D7, D12)",THS_T,Thousand tonnes,SI,Slovenia,2023,,103,,,,,
dataflow,ESTAT:ENV_WASMUN(1.0),Municipal waste by waste management operations,A,Annual,DSP_L_OTH,"Disposal - landfill and other (D1-D7, D12)",THS_T,Thousand tonnes,SK,Slovakia,1995,,1382,,,,,
dataflow,ESTAT:ENV_WASMUN(1.0),Municipal waste by waste management operations,A,Annual,DSP_L_OTH,"Disposal - landfill and other (D1-D7, D12)",THS_T,Thousand tonnes,SK,Slovakia,1996,,1326,,,,,
dataflow,ESTAT:ENV_WASMUN(1.0),Municipal waste by waste management operations,A,Annual,DSP_L_OTH,"Disposal - landfill and other (D1-D7, D12)",THS_T,Thousand tonnes,SK,Slovakia,1997,,1206,,,,,
dataflow,ESTAT:ENV_WASMUN(1.0),Municipal waste by waste management operations,A,Annual,DSP_L_OTH,"Disposal - landfill and other (D1-D7, D12)",THS_T,Thousand tonnes,SK,Slovakia,1998,,1113,,,,,
dataflow,ESTAT:ENV_WASMUN(1.0),Municipal waste by waste management operations,A,Annual,DSP_L_OTH,"Disposal - landfill and other (D1-D7, D12)",THS_T,Thousand tonnes,SK,Slovakia,1999,,1134,,,,,
dataflow,ESTAT:ENV_WASMUN(1.0),Municipal waste by waste management operations,A,Annual,DSP_L_OTH,"Disposal - landfill and other (D1-D7, D12)",THS_T,Thousand tonnes,SK,Slovakia,2000,,1056,,,,,
dataflow,ESTAT:ENV_WASMUN(1.0),Municipal waste by waste management operations,A,Annual,DSP_L_OTH,"Disposal - landfill and other (D1-D7, D12)",THS_T,Thousand tonnes,SK,Slovakia,2001,,1049,,e,estimated,,
dataflow,ESTAT:ENV_WASMUN(1.0),Municipal waste by waste management operations,A,Annual,DSP_L_OTH,"Disposal - landfill and other (D1-D7, D12)",THS_T,Thousand tonnes,SK,Slovakia,2002,,1121,,,,,
dataflow,ESTAT:ENV_WASMUN(1.0),Municipal waste by waste management operations,A,Annual,DSP_L_OTH,"Disposal - landfill and other (D1-D7, D12)",THS_T,Thousand tonnes,SK,Slovakia,2003,,1171,,,,,
dataflow,ESTAT:ENV_WASMUN(1.0),Municipal waste by waste management operations,A,Annual,DSP_L_OTH,"Disposal - landfill and other (D1-D7, D12)",THS_T,Thousand tonnes,SK,Slovakia,2004,,1123,,,,,
dataflow,ESTAT:ENV_WASMUN(1.0),Municipal waste by waste management operations,A,Annual,DSP_L_OTH,"Disposal - landfill and other (D1-D7, D12)",THS_T,Thousand tonnes,SK,Slovakia,2005,,1144,,b,break in time series,,
dataflow,ESTAT:ENV_WASMUN(1.0),Municipal waste by waste management operations,A,Annual,DSP_L_OTH,"Disposal - landfill and other (D1-D7, D12)",THS_T,Thousand tonnes,SK,Slovakia,2006,,1169,,,,,
dataflow,ESTAT:ENV_WASMUN(1.0),Municipal waste by waste management operations,A,Annual,DSP_L_OTH,"Disposal - landfill and other (D1-D7, D12)",THS_T,Thousand tonnes,SK,Slovakia,2007,,1210,,,,,
dataflow,ESTAT:ENV_WASMUN(1.0),Municipal waste by waste management operations,A,Annual,DSP_L_OTH,"Disposal - landfill and other (D1-D7, D12)",THS_T,Thousand tonnes,SK,Slovakia,2008,,1276,,,,,
dataflow,ESTAT:ENV_WASMUN(1.0),Municipal waste by waste management operations,A,Annual,DSP_L_OTH,"Disposal - landfill and other (D1-D7, D12)",THS_T,Thousand tonnes,SK,Slovakia,2009,,1264,,,,,
dataflow,ESTAT:ENV_WASMUN(1.0),Municipal waste by waste management operations,A,Annual,DSP_L_OTH,"Disposal - landfill and other (D1-D7, D12)",THS_T,Thousand tonnes,SK,Slovakia,2010,,1325,,,,,
dataflow,ESTAT:ENV_WASMUN(1.0),Municipal waste by waste management operations,A,Annual,DSP_L_OTH,"Disposal - landfill and other (D1-D7, D12)",THS_T,Thousand tonnes,SK,Slovakia,2011,,1240,,,,,
dataflow,ESTAT:ENV_WASMUN(1.0),Municipal waste by waste management operations,A,Annual,DSP_L_OTH,"Disposal - landfill and other (D1-D7, D12)",THS_T,Thousand tonnes,SK,Slovakia,2012,,1211,,,,,
dataflow,ESTAT:ENV_WASMUN(1.0),Municipal waste by waste management operations,A,Annual,DSP_L_OTH,"Disposal - landfill and other (D1-D7, D12)",THS_T,Thousand tonnes,SK,Slovakia,2013,,1152,,,,,
dataflow,ESTAT:ENV_WASMUN(1.0),Municipal waste by waste management operations,A,Annual,DSP_L_OTH,"Disposal - landfill and other (D1-D7, D12)",THS_T,Thousand tonnes,SK,Slovakia,2014,,1158,,,,,
dataflow,ESTAT:ENV_WASMUN(1.0),Municipal waste by waste management operations,A,Annual,DSP_L_OTH,"Disposal - landfill and other (D1-D7, D12)",THS_T,Thousand tonnes,SK,Slovakia,2015,,1226,,,,,
dataflow,ESTAT:ENV_WASMUN(1.0),Municipal waste by waste management operations,A,Annual,DSP_L_OTH,"Disposal - landfill and other (D1-D7, D12)",THS_T,Thousand tonnes,SK,Slovakia,2016,,1236,,,,,
dataflow,ESTAT:ENV_WASMUN(1.0),Municipal waste by waste management operations,A,Annual,DSP_L_OTH,"Disposal - landfill and other (D1-D7, D12)",THS_T,Thousand tonnes,SK,Slovakia,2017,,1246,,,,,
dataflow,ESTAT:ENV_WASMUN(1.0),Municipal waste by waste management operations,A,Annual,DSP_L_OTH,"Disposal - landfill and other (D1-D7, D12)",THS_T,Thousand tonnes,SK,Slovakia,2018,,1248,,,,,
dataflow,ESTAT:ENV_WASMUN(1.0),Municipal waste by waste management operations,A,Annual,DSP_L_OTH,"Disposal - landfill and other (D1-D7, D12)",THS_T,Thousand tonnes,SK,Slovakia,2019,,1197,,,,,
dataflow,ESTAT:ENV_WASMUN(1.0),Municipal waste by waste management operations,A,Annual,DSP_L_OTH,"Disposal - landfill and other (D1-D7, D12)",THS_T,Thousand tonnes,SK,Slovakia,2020,,1189,,,,,
dataflow,ESTAT:ENV_WASMUN(1.0),Municipal waste by waste management operations,A,Annual,DSP_L_OTH,"Disposal - landfill and other (D1-D7, D12)",THS_T,Thousand tonnes,SK,Slovakia,2021,,1099,,,,,
dataflow,ESTAT:ENV_WASMUN(1.0),Municipal waste by waste management operations,A,Annual,DSP_L_OTH,"Disposal - landfill and other (D1-D7, D12)",THS_T,Thousand tonnes,SK,Slovakia,2022,,1022,,,,,
dataflow,ESTAT:ENV_WASMUN(1.0),Municipal waste by waste management operations,A,Annual,DSP_L_OTH,"Disposal - landfill and other (D1-D7, D12)",THS_T,Thousand tonnes,SK,Slovakia,2023,,993,,,,,
dataflow,ESTAT:ENV_WASMUN(1.0),Municipal waste by waste management operations,A,Annual,DSP_L_OTH,"Disposal - landfill and other (D1-D7, D12)",THS_T,Thousand tonnes,TR,Türkiye,1995,,19975,,,,,
dataflow,ESTAT:ENV_WASMUN(1.0),Municipal waste by waste management operations,A,Annual,DSP_L_OTH,"Disposal - landfill and other (D1-D7, D12)",THS_T,Thousand tonnes,TR,Türkiye,1996,,21493,,,,,
dataflow,ESTAT:ENV_WASMUN(1.0),Municipal waste by waste management operations,A,Annual,DSP_L_OTH,"Disposal - landfill and other (D1-D7, D12)",THS_T,Thousand tonnes,TR,Türkiye,1997,,22982,,,,,
dataflow,ESTAT:ENV_WASMUN(1.0),Municipal waste by waste management operations,A,Annual,DSP_L_OTH,"Disposal - landfill and other (D1-D7, D12)",THS_T,Thousand tonnes,TR,Türkiye,1998,,24002,,,,,
dataflow,ESTAT:ENV_WASMUN(1.0),Municipal waste by waste management operations,A,Annual,DSP_L_OTH,"Disposal - landfill and other (D1-D7, D12)",THS_T,Thousand tonnes,TR,Türkiye,1999,,23257,,e,estimated,,
dataflow,ESTAT:ENV_WASMUN(1.0),Municipal waste by waste management operations,A,Annual,DSP_L_OTH,"Disposal - landfill and other (D1-D7, D12)",THS_T,Thousand tonnes,TR,Türkiye,2000,,23894,,e,estimated,,
dataflow,ESTAT:ENV_WASMUN(1.0),Municipal waste by waste management operations,A,Annual,DSP_L_OTH,"Disposal - landfill and other (D1-D7, D12)",THS_T,Thousand tonnes,TR,Türkiye,2001,,24471,,,,,
dataflow,ESTAT:ENV_WASMUN(1.0),Municipal waste by waste management operations,A,Annual,DSP_L_OTH,"Disposal - landfill and other (D1-D7, D12)",THS_T,Thousand tonnes,TR,Türkiye,2002,,24573,,,,,
dataflow,ESTAT:ENV_WASMUN(1.0),Municipal waste by waste management operations,A,Annual,DSP_L_OTH,"Disposal - landfill and other (D1-D7, D12)",THS_T,Thousand tonnes,TR,Türkiye,2003,,25305,,,,,
dataflow,ESTAT:ENV_WASMUN(1.0),Municipal waste by waste management operations,A,Annual,DSP_L_OTH,"Disposal - landfill and other (D1-D7, D12)",THS_T,Thousand tonnes,TR,Türkiye,2004,,24408,,b,break in time series,,
dataflow,ESTAT:ENV_WASMUN(1.0),Municipal waste by waste management operations,A,Annual,DSP_L_OTH,"Disposal - landfill and other (D1-D7, D12)",THS_T,Thousand tonnes,TR,Türkiye,2005,,25947,,e,estimated,,
dataflow,ESTAT:ENV_WASMUN(1.0),Municipal waste by waste management operations,A,Annual,DSP_L_OTH,"Disposal - landfill and other (D1-D7, D12)",THS_T,Thousand tonnes,TR,Türkiye,2006,,24709,,,,,
dataflow,ESTAT:ENV_WASMUN(1.0),Municipal waste by waste management operations,A,Annual,DSP_L_OTH,"Disposal - landfill and other (D1-D7, D12)",THS_T,Thousand tonnes,TR,Türkiye,2007,,25484,,e,estimated,,
dataflow,ESTAT:ENV_WASMUN(1.0),Municipal waste by waste management operations,A,Annual,DSP_L_OTH,"Disposal - landfill and other (D1-D7, D12)",THS_T,Thousand tonnes,TR,Türkiye,2008,,23798,,,,,
dataflow,ESTAT:ENV_WASMUN(1.0),Municipal waste by waste management operations,A,Annual,DSP_L_OTH,"Disposal - landfill and other (D1-D7, D12)",THS_T,Thousand tonnes,TR,Türkiye,2009,,25700,,e,estimated,,
dataflow,ESTAT:ENV_WASMUN(1.0),Municipal waste by waste management operations,A,Annual,DSP_L_OTH,"Disposal - landfill and other (D1-D7, D12)",THS_T,Thousand tonnes,TR,Türkiye,2010,,24904,,,,,
dataflow,ESTAT:ENV_WASMUN(1.0),Municipal waste by waste management operations,A,Annual,DSP_L_OTH,"Disposal - landfill and other (D1-D7, D12)",THS_T,Thousand tonnes,TR,Türkiye,2011,,26319,,e,estimated,,
dataflow,ESTAT:ENV_WASMUN(1.0),Municipal waste by waste management operations,A,Annual,DSP_L_OTH,"Disposal - landfill and other (D1-D7, D12)",THS_T,Thousand tonnes,TR,Türkiye,2012,,25552,,,,,
dataflow,ESTAT:ENV_WASMUN(1.0),Municipal waste by waste management operations,A,Annual,DSP_L_OTH,"Disposal - landfill and other (D1-D7, D12)",THS_T,Thousand tonnes,TR,Türkiye,2013,,25267,,e,estimated,,
dataflow,ESTAT:ENV_WASMUN(1.0),Municipal waste by waste management operations,A,Annual,DSP_L_OTH,"Disposal - landfill and other (D1-D7, D12)",THS_T,Thousand tonnes,TR,Türkiye,2014,,27864,,,,,
dataflow,ESTAT:ENV_WASMUN(1.0),Municipal waste by waste management operations,A,Annual,DSP_L_OTH,"Disposal - landfill and other (D1-D7, D12)",THS_T,Thousand tonnes,TR,Türkiye,2015,,27415,,e,estimated,,
dataflow,ESTAT:ENV_WASMUN(1.0),Municipal waste by waste management operations,A,Annual,DSP_L_OTH,"Disposal - landfill and other (D1-D7, D12)",THS_T,Thousand tonnes,TR,Türkiye,2016,,28492,,,,,
dataflow,ESTAT:ENV_WASMUN(1.0),Municipal waste by waste management operations,A,Annual,DSP_L_OTH,"Disposal - landfill and other (D1-D7, D12)",THS_T,Thousand tonnes,TR,Türkiye,2017,,28838,,e,estimated,,
dataflow,ESTAT:ENV_WASMUN(1.0),Municipal waste by waste management operations,A,Annual,DSP_L_OTH,"Disposal - landfill and other (D1-D7, D12)",THS_T,Thousand tonnes,TR,Türkiye,2018,,28238,,,,,
dataflow,ESTAT:ENV_WASMUN(1.0),Municipal waste by waste management operations,A,Annual,DSP_L_OTH,"Disposal - landfill and other (D1-D7, D12)",THS_T,Thousand tonnes,TR,Türkiye,2019,,28634,,e,estimated,,
dataflow,ESTAT:ENV_WASMUN(1.0),Municipal waste by waste management operations,A,Annual,DSP_L_OTH,"Disposal - landfill and other (D1-D7, D12)",THS_T,Thousand tonnes,TR,Türkiye,2020,,28061,,,,,
dataflow,ESTAT:ENV_WASMUN(1.0),Municipal waste by waste management operations,A,Annual,DSP_L_OTH,"Disposal - landfill and other (D1-D7, D12)",THS_T,Thousand tonnes,TR,Türkiye,2021,,28418,,e,estimated,,
dataflow,ESTAT:ENV_WASMUN(1.0),Municipal waste by waste management operations,A,Annual,DSP_L_OTH,"Disposal - landfill and other (D1-D7, D12)",THS_T,Thousand tonnes,XK,Kosovo*,2015,,316,,,,,
dataflow,ESTAT:ENV_WASMUN(1.0),Municipal waste by waste management operations,A,Annual,DSP_L_OTH,"Disposal - landfill and other (D1-D7, D12)",THS_T,Thousand tonnes,XK,Kosovo*,2016,,395,,,,,
dataflow,ESTAT:ENV_WASMUN(1.0),Municipal waste by waste management operations,A,Annual,DSP_L_OTH,"Disposal - landfill and other (D1-D7, D12)",THS_T,Thousand tonnes,XK,Kosovo*,2017,,409,,,,,
dataflow,ESTAT:ENV_WASMUN(1.0),Municipal waste by waste management operations,A,Annual,DSP_L_OTH,"Disposal - landfill and other (D1-D7, D12)",THS_T,Thousand tonnes,XK,Kosovo*,2018,,407,,,,,
dataflow,ESTAT:ENV_WASMUN(1.0),Municipal waste by waste management operations,A,Annual,DSP_L_OTH,"Disposal - landfill and other (D1-D7, D12)",THS_T,Thousand tonnes,XK,Kosovo*,2019,,451,,i,value imputed by Eurostat or other receiving agencies,,
dataflow,ESTAT:ENV_WASMUN(1.0),Municipal waste by waste management operations,A,Annual,DSP_L_OTH,"Disposal - landfill and other (D1-D7, D12)",THS_T,Thousand tonnes,XK,Kosovo*,2020,,456,,,,,
dataflow,ESTAT:ENV_WASMUN(1.0),Municipal waste by waste management operations,A,Annual,DSP_L_OTH,"Disposal - landfill and other (D1-D7, D12)",THS_T,Thousand tonnes,XK,Kosovo*,2021,,472,,,,,
dataflow,ESTAT:ENV_WASMUN(1.0),Municipal waste by waste management operations,A,Annual,DSP_L_OTH,"Disposal - landfill and other (D1-D7, D12)",THS_T,Thousand tonnes,XK,Kosovo*,2022,,488,,,,,
dataflow,ESTAT:ENV_WASMUN(1.0),Municipal waste by waste management operations,A,Annual,GEN,Waste generated,KG_HAB,Kilograms per capita,AL,Albania,2013,,325,,i,value imputed by Eurostat or other receiving agencies,,
dataflow,ESTAT:ENV_WASMUN(1.0),Municipal waste by waste management operations,A,Annual,GEN,Waste generated,KG_HAB,Kilograms per capita,AL,Albania,2014,,425,,i,value imputed by Eurostat or other receiving agencies,,
dataflow,ESTAT:ENV_WASMUN(1.0),Municipal waste by waste management operations,A,Annual,GEN,Waste generated,KG_HAB,Kilograms per capita,AL,Albania,2015,,491,,i,value imputed by Eurostat or other receiving agencies,,
dataflow,ESTAT:ENV_WASMUN(1.0),Municipal waste by waste management operations,A,Annual,GEN,Waste generated,KG_HAB,Kilograms per capita,AL,Albania,2016,,452,,e,estimated,,
dataflow,ESTAT:ENV_WASMUN(1.0),Municipal waste by waste management operations,A,Annual,GEN,Waste generated,KG_HAB,Kilograms per capita,AL,Albania,2017,,436,,e,estimated,,
dataflow,ESTAT:ENV_WASMUN(1.0),Municipal waste by waste management operations,A,Annual,GEN,Waste generated,KG_HAB,Kilograms per capita,AL,Albania,2018,,462,,,,,
dataflow,ESTAT:ENV_WASMUN(1.0),Municipal waste by waste management operations,A,Annual,GEN,Waste generated,KG_HAB,Kilograms per capita,AL,Albania,2019,,381,,,,,
dataflow,ESTAT:ENV_WASMUN(1.0),Municipal waste by waste management operations,A,Annual,GEN,Waste generated,KG_HAB,Kilograms per capita,AL,Albania,2020,,369,,,,,
dataflow,ESTAT:ENV_WASMUN(1.0),Municipal waste by waste management operations,A,Annual,GEN,Waste generated,KG_HAB,Kilograms per capita,AL,Albania,2021,,311,,,,,
dataflow,ESTAT:ENV_WASMUN(1.0),Municipal waste by waste management operations,A,Annual,GEN,Waste generated,KG_HAB,Kilograms per capita,AL,Albania,2022,,295,,,,,
dataflow,ESTAT:ENV_WASMUN(1.0),Municipal waste by waste management operations,A,Annual,GEN,Waste generated,KG_HAB,Kilograms per capita,AL,Albania,2023,,306,,,,,
dataflow,ESTAT:ENV_WASMUN(1.0),Municipal waste by waste management operations,A,Annual,GEN,Waste generated,KG_HAB,Kilograms per capita,AT,Austria,1995,,437,,,,,
dataflow,ESTAT:ENV_WASMUN(1.0),Municipal waste by waste management operations,A,Annual,GEN,Waste generated,KG_HAB,Kilograms per capita,AT,Austria,1996,,516,,b,break in time series,,
dataflow,ESTAT:ENV_WASMUN(1.0),Municipal waste by waste management operations,A,Annual,GEN,Waste generated,KG_HAB,Kilograms per capita,AT,Austria,1997,,532,,,,,
dataflow,ESTAT:ENV_WASMUN(1.0),Municipal waste by waste management operations,A,Annual,GEN,Waste generated,KG_HAB,Kilograms per capita,AT,Austria,1998,,532,,,,,
dataflow,ESTAT:ENV_WASMUN(1.0),Municipal waste by waste management operations,A,Annual,GEN,Waste generated,KG_HAB,Kilograms per capita,AT,Austria,1999,,563,,,,,
dataflow,ESTAT:ENV_WASMUN(1.0),Municipal waste by waste management operations,A,Annual,GEN,Waste generated,KG_HAB,Kilograms per capita,AT,Austria,2000,,580,,,,,
dataflow,ESTAT:ENV_WASMUN(1.0),Municipal waste by waste management operations,A,Annual,GEN,Waste generated,KG_HAB,Kilograms per capita,AT,Austria,2001,,576,,,,,
dataflow,ESTAT:ENV_WASMUN(1.0),Municipal waste by waste management operations,A,Annual,GEN,Waste generated,KG_HAB,Kilograms per capita,AT,Austria,2002,,608,,,,,
dataflow,ESTAT:ENV_WASMUN(1.0),Municipal waste by waste management operations,A,Annual,GEN,Waste generated,KG_HAB,Kilograms per capita,AT,Austria,2003,,607,,,,,
dataflow,ESTAT:ENV_WASMUN(1.0),Municipal waste by waste management operations,A,Annual,GEN,Waste generated,KG_HAB,Kilograms per capita,AT,Austria,2004,,574,,,,,
dataflow,ESTAT:ENV_WASMUN(1.0),Municipal waste by waste management operations,A,Annual,GEN,Waste generated,KG_HAB,Kilograms per capita,AT,Austria,2005,,575,,,,,
dataflow,ESTAT:ENV_WASMUN(1.0),Municipal waste by waste management operations,A,Annual,GEN,Waste generated,KG_HAB,Kilograms per capita,AT,Austria,2006,,597,,,,,
dataflow,ESTAT:ENV_WASMUN(1.0),Municipal waste by waste management operations,A,Annual,GEN,Waste generated,KG_HAB,Kilograms per capita,AT,Austria,2007,,597,,,,,
dataflow,ESTAT:ENV_WASMUN(1.0),Municipal waste by waste management operations,A,Annual,GEN,Waste generated,KG_HAB,Kilograms per capita,AT,Austria,2008,,600,,,,,
dataflow,ESTAT:ENV_WASMUN(1.0),Municipal waste by waste management operations,A,Annual,GEN,Waste generated,KG_HAB,Kilograms per capita,AT,Austria,2009,,590,,,,,
dataflow,ESTAT:ENV_WASMUN(1.0),Municipal waste by waste management operations,A,Annual,GEN,Waste generated,KG_HAB,Kilograms per capita,AT,Austria,2010,,562,,,,,
dataflow,ESTAT:ENV_WASMUN(1.0),Municipal waste by waste management operations,A,Annual,GEN,Waste generated,KG_HAB,Kilograms per capita,AT,Austria,2011,,573,,,,,
dataflow,ESTAT:ENV_WASMUN(1.0),Municipal waste by waste management operations,A,Annual,GEN,Waste generated,KG_HAB,Kilograms per capita,AT,Austria,2012,,579,,,,,
dataflow,ESTAT:ENV_WASMUN(1.0),Municipal waste by waste management operations,A,Annual,GEN,Waste generated,KG_HAB,Kilograms per capita,AT,Austria,2013,,578,,,,,
dataflow,ESTAT:ENV_WASMUN(1.0),Municipal waste by waste management operations,A,Annual,GEN,Waste generated,KG_HAB,Kilograms per capita,AT,Austria,2014,,565,,,,,
dataflow,ESTAT:ENV_WASMUN(1.0),Municipal waste by waste management operations,A,Annual,GEN,Waste generated,KG_HAB,Kilograms per capita,AT,Austria,2015,,560,,,,,
dataflow,ESTAT:ENV_WASMUN(1.0),Municipal waste by waste management operations,A,Annual,GEN,Waste generated,KG_HAB,Kilograms per capita,AT,Austria,2016,,564,,,,,
dataflow,ESTAT:ENV_WASMUN(1.0),Municipal waste by waste management operations,A,Annual,GEN,Waste generated,KG_HAB,Kilograms per capita,AT,Austria,2017,,570,,,,,
dataflow,ESTAT:ENV_WASMUN(1.0),Municipal waste by waste management operations,A,Annual,GEN,Waste generated,KG_HAB,Kilograms per capita,AT,Austria,2018,,579,,,,,
dataflow,ESTAT:ENV_WASMUN(1.0),Municipal waste by waste management operations,A,Annual,GEN,Waste generated,KG_HAB,Kilograms per capita,AT,Austria,2019,,588,,,,,
dataflow,ESTAT:ENV_WASMUN(1.0),Municipal waste by waste management operations,A,Annual,GEN,Waste generated,KG_HAB,Kilograms per capita,AT,Austria,2020,,834,,b,break in time series,,
dataflow,ESTAT:ENV_WASMUN(1.0),Municipal waste by waste management operations,A,Annual,GEN,Waste generated,KG_HAB,Kilograms per capita,AT,Austria,2021,,835,,,,,
dataflow,ESTAT:ENV_WASMUN(1.0),Municipal waste by waste management operations,A,Annual,GEN,Waste generated,KG_HAB,Kilograms per capita,AT,Austria,2022,,803,,,,,
dataflow,ESTAT:ENV_WASMUN(1.0),Municipal waste by waste management operations,A,Annual,GEN,Waste generated,KG_HAB,Kilograms per capita,BA,Bosnia and Herzegovina,2008,,356,,,,,
dataflow,ESTAT:ENV_WASMUN(1.0),Municipal waste by waste management operations,A,Annual,GEN,Waste generated,KG_HAB,Kilograms per capita,BA,Bosnia and Herzegovina,2009,,354,,,,,
dataflow,ESTAT:ENV_WASMUN(1.0),Municipal waste by waste management operations,A,Annual,GEN,Waste generated,KG_HAB,Kilograms per capita,BA,Bosnia and Herzegovina,2010,,332,,,,,
dataflow,ESTAT:ENV_WASMUN(1.0),Municipal waste by waste management operations,A,Annual,GEN,Waste generated,KG_HAB,Kilograms per capita,BA,Bosnia and Herzegovina,2011,,340,,,,,
dataflow,ESTAT:ENV_WASMUN(1.0),Municipal waste by waste management operations,A,Annual,GEN,Waste generated,KG_HAB,Kilograms per capita,BA,Bosnia and Herzegovina,2012,,340,,,,,
dataflow,ESTAT:ENV_WASMUN(1.0),Municipal waste by waste management operations,A,Annual,GEN,Waste generated,KG_HAB,Kilograms per capita,BA,Bosnia and Herzegovina,2013,,311,,,,,
dataflow,ESTAT:ENV_WASMUN(1.0),Municipal waste by waste management operations,A,Annual,GEN,Waste generated,KG_HAB,Kilograms per capita,BA,Bosnia and Herzegovina,2014,,349,,,,,
dataflow,ESTAT:ENV_WASMUN(1.0),Municipal waste by waste management operations,A,Annual,GEN,Waste generated,KG_HAB,Kilograms per capita,BA,Bosnia and Herzegovina,2015,,340,,,,,
dataflow,ESTAT:ENV_WASMUN(1.0),Municipal waste by waste management operations,A,Annual,GEN,Waste generated,KG_HAB,Kilograms per capita,BA,Bosnia and Herzegovina,2016,,354,,,,,
dataflow,ESTAT:ENV_WASMUN(1.0),Municipal waste by waste management operations,A,Annual,GEN,Waste generated,KG_HAB,Kilograms per capita,BA,Bosnia and Herzegovina,2017,,352,,,,,
dataflow,ESTAT:ENV_WASMUN(1.0),Municipal waste by waste management operations,A,Annual,GEN,Waste generated,KG_HAB,Kilograms per capita,BA,Bosnia and Herzegovina,2018,,356,,,,,
dataflow,ESTAT:ENV_WASMUN(1.0),Municipal waste by waste management operations,A,Annual,GEN,Waste generated,KG_HAB,Kilograms per capita,BA,Bosnia and Herzegovina,2019,,352,,,,,
dataflow,ESTAT:ENV_WASMUN(1.0),Municipal waste by waste management operations,A,Annual,GEN,Waste generated,KG_HAB,Kilograms per capita,BA,Bosnia and Herzegovina,2020,,346,,e,estimated,,
dataflow,ESTAT:ENV_WASMUN(1.0),Municipal waste by waste management operations,A,Annual,GEN,Waste generated,KG_HAB,Kilograms per capita,BA,Bosnia and Herzegovina,2021,,355,,e,estimated,,
dataflow,ESTAT:ENV_WASMUN(1.0),Municipal waste by waste management operations,A,Annual,GEN,Waste generated,KG_HAB,Kilograms per capita,BA,Bosnia and Herzegovina,2022,,343,,e,estimated,,
dataflow,ESTAT:ENV_WASMUN(1.0),Municipal waste by waste management operations,A,Annual,GEN,Waste generated,KG_HAB,Kilograms per capita,BE,Belgium,1995,,455,,,,,
dataflow,ESTAT:ENV_WASMUN(1.0),Municipal waste by waste management operations,A,Annual,GEN,Waste generated,KG_HAB,Kilograms per capita,BE,Belgium,1996,,450,,,,,
dataflow,ESTAT:ENV_WASMUN(1.0),Municipal waste by waste management operations,A,Annual,GEN,Waste generated,KG_HAB,Kilograms per capita,BE,Belgium,1997,,457,,,,,
dataflow,ESTAT:ENV_WASMUN(1.0),Municipal waste by waste management operations,A,Annual,GEN,Waste generated,KG_HAB,Kilograms per capita,BE,Belgium,1998,,451,,,,,
dataflow,ESTAT:ENV_WASMUN(1.0),Municipal waste by waste management operations,A,Annual,GEN,Waste generated,KG_HAB,Kilograms per capita,BE,Belgium,1999,,460,,,,,
dataflow,ESTAT:ENV_WASMUN(1.0),Municipal waste by waste management operations,A,Annual,GEN,Waste generated,KG_HAB,Kilograms per capita,BE,Belgium,2000,,471,,,,,
dataflow,ESTAT:ENV_WASMUN(1.0),Municipal waste by waste management operations,A,Annual,GEN,Waste generated,KG_HAB,Kilograms per capita,BE,Belgium,2001,,467,,,,,
dataflow,ESTAT:ENV_WASMUN(1.0),Municipal waste by waste management operations,A,Annual,GEN,Waste generated,KG_HAB,Kilograms per capita,BE,Belgium,2002,,482,,,,,
dataflow,ESTAT:ENV_WASMUN(1.0),Municipal waste by waste management operations,A,Annual,GEN,Waste generated,KG_HAB,Kilograms per capita,BE,Belgium,2003,,465,,,,,
dataflow,ESTAT:ENV_WASMUN(1.0),Municipal waste by waste management operations,A,Annual,GEN,Waste generated,KG_HAB,Kilograms per capita,BE,Belgium,2004,,485,,,,,
dataflow,ESTAT:ENV_WASMUN(1.0),Municipal waste by waste management operations,A,Annual,GEN,Waste generated,KG_HAB,Kilograms per capita,BE,Belgium,2005,,482,,,,,
dataflow,ESTAT:ENV_WASMUN(1.0),Municipal waste by waste management operations,A,Annual,GEN,Waste generated,KG_HAB,Kilograms per capita,BE,Belgium,2006,,485,,,,,
dataflow,ESTAT:ENV_WASMUN(1.0),Municipal waste by waste management operations,A,Annual,GEN,Waste generated,KG_HAB,Kilograms per capita,BE,Belgium,2007,,493,,,,,
dataflow,ESTAT:ENV_WASMUN(1.0),Municipal waste by waste management operations,A,Annual,GEN,Waste generated,KG_HAB,Kilograms per capita,BE,Belgium,2008,,480,,,,,
dataflow,ESTAT:ENV_WASMUN(1.0),Municipal waste by waste management operations,A,Annual,GEN,Waste generated,KG_HAB,Kilograms per capita,BE,Belgium,2009,,467,,,,,
dataflow,ESTAT:ENV_WASMUN(1.0),Municipal waste by waste management operations,A,Annual,GEN,Waste generated,KG_HAB,Kilograms per capita,BE,Belgium,2010,,456,,,,,
dataflow,ESTAT:ENV_WASMUN(1.0),Municipal waste by waste management operations,A,Annual,GEN,Waste generated,KG_HAB,Kilograms per capita,BE,Belgium,2011,,455,,,,,
dataflow,ESTAT:ENV_WASMUN(1.0),Municipal waste by waste management operations,A,Annual,GEN,Waste generated,KG_HAB,Kilograms per capita,BE,Belgium,2012,,445,,,,,
dataflow,ESTAT:ENV_WASMUN(1.0),Municipal waste by waste management operations,A,Annual,GEN,Waste generated,KG_HAB,Kilograms per capita,BE,Belgium,2013,,436,,,,,
dataflow,ESTAT:ENV_WASMUN(1.0),Municipal waste by waste management operations,A,Annual,GEN,Waste generated,KG_HAB,Kilograms per capita,BE,Belgium,2014,,425,,,,,
dataflow,ESTAT:ENV_WASMUN(1.0),Municipal waste by waste management operations,A,Annual,GEN,Waste generated,KG_HAB,Kilograms per capita,BE,Belgium,2015,,412,,,,,
dataflow,ESTAT:ENV_WASMUN(1.0),Municipal waste by waste management operations,A,Annual,GEN,Waste generated,KG_HAB,Kilograms per capita,BE,Belgium,2016,,419,,,,,
dataflow,ESTAT:ENV_WASMUN(1.0),Municipal waste by waste management operations,A,Annual,GEN,Waste generated,KG_HAB,Kilograms per capita,BE,Belgium,2017,,411,,,,,
dataflow,ESTAT:ENV_WASMUN(1.0),Municipal waste by waste management operations,A,Annual,GEN,Waste generated,KG_HAB,Kilograms per capita,BE,Belgium,2018,,409,,,,,
dataflow,ESTAT:ENV_WASMUN(1.0),Municipal waste by waste management operations,A,Annual,GEN,Waste generated,KG_HAB,Kilograms per capita,BE,Belgium,2019,,416,,,,,
dataflow,ESTAT:ENV_WASMUN(1.0),Municipal waste by waste management operations,A,Annual,GEN,Waste generated,KG_HAB,Kilograms per capita,BE,Belgium,2020,,729,,,,,
dataflow,ESTAT:ENV_WASMUN(1.0),Municipal waste by waste management operations,A,Annual,GEN,Waste generated,KG_HAB,Kilograms per capita,BE,Belgium,2021,,755,,,,,
dataflow,ESTAT:ENV_WASMUN(1.0),Municipal waste by waste management operations,A,Annual,GEN,Waste generated,KG_HAB,Kilograms per capita,BE,Belgium,2022,,690,,,,,
dataflow,ESTAT:ENV_WASMUN(1.0),Municipal waste by waste management operations,A,Annual,GEN,Waste generated,KG_HAB,Kilograms per capita,BE,Belgium,2023,,689,,,,,
dataflow,ESTAT:ENV_WASMUN(1.0),Municipal waste by waste management operations,A,Annual,GEN,Waste generated,KG_HAB,Kilograms per capita,BG,Bulgaria,1995,,694,,,,,
dataflow,ESTAT:ENV_WASMUN(1.0),Municipal waste by waste management operations,A,Annual,GEN,Waste generated,KG_HAB,Kilograms per capita,BG,Bulgaria,1996,,618,,,,,
dataflow,ESTAT:ENV_WASMUN(1.0),Municipal waste by waste management operations,A,Annual,GEN,Waste generated,KG_HAB,Kilograms per capita,BG,Bulgaria,1997,,579,,,,,
dataflow,ESTAT:ENV_WASMUN(1.0),Municipal waste by waste management operations,A,Annual,GEN,Waste generated,KG_HAB,Kilograms per capita,BG,Bulgaria,1998,,591,,,,,
dataflow,ESTAT:ENV_WASMUN(1.0),Municipal waste by waste management operations,A,Annual,GEN,Waste generated,KG_HAB,Kilograms per capita,BG,Bulgaria,1999,,598,,,,,
dataflow,ESTAT:ENV_WASMUN(1.0),Municipal waste by waste management operations,A,Annual,GEN,Waste generated,KG_HAB,Kilograms per capita,BG,Bulgaria,2000,,612,,,,,
dataflow,ESTAT:ENV_WASMUN(1.0),Municipal waste by waste management operations,A,Annual,GEN,Waste generated,KG_HAB,Kilograms per capita,BG,Bulgaria,2001,,596,,,,,
dataflow,ESTAT:ENV_WASMUN(1.0),Municipal waste by waste management operations,A,Annual,GEN,Waste generated,KG_HAB,Kilograms per capita,BG,Bulgaria,2002,,602,,,,,
dataflow,ESTAT:ENV_WASMUN(1.0),Municipal waste by waste management operations,A,Annual,GEN,Waste generated,KG_HAB,Kilograms per capita,BG,Bulgaria,2003,,603,,,,,
dataflow,ESTAT:ENV_WASMUN(1.0),Municipal waste by waste management operations,A,Annual,GEN,Waste generated,KG_HAB,Kilograms per capita,BG,Bulgaria,2004,,599,,b,break in time series,,
dataflow,ESTAT:ENV_WASMUN(1.0),Municipal waste by waste management operations,A,Annual,GEN,Waste generated,KG_HAB,Kilograms per capita,BG,Bulgaria,2005,,588,,,,,
dataflow,ESTAT:ENV_WASMUN(1.0),Municipal waste by waste management operations,A,Annual,GEN,Waste generated,KG_HAB,Kilograms per capita,BG,Bulgaria,2006,,577,,,,,
dataflow,ESTAT:ENV_WASMUN(1.0),Municipal waste by waste management operations,A,Annual,GEN,Waste generated,KG_HAB,Kilograms per capita,BG,Bulgaria,2007,,553,,,,,
dataflow,ESTAT:ENV_WASMUN(1.0),Municipal waste by waste management operations,A,Annual,GEN,Waste generated,KG_HAB,Kilograms per capita,BG,Bulgaria,2008,,599,,,,,
dataflow,ESTAT:ENV_WASMUN(1.0),Municipal waste by waste management operations,A,Annual,GEN,Waste generated,KG_HAB,Kilograms per capita,BG,Bulgaria,2009,,598,,,,,
dataflow,ESTAT:ENV_WASMUN(1.0),Municipal waste by waste management operations,A,Annual,GEN,Waste generated,KG_HAB,Kilograms per capita,BG,Bulgaria,2010,,554,,,,,
dataflow,ESTAT:ENV_WASMUN(1.0),Municipal waste by waste management operations,A,Annual,GEN,Waste generated,KG_HAB,Kilograms per capita,BG,Bulgaria,2011,,508,,,,,
dataflow,ESTAT:ENV_WASMUN(1.0),Municipal waste by waste management operations,A,Annual,GEN,Waste generated,KG_HAB,Kilograms per capita,BG,Bulgaria,2012,,460,,,,,
dataflow,ESTAT:ENV_WASMUN(1.0),Municipal waste by waste management operations,A,Annual,GEN,Waste generated,KG_HAB,Kilograms per capita,BG,Bulgaria,2013,,438,,,,,
dataflow,ESTAT:ENV_WASMUN(1.0),Municipal waste by waste management operations,A,Annual,GEN,Waste generated,KG_HAB,Kilograms per capita,BG,Bulgaria,2014,,451,,,,,
dataflow,ESTAT:ENV_WASMUN(1.0),Municipal waste by waste management operations,A,Annual,GEN,Waste generated,KG_HAB,Kilograms per capita,BG,Bulgaria,2015,,431,,,,,
dataflow,ESTAT:ENV_WASMUN(1.0),Municipal waste by waste management operations,A,Annual,GEN,Waste generated,KG_HAB,Kilograms per capita,BG,Bulgaria,2016,,418,,,,,
dataflow,ESTAT:ENV_WASMUN(1.0),Municipal waste by waste management operations,A,Annual,GEN,Waste generated,KG_HAB,Kilograms per capita,BG,Bulgaria,2017,,453,,,,,
dataflow,ESTAT:ENV_WASMUN(1.0),Municipal waste by waste management operations,A,Annual,GEN,Waste generated,KG_HAB,Kilograms per capita,BG,Bulgaria,2018,,426,,,,,
dataflow,ESTAT:ENV_WASMUN(1.0),Municipal waste by waste management operations,A,Annual,GEN,Waste generated,KG_HAB,Kilograms per capita,BG,Bulgaria,2019,,465,,i,value imputed by Eurostat or other receiving agencies,,
dataflow,ESTAT:ENV_WASMUN(1.0),Municipal waste by waste management operations,A,Annual,GEN,Waste generated,KG_HAB,Kilograms per capita,BG,Bulgaria,2020,,432,,,,,
dataflow,ESTAT:ENV_WASMUN(1.0),Municipal waste by waste management operations,A,Annual,GEN,Waste generated,KG_HAB,Kilograms per capita,BG,Bulgaria,2021,,470,,,,,
dataflow,ESTAT:ENV_WASMUN(1.0),Municipal waste by waste management operations,A,Annual,GEN,Waste generated,KG_HAB,Kilograms per capita,BG,Bulgaria,2022,,488,,,,,
dataflow,ESTAT:ENV_WASMUN(1.0),Municipal waste by waste management operations,A,Annual,GEN,Waste generated,KG_HAB,Kilograms per capita,CH,Switzerland,1995,,602,,,,,
dataflow,ESTAT:ENV_WASMUN(1.0),Municipal waste by waste management operations,A,Annual,GEN,Waste generated,KG_HAB,Kilograms per capita,CH,Switzerland,1996,,605,,,,,
dataflow,ESTAT:ENV_WASMUN(1.0),Municipal waste by waste management operations,A,Annual,GEN,Waste generated,KG_HAB,Kilograms per capita,CH,Switzerland,1997,,606,,,,,
dataflow,ESTAT:ENV_WASMUN(1.0),Municipal waste by waste management operations,A,Annual,GEN,Waste generated,KG_HAB,Kilograms per capita,CH,Switzerland,1998,,614,,,,,
dataflow,ESTAT:ENV_WASMUN(1.0),Municipal waste by waste management operations,A,Annual,GEN,Waste generated,KG_HAB,Kilograms per capita,CH,Switzerland,1999,,638,,,,,
dataflow,ESTAT:ENV_WASMUN(1.0),Municipal waste by waste management operations,A,Annual,GEN,Waste generated,KG_HAB,Kilograms per capita,CH,Switzerland,2000,,659,,,,,
dataflow,ESTAT:ENV_WASMUN(1.0),Municipal waste by waste management operations,A,Annual,GEN,Waste generated,KG_HAB,Kilograms per capita,CH,Switzerland,2001,,663,,,,,
dataflow,ESTAT:ENV_WASMUN(1.0),Municipal waste by waste management operations,A,Annual,GEN,Waste generated,KG_HAB,Kilograms per capita,CH,Switzerland,2002,,678,,,,,
dataflow,ESTAT:ENV_WASMUN(1.0),Municipal waste by waste management operations,A,Annual,GEN,Waste generated,KG_HAB,Kilograms per capita,CH,Switzerland,2003,,670,,,,,
dataflow,ESTAT:ENV_WASMUN(1.0),Municipal waste by waste management operations,A,Annual,GEN,Waste generated,KG_HAB,Kilograms per capita,CH,Switzerland,2004,,663,,,,,
dataflow,ESTAT:ENV_WASMUN(1.0),Municipal waste by waste management operations,A,Annual,GEN,Waste generated,KG_HAB,Kilograms per capita,CH,Switzerland,2005,,664,,,,,
dataflow,ESTAT:ENV_WASMUN(1.0),Municipal waste by waste management operations,A,Annual,GEN,Waste generated,KG_HAB,Kilograms per capita,CH,Switzerland,2006,,712,,,,,
dataflow,ESTAT:ENV_WASMUN(1.0),Municipal waste by waste management operations,A,Annual,GEN,Waste generated,KG_HAB,Kilograms per capita,CH,Switzerland,2007,,724,,,,,
dataflow,ESTAT:ENV_WASMUN(1.0),Municipal waste by waste management operations,A,Annual,GEN,Waste generated,KG_HAB,Kilograms per capita,CH,Switzerland,2008,,739,,,,,
dataflow,ESTAT:ENV_WASMUN(1.0),Municipal waste by waste management operations,A,Annual,GEN,Waste generated,KG_HAB,Kilograms per capita,CH,Switzerland,2009,,705,,,,,
dataflow,ESTAT:ENV_WASMUN(1.0),Municipal waste by waste management operations,A,Annual,GEN,Waste generated,KG_HAB,Kilograms per capita,CH,Switzerland,2010,,711,,,,,
dataflow,ESTAT:ENV_WASMUN(1.0),Municipal waste by waste management operations,A,Annual,GEN,Waste generated,KG_HAB,Kilograms per capita,CH,Switzerland,2011,,692,,,,,
dataflow,ESTAT:ENV_WASMUN(1.0),Municipal waste by waste management operations,A,Annual,GEN,Waste generated,KG_HAB,Kilograms per capita,CH,Switzerland,2012,,697,,,,,
dataflow,ESTAT:ENV_WASMUN(1.0),Municipal waste by waste management operations,A,Annual,GEN,Waste generated,KG_HAB,Kilograms per capita,CH,Switzerland,2013,,706,,,,,
dataflow,ESTAT:ENV_WASMUN(1.0),Municipal waste by waste management operations,A,Annual,GEN,Waste generated,KG_HAB,Kilograms per capita,CH,Switzerland,2014,,733,,,,,
dataflow,ESTAT:ENV_WASMUN(1.0),Municipal waste by waste management operations,A,Annual,GEN,Waste generated,KG_HAB,Kilograms per capita,CH,Switzerland,2015,,728,,,,,
dataflow,ESTAT:ENV_WASMUN(1.0),Municipal waste by waste management operations,A,Annual,GEN,Waste generated,KG_HAB,Kilograms per capita,CH,Switzerland,2016,,723,,,,,
dataflow,ESTAT:ENV_WASMUN(1.0),Municipal waste by waste management operations,A,Annual,GEN,Waste generated,KG_HAB,Kilograms per capita,CH,Switzerland,2017,,709,,,,,
dataflow,ESTAT:ENV_WASMUN(1.0),Municipal waste by waste management operations,A,Annual,GEN,Waste generated,KG_HAB,Kilograms per capita,CH,Switzerland,2018,,706,,,,,
dataflow,ESTAT:ENV_WASMUN(1.0),Municipal waste by waste management operations,A,Annual,GEN,Waste generated,KG_HAB,Kilograms per capita,CH,Switzerland,2019,,709,,,,,
dataflow,ESTAT:ENV_WASMUN(1.0),Municipal waste by waste management operations,A,Annual,GEN,Waste generated,KG_HAB,Kilograms per capita,CH,Switzerland,2020,,706,,,,,
dataflow,ESTAT:ENV_WASMUN(1.0),Municipal waste by waste management operations,A,Annual,GEN,Waste generated,KG_HAB,Kilograms per capita,CH,Switzerland,2021,,704,,,,,
dataflow,ESTAT:ENV_WASMUN(1.0),Municipal waste by waste management operations,A,Annual,GEN,Waste generated,KG_HAB,Kilograms per capita,CH,Switzerland,2022,,677,,,,,
dataflow,ESTAT:ENV_WASMUN(1.0),Municipal waste by waste management operations,A,Annual,GEN,Waste generated,KG_HAB,Kilograms per capita,CY,Cyprus,1995,,595,,,,,
dataflow,ESTAT:ENV_WASMUN(1.0),Municipal waste by waste management operations,A,Annual,GEN,Waste generated,KG_HAB,Kilograms per capita,CY,Cyprus,1996,,605,,,,,
dataflow,ESTAT:ENV_WASMUN(1.0),Municipal waste by waste management operations,A,Annual,GEN,Waste generated,KG_HAB,Kilograms per capita,CY,Cyprus,1997,,612,,,,,
dataflow,ESTAT:ENV_WASMUN(1.0),Municipal waste by waste management operations,A,Annual,GEN,Waste generated,KG_HAB,Kilograms per capita,CY,Cyprus,1998,,616,,,,,
dataflow,ESTAT:ENV_WASMUN(1.0),Municipal waste by waste management operations,A,Annual,GEN,Waste generated,KG_HAB,Kilograms per capita,CY,Cyprus,1999,,620,,,,,
dataflow,ESTAT:ENV_WASMUN(1.0),Municipal waste by waste management operations,A,Annual,GEN,Waste generated,KG_HAB,Kilograms per capita,CY,Cyprus,2000,,628,,,,,
dataflow,ESTAT:ENV_WASMUN(1.0),Municipal waste by waste management operations,A,Annual,GEN,Waste generated,KG_HAB,Kilograms per capita,CY,Cyprus,2001,,650,,,,,
dataflow,ESTAT:ENV_WASMUN(1.0),Municipal waste by waste management operations,A,Annual,GEN,Waste generated,KG_HAB,Kilograms per capita,CY,Cyprus,2002,,655,,,,,
dataflow,ESTAT:ENV_WASMUN(1.0),Municipal waste by waste management operations,A,Annual,GEN,Waste generated,KG_HAB,Kilograms per capita,CY,Cyprus,2003,,670,,,,,
dataflow,ESTAT:ENV_WASMUN(1.0),Municipal waste by waste management operations,A,Annual,GEN,Waste generated,KG_HAB,Kilograms per capita,CY,Cyprus,2004,,684,,,,,
dataflow,ESTAT:ENV_WASMUN(1.0),Municipal waste by waste management operations,A,Annual,GEN,Waste generated,KG_HAB,Kilograms per capita,CY,Cyprus,2005,,688,,,,,
dataflow,ESTAT:ENV_WASMUN(1.0),Municipal waste by waste management operations,A,Annual,GEN,Waste generated,KG_HAB,Kilograms per capita,CY,Cyprus,2006,,695,,,,,
dataflow,ESTAT:ENV_WASMUN(1.0),Municipal waste by waste management operations,A,Annual,GEN,Waste generated,KG_HAB,Kilograms per capita,CY,Cyprus,2007,,704,,,,,
dataflow,ESTAT:ENV_WASMUN(1.0),Municipal waste by waste management operations,A,Annual,GEN,Waste generated,KG_HAB,Kilograms per capita,CY,Cyprus,2008,,729,,,,,
dataflow,ESTAT:ENV_WASMUN(1.0),Municipal waste by waste management operations,A,Annual,GEN,Waste generated,KG_HAB,Kilograms per capita,CY,Cyprus,2009,,729,,,,,
dataflow,ESTAT:ENV_WASMUN(1.0),Municipal waste by waste management operations,A,Annual,GEN,Waste generated,KG_HAB,Kilograms per capita,CY,Cyprus,2010,,711,,,,,
dataflow,ESTAT:ENV_WASMUN(1.0),Municipal waste by waste management operations,A,Annual,GEN,Waste generated,KG_HAB,Kilograms per capita,CY,Cyprus,2011,,692,,,,,
dataflow,ESTAT:ENV_WASMUN(1.0),Municipal waste by waste management operations,A,Annual,GEN,Waste generated,KG_HAB,Kilograms per capita,CY,Cyprus,2012,,681,,,,,
dataflow,ESTAT:ENV_WASMUN(1.0),Municipal waste by waste management operations,A,Annual,GEN,Waste generated,KG_HAB,Kilograms per capita,CY,Cyprus,2013,,635,,,,,
dataflow,ESTAT:ENV_WASMUN(1.0),Municipal waste by waste management operations,A,Annual,GEN,Waste generated,KG_HAB,Kilograms per capita,CY,Cyprus,2014,,619,,,,,
dataflow,ESTAT:ENV_WASMUN(1.0),Municipal waste by waste management operations,A,Annual,GEN,Waste generated,KG_HAB,Kilograms per capita,CY,Cyprus,2015,,637,,,,,
dataflow,ESTAT:ENV_WASMUN(1.0),Municipal waste by waste management operations,A,Annual,GEN,Waste generated,KG_HAB,Kilograms per capita,CY,Cyprus,2016,,649,,,,,
dataflow,ESTAT:ENV_WASMUN(1.0),Municipal waste by waste management operations,A,Annual,GEN,Waste generated,KG_HAB,Kilograms per capita,CY,Cyprus,2017,,642,,,,,
dataflow,ESTAT:ENV_WASMUN(1.0),Municipal waste by waste management operations,A,Annual,GEN,Waste generated,KG_HAB,Kilograms per capita,CY,Cyprus,2018,,662,,,,,
dataflow,ESTAT:ENV_WASMUN(1.0),Municipal waste by waste management operations,A,Annual,GEN,Waste generated,KG_HAB,Kilograms per capita,CY,Cyprus,2019,,664,,,,,
dataflow,ESTAT:ENV_WASMUN(1.0),Municipal waste by waste management operations,A,Annual,GEN,Waste generated,KG_HAB,Kilograms per capita,CY,Cyprus,2020,,625,,,,,
dataflow,ESTAT:ENV_WASMUN(1.0),Municipal waste by waste management operations,A,Annual,GEN,Waste generated,KG_HAB,Kilograms per capita,CY,Cyprus,2021,,650,,,,,
dataflow,ESTAT:ENV_WASMUN(1.0),Municipal waste by waste management operations,A,Annual,GEN,Waste generated,KG_HAB,Kilograms per capita,CY,Cyprus,2022,,673,,,,,
dataflow,ESTAT:ENV_WASMUN(1.0),Municipal waste by waste management operations,A,Annual,GEN,Waste generated,KG_HAB,Kilograms per capita,CY,Cyprus,2023,,674,,p,provisional,,
dataflow,ESTAT:ENV_WASMUN(1.0),Municipal waste by waste management operations,A,Annual,GEN,Waste generated,KG_HAB,Kilograms per capita,CZ,Czechia,1995,,302,,,,,
dataflow,ESTAT:ENV_WASMUN(1.0),Municipal waste by waste management operations,A,Annual,GEN,Waste generated,KG_HAB,Kilograms per capita,CZ,Czechia,1996,,310,,,,,
dataflow,ESTAT:ENV_WASMUN(1.0),Municipal waste by waste management operations,A,Annual,GEN,Waste generated,KG_HAB,Kilograms per capita,CZ,Czechia,1997,,318,,,,,
dataflow,ESTAT:ENV_WASMUN(1.0),Municipal waste by waste management operations,A,Annual,GEN,Waste generated,KG_HAB,Kilograms per capita,CZ,Czechia,1998,,293,,,,,
dataflow,ESTAT:ENV_WASMUN(1.0),Municipal waste by waste management operations,A,Annual,GEN,Waste generated,KG_HAB,Kilograms per capita,CZ,Czechia,1999,,327,,,,,
dataflow,ESTAT:ENV_WASMUN(1.0),Municipal waste by waste management operations,A,Annual,GEN,Waste generated,KG_HAB,Kilograms per capita,CZ,Czechia,2000,,335,,,,,
dataflow,ESTAT:ENV_WASMUN(1.0),Municipal waste by waste management operations,A,Annual,GEN,Waste generated,KG_HAB,Kilograms per capita,CZ,Czechia,2001,,274,,b,break in time series,,
dataflow,ESTAT:ENV_WASMUN(1.0),Municipal waste by waste management operations,A,Annual,GEN,Waste generated,KG_HAB,Kilograms per capita,CZ,Czechia,2002,,279,,,,,
dataflow,ESTAT:ENV_WASMUN(1.0),Municipal waste by waste management operations,A,Annual,GEN,Waste generated,KG_HAB,Kilograms per capita,CZ,Czechia,2003,,280,,,,,
dataflow,ESTAT:ENV_WASMUN(1.0),Municipal waste by waste management operations,A,Annual,GEN,Waste generated,KG_HAB,Kilograms per capita,CZ,Czechia,2004,,279,,,,,
dataflow,ESTAT:ENV_WASMUN(1.0),Municipal waste by waste management operations,A,Annual,GEN,Waste generated,KG_HAB,Kilograms per capita,CZ,Czechia,2005,,289,,,,,
dataflow,ESTAT:ENV_WASMUN(1.0),Municipal waste by waste management operations,A,Annual,GEN,Waste generated,KG_HAB,Kilograms per capita,CZ,Czechia,2006,,297,,,,,
dataflow,ESTAT:ENV_WASMUN(1.0),Municipal waste by waste management operations,A,Annual,GEN,Waste generated,KG_HAB,Kilograms per capita,CZ,Czechia,2007,,294,,,,,
dataflow,ESTAT:ENV_WASMUN(1.0),Municipal waste by waste management operations,A,Annual,GEN,Waste generated,KG_HAB,Kilograms per capita,CZ,Czechia,2008,,306,,,,,
dataflow,ESTAT:ENV_WASMUN(1.0),Municipal waste by waste management operations,A,Annual,GEN,Waste generated,KG_HAB,Kilograms per capita,CZ,Czechia,2009,,317,,,,,
dataflow,ESTAT:ENV_WASMUN(1.0),Municipal waste by waste management operations,A,Annual,GEN,Waste generated,KG_HAB,Kilograms per capita,CZ,Czechia,2010,,318,,,,,
dataflow,ESTAT:ENV_WASMUN(1.0),Municipal waste by waste management operations,A,Annual,GEN,Waste generated,KG_HAB,Kilograms per capita,CZ,Czechia,2011,,320,,,,,
dataflow,ESTAT:ENV_WASMUN(1.0),Municipal waste by waste management operations,A,Annual,GEN,Waste generated,KG_HAB,Kilograms per capita,CZ,Czechia,2012,,308,,,,,
dataflow,ESTAT:ENV_WASMUN(1.0),Municipal waste by waste management operations,A,Annual,GEN,Waste generated,KG_HAB,Kilograms per capita,CZ,Czechia,2013,,307,,,,,
dataflow,ESTAT:ENV_WASMUN(1.0),Municipal waste by waste management operations,A,Annual,GEN,Waste generated,KG_HAB,Kilograms per capita,CZ,Czechia,2014,,310,,,,,
dataflow,ESTAT:ENV_WASMUN(1.0),Municipal waste by waste management operations,A,Annual,GEN,Waste generated,KG_HAB,Kilograms per capita,CZ,Czechia,2015,,316,,,,,
dataflow,ESTAT:ENV_WASMUN(1.0),Municipal waste by waste management operations,A,Annual,GEN,Waste generated,KG_HAB,Kilograms per capita,CZ,Czechia,2016,,339,,,,,
dataflow,ESTAT:ENV_WASMUN(1.0),Municipal waste by waste management operations,A,Annual,GEN,Waste generated,KG_HAB,Kilograms per capita,CZ,Czechia,2017,,489,,b,break in time series,,
dataflow,ESTAT:ENV_WASMUN(1.0),Municipal waste by waste management operations,A,Annual,GEN,Waste generated,KG_HAB,Kilograms per capita,CZ,Czechia,2018,,494,,,,,
dataflow,ESTAT:ENV_WASMUN(1.0),Municipal waste by waste management operations,A,Annual,GEN,Waste generated,KG_HAB,Kilograms per capita,CZ,Czechia,2019,,500,,,,,
dataflow,ESTAT:ENV_WASMUN(1.0),Municipal waste by waste management operations,A,Annual,GEN,Waste generated,KG_HAB,Kilograms per capita,CZ,Czechia,2020,,543,,,,,
dataflow,ESTAT:ENV_WASMUN(1.0),Municipal waste by waste management operations,A,Annual,GEN,Waste generated,KG_HAB,Kilograms per capita,CZ,Czechia,2021,,570,,,,,
dataflow,ESTAT:ENV_WASMUN(1.0),Municipal waste by waste management operations,A,Annual,GEN,Waste generated,KG_HAB,Kilograms per capita,DE,Germany,1995,,623,,i,value imputed by Eurostat or other receiving agencies,,
dataflow,ESTAT:ENV_WASMUN(1.0),Municipal waste by waste management operations,A,Annual,GEN,Waste generated,KG_HAB,Kilograms per capita,DE,Germany,1996,,641,,i,value imputed by Eurostat or other receiving agencies,,
dataflow,ESTAT:ENV_WASMUN(1.0),Municipal waste by waste management operations,A,Annual,GEN,Waste generated,KG_HAB,Kilograms per capita,DE,Germany,1997,,658,,i,value imputed by Eurostat or other receiving agencies,,
dataflow,ESTAT:ENV_WASMUN(1.0),Municipal waste by waste management operations,A,Annual,GEN,Waste generated,KG_HAB,Kilograms per capita,DE,Germany,1998,,647,,i,value imputed by Eurostat or other receiving agencies,,
dataflow,ESTAT:ENV_WASMUN(1.0),Municipal waste by waste management operations,A,Annual,GEN,Waste generated,KG_HAB,Kilograms per capita,DE,Germany,1999,,638,,i,value imputed by Eurostat or other receiving agencies,,
dataflow,ESTAT:ENV_WASMUN(1.0),Municipal waste by waste management operations,A,Annual,GEN,Waste generated,KG_HAB,Kilograms per capita,DE,Germany,2000,,642,,i,value imputed by Eurostat or other receiving agencies,,
dataflow,ESTAT:ENV_WASMUN(1.0),Municipal waste by waste management operations,A,Annual,GEN,Waste generated,KG_HAB,Kilograms per capita,DE,Germany,2001,,632,,i,value imputed by Eurostat or other receiving agencies,,
dataflow,ESTAT:ENV_WASMUN(1.0),Municipal waste by waste management operations,A,Annual,GEN,Waste generated,KG_HAB,Kilograms per capita,DE,Germany,2002,,640,,,,,
dataflow,ESTAT:ENV_WASMUN(1.0),Municipal waste by waste management operations,A,Annual,GEN,Waste generated,KG_HAB,Kilograms per capita,DE,Germany,2003,,601,,,,,
dataflow,ESTAT:ENV_WASMUN(1.0),Municipal waste by waste management operations,A,Annual,GEN,Waste generated,KG_HAB,Kilograms per capita,DE,Germany,2004,,587,,,,,
dataflow,ESTAT:ENV_WASMUN(1.0),Municipal waste by waste management operations,A,Annual,GEN,Waste generated,KG_HAB,Kilograms per capita,DE,Germany,2005,,565,,,,,
dataflow,ESTAT:ENV_WASMUN(1.0),Municipal waste by waste management operations,A,Annual,GEN,Waste generated,KG_HAB,Kilograms per capita,DE,Germany,2006,,564,,,,,
dataflow,ESTAT:ENV_WASMUN(1.0),Municipal waste by waste management operations,A,Annual,GEN,Waste generated,KG_HAB,Kilograms per capita,DE,Germany,2007,,582,,,,,
dataflow,ESTAT:ENV_WASMUN(1.0),Municipal waste by waste management operations,A,Annual,GEN,Waste generated,KG_HAB,Kilograms per capita,DE,Germany,2008,,589,,,,,
dataflow,ESTAT:ENV_WASMUN(1.0),Municipal waste by waste management operations,A,Annual,GEN,Waste generated,KG_HAB,Kilograms per capita,DE,Germany,2009,,592,,,,,
dataflow,ESTAT:ENV_WASMUN(1.0),Municipal waste by waste management operations,A,Annual,GEN,Waste generated,KG_HAB,Kilograms per capita,DE,Germany,2010,,602,,,,,
dataflow,ESTAT:ENV_WASMUN(1.0),Municipal waste by waste management operations,A,Annual,GEN,Waste generated,KG_HAB,Kilograms per capita,DE,Germany,2011,,626,,,,,
dataflow,ESTAT:ENV_WASMUN(1.0),Municipal waste by waste management operations,A,Annual,GEN,Waste generated,KG_HAB,Kilograms per capita,DE,Germany,2012,,619,,,,,
dataflow,ESTAT:ENV_WASMUN(1.0),Municipal waste by waste management operations,A,Annual,GEN,Waste generated,KG_HAB,Kilograms per capita,DE,Germany,2013,,615,,,,,
dataflow,ESTAT:ENV_WASMUN(1.0),Municipal waste by waste management operations,A,Annual,GEN,Waste generated,KG_HAB,Kilograms per capita,DE,Germany,2014,,631,,,,,
dataflow,ESTAT:ENV_WASMUN(1.0),Municipal waste by waste management operations,A,Annual,GEN,Waste generated,KG_HAB,Kilograms per capita,DE,Germany,2015,,632,,,,,
dataflow,ESTAT:ENV_WASMUN(1.0),Municipal waste by waste management operations,A,Annual,GEN,Waste generated,KG_HAB,Kilograms per capita,DE,Germany,2016,,633,,,,,
dataflow,ESTAT:ENV_WASMUN(1.0),Municipal waste by waste management operations,A,Annual,GEN,Waste generated,KG_HAB,Kilograms per capita,DE,Germany,2017,,627,,,,,
dataflow,ESTAT:ENV_WASMUN(1.0),Municipal waste by waste management operations,A,Annual,GEN,Waste generated,KG_HAB,Kilograms per capita,DE,Germany,2018,,606,,,,,
dataflow,ESTAT:ENV_WASMUN(1.0),Municipal waste by waste management operations,A,Annual,GEN,Waste generated,KG_HAB,Kilograms per capita,DE,Germany,2019,,609,,e,estimated,,
dataflow,ESTAT:ENV_WASMUN(1.0),Municipal waste by waste management operations,A,Annual,GEN,Waste generated,KG_HAB,Kilograms per capita,DE,Germany,2020,,641,,,,,
dataflow,ESTAT:ENV_WASMUN(1.0),Municipal waste by waste management operations,A,Annual,GEN,Waste generated,KG_HAB,Kilograms per capita,DE,Germany,2021,,651,,,,,
dataflow,ESTAT:ENV_WASMUN(1.0),Municipal waste by waste management operations,A,Annual,GEN,Waste generated,KG_HAB,Kilograms per capita,DE,Germany,2022,,606,,,,,
dataflow,ESTAT:ENV_WASMUN(1.0),Municipal waste by waste management operations,A,Annual,GEN,Waste generated,KG_HAB,Kilograms per capita,DE,Germany,2023,,601,,e,estimated,,
dataflow,ESTAT:ENV_WASMUN(1.0),Municipal waste by waste management operations,A,Annual,GEN,Waste generated,KG_HAB,Kilograms per capita,DK,Denmark,1995,,521,,be,"break in time series, estimated",,
dataflow,ESTAT:ENV_WASMUN(1.0),Municipal waste by waste management operations,A,Annual,GEN,Waste generated,KG_HAB,Kilograms per capita,DK,Denmark,1996,,618,,,,,
dataflow,ESTAT:ENV_WASMUN(1.0),Municipal waste by waste management operations,A,Annual,GEN,Waste generated,KG_HAB,Kilograms per capita,DK,Denmark,1997,,587,,,,,
dataflow,ESTAT:ENV_WASMUN(1.0),Municipal waste by waste management operations,A,Annual,GEN,Waste generated,KG_HAB,Kilograms per capita,DK,Denmark,1998,,592,,,,,
dataflow,ESTAT:ENV_WASMUN(1.0),Municipal waste by waste management operations,A,Annual,GEN,Waste generated,KG_HAB,Kilograms per capita,DK,Denmark,1999,,626,,,,,
dataflow,ESTAT:ENV_WASMUN(1.0),Municipal waste by waste management operations,A,Annual,GEN,Waste generated,KG_HAB,Kilograms per capita,DK,Denmark,2000,,664,,,,,
dataflow,ESTAT:ENV_WASMUN(1.0),Municipal waste by waste management operations,A,Annual,GEN,Waste generated,KG_HAB,Kilograms per capita,DK,Denmark,2001,,657,,,,,
dataflow,ESTAT:ENV_WASMUN(1.0),Municipal waste by waste management operations,A,Annual,GEN,Waste generated,KG_HAB,Kilograms per capita,DK,Denmark,2002,,664,,,,,
dataflow,ESTAT:ENV_WASMUN(1.0),Municipal waste by waste management operations,A,Annual,GEN,Waste generated,KG_HAB,Kilograms per capita,DK,Denmark,2003,,671,,,,,
dataflow,ESTAT:ENV_WASMUN(1.0),Municipal waste by waste management operations,A,Annual,GEN,Waste generated,KG_HAB,Kilograms per capita,DK,Denmark,2004,,695,,,,,
dataflow,ESTAT:ENV_WASMUN(1.0),Municipal waste by waste management operations,A,Annual,GEN,Waste generated,KG_HAB,Kilograms per capita,DK,Denmark,2005,,736,,,,,
dataflow,ESTAT:ENV_WASMUN(1.0),Municipal waste by waste management operations,A,Annual,GEN,Waste generated,KG_HAB,Kilograms per capita,DK,Denmark,2006,,740,,,,,
dataflow,ESTAT:ENV_WASMUN(1.0),Municipal waste by waste management operations,A,Annual,GEN,Waste generated,KG_HAB,Kilograms per capita,DK,Denmark,2007,,790,,,,,
dataflow,ESTAT:ENV_WASMUN(1.0),Municipal waste by waste management operations,A,Annual,GEN,Waste generated,KG_HAB,Kilograms per capita,DK,Denmark,2008,,830,,,,,
dataflow,ESTAT:ENV_WASMUN(1.0),Municipal waste by waste management operations,A,Annual,GEN,Waste generated,KG_HAB,Kilograms per capita,DK,Denmark,2009,,762,,e,estimated,,
dataflow,ESTAT:ENV_WASMUN(1.0),Municipal waste by waste management operations,A,Annual,GEN,Waste generated,KG_HAB,Kilograms per capita,DK,Denmark,2011,,862,,b,break in time series,,
dataflow,ESTAT:ENV_WASMUN(1.0),Municipal waste by waste management operations,A,Annual,GEN,Waste generated,KG_HAB,Kilograms per capita,DK,Denmark,2012,,806,,,,,
dataflow,ESTAT:ENV_WASMUN(1.0),Municipal waste by waste management operations,A,Annual,GEN,Waste generated,KG_HAB,Kilograms per capita,DK,Denmark,2013,,813,,,,,
dataflow,ESTAT:ENV_WASMUN(1.0),Municipal waste by waste management operations,A,Annual,GEN,Waste generated,KG_HAB,Kilograms per capita,DK,Denmark,2014,,808,,,,,
dataflow,ESTAT:ENV_WASMUN(1.0),Municipal waste by waste management operations,A,Annual,GEN,Waste generated,KG_HAB,Kilograms per capita,DK,Denmark,2015,,822,,,,,
dataflow,ESTAT:ENV_WASMUN(1.0),Municipal waste by waste management operations,A,Annual,GEN,Waste generated,KG_HAB,Kilograms per capita,DK,Denmark,2016,,830,,,,,
dataflow,ESTAT:ENV_WASMUN(1.0),Municipal waste by waste management operations,A,Annual,GEN,Waste generated,KG_HAB,Kilograms per capita,DK,Denmark,2017,,820,,,,,
dataflow,ESTAT:ENV_WASMUN(1.0),Municipal waste by waste management operations,A,Annual,GEN,Waste generated,KG_HAB,Kilograms per capita,DK,Denmark,2018,,814,,,,,
dataflow,ESTAT:ENV_WASMUN(1.0),Municipal waste by waste management operations,A,Annual,GEN,Waste generated,KG_HAB,Kilograms per capita,DK,Denmark,2019,,844,,,,,
dataflow,ESTAT:ENV_WASMUN(1.0),Municipal waste by waste management operations,A,Annual,GEN,Waste generated,KG_HAB,Kilograms per capita,DK,Denmark,2020,,814,,,,,
dataflow,ESTAT:ENV_WASMUN(1.0),Municipal waste by waste management operations,A,Annual,GEN,Waste generated,KG_HAB,Kilograms per capita,DK,Denmark,2021,,769,,,,,
dataflow,ESTAT:ENV_WASMUN(1.0),Municipal waste by waste management operations,A,Annual,GEN,Waste generated,KG_HAB,Kilograms per capita,DK,Denmark,2022,,802,,,,,
dataflow,ESTAT:ENV_WASMUN(1.0),Municipal waste by waste management operations,A,Annual,GEN,Waste generated,KG_HAB,Kilograms per capita,EE,Estonia,1995,,371,,,,,
dataflow,ESTAT:ENV_WASMUN(1.0),Municipal waste by waste management operations,A,Annual,GEN,Waste generated,KG_HAB,Kilograms per capita,EE,Estonia,1996,,399,,,,,
dataflow,ESTAT:ENV_WASMUN(1.0),Municipal waste by waste management operations,A,Annual,GEN,Waste generated,KG_HAB,Kilograms per capita,EE,Estonia,1997,,424,,,,,
dataflow,ESTAT:ENV_WASMUN(1.0),Municipal waste by waste management operations,A,Annual,GEN,Waste generated,KG_HAB,Kilograms per capita,EE,Estonia,1998,,402,,,,,
dataflow,ESTAT:ENV_WASMUN(1.0),Municipal waste by waste management operations,A,Annual,GEN,Waste generated,KG_HAB,Kilograms per capita,EE,Estonia,1999,,409,,,,,
dataflow,ESTAT:ENV_WASMUN(1.0),Municipal waste by waste management operations,A,Annual,GEN,Waste generated,KG_HAB,Kilograms per capita,EE,Estonia,2000,,453,,b,break in time series,,
dataflow,ESTAT:ENV_WASMUN(1.0),Municipal waste by waste management operations,A,Annual,GEN,Waste generated,KG_HAB,Kilograms per capita,EE,Estonia,2001,,366,,b,break in time series,,
dataflow,ESTAT:ENV_WASMUN(1.0),Municipal waste by waste management operations,A,Annual,GEN,Waste generated,KG_HAB,Kilograms per capita,EE,Estonia,2002,,401,,,,,
dataflow,ESTAT:ENV_WASMUN(1.0),Municipal waste by waste management operations,A,Annual,GEN,Waste generated,KG_HAB,Kilograms per capita,EE,Estonia,2003,,414,,,,,
dataflow,ESTAT:ENV_WASMUN(1.0),Municipal waste by waste management operations,A,Annual,GEN,Waste generated,KG_HAB,Kilograms per capita,EE,Estonia,2004,,445,,,,,
dataflow,ESTAT:ENV_WASMUN(1.0),Municipal waste by waste management operations,A,Annual,GEN,Waste generated,KG_HAB,Kilograms per capita,EE,Estonia,2005,,433,,,,,
dataflow,ESTAT:ENV_WASMUN(1.0),Municipal waste by waste management operations,A,Annual,GEN,Waste generated,KG_HAB,Kilograms per capita,EE,Estonia,2006,,398,,,,,
dataflow,ESTAT:ENV_WASMUN(1.0),Municipal waste by waste management operations,A,Annual,GEN,Waste generated,KG_HAB,Kilograms per capita,EE,Estonia,2007,,449,,,,,
dataflow,ESTAT:ENV_WASMUN(1.0),Municipal waste by waste management operations,A,Annual,GEN,Waste generated,KG_HAB,Kilograms per capita,EE,Estonia,2008,,392,,,,,
dataflow,ESTAT:ENV_WASMUN(1.0),Municipal waste by waste management operations,A,Annual,GEN,Waste generated,KG_HAB,Kilograms per capita,EE,Estonia,2009,,339,,,,,
dataflow,ESTAT:ENV_WASMUN(1.0),Municipal waste by waste management operations,A,Annual,GEN,Waste generated,KG_HAB,Kilograms per capita,EE,Estonia,2010,,305,,b,break in time series,,
dataflow,ESTAT:ENV_WASMUN(1.0),Municipal waste by waste management operations,A,Annual,GEN,Waste generated,KG_HAB,Kilograms per capita,EE,Estonia,2011,,301,,,,,
dataflow,ESTAT:ENV_WASMUN(1.0),Municipal waste by waste management operations,A,Annual,GEN,Waste generated,KG_HAB,Kilograms per capita,EE,Estonia,2012,,280,,,,,
dataflow,ESTAT:ENV_WASMUN(1.0),Municipal waste by waste management operations,A,Annual,GEN,Waste generated,KG_HAB,Kilograms per capita,EE,Estonia,2013,,293,,,,,
dataflow,ESTAT:ENV_WASMUN(1.0),Municipal waste by waste management operations,A,Annual,GEN,Waste generated,KG_HAB,Kilograms per capita,EE,Estonia,2014,,357,,b,break in time series,,
dataflow,ESTAT:ENV_WASMUN(1.0),Municipal waste by waste management operations,A,Annual,GEN,Waste generated,KG_HAB,Kilograms per capita,EE,Estonia,2015,,359,,,,,
dataflow,ESTAT:ENV_WASMUN(1.0),Municipal waste by waste management operations,A,Annual,GEN,Waste generated,KG_HAB,Kilograms per capita,EE,Estonia,2016,,376,,,,,
dataflow,ESTAT:ENV_WASMUN(1.0),Municipal waste by waste management operations,A,Annual,GEN,Waste generated,KG_HAB,Kilograms per capita,EE,Estonia,2017,,390,,,,,
dataflow,ESTAT:ENV_WASMUN(1.0),Municipal waste by waste management operations,A,Annual,GEN,Waste generated,KG_HAB,Kilograms per capita,EE,Estonia,2018,,405,,,,,
dataflow,ESTAT:ENV_WASMUN(1.0),Municipal waste by waste management operations,A,Annual,GEN,Waste generated,KG_HAB,Kilograms per capita,EE,Estonia,2019,,369,,,,,
dataflow,ESTAT:ENV_WASMUN(1.0),Municipal waste by waste management operations,A,Annual,GEN,Waste generated,KG_HAB,Kilograms per capita,EE,Estonia,2020,,383,,,,,
dataflow,ESTAT:ENV_WASMUN(1.0),Municipal waste by waste management operations,A,Annual,GEN,Waste generated,KG_HAB,Kilograms per capita,EE,Estonia,2021,,395,,,,,
dataflow,ESTAT:ENV_WASMUN(1.0),Municipal waste by waste management operations,A,Annual,GEN,Waste generated,KG_HAB,Kilograms per capita,EE,Estonia,2022,,373,,,,,
dataflow,ESTAT:ENV_WASMUN(1.0),Municipal waste by waste management operations,A,Annual,GEN,Waste generated,KG_HAB,Kilograms per capita,EE,Estonia,2023,,373,,,,,
dataflow,ESTAT:ENV_WASMUN(1.0),Municipal waste by waste management operations,A,Annual,GEN,Waste generated,KG_HAB,Kilograms per capita,EL,Greece,1995,,303,,,,,
dataflow,ESTAT:ENV_WASMUN(1.0),Municipal waste by waste management operations,A,Annual,GEN,Waste generated,KG_HAB,Kilograms per capita,EL,Greece,1996,,339,,,,,
dataflow,ESTAT:ENV_WASMUN(1.0),Municipal waste by waste management operations,A,Annual,GEN,Waste generated,KG_HAB,Kilograms per capita,EL,Greece,1997,,366,,,,,
dataflow,ESTAT:ENV_WASMUN(1.0),Municipal waste by waste management operations,A,Annual,GEN,Waste generated,KG_HAB,Kilograms per capita,EL,Greece,1998,,381,,,,,
dataflow,ESTAT:ENV_WASMUN(1.0),Municipal waste by waste management operations,A,Annual,GEN,Waste generated,KG_HAB,Kilograms per capita,EL,Greece,1999,,396,,,,,
dataflow,ESTAT:ENV_WASMUN(1.0),Municipal waste by waste management operations,A,Annual,GEN,Waste generated,KG_HAB,Kilograms per capita,EL,Greece,2000,,412,,,,,
dataflow,ESTAT:ENV_WASMUN(1.0),Municipal waste by waste management operations,A,Annual,GEN,Waste generated,KG_HAB,Kilograms per capita,EL,Greece,2001,,420,,,,,
dataflow,ESTAT:ENV_WASMUN(1.0),Municipal waste by waste management operations,A,Annual,GEN,Waste generated,KG_HAB,Kilograms per capita,EL,Greece,2002,,426,,,,,
dataflow,ESTAT:ENV_WASMUN(1.0),Municipal waste by waste management operations,A,Annual,GEN,Waste generated,KG_HAB,Kilograms per capita,EL,Greece,2003,,431,,,,,
dataflow,ESTAT:ENV_WASMUN(1.0),Municipal waste by waste management operations,A,Annual,GEN,Waste generated,KG_HAB,Kilograms per capita,EL,Greece,2004,,436,,,,,
dataflow,ESTAT:ENV_WASMUN(1.0),Municipal waste by waste management operations,A,Annual,GEN,Waste generated,KG_HAB,Kilograms per capita,EL,Greece,2005,,442,,,,,
dataflow,ESTAT:ENV_WASMUN(1.0),Municipal waste by waste management operations,A,Annual,GEN,Waste generated,KG_HAB,Kilograms per capita,EL,Greece,2006,,447,,,,,
dataflow,ESTAT:ENV_WASMUN(1.0),Municipal waste by waste management operations,A,Annual,GEN,Waste generated,KG_HAB,Kilograms per capita,EL,Greece,2007,,453,,,,,
dataflow,ESTAT:ENV_WASMUN(1.0),Municipal waste by waste management operations,A,Annual,GEN,Waste generated,KG_HAB,Kilograms per capita,EL,Greece,2008,,458,,,,,
dataflow,ESTAT:ENV_WASMUN(1.0),Municipal waste by waste management operations,A,Annual,GEN,Waste generated,KG_HAB,Kilograms per capita,EL,Greece,2009,,464,,,,,
dataflow,ESTAT:ENV_WASMUN(1.0),Municipal waste by waste management operations,A,Annual,GEN,Waste generated,KG_HAB,Kilograms per capita,EL,Greece,2010,,532,,,,,
dataflow,ESTAT:ENV_WASMUN(1.0),Municipal waste by waste management operations,A,Annual,GEN,Waste generated,KG_HAB,Kilograms per capita,EL,Greece,2011,,503,,,,,
dataflow,ESTAT:ENV_WASMUN(1.0),Municipal waste by waste management operations,A,Annual,GEN,Waste generated,KG_HAB,Kilograms per capita,EL,Greece,2012,,495,,,,,
dataflow,ESTAT:ENV_WASMUN(1.0),Municipal waste by waste management operations,A,Annual,GEN,Waste generated,KG_HAB,Kilograms per capita,EL,Greece,2013,,482,,,,,
dataflow,ESTAT:ENV_WASMUN(1.0),Municipal waste by waste management operations,A,Annual,GEN,Waste generated,KG_HAB,Kilograms per capita,EL,Greece,2014,,488,,,,,
dataflow,ESTAT:ENV_WASMUN(1.0),Municipal waste by waste management operations,A,Annual,GEN,Waste generated,KG_HAB,Kilograms per capita,EL,Greece,2015,,488,,,,,
dataflow,ESTAT:ENV_WASMUN(1.0),Municipal waste by waste management operations,A,Annual,GEN,Waste generated,KG_HAB,Kilograms per capita,EL,Greece,2016,,498,,,,,
dataflow,ESTAT:ENV_WASMUN(1.0),Municipal waste by waste management operations,A,Annual,GEN,Waste generated,KG_HAB,Kilograms per capita,EL,Greece,2017,,504,,,,,
dataflow,ESTAT:ENV_WASMUN(1.0),Municipal waste by waste management operations,A,Annual,GEN,Waste generated,KG_HAB,Kilograms per capita,EL,Greece,2018,,515,,,,,
dataflow,ESTAT:ENV_WASMUN(1.0),Municipal waste by waste management operations,A,Annual,GEN,Waste generated,KG_HAB,Kilograms per capita,EL,Greece,2019,,524,,,,,
dataflow,ESTAT:ENV_WASMUN(1.0),Municipal waste by waste management operations,A,Annual,GEN,Waste generated,KG_HAB,Kilograms per capita,EL,Greece,2020,,499,,,,,
dataflow,ESTAT:ENV_WASMUN(1.0),Municipal waste by waste management operations,A,Annual,GEN,Waste generated,KG_HAB,Kilograms per capita,EL,Greece,2021,,509,,,,,
dataflow,ESTAT:ENV_WASMUN(1.0),Municipal waste by waste management operations,A,Annual,GEN,Waste generated,KG_HAB,Kilograms per capita,EL,Greece,2022,,519,,,,,
dataflow,ESTAT:ENV_WASMUN(1.0),Municipal waste by waste management operations,A,Annual,GEN,Waste generated,KG_HAB,Kilograms per capita,ES,Spain,1995,,505,,,,,
dataflow,ESTAT:ENV_WASMUN(1.0),Municipal waste by waste management operations,A,Annual,GEN,Waste generated,KG_HAB,Kilograms per capita,ES,Spain,1996,,530,,,,,
dataflow,ESTAT:ENV_WASMUN(1.0),Municipal waste by waste management operations,A,Annual,GEN,Waste generated,KG_HAB,Kilograms per capita,ES,Spain,1997,,554,,,,,
dataflow,ESTAT:ENV_WASMUN(1.0),Municipal waste by waste management operations,A,Annual,GEN,Waste generated,KG_HAB,Kilograms per capita,ES,Spain,1998,,557,,,,,
dataflow,ESTAT:ENV_WASMUN(1.0),Municipal waste by waste management operations,A,Annual,GEN,Waste generated,KG_HAB,Kilograms per capita,ES,Spain,1999,,606,,,,,
dataflow,ESTAT:ENV_WASMUN(1.0),Municipal waste by waste management operations,A,Annual,GEN,Waste generated,KG_HAB,Kilograms per capita,ES,Spain,2000,,653,,,,,
dataflow,ESTAT:ENV_WASMUN(1.0),Municipal waste by waste management operations,A,Annual,GEN,Waste generated,KG_HAB,Kilograms per capita,ES,Spain,2001,,652,,,,,
dataflow,ESTAT:ENV_WASMUN(1.0),Municipal waste by waste management operations,A,Annual,GEN,Waste generated,KG_HAB,Kilograms per capita,ES,Spain,2002,,637,,,,,
dataflow,ESTAT:ENV_WASMUN(1.0),Municipal waste by waste management operations,A,Annual,GEN,Waste generated,KG_HAB,Kilograms per capita,ES,Spain,2003,,646,,,,,
dataflow,ESTAT:ENV_WASMUN(1.0),Municipal waste by waste management operations,A,Annual,GEN,Waste generated,KG_HAB,Kilograms per capita,ES,Spain,2004,,600,,,,,
dataflow,ESTAT:ENV_WASMUN(1.0),Municipal waste by waste management operations,A,Annual,GEN,Waste generated,KG_HAB,Kilograms per capita,ES,Spain,2005,,588,,,,,
dataflow,ESTAT:ENV_WASMUN(1.0),Municipal waste by waste management operations,A,Annual,GEN,Waste generated,KG_HAB,Kilograms per capita,ES,Spain,2006,,590,,,,,
dataflow,ESTAT:ENV_WASMUN(1.0),Municipal waste by waste management operations,A,Annual,GEN,Waste generated,KG_HAB,Kilograms per capita,ES,Spain,2007,,578,,,,,
dataflow,ESTAT:ENV_WASMUN(1.0),Municipal waste by waste management operations,A,Annual,GEN,Waste generated,KG_HAB,Kilograms per capita,ES,Spain,2008,,551,,,,,
dataflow,ESTAT:ENV_WASMUN(1.0),Municipal waste by waste management operations,A,Annual,GEN,Waste generated,KG_HAB,Kilograms per capita,ES,Spain,2009,,542,,,,,
dataflow,ESTAT:ENV_WASMUN(1.0),Municipal waste by waste management operations,A,Annual,GEN,Waste generated,KG_HAB,Kilograms per capita,ES,Spain,2010,,510,,,,,
dataflow,ESTAT:ENV_WASMUN(1.0),Municipal waste by waste management operations,A,Annual,GEN,Waste generated,KG_HAB,Kilograms per capita,ES,Spain,2011,,485,,,,,
dataflow,ESTAT:ENV_WASMUN(1.0),Municipal waste by waste management operations,A,Annual,GEN,Waste generated,KG_HAB,Kilograms per capita,ES,Spain,2012,,468,,,,,
dataflow,ESTAT:ENV_WASMUN(1.0),Municipal waste by waste management operations,A,Annual,GEN,Waste generated,KG_HAB,Kilograms per capita,ES,Spain,2013,,455,,,,,
dataflow,ESTAT:ENV_WASMUN(1.0),Municipal waste by waste management operations,A,Annual,GEN,Waste generated,KG_HAB,Kilograms per capita,ES,Spain,2014,,448,,,,,
dataflow,ESTAT:ENV_WASMUN(1.0),Municipal waste by waste management operations,A,Annual,GEN,Waste generated,KG_HAB,Kilograms per capita,ES,Spain,2015,,456,,,,,
dataflow,ESTAT:ENV_WASMUN(1.0),Municipal waste by waste management operations,A,Annual,GEN,Waste generated,KG_HAB,Kilograms per capita,ES,Spain,2016,,464,,,,,
dataflow,ESTAT:ENV_WASMUN(1.0),Municipal waste by waste management operations,A,Annual,GEN,Waste generated,KG_HAB,Kilograms per capita,ES,Spain,2017,,473,,,,,
dataflow,ESTAT:ENV_WASMUN(1.0),Municipal waste by waste management operations,A,Annual,GEN,Waste generated,KG_HAB,Kilograms per capita,ES,Spain,2018,,475,,,,,
dataflow,ESTAT:ENV_WASMUN(1.0),Municipal waste by waste management operations,A,Annual,GEN,Waste generated,KG_HAB,Kilograms per capita,ES,Spain,2019,,472,,,,,
dataflow,ESTAT:ENV_WASMUN(1.0),Municipal waste by waste management operations,A,Annual,GEN,Waste generated,KG_HAB,Kilograms per capita,ES,Spain,2020,,463,,,,,
dataflow,ESTAT:ENV_WASMUN(1.0),Municipal waste by waste management operations,A,Annual,GEN,Waste generated,KG_HAB,Kilograms per capita,ES,Spain,2021,,482,,,,,
dataflow,ESTAT:ENV_WASMUN(1.0),Municipal waste by waste management operations,A,Annual,GEN,Waste generated,KG_HAB,Kilograms per capita,ES,Spain,2022,,482,,p,provisional,,
dataflow,ESTAT:ENV_WASMUN(1.0),Municipal waste by waste management operations,A,Annual,GEN,Waste generated,KG_HAB,Kilograms per capita,ES,Spain,2023,,465,,e,estimated,,
dataflow,ESTAT:ENV_WASMUN(1.0),Municipal waste by waste management operations,A,Annual,GEN,Waste generated,KG_HAB,Kilograms per capita,EU27_2020,European Union - 27 countries (from 2020),1995,,467,,i,value imputed by Eurostat or other receiving agencies,,
dataflow,ESTAT:ENV_WASMUN(1.0),Municipal waste by waste management operations,A,Annual,GEN,Waste generated,KG_HAB,Kilograms per capita,EU27_2020,European Union - 27 countries (from 2020),1996,,478,,i,value imputed by Eurostat or other receiving agencies,,
dataflow,ESTAT:ENV_WASMUN(1.0),Municipal waste by waste management operations,A,Annual,GEN,Waste generated,KG_HAB,Kilograms per capita,EU27_2020,European Union - 27 countries (from 2020),1997,,491,,i,value imputed by Eurostat or other receiving agencies,,
dataflow,ESTAT:ENV_WASMUN(1.0),Municipal waste by waste management operations,A,Annual,GEN,Waste generated,KG_HAB,Kilograms per capita,EU27_2020,European Union - 27 countries (from 2020),1998,,487,,i,value imputed by Eurostat or other receiving agencies,,
dataflow,ESTAT:ENV_WASMUN(1.0),Municipal waste by waste management operations,A,Annual,GEN,Waste generated,KG_HAB,Kilograms per capita,EU27_2020,European Union - 27 countries (from 2020),1999,,500,,i,value imputed by Eurostat or other receiving agencies,,
dataflow,ESTAT:ENV_WASMUN(1.0),Municipal waste by waste management operations,A,Annual,GEN,Waste generated,KG_HAB,Kilograms per capita,EU27_2020,European Union - 27 countries (from 2020),2000,,513,,i,value imputed by Eurostat or other receiving agencies,,
dataflow,ESTAT:ENV_WASMUN(1.0),Municipal waste by waste management operations,A,Annual,GEN,Waste generated,KG_HAB,Kilograms per capita,EU27_2020,European Union - 27 countries (from 2020),2001,,509,,i,value imputed by Eurostat or other receiving agencies,,
dataflow,ESTAT:ENV_WASMUN(1.0),Municipal waste by waste management operations,A,Annual,GEN,Waste generated,KG_HAB,Kilograms per capita,EU27_2020,European Union - 27 countries (from 2020),2002,,515,,i,value imputed by Eurostat or other receiving agencies,,
dataflow,ESTAT:ENV_WASMUN(1.0),Municipal waste by waste management operations,A,Annual,GEN,Waste generated,KG_HAB,Kilograms per capita,EU27_2020,European Union - 27 countries (from 2020),2003,,502,,i,value imputed by Eurostat or other receiving agencies,,
dataflow,ESTAT:ENV_WASMUN(1.0),Municipal waste by waste management operations,A,Annual,GEN,Waste generated,KG_HAB,Kilograms per capita,EU27_2020,European Union - 27 countries (from 2020),2004,,500,,,,,
dataflow,ESTAT:ENV_WASMUN(1.0),Municipal waste by waste management operations,A,Annual,GEN,Waste generated,KG_HAB,Kilograms per capita,EU27_2020,European Union - 27 countries (from 2020),2005,,506,,,,,
dataflow,ESTAT:ENV_WASMUN(1.0),Municipal waste by waste management operations,A,Annual,GEN,Waste generated,KG_HAB,Kilograms per capita,EU27_2020,European Union - 27 countries (from 2020),2006,,513,,,,,
dataflow,ESTAT:ENV_WASMUN(1.0),Municipal waste by waste management operations,A,Annual,GEN,Waste generated,KG_HAB,Kilograms per capita,EU27_2020,European Union - 27 countries (from 2020),2007,,517,,,,,
dataflow,ESTAT:ENV_WASMUN(1.0),Municipal waste by waste management operations,A,Annual,GEN,Waste generated,KG_HAB,Kilograms per capita,EU27_2020,European Union - 27 countries (from 2020),2008,,517,,,,,
dataflow,ESTAT:ENV_WASMUN(1.0),Municipal waste by waste management operations,A,Annual,GEN,Waste generated,KG_HAB,Kilograms per capita,EU27_2020,European Union - 27 countries (from 2020),2009,,509,,,,,
dataflow,ESTAT:ENV_WASMUN(1.0),Municipal waste by waste management operations,A,Annual,GEN,Waste generated,KG_HAB,Kilograms per capita,EU27_2020,European Union - 27 countries (from 2020),2010,,503,,,,,
dataflow,ESTAT:ENV_WASMUN(1.0),Municipal waste by waste management operations,A,Annual,GEN,Waste generated,KG_HAB,Kilograms per capita,EU27_2020,European Union - 27 countries (from 2020),2011,,499,,,,,
dataflow,ESTAT:ENV_WASMUN(1.0),Municipal waste by waste management operations,A,Annual,GEN,Waste generated,KG_HAB,Kilograms per capita,EU27_2020,European Union - 27 countries (from 2020),2012,,487,,,,,
dataflow,ESTAT:ENV_WASMUN(1.0),Municipal waste by waste management operations,A,Annual,GEN,Waste generated,KG_HAB,Kilograms per capita,EU27_2020,European Union - 27 countries (from 2020),2013,,479,,,,,
dataflow,ESTAT:ENV_WASMUN(1.0),Municipal waste by waste management operations,A,Annual,GEN,Waste generated,KG_HAB,Kilograms per capita,EU27_2020,European Union - 27 countries (from 2020),2014,,479,,,,,
dataflow,ESTAT:ENV_WASMUN(1.0),Municipal waste by waste management operations,A,Annual,GEN,Waste generated,KG_HAB,Kilograms per capita,EU27_2020,European Union - 27 countries (from 2020),2015,,481,,,,,
dataflow,ESTAT:ENV_WASMUN(1.0),Municipal waste by waste management operations,A,Annual,GEN,Waste generated,KG_HAB,Kilograms per capita,EU27_2020,European Union - 27 countries (from 2020),2016,,494,,,,,
dataflow,ESTAT:ENV_WASMUN(1.0),Municipal waste by waste management operations,A,Annual,GEN,Waste generated,KG_HAB,Kilograms per capita,EU27_2020,European Union - 27 countries (from 2020),2017,,500,,,,,
dataflow,ESTAT:ENV_WASMUN(1.0),Municipal waste by waste management operations,A,Annual,GEN,Waste generated,KG_HAB,Kilograms per capita,EU27_2020,European Union - 27 countries (from 2020),2018,,500,,,,,
dataflow,ESTAT:ENV_WASMUN(1.0),Municipal waste by waste management operations,A,Annual,GEN,Waste generated,KG_HAB,Kilograms per capita,EU27_2020,European Union - 27 countries (from 2020),2019,,505,,i,value imputed by Eurostat or other receiving agencies,,
dataflow,ESTAT:ENV_WASMUN(1.0),Municipal waste by waste management operations,A,Annual,GEN,Waste generated,KG_HAB,Kilograms per capita,EU27_2020,European Union - 27 countries (from 2020),2020,,521,,,,,
dataflow,ESTAT:ENV_WASMUN(1.0),Municipal waste by waste management operations,A,Annual,GEN,Waste generated,KG_HAB,Kilograms per capita,EU27_2020,European Union - 27 countries (from 2020),2021,,534,,i,value imputed by Eurostat or other receiving agencies,,
dataflow,ESTAT:ENV_WASMUN(1.0),Municipal waste by waste management operations,A,Annual,GEN,Waste generated,KG_HAB,Kilograms per capita,EU27_2020,European Union - 27 countries (from 2020),2022,,515,,i,value imputed by Eurostat or other receiving agencies,,
dataflow,ESTAT:ENV_WASMUN(1.0),Municipal waste by waste management operations,A,Annual,GEN,Waste generated,KG_HAB,Kilograms per capita,EU27_2020,European Union - 27 countries (from 2020),2023,,511,,i,value imputed by Eurostat or other receiving agencies,,
dataflow,ESTAT:ENV_WASMUN(1.0),Municipal waste by waste management operations,A,Annual,GEN,Waste generated,KG_HAB,Kilograms per capita,FI,Finland,1995,,413,,,,,
dataflow,ESTAT:ENV_WASMUN(1.0),Municipal waste by waste management operations,A,Annual,GEN,Waste generated,KG_HAB,Kilograms per capita,FI,Finland,1996,,410,,,,,
dataflow,ESTAT:ENV_WASMUN(1.0),Municipal waste by waste management operations,A,Annual,GEN,Waste generated,KG_HAB,Kilograms per capita,FI,Finland,1997,,447,,,,,
dataflow,ESTAT:ENV_WASMUN(1.0),Municipal waste by waste management operations,A,Annual,GEN,Waste generated,KG_HAB,Kilograms per capita,FI,Finland,1998,,466,,,,,
dataflow,ESTAT:ENV_WASMUN(1.0),Municipal waste by waste management operations,A,Annual,GEN,Waste generated,KG_HAB,Kilograms per capita,FI,Finland,1999,,484,,,,,
dataflow,ESTAT:ENV_WASMUN(1.0),Municipal waste by waste management operations,A,Annual,GEN,Waste generated,KG_HAB,Kilograms per capita,FI,Finland,2000,,502,,,,,
dataflow,ESTAT:ENV_WASMUN(1.0),Municipal waste by waste management operations,A,Annual,GEN,Waste generated,KG_HAB,Kilograms per capita,FI,Finland,2001,,465,,,,,
dataflow,ESTAT:ENV_WASMUN(1.0),Municipal waste by waste management operations,A,Annual,GEN,Waste generated,KG_HAB,Kilograms per capita,FI,Finland,2002,,458,,,,,
dataflow,ESTAT:ENV_WASMUN(1.0),Municipal waste by waste management operations,A,Annual,GEN,Waste generated,KG_HAB,Kilograms per capita,FI,Finland,2003,,466,,,,,
dataflow,ESTAT:ENV_WASMUN(1.0),Municipal waste by waste management operations,A,Annual,GEN,Waste generated,KG_HAB,Kilograms per capita,FI,Finland,2004,,469,,,,,
dataflow,ESTAT:ENV_WASMUN(1.0),Municipal waste by waste management operations,A,Annual,GEN,Waste generated,KG_HAB,Kilograms per capita,FI,Finland,2005,,478,,,,,
dataflow,ESTAT:ENV_WASMUN(1.0),Municipal waste by waste management operations,A,Annual,GEN,Waste generated,KG_HAB,Kilograms per capita,FI,Finland,2006,,494,,,,,
dataflow,ESTAT:ENV_WASMUN(1.0),Municipal waste by waste management operations,A,Annual,GEN,Waste generated,KG_HAB,Kilograms per capita,FI,Finland,2007,,506,,,,,
dataflow,ESTAT:ENV_WASMUN(1.0),Municipal waste by waste management operations,A,Annual,GEN,Waste generated,KG_HAB,Kilograms per capita,FI,Finland,2008,,521,,,,,
dataflow,ESTAT:ENV_WASMUN(1.0),Municipal waste by waste management operations,A,Annual,GEN,Waste generated,KG_HAB,Kilograms per capita,FI,Finland,2009,,480,,,,,
dataflow,ESTAT:ENV_WASMUN(1.0),Municipal waste by waste management operations,A,Annual,GEN,Waste generated,KG_HAB,Kilograms per capita,FI,Finland,2010,,470,,,,,
dataflow,ESTAT:ENV_WASMUN(1.0),Municipal waste by waste management operations,A,Annual,GEN,Waste generated,KG_HAB,Kilograms per capita,FI,Finland,2011,,505,,,,,
dataflow,ESTAT:ENV_WASMUN(1.0),Municipal waste by waste management operations,A,Annual,GEN,Waste generated,KG_HAB,Kilograms per capita,FI,Finland,2012,,506,,,,,
dataflow,ESTAT:ENV_WASMUN(1.0),Municipal waste by waste management operations,A,Annual,GEN,Waste generated,KG_HAB,Kilograms per capita,FI,Finland,2013,,493,,,,,
dataflow,ESTAT:ENV_WASMUN(1.0),Municipal waste by waste management operations,A,Annual,GEN,Waste generated,KG_HAB,Kilograms per capita,FI,Finland,2014,,482,,,,,
dataflow,ESTAT:ENV_WASMUN(1.0),Municipal waste by waste management operations,A,Annual,GEN,Waste generated,KG_HAB,Kilograms per capita,FI,Finland,2015,,500,,,,,
dataflow,ESTAT:ENV_WASMUN(1.0),Municipal waste by waste management operations,A,Annual,GEN,Waste generated,KG_HAB,Kilograms per capita,FI,Finland,2016,,504,,,,,
dataflow,ESTAT:ENV_WASMUN(1.0),Municipal waste by waste management operations,A,Annual,GEN,Waste generated,KG_HAB,Kilograms per capita,FI,Finland,2017,,510,,,,,
dataflow,ESTAT:ENV_WASMUN(1.0),Municipal waste by waste management operations,A,Annual,GEN,Waste generated,KG_HAB,Kilograms per capita,FI,Finland,2018,,551,,,,,
dataflow,ESTAT:ENV_WASMUN(1.0),Municipal waste by waste management operations,A,Annual,GEN,Waste generated,KG_HAB,Kilograms per capita,FI,Finland,2019,,566,,,,,
dataflow,ESTAT:ENV_WASMUN(1.0),Municipal waste by waste management operations,A,Annual,GEN,Waste generated,KG_HAB,Kilograms per capita,FI,Finland,2020,,609,,,,,
dataflow,ESTAT:ENV_WASMUN(1.0),Municipal waste by waste management operations,A,Annual,GEN,Waste generated,KG_HAB,Kilograms per capita,FI,Finland,2021,,630,,,,,
dataflow,ESTAT:ENV_WASMUN(1.0),Municipal waste by waste management operations,A,Annual,GEN,Waste generated,KG_HAB,Kilograms per capita,FI,Finland,2022,,522,,,,,
dataflow,ESTAT:ENV_WASMUN(1.0),Municipal waste by waste management operations,A,Annual,GEN,Waste generated,KG_HAB,Kilograms per capita,FI,Finland,2023,,468,,,,,
dataflow,ESTAT:ENV_WASMUN(1.0),Municipal waste by waste management operations,A,Annual,GEN,Waste generated,KG_HAB,Kilograms per capita,FR,France,1995,,475,,,,,
dataflow,ESTAT:ENV_WASMUN(1.0),Municipal waste by waste management operations,A,Annual,GEN,Waste generated,KG_HAB,Kilograms per capita,FR,France,1996,,486,,,,,
dataflow,ESTAT:ENV_WASMUN(1.0),Municipal waste by waste management operations,A,Annual,GEN,Waste generated,KG_HAB,Kilograms per capita,FR,France,1997,,496,,,,,
dataflow,ESTAT:ENV_WASMUN(1.0),Municipal waste by waste management operations,A,Annual,GEN,Waste generated,KG_HAB,Kilograms per capita,FR,France,1998,,507,,,,,
dataflow,ESTAT:ENV_WASMUN(1.0),Municipal waste by waste management operations,A,Annual,GEN,Waste generated,KG_HAB,Kilograms per capita,FR,France,1999,,507,,,,,
dataflow,ESTAT:ENV_WASMUN(1.0),Municipal waste by waste management operations,A,Annual,GEN,Waste generated,KG_HAB,Kilograms per capita,FR,France,2000,,514,,,,,
dataflow,ESTAT:ENV_WASMUN(1.0),Municipal waste by waste management operations,A,Annual,GEN,Waste generated,KG_HAB,Kilograms per capita,FR,France,2001,,526,,,,,
dataflow,ESTAT:ENV_WASMUN(1.0),Municipal waste by waste management operations,A,Annual,GEN,Waste generated,KG_HAB,Kilograms per capita,FR,France,2002,,530,,,,,
dataflow,ESTAT:ENV_WASMUN(1.0),Municipal waste by waste management operations,A,Annual,GEN,Waste generated,KG_HAB,Kilograms per capita,FR,France,2003,,506,,,,,
dataflow,ESTAT:ENV_WASMUN(1.0),Municipal waste by waste management operations,A,Annual,GEN,Waste generated,KG_HAB,Kilograms per capita,FR,France,2004,,519,,,,,
dataflow,ESTAT:ENV_WASMUN(1.0),Municipal waste by waste management operations,A,Annual,GEN,Waste generated,KG_HAB,Kilograms per capita,FR,France,2005,,529,,,,,
dataflow,ESTAT:ENV_WASMUN(1.0),Municipal waste by waste management operations,A,Annual,GEN,Waste generated,KG_HAB,Kilograms per capita,FR,France,2006,,535,,e,estimated,,
dataflow,ESTAT:ENV_WASMUN(1.0),Municipal waste by waste management operations,A,Annual,GEN,Waste generated,KG_HAB,Kilograms per capita,FR,France,2007,,542,,,,,
dataflow,ESTAT:ENV_WASMUN(1.0),Municipal waste by waste management operations,A,Annual,GEN,Waste generated,KG_HAB,Kilograms per capita,FR,France,2008,,538,,e,estimated,,
dataflow,ESTAT:ENV_WASMUN(1.0),Municipal waste by waste management operations,A,Annual,GEN,Waste generated,KG_HAB,Kilograms per capita,FR,France,2009,,534,,,,,
dataflow,ESTAT:ENV_WASMUN(1.0),Municipal waste by waste management operations,A,Annual,GEN,Waste generated,KG_HAB,Kilograms per capita,FR,France,2010,,534,,e,estimated,,
dataflow,ESTAT:ENV_WASMUN(1.0),Municipal waste by waste management operations,A,Annual,GEN,Waste generated,KG_HAB,Kilograms per capita,FR,France,2011,,534,,,,,
dataflow,ESTAT:ENV_WASMUN(1.0),Municipal waste by waste management operations,A,Annual,GEN,Waste generated,KG_HAB,Kilograms per capita,FR,France,2012,,527,,e,estimated,,
dataflow,ESTAT:ENV_WASMUN(1.0),Municipal waste by waste management operations,A,Annual,GEN,Waste generated,KG_HAB,Kilograms per capita,FR,France,2013,,520,,,,,
dataflow,ESTAT:ENV_WASMUN(1.0),Municipal waste by waste management operations,A,Annual,GEN,Waste generated,KG_HAB,Kilograms per capita,FR,France,2014,,517,,e,estimated,,
dataflow,ESTAT:ENV_WASMUN(1.0),Municipal waste by waste management operations,A,Annual,GEN,Waste generated,KG_HAB,Kilograms per capita,FR,France,2015,,516,,,,,
dataflow,ESTAT:ENV_WASMUN(1.0),Municipal waste by waste management operations,A,Annual,GEN,Waste generated,KG_HAB,Kilograms per capita,FR,France,2016,,553,,e,estimated,,
dataflow,ESTAT:ENV_WASMUN(1.0),Municipal waste by waste management operations,A,Annual,GEN,Waste generated,KG_HAB,Kilograms per capita,FR,France,2017,,558,,e,estimated,,
dataflow,ESTAT:ENV_WASMUN(1.0),Municipal waste by waste management operations,A,Annual,GEN,Waste generated,KG_HAB,Kilograms per capita,FR,France,2018,,557,,e,estimated,,
dataflow,ESTAT:ENV_WASMUN(1.0),Municipal waste by waste management operations,A,Annual,GEN,Waste generated,KG_HAB,Kilograms per capita,FR,France,2019,,555,,e,estimated,,
dataflow,ESTAT:ENV_WASMUN(1.0),Municipal waste by waste management operations,A,Annual,GEN,Waste generated,KG_HAB,Kilograms per capita,FR,France,2020,,538,,e,estimated,,
dataflow,ESTAT:ENV_WASMUN(1.0),Municipal waste by waste management operations,A,Annual,GEN,Waste generated,KG_HAB,Kilograms per capita,FR,France,2021,,564,,,,,
dataflow,ESTAT:ENV_WASMUN(1.0),Municipal waste by waste management operations,A,Annual,GEN,Waste generated,KG_HAB,Kilograms per capita,FR,France,2022,,535,,ep,"estimated, provisional",,
dataflow,ESTAT:ENV_WASMUN(1.0),Municipal waste by waste management operations,A,Annual,GEN,Waste generated,KG_HAB,Kilograms per capita,FR,France,2023,,530,,ep,"estimated, provisional",,
dataflow,ESTAT:ENV_WASMUN(1.0),Municipal waste by waste management operations,A,Annual,GEN,Waste generated,KG_HAB,Kilograms per capita,HR,Croatia,1997,,224,,e,estimated,,
dataflow,ESTAT:ENV_WASMUN(1.0),Municipal waste by waste management operations,A,Annual,GEN,Waste generated,KG_HAB,Kilograms per capita,HR,Croatia,2000,,262,,e,estimated,,
dataflow,ESTAT:ENV_WASMUN(1.0),Municipal waste by waste management operations,A,Annual,GEN,Waste generated,KG_HAB,Kilograms per capita,HR,Croatia,2004,,304,,e,estimated,,
dataflow,ESTAT:ENV_WASMUN(1.0),Municipal waste by waste management operations,A,Annual,GEN,Waste generated,KG_HAB,Kilograms per capita,HR,Croatia,2005,,336,,e,estimated,,
dataflow,ESTAT:ENV_WASMUN(1.0),Municipal waste by waste management operations,A,Annual,GEN,Waste generated,KG_HAB,Kilograms per capita,HR,Croatia,2006,,384,,,,,
dataflow,ESTAT:ENV_WASMUN(1.0),Municipal waste by waste management operations,A,Annual,GEN,Waste generated,KG_HAB,Kilograms per capita,HR,Croatia,2007,,399,,,,,
dataflow,ESTAT:ENV_WASMUN(1.0),Municipal waste by waste management operations,A,Annual,GEN,Waste generated,KG_HAB,Kilograms per capita,HR,Croatia,2008,,415,,,,,
dataflow,ESTAT:ENV_WASMUN(1.0),Municipal waste by waste management operations,A,Annual,GEN,Waste generated,KG_HAB,Kilograms per capita,HR,Croatia,2009,,405,,,,,
dataflow,ESTAT:ENV_WASMUN(1.0),Municipal waste by waste management operations,A,Annual,GEN,Waste generated,KG_HAB,Kilograms per capita,HR,Croatia,2010,,379,,,,,
dataflow,ESTAT:ENV_WASMUN(1.0),Municipal waste by waste management operations,A,Annual,GEN,Waste generated,KG_HAB,Kilograms per capita,HR,Croatia,2011,,384,,,,,
dataflow,ESTAT:ENV_WASMUN(1.0),Municipal waste by waste management operations,A,Annual,GEN,Waste generated,KG_HAB,Kilograms per capita,HR,Croatia,2012,,391,,,,,
dataflow,ESTAT:ENV_WASMUN(1.0),Municipal waste by waste management operations,A,Annual,GEN,Waste generated,KG_HAB,Kilograms per capita,HR,Croatia,2013,,407,,,,,
dataflow,ESTAT:ENV_WASMUN(1.0),Municipal waste by waste management operations,A,Annual,GEN,Waste generated,KG_HAB,Kilograms per capita,HR,Croatia,2014,,390,,,,,
dataflow,ESTAT:ENV_WASMUN(1.0),Municipal waste by waste management operations,A,Annual,GEN,Waste generated,KG_HAB,Kilograms per capita,HR,Croatia,2015,,398,,,,,
dataflow,ESTAT:ENV_WASMUN(1.0),Municipal waste by waste management operations,A,Annual,GEN,Waste generated,KG_HAB,Kilograms per capita,HR,Croatia,2016,,409,,,,,
dataflow,ESTAT:ENV_WASMUN(1.0),Municipal waste by waste management operations,A,Annual,GEN,Waste generated,KG_HAB,Kilograms per capita,HR,Croatia,2017,,424,,,,,
dataflow,ESTAT:ENV_WASMUN(1.0),Municipal waste by waste management operations,A,Annual,GEN,Waste generated,KG_HAB,Kilograms per capita,HR,Croatia,2018,,443,,,,,
dataflow,ESTAT:ENV_WASMUN(1.0),Municipal waste by waste management operations,A,Annual,GEN,Waste generated,KG_HAB,Kilograms per capita,HR,Croatia,2019,,459,,,,,
dataflow,ESTAT:ENV_WASMUN(1.0),Municipal waste by waste management operations,A,Annual,GEN,Waste generated,KG_HAB,Kilograms per capita,HR,Croatia,2020,,433,,,,,
dataflow,ESTAT:ENV_WASMUN(1.0),Municipal waste by waste management operations,A,Annual,GEN,Waste generated,KG_HAB,Kilograms per capita,HR,Croatia,2021,,456,,,,,
dataflow,ESTAT:ENV_WASMUN(1.0),Municipal waste by waste management operations,A,Annual,GEN,Waste generated,KG_HAB,Kilograms per capita,HR,Croatia,2022,,478,,,,,
dataflow,ESTAT:ENV_WASMUN(1.0),Municipal waste by waste management operations,A,Annual,GEN,Waste generated,KG_HAB,Kilograms per capita,HR,Croatia,2023,,475,,,,,
dataflow,ESTAT:ENV_WASMUN(1.0),Municipal waste by waste management operations,A,Annual,GEN,Waste generated,KG_HAB,Kilograms per capita,HU,Hungary,1995,,460,,,,,
dataflow,ESTAT:ENV_WASMUN(1.0),Municipal waste by waste management operations,A,Annual,GEN,Waste generated,KG_HAB,Kilograms per capita,HU,Hungary,1996,,469,,,,,
dataflow,ESTAT:ENV_WASMUN(1.0),Municipal waste by waste management operations,A,Annual,GEN,Waste generated,KG_HAB,Kilograms per capita,HU,Hungary,1997,,487,,,,,
dataflow,ESTAT:ENV_WASMUN(1.0),Municipal waste by waste management operations,A,Annual,GEN,Waste generated,KG_HAB,Kilograms per capita,HU,Hungary,1998,,485,,,,,
dataflow,ESTAT:ENV_WASMUN(1.0),Municipal waste by waste management operations,A,Annual,GEN,Waste generated,KG_HAB,Kilograms per capita,HU,Hungary,1999,,483,,,,,
dataflow,ESTAT:ENV_WASMUN(1.0),Municipal waste by waste management operations,A,Annual,GEN,Waste generated,KG_HAB,Kilograms per capita,HU,Hungary,2000,,446,,b,break in time series,,
dataflow,ESTAT:ENV_WASMUN(1.0),Municipal waste by waste management operations,A,Annual,GEN,Waste generated,KG_HAB,Kilograms per capita,HU,Hungary,2001,,452,,,,,
dataflow,ESTAT:ENV_WASMUN(1.0),Municipal waste by waste management operations,A,Annual,GEN,Waste generated,KG_HAB,Kilograms per capita,HU,Hungary,2002,,457,,,,,
dataflow,ESTAT:ENV_WASMUN(1.0),Municipal waste by waste management operations,A,Annual,GEN,Waste generated,KG_HAB,Kilograms per capita,HU,Hungary,2003,,464,,,,,
dataflow,ESTAT:ENV_WASMUN(1.0),Municipal waste by waste management operations,A,Annual,GEN,Waste generated,KG_HAB,Kilograms per capita,HU,Hungary,2004,,454,,,,,
dataflow,ESTAT:ENV_WASMUN(1.0),Municipal waste by waste management operations,A,Annual,GEN,Waste generated,KG_HAB,Kilograms per capita,HU,Hungary,2005,,461,,,,,
dataflow,ESTAT:ENV_WASMUN(1.0),Municipal waste by waste management operations,A,Annual,GEN,Waste generated,KG_HAB,Kilograms per capita,HU,Hungary,2006,,468,,,,,
dataflow,ESTAT:ENV_WASMUN(1.0),Municipal waste by waste management operations,A,Annual,GEN,Waste generated,KG_HAB,Kilograms per capita,HU,Hungary,2007,,457,,,,,
dataflow,ESTAT:ENV_WASMUN(1.0),Municipal waste by waste management operations,A,Annual,GEN,Waste generated,KG_HAB,Kilograms per capita,HU,Hungary,2008,,454,,,,,
dataflow,ESTAT:ENV_WASMUN(1.0),Municipal waste by waste management operations,A,Annual,GEN,Waste generated,KG_HAB,Kilograms per capita,HU,Hungary,2009,,430,,,,,
dataflow,ESTAT:ENV_WASMUN(1.0),Municipal waste by waste management operations,A,Annual,GEN,Waste generated,KG_HAB,Kilograms per capita,HU,Hungary,2010,,403,,,,,
dataflow,ESTAT:ENV_WASMUN(1.0),Municipal waste by waste management operations,A,Annual,GEN,Waste generated,KG_HAB,Kilograms per capita,HU,Hungary,2011,,382,,,,,
dataflow,ESTAT:ENV_WASMUN(1.0),Municipal waste by waste management operations,A,Annual,GEN,Waste generated,KG_HAB,Kilograms per capita,HU,Hungary,2012,,402,,,,,
dataflow,ESTAT:ENV_WASMUN(1.0),Municipal waste by waste management operations,A,Annual,GEN,Waste generated,KG_HAB,Kilograms per capita,HU,Hungary,2013,,379,,,,,
dataflow,ESTAT:ENV_WASMUN(1.0),Municipal waste by waste management operations,A,Annual,GEN,Waste generated,KG_HAB,Kilograms per capita,HU,Hungary,2014,,386,,,,,
dataflow,ESTAT:ENV_WASMUN(1.0),Municipal waste by waste management operations,A,Annual,GEN,Waste generated,KG_HAB,Kilograms per capita,HU,Hungary,2015,,379,,,,,
dataflow,ESTAT:ENV_WASMUN(1.0),Municipal waste by waste management operations,A,Annual,GEN,Waste generated,KG_HAB,Kilograms per capita,HU,Hungary,2016,,381,,,,,
dataflow,ESTAT:ENV_WASMUN(1.0),Municipal waste by waste management operations,A,Annual,GEN,Waste generated,KG_HAB,Kilograms per capita,HU,Hungary,2017,,387,,,,,
dataflow,ESTAT:ENV_WASMUN(1.0),Municipal waste by waste management operations,A,Annual,GEN,Waste generated,KG_HAB,Kilograms per capita,HU,Hungary,2018,,384,,,,,
dataflow,ESTAT:ENV_WASMUN(1.0),Municipal waste by waste management operations,A,Annual,GEN,Waste generated,KG_HAB,Kilograms per capita,HU,Hungary,2019,,390,,,,,
dataflow,ESTAT:ENV_WASMUN(1.0),Municipal waste by waste management operations,A,Annual,GEN,Waste generated,KG_HAB,Kilograms per capita,HU,Hungary,2020,,406,,,,,
dataflow,ESTAT:ENV_WASMUN(1.0),Municipal waste by waste management operations,A,Annual,GEN,Waste generated,KG_HAB,Kilograms per capita,HU,Hungary,2021,,420,,,,,
dataflow,ESTAT:ENV_WASMUN(1.0),Municipal waste by waste management operations,A,Annual,GEN,Waste generated,KG_HAB,Kilograms per capita,HU,Hungary,2022,,407,,,,,
dataflow,ESTAT:ENV_WASMUN(1.0),Municipal waste by waste management operations,A,Annual,GEN,Waste generated,KG_HAB,Kilograms per capita,HU,Hungary,2023,,429,,,,,
dataflow,ESTAT:ENV_WASMUN(1.0),Municipal waste by waste management operations,A,Annual,GEN,Waste generated,KG_HAB,Kilograms per capita,IE,Ireland,1995,,512,,,,,
dataflow,ESTAT:ENV_WASMUN(1.0),Municipal waste by waste management operations,A,Annual,GEN,Waste generated,KG_HAB,Kilograms per capita,IE,Ireland,1996,,522,,,,,
dataflow,ESTAT:ENV_WASMUN(1.0),Municipal waste by waste management operations,A,Annual,GEN,Waste generated,KG_HAB,Kilograms per capita,IE,Ireland,1997,,544,,,,,
dataflow,ESTAT:ENV_WASMUN(1.0),Municipal waste by waste management operations,A,Annual,GEN,Waste generated,KG_HAB,Kilograms per capita,IE,Ireland,1998,,554,,,,,
dataflow,ESTAT:ENV_WASMUN(1.0),Municipal waste by waste management operations,A,Annual,GEN,Waste generated,KG_HAB,Kilograms per capita,IE,Ireland,1999,,577,,,,,
dataflow,ESTAT:ENV_WASMUN(1.0),Municipal waste by waste management operations,A,Annual,GEN,Waste generated,KG_HAB,Kilograms per capita,IE,Ireland,2000,,599,,,,,
dataflow,ESTAT:ENV_WASMUN(1.0),Municipal waste by waste management operations,A,Annual,GEN,Waste generated,KG_HAB,Kilograms per capita,IE,Ireland,2001,,699,,,,,
dataflow,ESTAT:ENV_WASMUN(1.0),Municipal waste by waste management operations,A,Annual,GEN,Waste generated,KG_HAB,Kilograms per capita,IE,Ireland,2002,,692,,,,,
dataflow,ESTAT:ENV_WASMUN(1.0),Municipal waste by waste management operations,A,Annual,GEN,Waste generated,KG_HAB,Kilograms per capita,IE,Ireland,2003,,730,,b,break in time series,,
dataflow,ESTAT:ENV_WASMUN(1.0),Municipal waste by waste management operations,A,Annual,GEN,Waste generated,KG_HAB,Kilograms per capita,IE,Ireland,2004,,737,,,,,
dataflow,ESTAT:ENV_WASMUN(1.0),Municipal waste by waste management operations,A,Annual,GEN,Waste generated,KG_HAB,Kilograms per capita,IE,Ireland,2005,,731,,,,,
dataflow,ESTAT:ENV_WASMUN(1.0),Municipal waste by waste management operations,A,Annual,GEN,Waste generated,KG_HAB,Kilograms per capita,IE,Ireland,2006,,792,,,,,
dataflow,ESTAT:ENV_WASMUN(1.0),Municipal waste by waste management operations,A,Annual,GEN,Waste generated,KG_HAB,Kilograms per capita,IE,Ireland,2007,,772,,,,,
dataflow,ESTAT:ENV_WASMUN(1.0),Municipal waste by waste management operations,A,Annual,GEN,Waste generated,KG_HAB,Kilograms per capita,IE,Ireland,2008,,718,,,,,
dataflow,ESTAT:ENV_WASMUN(1.0),Municipal waste by waste management operations,A,Annual,GEN,Waste generated,KG_HAB,Kilograms per capita,IE,Ireland,2009,,651,,,,,
dataflow,ESTAT:ENV_WASMUN(1.0),Municipal waste by waste management operations,A,Annual,GEN,Waste generated,KG_HAB,Kilograms per capita,IE,Ireland,2010,,624,,,,,
dataflow,ESTAT:ENV_WASMUN(1.0),Municipal waste by waste management operations,A,Annual,GEN,Waste generated,KG_HAB,Kilograms per capita,IE,Ireland,2011,,616,,,,,
dataflow,ESTAT:ENV_WASMUN(1.0),Municipal waste by waste management operations,A,Annual,GEN,Waste generated,KG_HAB,Kilograms per capita,IE,Ireland,2012,,585,,,,,
dataflow,ESTAT:ENV_WASMUN(1.0),Municipal waste by waste management operations,A,Annual,GEN,Waste generated,KG_HAB,Kilograms per capita,IE,Ireland,2014,,562,,b,break in time series,,
dataflow,ESTAT:ENV_WASMUN(1.0),Municipal waste by waste management operations,A,Annual,GEN,Waste generated,KG_HAB,Kilograms per capita,IE,Ireland,2016,,580,,,,,
dataflow,ESTAT:ENV_WASMUN(1.0),Municipal waste by waste management operations,A,Annual,GEN,Waste generated,KG_HAB,Kilograms per capita,IE,Ireland,2017,,573,,,,,
dataflow,ESTAT:ENV_WASMUN(1.0),Municipal waste by waste management operations,A,Annual,GEN,Waste generated,KG_HAB,Kilograms per capita,IE,Ireland,2018,,595,,,,,
dataflow,ESTAT:ENV_WASMUN(1.0),Municipal waste by waste management operations,A,Annual,GEN,Waste generated,KG_HAB,Kilograms per capita,IE,Ireland,2019,,620,,,,,
dataflow,ESTAT:ENV_WASMUN(1.0),Municipal waste by waste management operations,A,Annual,GEN,Waste generated,KG_HAB,Kilograms per capita,IE,Ireland,2020,,637,,b,break in time series,,
dataflow,ESTAT:ENV_WASMUN(1.0),Municipal waste by waste management operations,A,Annual,GEN,Waste generated,KG_HAB,Kilograms per capita,IS,Iceland,1995,,426,,,,,
dataflow,ESTAT:ENV_WASMUN(1.0),Municipal waste by waste management operations,A,Annual,GEN,Waste generated,KG_HAB,Kilograms per capita,IS,Iceland,1996,,435,,,,,
dataflow,ESTAT:ENV_WASMUN(1.0),Municipal waste by waste management operations,A,Annual,GEN,Waste generated,KG_HAB,Kilograms per capita,IS,Iceland,1997,,443,,,,,
dataflow,ESTAT:ENV_WASMUN(1.0),Municipal waste by waste management operations,A,Annual,GEN,Waste generated,KG_HAB,Kilograms per capita,IS,Iceland,1998,,449,,,,,
dataflow,ESTAT:ENV_WASMUN(1.0),Municipal waste by waste management operations,A,Annual,GEN,Waste generated,KG_HAB,Kilograms per capita,IS,Iceland,1999,,454,,,,,
dataflow,ESTAT:ENV_WASMUN(1.0),Municipal waste by waste management operations,A,Annual,GEN,Waste generated,KG_HAB,Kilograms per capita,IS,Iceland,2000,,462,,,,,
dataflow,ESTAT:ENV_WASMUN(1.0),Municipal waste by waste management operations,A,Annual,GEN,Waste generated,KG_HAB,Kilograms per capita,IS,Iceland,2001,,467,,,,,
dataflow,ESTAT:ENV_WASMUN(1.0),Municipal waste by waste management operations,A,Annual,GEN,Waste generated,KG_HAB,Kilograms per capita,IS,Iceland,2002,,476,,,,,
dataflow,ESTAT:ENV_WASMUN(1.0),Municipal waste by waste management operations,A,Annual,GEN,Waste generated,KG_HAB,Kilograms per capita,IS,Iceland,2003,,484,,,,,
dataflow,ESTAT:ENV_WASMUN(1.0),Municipal waste by waste management operations,A,Annual,GEN,Waste generated,KG_HAB,Kilograms per capita,IS,Iceland,2004,,503,,,,,
dataflow,ESTAT:ENV_WASMUN(1.0),Municipal waste by waste management operations,A,Annual,GEN,Waste generated,KG_HAB,Kilograms per capita,IS,Iceland,2005,,516,,,,,
dataflow,ESTAT:ENV_WASMUN(1.0),Municipal waste by waste management operations,A,Annual,GEN,Waste generated,KG_HAB,Kilograms per capita,IS,Iceland,2006,,563,,,,,
dataflow,ESTAT:ENV_WASMUN(1.0),Municipal waste by waste management operations,A,Annual,GEN,Waste generated,KG_HAB,Kilograms per capita,IS,Iceland,2007,,558,,,,,
dataflow,ESTAT:ENV_WASMUN(1.0),Municipal waste by waste management operations,A,Annual,GEN,Waste generated,KG_HAB,Kilograms per capita,IS,Iceland,2008,,655,,,,,
dataflow,ESTAT:ENV_WASMUN(1.0),Municipal waste by waste management operations,A,Annual,GEN,Waste generated,KG_HAB,Kilograms per capita,IS,Iceland,2009,,414,,,,,
dataflow,ESTAT:ENV_WASMUN(1.0),Municipal waste by waste management operations,A,Annual,GEN,Waste generated,KG_HAB,Kilograms per capita,IS,Iceland,2010,,484,,,,,
dataflow,ESTAT:ENV_WASMUN(1.0),Municipal waste by waste management operations,A,Annual,GEN,Waste generated,KG_HAB,Kilograms per capita,IS,Iceland,2011,,495,,,,,
dataflow,ESTAT:ENV_WASMUN(1.0),Municipal waste by waste management operations,A,Annual,GEN,Waste generated,KG_HAB,Kilograms per capita,IS,Iceland,2012,,511,,,,,
dataflow,ESTAT:ENV_WASMUN(1.0),Municipal waste by waste management operations,A,Annual,GEN,Waste generated,KG_HAB,Kilograms per capita,IS,Iceland,2013,,516,,,,,
dataflow,ESTAT:ENV_WASMUN(1.0),Municipal waste by waste management operations,A,Annual,GEN,Waste generated,KG_HAB,Kilograms per capita,IS,Iceland,2014,,535,,,,,
dataflow,ESTAT:ENV_WASMUN(1.0),Municipal waste by waste management operations,A,Annual,GEN,Waste generated,KG_HAB,Kilograms per capita,IS,Iceland,2015,,588,,,,,
dataflow,ESTAT:ENV_WASMUN(1.0),Municipal waste by waste management operations,A,Annual,GEN,Waste generated,KG_HAB,Kilograms per capita,IS,Iceland,2016,,655,,,,,
dataflow,ESTAT:ENV_WASMUN(1.0),Municipal waste by waste management operations,A,Annual,GEN,Waste generated,KG_HAB,Kilograms per capita,IS,Iceland,2017,,656,,,,,
dataflow,ESTAT:ENV_WASMUN(1.0),Municipal waste by waste management operations,A,Annual,GEN,Waste generated,KG_HAB,Kilograms per capita,IS,Iceland,2018,,702,,,,,
dataflow,ESTAT:ENV_WASMUN(1.0),Municipal waste by waste management operations,A,Annual,GEN,Waste generated,KG_HAB,Kilograms per capita,IS,Iceland,2020,,614,,,,,
dataflow,ESTAT:ENV_WASMUN(1.0),Municipal waste by waste management operations,A,Annual,GEN,Waste generated,KG_HAB,Kilograms per capita,IS,Iceland,2021,,659,,,,,
dataflow,ESTAT:ENV_WASMUN(1.0),Municipal waste by waste management operations,A,Annual,GEN,Waste generated,KG_HAB,Kilograms per capita,IS,Iceland,2022,,595,,,,,
dataflow,ESTAT:ENV_WASMUN(1.0),Municipal waste by waste management operations,A,Annual,GEN,Waste generated,KG_HAB,Kilograms per capita,IT,Italy,1995,,454,,,,,
dataflow,ESTAT:ENV_WASMUN(1.0),Municipal waste by waste management operations,A,Annual,GEN,Waste generated,KG_HAB,Kilograms per capita,IT,Italy,1996,,457,,,,,
dataflow,ESTAT:ENV_WASMUN(1.0),Municipal waste by waste management operations,A,Annual,GEN,Waste generated,KG_HAB,Kilograms per capita,IT,Italy,1997,,468,,,,,
dataflow,ESTAT:ENV_WASMUN(1.0),Municipal waste by waste management operations,A,Annual,GEN,Waste generated,KG_HAB,Kilograms per capita,IT,Italy,1998,,472,,,,,
dataflow,ESTAT:ENV_WASMUN(1.0),Municipal waste by waste management operations,A,Annual,GEN,Waste generated,KG_HAB,Kilograms per capita,IT,Italy,1999,,498,,,,,
dataflow,ESTAT:ENV_WASMUN(1.0),Municipal waste by waste management operations,A,Annual,GEN,Waste generated,KG_HAB,Kilograms per capita,IT,Italy,2000,,509,,,,,
dataflow,ESTAT:ENV_WASMUN(1.0),Municipal waste by waste management operations,A,Annual,GEN,Waste generated,KG_HAB,Kilograms per capita,IT,Italy,2001,,516,,,,,
dataflow,ESTAT:ENV_WASMUN(1.0),Municipal waste by waste management operations,A,Annual,GEN,Waste generated,KG_HAB,Kilograms per capita,IT,Italy,2002,,523,,,,,
dataflow,ESTAT:ENV_WASMUN(1.0),Municipal waste by waste management operations,A,Annual,GEN,Waste generated,KG_HAB,Kilograms per capita,IT,Italy,2003,,523,,,,,
dataflow,ESTAT:ENV_WASMUN(1.0),Municipal waste by waste management operations,A,Annual,GEN,Waste generated,KG_HAB,Kilograms per capita,IT,Italy,2004,,539,,,,,
dataflow,ESTAT:ENV_WASMUN(1.0),Municipal waste by waste management operations,A,Annual,GEN,Waste generated,KG_HAB,Kilograms per capita,IT,Italy,2005,,544,,,,,
dataflow,ESTAT:ENV_WASMUN(1.0),Municipal waste by waste management operations,A,Annual,GEN,Waste generated,KG_HAB,Kilograms per capita,IT,Italy,2006,,557,,,,,
dataflow,ESTAT:ENV_WASMUN(1.0),Municipal waste by waste management operations,A,Annual,GEN,Waste generated,KG_HAB,Kilograms per capita,IT,Italy,2007,,554,,,,,
dataflow,ESTAT:ENV_WASMUN(1.0),Municipal waste by waste management operations,A,Annual,GEN,Waste generated,KG_HAB,Kilograms per capita,IT,Italy,2008,,548,,,,,
dataflow,ESTAT:ENV_WASMUN(1.0),Municipal waste by waste management operations,A,Annual,GEN,Waste generated,KG_HAB,Kilograms per capita,IT,Italy,2009,,539,,,,,
dataflow,ESTAT:ENV_WASMUN(1.0),Municipal waste by waste management operations,A,Annual,GEN,Waste generated,KG_HAB,Kilograms per capita,IT,Italy,2010,,542,,,,,
dataflow,ESTAT:ENV_WASMUN(1.0),Municipal waste by waste management operations,A,Annual,GEN,Waste generated,KG_HAB,Kilograms per capita,IT,Italy,2011,,523,,,,,
dataflow,ESTAT:ENV_WASMUN(1.0),Municipal waste by waste management operations,A,Annual,GEN,Waste generated,KG_HAB,Kilograms per capita,IT,Italy,2012,,498,,,,,
dataflow,ESTAT:ENV_WASMUN(1.0),Municipal waste by waste management operations,A,Annual,GEN,Waste generated,KG_HAB,Kilograms per capita,IT,Italy,2013,,490,,,,,
dataflow,ESTAT:ENV_WASMUN(1.0),Municipal waste by waste management operations,A,Annual,GEN,Waste generated,KG_HAB,Kilograms per capita,IT,Italy,2014,,492,,,,,
dataflow,ESTAT:ENV_WASMUN(1.0),Municipal waste by waste management operations,A,Annual,GEN,Waste generated,KG_HAB,Kilograms per capita,IT,Italy,2015,,490,,,,,
dataflow,ESTAT:ENV_WASMUN(1.0),Municipal waste by waste management operations,A,Annual,GEN,Waste generated,KG_HAB,Kilograms per capita,IT,Italy,2016,,501,,,,,
dataflow,ESTAT:ENV_WASMUN(1.0),Municipal waste by waste management operations,A,Annual,GEN,Waste generated,KG_HAB,Kilograms per capita,IT,Italy,2017,,493,,,,,
dataflow,ESTAT:ENV_WASMUN(1.0),Municipal waste by waste management operations,A,Annual,GEN,Waste generated,KG_HAB,Kilograms per capita,IT,Italy,2018,,502,,,,,
dataflow,ESTAT:ENV_WASMUN(1.0),Municipal waste by waste management operations,A,Annual,GEN,Waste generated,KG_HAB,Kilograms per capita,IT,Italy,2019,,503,,,,,
dataflow,ESTAT:ENV_WASMUN(1.0),Municipal waste by waste management operations,A,Annual,GEN,Waste generated,KG_HAB,Kilograms per capita,IT,Italy,2020,,487,,,,,
dataflow,ESTAT:ENV_WASMUN(1.0),Municipal waste by waste management operations,A,Annual,GEN,Waste generated,KG_HAB,Kilograms per capita,IT,Italy,2021,,495,,,,,
dataflow,ESTAT:ENV_WASMUN(1.0),Municipal waste by waste management operations,A,Annual,GEN,Waste generated,KG_HAB,Kilograms per capita,IT,Italy,2022,,486,,,,,
dataflow,ESTAT:ENV_WASMUN(1.0),Municipal waste by waste management operations,A,Annual,GEN,Waste generated,KG_HAB,Kilograms per capita,LT,Lithuania,1995,,426,,,,,
dataflow,ESTAT:ENV_WASMUN(1.0),Municipal waste by waste management operations,A,Annual,GEN,Waste generated,KG_HAB,Kilograms per capita,LT,Lithuania,1996,,401,,,,,
dataflow,ESTAT:ENV_WASMUN(1.0),Municipal waste by waste management operations,A,Annual,GEN,Waste generated,KG_HAB,Kilograms per capita,LT,Lithuania,1997,,422,,,,,
dataflow,ESTAT:ENV_WASMUN(1.0),Municipal waste by waste management operations,A,Annual,GEN,Waste generated,KG_HAB,Kilograms per capita,LT,Lithuania,1998,,445,,,,,
dataflow,ESTAT:ENV_WASMUN(1.0),Municipal waste by waste management operations,A,Annual,GEN,Waste generated,KG_HAB,Kilograms per capita,LT,Lithuania,1999,,351,,b,break in time series,,
dataflow,ESTAT:ENV_WASMUN(1.0),Municipal waste by waste management operations,A,Annual,GEN,Waste generated,KG_HAB,Kilograms per capita,LT,Lithuania,2000,,365,,,,,
dataflow,ESTAT:ENV_WASMUN(1.0),Municipal waste by waste management operations,A,Annual,GEN,Waste generated,KG_HAB,Kilograms per capita,LT,Lithuania,2001,,378,,,,,
dataflow,ESTAT:ENV_WASMUN(1.0),Municipal waste by waste management operations,A,Annual,GEN,Waste generated,KG_HAB,Kilograms per capita,LT,Lithuania,2002,,405,,,,,
dataflow,ESTAT:ENV_WASMUN(1.0),Municipal waste by waste management operations,A,Annual,GEN,Waste generated,KG_HAB,Kilograms per capita,LT,Lithuania,2003,,389,,,,,
dataflow,ESTAT:ENV_WASMUN(1.0),Municipal waste by waste management operations,A,Annual,GEN,Waste generated,KG_HAB,Kilograms per capita,LT,Lithuania,2004,,373,,,,,
dataflow,ESTAT:ENV_WASMUN(1.0),Municipal waste by waste management operations,A,Annual,GEN,Waste generated,KG_HAB,Kilograms per capita,LT,Lithuania,2005,,387,,,,,
dataflow,ESTAT:ENV_WASMUN(1.0),Municipal waste by waste management operations,A,Annual,GEN,Waste generated,KG_HAB,Kilograms per capita,LT,Lithuania,2006,,405,,,,,
dataflow,ESTAT:ENV_WASMUN(1.0),Municipal waste by waste management operations,A,Annual,GEN,Waste generated,KG_HAB,Kilograms per capita,LT,Lithuania,2007,,419,,,,,
dataflow,ESTAT:ENV_WASMUN(1.0),Municipal waste by waste management operations,A,Annual,GEN,Waste generated,KG_HAB,Kilograms per capita,LT,Lithuania,2008,,428,,,,,
dataflow,ESTAT:ENV_WASMUN(1.0),Municipal waste by waste management operations,A,Annual,GEN,Waste generated,KG_HAB,Kilograms per capita,LT,Lithuania,2009,,381,,,,,
dataflow,ESTAT:ENV_WASMUN(1.0),Municipal waste by waste management operations,A,Annual,GEN,Waste generated,KG_HAB,Kilograms per capita,LT,Lithuania,2010,,404,,,,,
dataflow,ESTAT:ENV_WASMUN(1.0),Municipal waste by waste management operations,A,Annual,GEN,Waste generated,KG_HAB,Kilograms per capita,LT,Lithuania,2011,,442,,,,,
dataflow,ESTAT:ENV_WASMUN(1.0),Municipal waste by waste management operations,A,Annual,GEN,Waste generated,KG_HAB,Kilograms per capita,LT,Lithuania,2012,,445,,,,,
dataflow,ESTAT:ENV_WASMUN(1.0),Municipal waste by waste management operations,A,Annual,GEN,Waste generated,KG_HAB,Kilograms per capita,LT,Lithuania,2013,,432,,,,,
dataflow,ESTAT:ENV_WASMUN(1.0),Municipal waste by waste management operations,A,Annual,GEN,Waste generated,KG_HAB,Kilograms per capita,LT,Lithuania,2014,,432,,,,,
dataflow,ESTAT:ENV_WASMUN(1.0),Municipal waste by waste management operations,A,Annual,GEN,Waste generated,KG_HAB,Kilograms per capita,LT,Lithuania,2015,,447,,,,,
dataflow,ESTAT:ENV_WASMUN(1.0),Municipal waste by waste management operations,A,Annual,GEN,Waste generated,KG_HAB,Kilograms per capita,LT,Lithuania,2016,,442,,,,,
dataflow,ESTAT:ENV_WASMUN(1.0),Municipal waste by waste management operations,A,Annual,GEN,Waste generated,KG_HAB,Kilograms per capita,LT,Lithuania,2017,,453,,,,,
dataflow,ESTAT:ENV_WASMUN(1.0),Municipal waste by waste management operations,A,Annual,GEN,Waste generated,KG_HAB,Kilograms per capita,LT,Lithuania,2018,,461,,,,,
dataflow,ESTAT:ENV_WASMUN(1.0),Municipal waste by waste management operations,A,Annual,GEN,Waste generated,KG_HAB,Kilograms per capita,LT,Lithuania,2019,,469,,,,,
dataflow,ESTAT:ENV_WASMUN(1.0),Municipal waste by waste management operations,A,Annual,GEN,Waste generated,KG_HAB,Kilograms per capita,LT,Lithuania,2020,,480,,,,,
dataflow,ESTAT:ENV_WASMUN(1.0),Municipal waste by waste management operations,A,Annual,GEN,Waste generated,KG_HAB,Kilograms per capita,LT,Lithuania,2021,,479,,,,,
dataflow,ESTAT:ENV_WASMUN(1.0),Municipal waste by waste management operations,A,Annual,GEN,Waste generated,KG_HAB,Kilograms per capita,LT,Lithuania,2022,,465,,,,,
dataflow,ESTAT:ENV_WASMUN(1.0),Municipal waste by waste management operations,A,Annual,GEN,Waste generated,KG_HAB,Kilograms per capita,LT,Lithuania,2023,,446,,,,,
dataflow,ESTAT:ENV_WASMUN(1.0),Municipal waste by waste management operations,A,Annual,GEN,Waste generated,KG_HAB,Kilograms per capita,LU,Luxembourg,1995,,587,,,,,
dataflow,ESTAT:ENV_WASMUN(1.0),Municipal waste by waste management operations,A,Annual,GEN,Waste generated,KG_HAB,Kilograms per capita,LU,Luxembourg,1996,,585,,,,,
dataflow,ESTAT:ENV_WASMUN(1.0),Municipal waste by waste management operations,A,Annual,GEN,Waste generated,KG_HAB,Kilograms per capita,LU,Luxembourg,1997,,604,,,,,
dataflow,ESTAT:ENV_WASMUN(1.0),Municipal waste by waste management operations,A,Annual,GEN,Waste generated,KG_HAB,Kilograms per capita,LU,Luxembourg,1998,,625,,,,,
dataflow,ESTAT:ENV_WASMUN(1.0),Municipal waste by waste management operations,A,Annual,GEN,Waste generated,KG_HAB,Kilograms per capita,LU,Luxembourg,1999,,646,,,,,
dataflow,ESTAT:ENV_WASMUN(1.0),Municipal waste by waste management operations,A,Annual,GEN,Waste generated,KG_HAB,Kilograms per capita,LU,Luxembourg,2000,,654,,,,,
dataflow,ESTAT:ENV_WASMUN(1.0),Municipal waste by waste management operations,A,Annual,GEN,Waste generated,KG_HAB,Kilograms per capita,LU,Luxembourg,2001,,646,,,,,
dataflow,ESTAT:ENV_WASMUN(1.0),Municipal waste by waste management operations,A,Annual,GEN,Waste generated,KG_HAB,Kilograms per capita,LU,Luxembourg,2002,,653,,,,,
dataflow,ESTAT:ENV_WASMUN(1.0),Municipal waste by waste management operations,A,Annual,GEN,Waste generated,KG_HAB,Kilograms per capita,LU,Luxembourg,2003,,678,,,,,
dataflow,ESTAT:ENV_WASMUN(1.0),Municipal waste by waste management operations,A,Annual,GEN,Waste generated,KG_HAB,Kilograms per capita,LU,Luxembourg,2004,,679,,,,,
dataflow,ESTAT:ENV_WASMUN(1.0),Municipal waste by waste management operations,A,Annual,GEN,Waste generated,KG_HAB,Kilograms per capita,LU,Luxembourg,2005,,672,,,,,
dataflow,ESTAT:ENV_WASMUN(1.0),Municipal waste by waste management operations,A,Annual,GEN,Waste generated,KG_HAB,Kilograms per capita,LU,Luxembourg,2006,,683,,,,,
dataflow,ESTAT:ENV_WASMUN(1.0),Municipal waste by waste management operations,A,Annual,GEN,Waste generated,KG_HAB,Kilograms per capita,LU,Luxembourg,2007,,695,,,,,
dataflow,ESTAT:ENV_WASMUN(1.0),Municipal waste by waste management operations,A,Annual,GEN,Waste generated,KG_HAB,Kilograms per capita,LU,Luxembourg,2008,,697,,,,,
dataflow,ESTAT:ENV_WASMUN(1.0),Municipal waste by waste management operations,A,Annual,GEN,Waste generated,KG_HAB,Kilograms per capita,LU,Luxembourg,2009,,679,,,,,
dataflow,ESTAT:ENV_WASMUN(1.0),Municipal waste by waste management operations,A,Annual,GEN,Waste generated,KG_HAB,Kilograms per capita,LU,Luxembourg,2010,,679,,,,,
dataflow,ESTAT:ENV_WASMUN(1.0),Municipal waste by waste management operations,A,Annual,GEN,Waste generated,KG_HAB,Kilograms per capita,LU,Luxembourg,2011,,666,,,,,
dataflow,ESTAT:ENV_WASMUN(1.0),Municipal waste by waste management operations,A,Annual,GEN,Waste generated,KG_HAB,Kilograms per capita,LU,Luxembourg,2012,,652,,,,,
dataflow,ESTAT:ENV_WASMUN(1.0),Municipal waste by waste management operations,A,Annual,GEN,Waste generated,KG_HAB,Kilograms per capita,LU,Luxembourg,2013,,616,,,,,
dataflow,ESTAT:ENV_WASMUN(1.0),Municipal waste by waste management operations,A,Annual,GEN,Waste generated,KG_HAB,Kilograms per capita,LU,Luxembourg,2014,,626,,,,,
dataflow,ESTAT:ENV_WASMUN(1.0),Municipal waste by waste management operations,A,Annual,GEN,Waste generated,KG_HAB,Kilograms per capita,LU,Luxembourg,2015,,607,,,,,
dataflow,ESTAT:ENV_WASMUN(1.0),Municipal waste by waste management operations,A,Annual,GEN,Waste generated,KG_HAB,Kilograms per capita,LU,Luxembourg,2016,,815,,b,break in time series,,
dataflow,ESTAT:ENV_WASMUN(1.0),Municipal waste by waste management operations,A,Annual,GEN,Waste generated,KG_HAB,Kilograms per capita,LU,Luxembourg,2017,,798,,,,,
dataflow,ESTAT:ENV_WASMUN(1.0),Municipal waste by waste management operations,A,Annual,GEN,Waste generated,KG_HAB,Kilograms per capita,LU,Luxembourg,2018,,803,,,,,
dataflow,ESTAT:ENV_WASMUN(1.0),Municipal waste by waste management operations,A,Annual,GEN,Waste generated,KG_HAB,Kilograms per capita,LU,Luxembourg,2019,,791,,e,estimated,,
dataflow,ESTAT:ENV_WASMUN(1.0),Municipal waste by waste management operations,A,Annual,GEN,Waste generated,KG_HAB,Kilograms per capita,LU,Luxembourg,2020,,790,,,,,
dataflow,ESTAT:ENV_WASMUN(1.0),Municipal waste by waste management operations,A,Annual,GEN,Waste generated,KG_HAB,Kilograms per capita,LU,Luxembourg,2021,,793,,,,,
dataflow,ESTAT:ENV_WASMUN(1.0),Municipal waste by waste management operations,A,Annual,GEN,Waste generated,KG_HAB,Kilograms per capita,LU,Luxembourg,2022,,721,,,,,
dataflow,ESTAT:ENV_WASMUN(1.0),Municipal waste by waste management operations,A,Annual,GEN,Waste generated,KG_HAB,Kilograms per capita,LU,Luxembourg,2023,,712,,,,,
dataflow,ESTAT:ENV_WASMUN(1.0),Municipal waste by waste management operations,A,Annual,GEN,Waste generated,KG_HAB,Kilograms per capita,LV,Latvia,1995,,264,,e,estimated,,
dataflow,ESTAT:ENV_WASMUN(1.0),Municipal waste by waste management operations,A,Annual,GEN,Waste generated,KG_HAB,Kilograms per capita,LV,Latvia,1996,,265,,e,estimated,,
dataflow,ESTAT:ENV_WASMUN(1.0),Municipal waste by waste management operations,A,Annual,GEN,Waste generated,KG_HAB,Kilograms per capita,LV,Latvia,1997,,255,,e,estimated,,
dataflow,ESTAT:ENV_WASMUN(1.0),Municipal waste by waste management operations,A,Annual,GEN,Waste generated,KG_HAB,Kilograms per capita,LV,Latvia,1998,,248,,e,estimated,,
dataflow,ESTAT:ENV_WASMUN(1.0),Municipal waste by waste management operations,A,Annual,GEN,Waste generated,KG_HAB,Kilograms per capita,LV,Latvia,1999,,256,,e,estimated,,
dataflow,ESTAT:ENV_WASMUN(1.0),Municipal waste by waste management operations,A,Annual,GEN,Waste generated,KG_HAB,Kilograms per capita,LV,Latvia,2000,,271,,e,estimated,,
dataflow,ESTAT:ENV_WASMUN(1.0),Municipal waste by waste management operations,A,Annual,GEN,Waste generated,KG_HAB,Kilograms per capita,LV,Latvia,2001,,305,,e,estimated,,
dataflow,ESTAT:ENV_WASMUN(1.0),Municipal waste by waste management operations,A,Annual,GEN,Waste generated,KG_HAB,Kilograms per capita,LV,Latvia,2002,,343,,b,break in time series,,
dataflow,ESTAT:ENV_WASMUN(1.0),Municipal waste by waste management operations,A,Annual,GEN,Waste generated,KG_HAB,Kilograms per capita,LV,Latvia,2003,,304,,,,,
dataflow,ESTAT:ENV_WASMUN(1.0),Municipal waste by waste management operations,A,Annual,GEN,Waste generated,KG_HAB,Kilograms per capita,LV,Latvia,2004,,318,,,,,
dataflow,ESTAT:ENV_WASMUN(1.0),Municipal waste by waste management operations,A,Annual,GEN,Waste generated,KG_HAB,Kilograms per capita,LV,Latvia,2005,,320,,,,,
dataflow,ESTAT:ENV_WASMUN(1.0),Municipal waste by waste management operations,A,Annual,GEN,Waste generated,KG_HAB,Kilograms per capita,LV,Latvia,2006,,343,,,,,
dataflow,ESTAT:ENV_WASMUN(1.0),Municipal waste by waste management operations,A,Annual,GEN,Waste generated,KG_HAB,Kilograms per capita,LV,Latvia,2007,,391,,,,,
dataflow,ESTAT:ENV_WASMUN(1.0),Municipal waste by waste management operations,A,Annual,GEN,Waste generated,KG_HAB,Kilograms per capita,LV,Latvia,2008,,345,,,,,
dataflow,ESTAT:ENV_WASMUN(1.0),Municipal waste by waste management operations,A,Annual,GEN,Waste generated,KG_HAB,Kilograms per capita,LV,Latvia,2009,,352,,,,,
dataflow,ESTAT:ENV_WASMUN(1.0),Municipal waste by waste management operations,A,Annual,GEN,Waste generated,KG_HAB,Kilograms per capita,LV,Latvia,2010,,324,,,,,
dataflow,ESTAT:ENV_WASMUN(1.0),Municipal waste by waste management operations,A,Annual,GEN,Waste generated,KG_HAB,Kilograms per capita,LV,Latvia,2011,,350,,,,,
dataflow,ESTAT:ENV_WASMUN(1.0),Municipal waste by waste management operations,A,Annual,GEN,Waste generated,KG_HAB,Kilograms per capita,LV,Latvia,2012,,323,,,,,
dataflow,ESTAT:ENV_WASMUN(1.0),Municipal waste by waste management operations,A,Annual,GEN,Waste generated,KG_HAB,Kilograms per capita,LV,Latvia,2013,,350,,,,,
dataflow,ESTAT:ENV_WASMUN(1.0),Municipal waste by waste management operations,A,Annual,GEN,Waste generated,KG_HAB,Kilograms per capita,LV,Latvia,2014,,364,,,,,
dataflow,ESTAT:ENV_WASMUN(1.0),Municipal waste by waste management operations,A,Annual,GEN,Waste generated,KG_HAB,Kilograms per capita,LV,Latvia,2015,,404,,,,,
dataflow,ESTAT:ENV_WASMUN(1.0),Municipal waste by waste management operations,A,Annual,GEN,Waste generated,KG_HAB,Kilograms per capita,LV,Latvia,2016,,410,,,,,
dataflow,ESTAT:ENV_WASMUN(1.0),Municipal waste by waste management operations,A,Annual,GEN,Waste generated,KG_HAB,Kilograms per capita,LV,Latvia,2017,,411,,,,,
dataflow,ESTAT:ENV_WASMUN(1.0),Municipal waste by waste management operations,A,Annual,GEN,Waste generated,KG_HAB,Kilograms per capita,LV,Latvia,2018,,407,,,,,
dataflow,ESTAT:ENV_WASMUN(1.0),Municipal waste by waste management operations,A,Annual,GEN,Waste generated,KG_HAB,Kilograms per capita,LV,Latvia,2019,,439,,,,,
dataflow,ESTAT:ENV_WASMUN(1.0),Municipal waste by waste management operations,A,Annual,GEN,Waste generated,KG_HAB,Kilograms per capita,LV,Latvia,2020,,478,,,,,
dataflow,ESTAT:ENV_WASMUN(1.0),Municipal waste by waste management operations,A,Annual,GEN,Waste generated,KG_HAB,Kilograms per capita,LV,Latvia,2021,,461,,,,,
dataflow,ESTAT:ENV_WASMUN(1.0),Municipal waste by waste management operations,A,Annual,GEN,Waste generated,KG_HAB,Kilograms per capita,LV,Latvia,2022,,464,,,,,
dataflow,ESTAT:ENV_WASMUN(1.0),Municipal waste by waste management operations,A,Annual,GEN,Waste generated,KG_HAB,Kilograms per capita,ME,Montenegro,2011,,525,,e,estimated,,
dataflow,ESTAT:ENV_WASMUN(1.0),Municipal waste by waste management operations,A,Annual,GEN,Waste generated,KG_HAB,Kilograms per capita,ME,Montenegro,2012,,496,,e,estimated,,
dataflow,ESTAT:ENV_WASMUN(1.0),Municipal waste by waste management operations,A,Annual,GEN,Waste generated,KG_HAB,Kilograms per capita,ME,Montenegro,2013,,499,,e,estimated,,
dataflow,ESTAT:ENV_WASMUN(1.0),Municipal waste by waste management operations,A,Annual,GEN,Waste generated,KG_HAB,Kilograms per capita,ME,Montenegro,2014,,479,,e,estimated,,
dataflow,ESTAT:ENV_WASMUN(1.0),Municipal waste by waste management operations,A,Annual,GEN,Waste generated,KG_HAB,Kilograms per capita,ME,Montenegro,2015,,498,,e,estimated,,
dataflow,ESTAT:ENV_WASMUN(1.0),Municipal waste by waste management operations,A,Annual,GEN,Waste generated,KG_HAB,Kilograms per capita,ME,Montenegro,2016,,493,,e,estimated,,
dataflow,ESTAT:ENV_WASMUN(1.0),Municipal waste by waste management operations,A,Annual,GEN,Waste generated,KG_HAB,Kilograms per capita,ME,Montenegro,2017,,490,,e,estimated,,
dataflow,ESTAT:ENV_WASMUN(1.0),Municipal waste by waste management operations,A,Annual,GEN,Waste generated,KG_HAB,Kilograms per capita,ME,Montenegro,2018,,516,,e,estimated,,
dataflow,ESTAT:ENV_WASMUN(1.0),Municipal waste by waste management operations,A,Annual,GEN,Waste generated,KG_HAB,Kilograms per capita,ME,Montenegro,2019,,545,,e,estimated,,
dataflow,ESTAT:ENV_WASMUN(1.0),Municipal waste by waste management operations,A,Annual,GEN,Waste generated,KG_HAB,Kilograms per capita,ME,Montenegro,2020,,486,,e,estimated,,
dataflow,ESTAT:ENV_WASMUN(1.0),Municipal waste by waste management operations,A,Annual,GEN,Waste generated,KG_HAB,Kilograms per capita,ME,Montenegro,2021,,515,,e,estimated,,
dataflow,ESTAT:ENV_WASMUN(1.0),Municipal waste by waste management operations,A,Annual,GEN,Waste generated,KG_HAB,Kilograms per capita,ME,Montenegro,2022,,537,,e,estimated,,
dataflow,ESTAT:ENV_WASMUN(1.0),Municipal waste by waste management operations,A,Annual,GEN,Waste generated,KG_HAB,Kilograms per capita,ME,Montenegro,2023,,573,,e,estimated,,
dataflow,ESTAT:ENV_WASMUN(1.0),Municipal waste by waste management operations,A,Annual,GEN,Waste generated,KG_HAB,Kilograms per capita,MK,North Macedonia,2008,,349,,e,estimated,,
dataflow,ESTAT:ENV_WASMUN(1.0),Municipal waste by waste management operations,A,Annual,GEN,Waste generated,KG_HAB,Kilograms per capita,MK,North Macedonia,2009,,354,,b,break in time series,,
dataflow,ESTAT:ENV_WASMUN(1.0),Municipal waste by waste management operations,A,Annual,GEN,Waste generated,KG_HAB,Kilograms per capita,MK,North Macedonia,2010,,351,,e,estimated,,
dataflow,ESTAT:ENV_WASMUN(1.0),Municipal waste by waste management operations,A,Annual,GEN,Waste generated,KG_HAB,Kilograms per capita,MK,North Macedonia,2011,,357,,,,,
dataflow,ESTAT:ENV_WASMUN(1.0),Municipal waste by waste management operations,A,Annual,GEN,Waste generated,KG_HAB,Kilograms per capita,MK,North Macedonia,2012,,381,,,,,
dataflow,ESTAT:ENV_WASMUN(1.0),Municipal waste by waste management operations,A,Annual,GEN,Waste generated,KG_HAB,Kilograms per capita,MK,North Macedonia,2013,,384,,,,,
dataflow,ESTAT:ENV_WASMUN(1.0),Municipal waste by waste management operations,A,Annual,GEN,Waste generated,KG_HAB,Kilograms per capita,MK,North Macedonia,2014,,370,,,,,
dataflow,ESTAT:ENV_WASMUN(1.0),Municipal waste by waste management operations,A,Annual,GEN,Waste generated,KG_HAB,Kilograms per capita,MK,North Macedonia,2015,,380,,,,,
dataflow,ESTAT:ENV_WASMUN(1.0),Municipal waste by waste management operations,A,Annual,GEN,Waste generated,KG_HAB,Kilograms per capita,MK,North Macedonia,2018,,412,,,,,
dataflow,ESTAT:ENV_WASMUN(1.0),Municipal waste by waste management operations,A,Annual,GEN,Waste generated,KG_HAB,Kilograms per capita,MK,North Macedonia,2019,,441,,,,,
dataflow,ESTAT:ENV_WASMUN(1.0),Municipal waste by waste management operations,A,Annual,GEN,Waste generated,KG_HAB,Kilograms per capita,MK,North Macedonia,2020,,441,,e,estimated,,
dataflow,ESTAT:ENV_WASMUN(1.0),Municipal waste by waste management operations,A,Annual,GEN,Waste generated,KG_HAB,Kilograms per capita,MK,North Macedonia,2021,,459,,e,estimated,,
dataflow,ESTAT:ENV_WASMUN(1.0),Municipal waste by waste management operations,A,Annual,GEN,Waste generated,KG_HAB,Kilograms per capita,MK,North Macedonia,2022,,467,,e,estimated,,
dataflow,ESTAT:ENV_WASMUN(1.0),Municipal waste by waste management operations,A,Annual,GEN,Waste generated,KG_HAB,Kilograms per capita,MT,Malta,1995,,387,,e,estimated,,
dataflow,ESTAT:ENV_WASMUN(1.0),Municipal waste by waste management operations,A,Annual,GEN,Waste generated,KG_HAB,Kilograms per capita,MT,Malta,1996,,412,,e,estimated,,
dataflow,ESTAT:ENV_WASMUN(1.0),Municipal waste by waste management operations,A,Annual,GEN,Waste generated,KG_HAB,Kilograms per capita,MT,Malta,1997,,436,,e,estimated,,
dataflow,ESTAT:ENV_WASMUN(1.0),Municipal waste by waste management operations,A,Annual,GEN,Waste generated,KG_HAB,Kilograms per capita,MT,Malta,1998,,459,,e,estimated,,
dataflow,ESTAT:ENV_WASMUN(1.0),Municipal waste by waste management operations,A,Annual,GEN,Waste generated,KG_HAB,Kilograms per capita,MT,Malta,1999,,466,,,,,
dataflow,ESTAT:ENV_WASMUN(1.0),Municipal waste by waste management operations,A,Annual,GEN,Waste generated,KG_HAB,Kilograms per capita,MT,Malta,2000,,533,,,,,
dataflow,ESTAT:ENV_WASMUN(1.0),Municipal waste by waste management operations,A,Annual,GEN,Waste generated,KG_HAB,Kilograms per capita,MT,Malta,2001,,540,,,,,
dataflow,ESTAT:ENV_WASMUN(1.0),Municipal waste by waste management operations,A,Annual,GEN,Waste generated,KG_HAB,Kilograms per capita,MT,Malta,2002,,541,,,,,
dataflow,ESTAT:ENV_WASMUN(1.0),Municipal waste by waste management operations,A,Annual,GEN,Waste generated,KG_HAB,Kilograms per capita,MT,Malta,2003,,580,,,,,
dataflow,ESTAT:ENV_WASMUN(1.0),Municipal waste by waste management operations,A,Annual,GEN,Waste generated,KG_HAB,Kilograms per capita,MT,Malta,2004,,633,,,,,
dataflow,ESTAT:ENV_WASMUN(1.0),Municipal waste by waste management operations,A,Annual,GEN,Waste generated,KG_HAB,Kilograms per capita,MT,Malta,2005,,625,,,,,
dataflow,ESTAT:ENV_WASMUN(1.0),Municipal waste by waste management operations,A,Annual,GEN,Waste generated,KG_HAB,Kilograms per capita,MT,Malta,2006,,667,,,,,
dataflow,ESTAT:ENV_WASMUN(1.0),Municipal waste by waste management operations,A,Annual,GEN,Waste generated,KG_HAB,Kilograms per capita,MT,Malta,2007,,677,,,,,
dataflow,ESTAT:ENV_WASMUN(1.0),Municipal waste by waste management operations,A,Annual,GEN,Waste generated,KG_HAB,Kilograms per capita,MT,Malta,2008,,688,,,,,
dataflow,ESTAT:ENV_WASMUN(1.0),Municipal waste by waste management operations,A,Annual,GEN,Waste generated,KG_HAB,Kilograms per capita,MT,Malta,2009,,671,,,,,
dataflow,ESTAT:ENV_WASMUN(1.0),Municipal waste by waste management operations,A,Annual,GEN,Waste generated,KG_HAB,Kilograms per capita,MT,Malta,2010,,623,,,,,
dataflow,ESTAT:ENV_WASMUN(1.0),Municipal waste by waste management operations,A,Annual,GEN,Waste generated,KG_HAB,Kilograms per capita,MT,Malta,2011,,622,,,,,
dataflow,ESTAT:ENV_WASMUN(1.0),Municipal waste by waste management operations,A,Annual,GEN,Waste generated,KG_HAB,Kilograms per capita,MT,Malta,2012,,612,,,,,
dataflow,ESTAT:ENV_WASMUN(1.0),Municipal waste by waste management operations,A,Annual,GEN,Waste generated,KG_HAB,Kilograms per capita,MT,Malta,2013,,604,,,,,
dataflow,ESTAT:ENV_WASMUN(1.0),Municipal waste by waste management operations,A,Annual,GEN,Waste generated,KG_HAB,Kilograms per capita,MT,Malta,2014,,629,,,,,
dataflow,ESTAT:ENV_WASMUN(1.0),Municipal waste by waste management operations,A,Annual,GEN,Waste generated,KG_HAB,Kilograms per capita,MT,Malta,2015,,643,,,,,
dataflow,ESTAT:ENV_WASMUN(1.0),Municipal waste by waste management operations,A,Annual,GEN,Waste generated,KG_HAB,Kilograms per capita,MT,Malta,2016,,643,,,,,
dataflow,ESTAT:ENV_WASMUN(1.0),Municipal waste by waste management operations,A,Annual,GEN,Waste generated,KG_HAB,Kilograms per capita,MT,Malta,2017,,667,,,,,
dataflow,ESTAT:ENV_WASMUN(1.0),Municipal waste by waste management operations,A,Annual,GEN,Waste generated,KG_HAB,Kilograms per capita,MT,Malta,2018,,673,,,,,
dataflow,ESTAT:ENV_WASMUN(1.0),Municipal waste by waste management operations,A,Annual,GEN,Waste generated,KG_HAB,Kilograms per capita,MT,Malta,2019,,697,,,,,
dataflow,ESTAT:ENV_WASMUN(1.0),Municipal waste by waste management operations,A,Annual,GEN,Waste generated,KG_HAB,Kilograms per capita,MT,Malta,2020,,642,,,,,
dataflow,ESTAT:ENV_WASMUN(1.0),Municipal waste by waste management operations,A,Annual,GEN,Waste generated,KG_HAB,Kilograms per capita,MT,Malta,2021,,611,,,,,
dataflow,ESTAT:ENV_WASMUN(1.0),Municipal waste by waste management operations,A,Annual,GEN,Waste generated,KG_HAB,Kilograms per capita,MT,Malta,2022,,618,,,,,
dataflow,ESTAT:ENV_WASMUN(1.0),Municipal waste by waste management operations,A,Annual,GEN,Waste generated,KG_HAB,Kilograms per capita,MT,Malta,2023,,606,,,,,
dataflow,ESTAT:ENV_WASMUN(1.0),Municipal waste by waste management operations,A,Annual,GEN,Waste generated,KG_HAB,Kilograms per capita,NL,Netherlands,1995,,539,,,,,
dataflow,ESTAT:ENV_WASMUN(1.0),Municipal waste by waste management operations,A,Annual,GEN,Waste generated,KG_HAB,Kilograms per capita,NL,Netherlands,1996,,551,,,,,
dataflow,ESTAT:ENV_WASMUN(1.0),Municipal waste by waste management operations,A,Annual,GEN,Waste generated,KG_HAB,Kilograms per capita,NL,Netherlands,1997,,576,,,,,
dataflow,ESTAT:ENV_WASMUN(1.0),Municipal waste by waste management operations,A,Annual,GEN,Waste generated,KG_HAB,Kilograms per capita,NL,Netherlands,1998,,577,,,,,
dataflow,ESTAT:ENV_WASMUN(1.0),Municipal waste by waste management operations,A,Annual,GEN,Waste generated,KG_HAB,Kilograms per capita,NL,Netherlands,1999,,582,,,,,
dataflow,ESTAT:ENV_WASMUN(1.0),Municipal waste by waste management operations,A,Annual,GEN,Waste generated,KG_HAB,Kilograms per capita,NL,Netherlands,2000,,598,,,,,
dataflow,ESTAT:ENV_WASMUN(1.0),Municipal waste by waste management operations,A,Annual,GEN,Waste generated,KG_HAB,Kilograms per capita,NL,Netherlands,2001,,595,,,,,
dataflow,ESTAT:ENV_WASMUN(1.0),Municipal waste by waste management operations,A,Annual,GEN,Waste generated,KG_HAB,Kilograms per capita,NL,Netherlands,2002,,600,,,,,
dataflow,ESTAT:ENV_WASMUN(1.0),Municipal waste by waste management operations,A,Annual,GEN,Waste generated,KG_HAB,Kilograms per capita,NL,Netherlands,2003,,586,,,,,
dataflow,ESTAT:ENV_WASMUN(1.0),Municipal waste by waste management operations,A,Annual,GEN,Waste generated,KG_HAB,Kilograms per capita,NL,Netherlands,2004,,599,,,,,
dataflow,ESTAT:ENV_WASMUN(1.0),Municipal waste by waste management operations,A,Annual,GEN,Waste generated,KG_HAB,Kilograms per capita,NL,Netherlands,2005,,599,,,,,
dataflow,ESTAT:ENV_WASMUN(1.0),Municipal waste by waste management operations,A,Annual,GEN,Waste generated,KG_HAB,Kilograms per capita,NL,Netherlands,2006,,597,,,,,
dataflow,ESTAT:ENV_WASMUN(1.0),Municipal waste by waste management operations,A,Annual,GEN,Waste generated,KG_HAB,Kilograms per capita,NL,Netherlands,2007,,606,,,,,
dataflow,ESTAT:ENV_WASMUN(1.0),Municipal waste by waste management operations,A,Annual,GEN,Waste generated,KG_HAB,Kilograms per capita,NL,Netherlands,2008,,600,,,,,
dataflow,ESTAT:ENV_WASMUN(1.0),Municipal waste by waste management operations,A,Annual,GEN,Waste generated,KG_HAB,Kilograms per capita,NL,Netherlands,2009,,589,,,,,
dataflow,ESTAT:ENV_WASMUN(1.0),Municipal waste by waste management operations,A,Annual,GEN,Waste generated,KG_HAB,Kilograms per capita,NL,Netherlands,2010,,571,,,,,
dataflow,ESTAT:ENV_WASMUN(1.0),Municipal waste by waste management operations,A,Annual,GEN,Waste generated,KG_HAB,Kilograms per capita,NL,Netherlands,2011,,568,,,,,
dataflow,ESTAT:ENV_WASMUN(1.0),Municipal waste by waste management operations,A,Annual,GEN,Waste generated,KG_HAB,Kilograms per capita,NL,Netherlands,2012,,549,,,,,
dataflow,ESTAT:ENV_WASMUN(1.0),Municipal waste by waste management operations,A,Annual,GEN,Waste generated,KG_HAB,Kilograms per capita,NL,Netherlands,2013,,526,,,,,
dataflow,ESTAT:ENV_WASMUN(1.0),Municipal waste by waste management operations,A,Annual,GEN,Waste generated,KG_HAB,Kilograms per capita,NL,Netherlands,2014,,527,,,,,
dataflow,ESTAT:ENV_WASMUN(1.0),Municipal waste by waste management operations,A,Annual,GEN,Waste generated,KG_HAB,Kilograms per capita,NL,Netherlands,2015,,523,,,,,
dataflow,ESTAT:ENV_WASMUN(1.0),Municipal waste by waste management operations,A,Annual,GEN,Waste generated,KG_HAB,Kilograms per capita,NL,Netherlands,2016,,520,,,,,
dataflow,ESTAT:ENV_WASMUN(1.0),Municipal waste by waste management operations,A,Annual,GEN,Waste generated,KG_HAB,Kilograms per capita,NL,Netherlands,2017,,513,,,,,
dataflow,ESTAT:ENV_WASMUN(1.0),Municipal waste by waste management operations,A,Annual,GEN,Waste generated,KG_HAB,Kilograms per capita,NL,Netherlands,2018,,511,,,,,
dataflow,ESTAT:ENV_WASMUN(1.0),Municipal waste by waste management operations,A,Annual,GEN,Waste generated,KG_HAB,Kilograms per capita,NL,Netherlands,2019,,508,,,,,
dataflow,ESTAT:ENV_WASMUN(1.0),Municipal waste by waste management operations,A,Annual,GEN,Waste generated,KG_HAB,Kilograms per capita,NL,Netherlands,2020,,533,,,,,
dataflow,ESTAT:ENV_WASMUN(1.0),Municipal waste by waste management operations,A,Annual,GEN,Waste generated,KG_HAB,Kilograms per capita,NL,Netherlands,2021,,514,,,,,
dataflow,ESTAT:ENV_WASMUN(1.0),Municipal waste by waste management operations,A,Annual,GEN,Waste generated,KG_HAB,Kilograms per capita,NL,Netherlands,2022,,473,,p,provisional,,
dataflow,ESTAT:ENV_WASMUN(1.0),Municipal waste by waste management operations,A,Annual,GEN,Waste generated,KG_HAB,Kilograms per capita,NL,Netherlands,2023,,468,,,,,
dataflow,ESTAT:ENV_WASMUN(1.0),Municipal waste by waste management operations,A,Annual,GEN,Waste generated,KG_HAB,Kilograms per capita,NO,Norway,1995,,624,,,,,
dataflow,ESTAT:ENV_WASMUN(1.0),Municipal waste by waste management operations,A,Annual,GEN,Waste generated,KG_HAB,Kilograms per capita,NO,Norway,1996,,630,,,,,
dataflow,ESTAT:ENV_WASMUN(1.0),Municipal waste by waste management operations,A,Annual,GEN,Waste generated,KG_HAB,Kilograms per capita,NO,Norway,1997,,618,,,,,
dataflow,ESTAT:ENV_WASMUN(1.0),Municipal waste by waste management operations,A,Annual,GEN,Waste generated,KG_HAB,Kilograms per capita,NO,Norway,1998,,645,,,,,
dataflow,ESTAT:ENV_WASMUN(1.0),Municipal waste by waste management operations,A,Annual,GEN,Waste generated,KG_HAB,Kilograms per capita,NO,Norway,1999,,594,,,,,
dataflow,ESTAT:ENV_WASMUN(1.0),Municipal waste by waste management operations,A,Annual,GEN,Waste generated,KG_HAB,Kilograms per capita,NO,Norway,2000,,613,,,,,
dataflow,ESTAT:ENV_WASMUN(1.0),Municipal waste by waste management operations,A,Annual,GEN,Waste generated,KG_HAB,Kilograms per capita,NO,Norway,2001,,361,,b,break in time series,,
dataflow,ESTAT:ENV_WASMUN(1.0),Municipal waste by waste management operations,A,Annual,GEN,Waste generated,KG_HAB,Kilograms per capita,NO,Norway,2002,,392,,,,,
dataflow,ESTAT:ENV_WASMUN(1.0),Municipal waste by waste management operations,A,Annual,GEN,Waste generated,KG_HAB,Kilograms per capita,NO,Norway,2003,,402,,,,,
dataflow,ESTAT:ENV_WASMUN(1.0),Municipal waste by waste management operations,A,Annual,GEN,Waste generated,KG_HAB,Kilograms per capita,NO,Norway,2004,,414,,,,,
dataflow,ESTAT:ENV_WASMUN(1.0),Municipal waste by waste management operations,A,Annual,GEN,Waste generated,KG_HAB,Kilograms per capita,NO,Norway,2005,,426,,,,,
dataflow,ESTAT:ENV_WASMUN(1.0),Municipal waste by waste management operations,A,Annual,GEN,Waste generated,KG_HAB,Kilograms per capita,NO,Norway,2006,,459,,,,,
dataflow,ESTAT:ENV_WASMUN(1.0),Municipal waste by waste management operations,A,Annual,GEN,Waste generated,KG_HAB,Kilograms per capita,NO,Norway,2007,,491,,,,,
dataflow,ESTAT:ENV_WASMUN(1.0),Municipal waste by waste management operations,A,Annual,GEN,Waste generated,KG_HAB,Kilograms per capita,NO,Norway,2008,,487,,,,,
dataflow,ESTAT:ENV_WASMUN(1.0),Municipal waste by waste management operations,A,Annual,GEN,Waste generated,KG_HAB,Kilograms per capita,NO,Norway,2009,,470,,,,,
dataflow,ESTAT:ENV_WASMUN(1.0),Municipal waste by waste management operations,A,Annual,GEN,Waste generated,KG_HAB,Kilograms per capita,NO,Norway,2010,,469,,,,,
dataflow,ESTAT:ENV_WASMUN(1.0),Municipal waste by waste management operations,A,Annual,GEN,Waste generated,KG_HAB,Kilograms per capita,NO,Norway,2011,,485,,,,,
dataflow,ESTAT:ENV_WASMUN(1.0),Municipal waste by waste management operations,A,Annual,GEN,Waste generated,KG_HAB,Kilograms per capita,NO,Norway,2012,,477,,,,,
dataflow,ESTAT:ENV_WASMUN(1.0),Municipal waste by waste management operations,A,Annual,GEN,Waste generated,KG_HAB,Kilograms per capita,NO,Norway,2013,,496,,,,,
dataflow,ESTAT:ENV_WASMUN(1.0),Municipal waste by waste management operations,A,Annual,GEN,Waste generated,KG_HAB,Kilograms per capita,NO,Norway,2014,,423,,b,break in time series,,
dataflow,ESTAT:ENV_WASMUN(1.0),Municipal waste by waste management operations,A,Annual,GEN,Waste generated,KG_HAB,Kilograms per capita,NO,Norway,2015,,421,,,,,
dataflow,ESTAT:ENV_WASMUN(1.0),Municipal waste by waste management operations,A,Annual,GEN,Waste generated,KG_HAB,Kilograms per capita,NO,Norway,2016,,754,,b,break in time series,,
dataflow,ESTAT:ENV_WASMUN(1.0),Municipal waste by waste management operations,A,Annual,GEN,Waste generated,KG_HAB,Kilograms per capita,NO,Norway,2017,,748,,,,,
dataflow,ESTAT:ENV_WASMUN(1.0),Municipal waste by waste management operations,A,Annual,GEN,Waste generated,KG_HAB,Kilograms per capita,NO,Norway,2018,,739,,,,,
dataflow,ESTAT:ENV_WASMUN(1.0),Municipal waste by waste management operations,A,Annual,GEN,Waste generated,KG_HAB,Kilograms per capita,NO,Norway,2019,,776,,,,,
dataflow,ESTAT:ENV_WASMUN(1.0),Municipal waste by waste management operations,A,Annual,GEN,Waste generated,KG_HAB,Kilograms per capita,NO,Norway,2020,,726,,b,break in time series,,
dataflow,ESTAT:ENV_WASMUN(1.0),Municipal waste by waste management operations,A,Annual,GEN,Waste generated,KG_HAB,Kilograms per capita,NO,Norway,2021,,799,,,,,
dataflow,ESTAT:ENV_WASMUN(1.0),Municipal waste by waste management operations,A,Annual,GEN,Waste generated,KG_HAB,Kilograms per capita,NO,Norway,2022,,768,,,,,
dataflow,ESTAT:ENV_WASMUN(1.0),Municipal waste by waste management operations,A,Annual,GEN,Waste generated,KG_HAB,Kilograms per capita,NO,Norway,2023,,724,,,,,
dataflow,ESTAT:ENV_WASMUN(1.0),Municipal waste by waste management operations,A,Annual,GEN,Waste generated,KG_HAB,Kilograms per capita,PL,Poland,1995,,285,,,,,
dataflow,ESTAT:ENV_WASMUN(1.0),Municipal waste by waste management operations,A,Annual,GEN,Waste generated,KG_HAB,Kilograms per capita,PL,Poland,1996,,301,,,,,
dataflow,ESTAT:ENV_WASMUN(1.0),Municipal waste by waste management operations,A,Annual,GEN,Waste generated,KG_HAB,Kilograms per capita,PL,Poland,1997,,315,,,,,
dataflow,ESTAT:ENV_WASMUN(1.0),Municipal waste by waste management operations,A,Annual,GEN,Waste generated,KG_HAB,Kilograms per capita,PL,Poland,1998,,306,,,,,
dataflow,ESTAT:ENV_WASMUN(1.0),Municipal waste by waste management operations,A,Annual,GEN,Waste generated,KG_HAB,Kilograms per capita,PL,Poland,1999,,319,,,,,
dataflow,ESTAT:ENV_WASMUN(1.0),Municipal waste by waste management operations,A,Annual,GEN,Waste generated,KG_HAB,Kilograms per capita,PL,Poland,2000,,320,,,,,
dataflow,ESTAT:ENV_WASMUN(1.0),Municipal waste by waste management operations,A,Annual,GEN,Waste generated,KG_HAB,Kilograms per capita,PL,Poland,2001,,290,,,,,
dataflow,ESTAT:ENV_WASMUN(1.0),Municipal waste by waste management operations,A,Annual,GEN,Waste generated,KG_HAB,Kilograms per capita,PL,Poland,2002,,275,,,,,
dataflow,ESTAT:ENV_WASMUN(1.0),Municipal waste by waste management operations,A,Annual,GEN,Waste generated,KG_HAB,Kilograms per capita,PL,Poland,2003,,260,,,,,
dataflow,ESTAT:ENV_WASMUN(1.0),Municipal waste by waste management operations,A,Annual,GEN,Waste generated,KG_HAB,Kilograms per capita,PL,Poland,2004,,256,,,,,
dataflow,ESTAT:ENV_WASMUN(1.0),Municipal waste by waste management operations,A,Annual,GEN,Waste generated,KG_HAB,Kilograms per capita,PL,Poland,2005,,319,,be,"break in time series, estimated",,
dataflow,ESTAT:ENV_WASMUN(1.0),Municipal waste by waste management operations,A,Annual,GEN,Waste generated,KG_HAB,Kilograms per capita,PL,Poland,2006,,321,,e,estimated,,
dataflow,ESTAT:ENV_WASMUN(1.0),Municipal waste by waste management operations,A,Annual,GEN,Waste generated,KG_HAB,Kilograms per capita,PL,Poland,2007,,322,,e,estimated,,
dataflow,ESTAT:ENV_WASMUN(1.0),Municipal waste by waste management operations,A,Annual,GEN,Waste generated,KG_HAB,Kilograms per capita,PL,Poland,2008,,320,,e,estimated,,
dataflow,ESTAT:ENV_WASMUN(1.0),Municipal waste by waste management operations,A,Annual,GEN,Waste generated,KG_HAB,Kilograms per capita,PL,Poland,2009,,316,,e,estimated,,
dataflow,ESTAT:ENV_WASMUN(1.0),Municipal waste by waste management operations,A,Annual,GEN,Waste generated,KG_HAB,Kilograms per capita,PL,Poland,2010,,316,,e,estimated,,
dataflow,ESTAT:ENV_WASMUN(1.0),Municipal waste by waste management operations,A,Annual,GEN,Waste generated,KG_HAB,Kilograms per capita,PL,Poland,2011,,319,,e,estimated,,
dataflow,ESTAT:ENV_WASMUN(1.0),Municipal waste by waste management operations,A,Annual,GEN,Waste generated,KG_HAB,Kilograms per capita,PL,Poland,2012,,317,,e,estimated,,
dataflow,ESTAT:ENV_WASMUN(1.0),Municipal waste by waste management operations,A,Annual,GEN,Waste generated,KG_HAB,Kilograms per capita,PL,Poland,2013,,297,,be,"break in time series, estimated",,
dataflow,ESTAT:ENV_WASMUN(1.0),Municipal waste by waste management operations,A,Annual,GEN,Waste generated,KG_HAB,Kilograms per capita,PL,Poland,2014,,272,,be,"break in time series, estimated",,
dataflow,ESTAT:ENV_WASMUN(1.0),Municipal waste by waste management operations,A,Annual,GEN,Waste generated,KG_HAB,Kilograms per capita,PL,Poland,2015,,286,,e,estimated,,
dataflow,ESTAT:ENV_WASMUN(1.0),Municipal waste by waste management operations,A,Annual,GEN,Waste generated,KG_HAB,Kilograms per capita,PL,Poland,2016,,307,,e,estimated,,
dataflow,ESTAT:ENV_WASMUN(1.0),Municipal waste by waste management operations,A,Annual,GEN,Waste generated,KG_HAB,Kilograms per capita,PL,Poland,2017,,315,,e,estimated,,
dataflow,ESTAT:ENV_WASMUN(1.0),Municipal waste by waste management operations,A,Annual,GEN,Waste generated,KG_HAB,Kilograms per capita,PL,Poland,2018,,329,,,,,
dataflow,ESTAT:ENV_WASMUN(1.0),Municipal waste by waste management operations,A,Annual,GEN,Waste generated,KG_HAB,Kilograms per capita,PL,Poland,2019,,336,,,,,
dataflow,ESTAT:ENV_WASMUN(1.0),Municipal waste by waste management operations,A,Annual,GEN,Waste generated,KG_HAB,Kilograms per capita,PL,Poland,2020,,350,,,,,
dataflow,ESTAT:ENV_WASMUN(1.0),Municipal waste by waste management operations,A,Annual,GEN,Waste generated,KG_HAB,Kilograms per capita,PL,Poland,2021,,370,,,,,
dataflow,ESTAT:ENV_WASMUN(1.0),Municipal waste by waste management operations,A,Annual,GEN,Waste generated,KG_HAB,Kilograms per capita,PL,Poland,2022,,364,,,,,
dataflow,ESTAT:ENV_WASMUN(1.0),Municipal waste by waste management operations,A,Annual,GEN,Waste generated,KG_HAB,Kilograms per capita,PL,Poland,2023,,367,,,,,
dataflow,ESTAT:ENV_WASMUN(1.0),Municipal waste by waste management operations,A,Annual,GEN,Waste generated,KG_HAB,Kilograms per capita,PT,Portugal,1995,,352,,,,,
dataflow,ESTAT:ENV_WASMUN(1.0),Municipal waste by waste management operations,A,Annual,GEN,Waste generated,KG_HAB,Kilograms per capita,PT,Portugal,1996,,372,,,,,
dataflow,ESTAT:ENV_WASMUN(1.0),Municipal waste by waste management operations,A,Annual,GEN,Waste generated,KG_HAB,Kilograms per capita,PT,Portugal,1997,,397,,,,,
dataflow,ESTAT:ENV_WASMUN(1.0),Municipal waste by waste management operations,A,Annual,GEN,Waste generated,KG_HAB,Kilograms per capita,PT,Portugal,1998,,413,,,,,
dataflow,ESTAT:ENV_WASMUN(1.0),Municipal waste by waste management operations,A,Annual,GEN,Waste generated,KG_HAB,Kilograms per capita,PT,Portugal,1999,,433,,,,,
dataflow,ESTAT:ENV_WASMUN(1.0),Municipal waste by waste management operations,A,Annual,GEN,Waste generated,KG_HAB,Kilograms per capita,PT,Portugal,2000,,457,,,,,
dataflow,ESTAT:ENV_WASMUN(1.0),Municipal waste by waste management operations,A,Annual,GEN,Waste generated,KG_HAB,Kilograms per capita,PT,Portugal,2001,,454,,,,,
dataflow,ESTAT:ENV_WASMUN(1.0),Municipal waste by waste management operations,A,Annual,GEN,Waste generated,KG_HAB,Kilograms per capita,PT,Portugal,2002,,441,,b,break in time series,,
dataflow,ESTAT:ENV_WASMUN(1.0),Municipal waste by waste management operations,A,Annual,GEN,Waste generated,KG_HAB,Kilograms per capita,PT,Portugal,2003,,449,,,,,
dataflow,ESTAT:ENV_WASMUN(1.0),Municipal waste by waste management operations,A,Annual,GEN,Waste generated,KG_HAB,Kilograms per capita,PT,Portugal,2004,,445,,,,,
dataflow,ESTAT:ENV_WASMUN(1.0),Municipal waste by waste management operations,A,Annual,GEN,Waste generated,KG_HAB,Kilograms per capita,PT,Portugal,2005,,452,,,,,
dataflow,ESTAT:ENV_WASMUN(1.0),Municipal waste by waste management operations,A,Annual,GEN,Waste generated,KG_HAB,Kilograms per capita,PT,Portugal,2006,,465,,,,,
dataflow,ESTAT:ENV_WASMUN(1.0),Municipal waste by waste management operations,A,Annual,GEN,Waste generated,KG_HAB,Kilograms per capita,PT,Portugal,2007,,471,,b,break in time series,,
dataflow,ESTAT:ENV_WASMUN(1.0),Municipal waste by waste management operations,A,Annual,GEN,Waste generated,KG_HAB,Kilograms per capita,PT,Portugal,2008,,518,,,,,
dataflow,ESTAT:ENV_WASMUN(1.0),Municipal waste by waste management operations,A,Annual,GEN,Waste generated,KG_HAB,Kilograms per capita,PT,Portugal,2009,,520,,,,,
dataflow,ESTAT:ENV_WASMUN(1.0),Municipal waste by waste management operations,A,Annual,GEN,Waste generated,KG_HAB,Kilograms per capita,PT,Portugal,2010,,516,,,,,
dataflow,ESTAT:ENV_WASMUN(1.0),Municipal waste by waste management operations,A,Annual,GEN,Waste generated,KG_HAB,Kilograms per capita,PT,Portugal,2011,,490,,,,,
dataflow,ESTAT:ENV_WASMUN(1.0),Municipal waste by waste management operations,A,Annual,GEN,Waste generated,KG_HAB,Kilograms per capita,PT,Portugal,2012,,453,,,,,
dataflow,ESTAT:ENV_WASMUN(1.0),Municipal waste by waste management operations,A,Annual,GEN,Waste generated,KG_HAB,Kilograms per capita,PT,Portugal,2013,,439,,,,,
dataflow,ESTAT:ENV_WASMUN(1.0),Municipal waste by waste management operations,A,Annual,GEN,Waste generated,KG_HAB,Kilograms per capita,PT,Portugal,2014,,452,,,,,
dataflow,ESTAT:ENV_WASMUN(1.0),Municipal waste by waste management operations,A,Annual,GEN,Waste generated,KG_HAB,Kilograms per capita,PT,Portugal,2015,,459,,b,break in time series,,
dataflow,ESTAT:ENV_WASMUN(1.0),Municipal waste by waste management operations,A,Annual,GEN,Waste generated,KG_HAB,Kilograms per capita,PT,Portugal,2016,,472,,,,,
dataflow,ESTAT:ENV_WASMUN(1.0),Municipal waste by waste management operations,A,Annual,GEN,Waste generated,KG_HAB,Kilograms per capita,PT,Portugal,2017,,484,,,,,
dataflow,ESTAT:ENV_WASMUN(1.0),Municipal waste by waste management operations,A,Annual,GEN,Waste generated,KG_HAB,Kilograms per capita,PT,Portugal,2018,,504,,,,,
dataflow,ESTAT:ENV_WASMUN(1.0),Municipal waste by waste management operations,A,Annual,GEN,Waste generated,KG_HAB,Kilograms per capita,PT,Portugal,2019,,510,,,,,
dataflow,ESTAT:ENV_WASMUN(1.0),Municipal waste by waste management operations,A,Annual,GEN,Waste generated,KG_HAB,Kilograms per capita,PT,Portugal,2020,,508,,,,,
dataflow,ESTAT:ENV_WASMUN(1.0),Municipal waste by waste management operations,A,Annual,GEN,Waste generated,KG_HAB,Kilograms per capita,PT,Portugal,2021,,510,,,,,
dataflow,ESTAT:ENV_WASMUN(1.0),Municipal waste by waste management operations,A,Annual,GEN,Waste generated,KG_HAB,Kilograms per capita,PT,Portugal,2022,,508,,,,,
dataflow,ESTAT:ENV_WASMUN(1.0),Municipal waste by waste management operations,A,Annual,GEN,Waste generated,KG_HAB,Kilograms per capita,PT,Portugal,2023,,505,,,,,
dataflow,ESTAT:ENV_WASMUN(1.0),Municipal waste by waste management operations,A,Annual,GEN,Waste generated,KG_HAB,Kilograms per capita,RO,Romania,1995,,342,,,,,
dataflow,ESTAT:ENV_WASMUN(1.0),Municipal waste by waste management operations,A,Annual,GEN,Waste generated,KG_HAB,Kilograms per capita,RO,Romania,1996,,326,,,,,
dataflow,ESTAT:ENV_WASMUN(1.0),Municipal waste by waste management operations,A,Annual,GEN,Waste generated,KG_HAB,Kilograms per capita,RO,Romania,1997,,326,,,,,
dataflow,ESTAT:ENV_WASMUN(1.0),Municipal waste by waste management operations,A,Annual,GEN,Waste generated,KG_HAB,Kilograms per capita,RO,Romania,1998,,278,,,,,
dataflow,ESTAT:ENV_WASMUN(1.0),Municipal waste by waste management operations,A,Annual,GEN,Waste generated,KG_HAB,Kilograms per capita,RO,Romania,1999,,314,,,,,
dataflow,ESTAT:ENV_WASMUN(1.0),Municipal waste by waste management operations,A,Annual,GEN,Waste generated,KG_HAB,Kilograms per capita,RO,Romania,2000,,355,,e,estimated,,
dataflow,ESTAT:ENV_WASMUN(1.0),Municipal waste by waste management operations,A,Annual,GEN,Waste generated,KG_HAB,Kilograms per capita,RO,Romania,2001,,341,,e,estimated,,
dataflow,ESTAT:ENV_WASMUN(1.0),Municipal waste by waste management operations,A,Annual,GEN,Waste generated,KG_HAB,Kilograms per capita,RO,Romania,2002,,385,,e,estimated,,
dataflow,ESTAT:ENV_WASMUN(1.0),Municipal waste by waste management operations,A,Annual,GEN,Waste generated,KG_HAB,Kilograms per capita,RO,Romania,2003,,353,,e,estimated,,
dataflow,ESTAT:ENV_WASMUN(1.0),Municipal waste by waste management operations,A,Annual,GEN,Waste generated,KG_HAB,Kilograms per capita,RO,Romania,2004,,349,,e,estimated,,
dataflow,ESTAT:ENV_WASMUN(1.0),Municipal waste by waste management operations,A,Annual,GEN,Waste generated,KG_HAB,Kilograms per capita,RO,Romania,2005,,383,,e,estimated,,
dataflow,ESTAT:ENV_WASMUN(1.0),Municipal waste by waste management operations,A,Annual,GEN,Waste generated,KG_HAB,Kilograms per capita,RO,Romania,2006,,396,,e,estimated,,
dataflow,ESTAT:ENV_WASMUN(1.0),Municipal waste by waste management operations,A,Annual,GEN,Waste generated,KG_HAB,Kilograms per capita,RO,Romania,2007,,391,,e,estimated,,
dataflow,ESTAT:ENV_WASMUN(1.0),Municipal waste by waste management operations,A,Annual,GEN,Waste generated,KG_HAB,Kilograms per capita,RO,Romania,2008,,411,,e,estimated,,
dataflow,ESTAT:ENV_WASMUN(1.0),Municipal waste by waste management operations,A,Annual,GEN,Waste generated,KG_HAB,Kilograms per capita,RO,Romania,2009,,381,,e,estimated,,
dataflow,ESTAT:ENV_WASMUN(1.0),Municipal waste by waste management operations,A,Annual,GEN,Waste generated,KG_HAB,Kilograms per capita,RO,Romania,2010,,313,,b,break in time series,,
dataflow,ESTAT:ENV_WASMUN(1.0),Municipal waste by waste management operations,A,Annual,GEN,Waste generated,KG_HAB,Kilograms per capita,RO,Romania,2011,,259,,,,,
dataflow,ESTAT:ENV_WASMUN(1.0),Municipal waste by waste management operations,A,Annual,GEN,Waste generated,KG_HAB,Kilograms per capita,RO,Romania,2012,,251,,,,,
dataflow,ESTAT:ENV_WASMUN(1.0),Municipal waste by waste management operations,A,Annual,GEN,Waste generated,KG_HAB,Kilograms per capita,RO,Romania,2013,,254,,,,,
dataflow,ESTAT:ENV_WASMUN(1.0),Municipal waste by waste management operations,A,Annual,GEN,Waste generated,KG_HAB,Kilograms per capita,RO,Romania,2014,,249,,,,,
dataflow,ESTAT:ENV_WASMUN(1.0),Municipal waste by waste management operations,A,Annual,GEN,Waste generated,KG_HAB,Kilograms per capita,RO,Romania,2015,,247,,,,,
dataflow,ESTAT:ENV_WASMUN(1.0),Municipal waste by waste management operations,A,Annual,GEN,Waste generated,KG_HAB,Kilograms per capita,RO,Romania,2016,,261,,,,,
dataflow,ESTAT:ENV_WASMUN(1.0),Municipal waste by waste management operations,A,Annual,GEN,Waste generated,KG_HAB,Kilograms per capita,RO,Romania,2017,,272,,,,,
dataflow,ESTAT:ENV_WASMUN(1.0),Municipal waste by waste management operations,A,Annual,GEN,Waste generated,KG_HAB,Kilograms per capita,RO,Romania,2018,,272,,,,,
dataflow,ESTAT:ENV_WASMUN(1.0),Municipal waste by waste management operations,A,Annual,GEN,Waste generated,KG_HAB,Kilograms per capita,RO,Romania,2019,,280,,,,,
dataflow,ESTAT:ENV_WASMUN(1.0),Municipal waste by waste management operations,A,Annual,GEN,Waste generated,KG_HAB,Kilograms per capita,RO,Romania,2020,,290,,,,,
dataflow,ESTAT:ENV_WASMUN(1.0),Municipal waste by waste management operations,A,Annual,GEN,Waste generated,KG_HAB,Kilograms per capita,RO,Romania,2021,,302,,,,,
dataflow,ESTAT:ENV_WASMUN(1.0),Municipal waste by waste management operations,A,Annual,GEN,Waste generated,KG_HAB,Kilograms per capita,RO,Romania,2022,,303,,,,,
dataflow,ESTAT:ENV_WASMUN(1.0),Municipal waste by waste management operations,A,Annual,GEN,Waste generated,KG_HAB,Kilograms per capita,RS,Serbia,2006,,233,,,,,
dataflow,ESTAT:ENV_WASMUN(1.0),Municipal waste by waste management operations,A,Annual,GEN,Waste generated,KG_HAB,Kilograms per capita,RS,Serbia,2007,,280,,,,,
dataflow,ESTAT:ENV_WASMUN(1.0),Municipal waste by waste management operations,A,Annual,GEN,Waste generated,KG_HAB,Kilograms per capita,RS,Serbia,2008,,347,,,,,
dataflow,ESTAT:ENV_WASMUN(1.0),Municipal waste by waste management operations,A,Annual,GEN,Waste generated,KG_HAB,Kilograms per capita,RS,Serbia,2009,,360,,,,,
dataflow,ESTAT:ENV_WASMUN(1.0),Municipal waste by waste management operations,A,Annual,GEN,Waste generated,KG_HAB,Kilograms per capita,RS,Serbia,2010,,363,,,,,
dataflow,ESTAT:ENV_WASMUN(1.0),Municipal waste by waste management operations,A,Annual,GEN,Waste generated,KG_HAB,Kilograms per capita,RS,Serbia,2011,,375,,,,,
dataflow,ESTAT:ENV_WASMUN(1.0),Municipal waste by waste management operations,A,Annual,GEN,Waste generated,KG_HAB,Kilograms per capita,RS,Serbia,2012,,364,,,,,
dataflow,ESTAT:ENV_WASMUN(1.0),Municipal waste by waste management operations,A,Annual,GEN,Waste generated,KG_HAB,Kilograms per capita,RS,Serbia,2013,,336,,,,,
dataflow,ESTAT:ENV_WASMUN(1.0),Municipal waste by waste management operations,A,Annual,GEN,Waste generated,KG_HAB,Kilograms per capita,RS,Serbia,2014,,299,,,,,
dataflow,ESTAT:ENV_WASMUN(1.0),Municipal waste by waste management operations,A,Annual,GEN,Waste generated,KG_HAB,Kilograms per capita,RS,Serbia,2015,,259,,,,,
dataflow,ESTAT:ENV_WASMUN(1.0),Municipal waste by waste management operations,A,Annual,GEN,Waste generated,KG_HAB,Kilograms per capita,RS,Serbia,2016,,268,,,,,
dataflow,ESTAT:ENV_WASMUN(1.0),Municipal waste by waste management operations,A,Annual,GEN,Waste generated,KG_HAB,Kilograms per capita,RS,Serbia,2017,,306,,,,,
dataflow,ESTAT:ENV_WASMUN(1.0),Municipal waste by waste management operations,A,Annual,GEN,Waste generated,KG_HAB,Kilograms per capita,RS,Serbia,2018,,319,,,,,
dataflow,ESTAT:ENV_WASMUN(1.0),Municipal waste by waste management operations,A,Annual,GEN,Waste generated,KG_HAB,Kilograms per capita,RS,Serbia,2019,,338,,,,,
dataflow,ESTAT:ENV_WASMUN(1.0),Municipal waste by waste management operations,A,Annual,GEN,Waste generated,KG_HAB,Kilograms per capita,RS,Serbia,2020,,427,,,,,
dataflow,ESTAT:ENV_WASMUN(1.0),Municipal waste by waste management operations,A,Annual,GEN,Waste generated,KG_HAB,Kilograms per capita,RS,Serbia,2021,,442,,,,,
dataflow,ESTAT:ENV_WASMUN(1.0),Municipal waste by waste management operations,A,Annual,GEN,Waste generated,KG_HAB,Kilograms per capita,RS,Serbia,2022,,473,,,,,
dataflow,ESTAT:ENV_WASMUN(1.0),Municipal waste by waste management operations,A,Annual,GEN,Waste generated,KG_HAB,Kilograms per capita,RS,Serbia,2023,,467,,,,,
dataflow,ESTAT:ENV_WASMUN(1.0),Municipal waste by waste management operations,A,Annual,GEN,Waste generated,KG_HAB,Kilograms per capita,SE,Sweden,1995,,386,,,,,
dataflow,ESTAT:ENV_WASMUN(1.0),Municipal waste by waste management operations,A,Annual,GEN,Waste generated,KG_HAB,Kilograms per capita,SE,Sweden,1996,,391,,,,,
dataflow,ESTAT:ENV_WASMUN(1.0),Municipal waste by waste management operations,A,Annual,GEN,Waste generated,KG_HAB,Kilograms per capita,SE,Sweden,1997,,416,,,,,
dataflow,ESTAT:ENV_WASMUN(1.0),Municipal waste by waste management operations,A,Annual,GEN,Waste generated,KG_HAB,Kilograms per capita,SE,Sweden,1998,,434,,,,,
dataflow,ESTAT:ENV_WASMUN(1.0),Municipal waste by waste management operations,A,Annual,GEN,Waste generated,KG_HAB,Kilograms per capita,SE,Sweden,1999,,426,,,,,
dataflow,ESTAT:ENV_WASMUN(1.0),Municipal waste by waste management operations,A,Annual,GEN,Waste generated,KG_HAB,Kilograms per capita,SE,Sweden,2000,,425,,,,,
dataflow,ESTAT:ENV_WASMUN(1.0),Municipal waste by waste management operations,A,Annual,GEN,Waste generated,KG_HAB,Kilograms per capita,SE,Sweden,2001,,439,,,,,
dataflow,ESTAT:ENV_WASMUN(1.0),Municipal waste by waste management operations,A,Annual,GEN,Waste generated,KG_HAB,Kilograms per capita,SE,Sweden,2002,,465,,,,,
dataflow,ESTAT:ENV_WASMUN(1.0),Municipal waste by waste management operations,A,Annual,GEN,Waste generated,KG_HAB,Kilograms per capita,SE,Sweden,2003,,464,,,,,
dataflow,ESTAT:ENV_WASMUN(1.0),Municipal waste by waste management operations,A,Annual,GEN,Waste generated,KG_HAB,Kilograms per capita,SE,Sweden,2004,,461,,,,,
dataflow,ESTAT:ENV_WASMUN(1.0),Municipal waste by waste management operations,A,Annual,GEN,Waste generated,KG_HAB,Kilograms per capita,SE,Sweden,2005,,479,,,,,
dataflow,ESTAT:ENV_WASMUN(1.0),Municipal waste by waste management operations,A,Annual,GEN,Waste generated,KG_HAB,Kilograms per capita,SE,Sweden,2006,,491,,,,,
dataflow,ESTAT:ENV_WASMUN(1.0),Municipal waste by waste management operations,A,Annual,GEN,Waste generated,KG_HAB,Kilograms per capita,SE,Sweden,2007,,488,,,,,
dataflow,ESTAT:ENV_WASMUN(1.0),Municipal waste by waste management operations,A,Annual,GEN,Waste generated,KG_HAB,Kilograms per capita,SE,Sweden,2008,,485,,,,,
dataflow,ESTAT:ENV_WASMUN(1.0),Municipal waste by waste management operations,A,Annual,GEN,Waste generated,KG_HAB,Kilograms per capita,SE,Sweden,2009,,472,,,,,
dataflow,ESTAT:ENV_WASMUN(1.0),Municipal waste by waste management operations,A,Annual,GEN,Waste generated,KG_HAB,Kilograms per capita,SE,Sweden,2010,,441,,,,,
dataflow,ESTAT:ENV_WASMUN(1.0),Municipal waste by waste management operations,A,Annual,GEN,Waste generated,KG_HAB,Kilograms per capita,SE,Sweden,2011,,453,,,,,
dataflow,ESTAT:ENV_WASMUN(1.0),Municipal waste by waste management operations,A,Annual,GEN,Waste generated,KG_HAB,Kilograms per capita,SE,Sweden,2012,,454,,,,,
dataflow,ESTAT:ENV_WASMUN(1.0),Municipal waste by waste management operations,A,Annual,GEN,Waste generated,KG_HAB,Kilograms per capita,SE,Sweden,2013,,455,,,,,
dataflow,ESTAT:ENV_WASMUN(1.0),Municipal waste by waste management operations,A,Annual,GEN,Waste generated,KG_HAB,Kilograms per capita,SE,Sweden,2014,,443,,,,,
dataflow,ESTAT:ENV_WASMUN(1.0),Municipal waste by waste management operations,A,Annual,GEN,Waste generated,KG_HAB,Kilograms per capita,SE,Sweden,2015,,451,,,,,
dataflow,ESTAT:ENV_WASMUN(1.0),Municipal waste by waste management operations,A,Annual,GEN,Waste generated,KG_HAB,Kilograms per capita,SE,Sweden,2016,,447,,,,,
dataflow,ESTAT:ENV_WASMUN(1.0),Municipal waste by waste management operations,A,Annual,GEN,Waste generated,KG_HAB,Kilograms per capita,SE,Sweden,2017,,452,,,,,
dataflow,ESTAT:ENV_WASMUN(1.0),Municipal waste by waste management operations,A,Annual,GEN,Waste generated,KG_HAB,Kilograms per capita,SE,Sweden,2018,,434,,,,,
dataflow,ESTAT:ENV_WASMUN(1.0),Municipal waste by waste management operations,A,Annual,GEN,Waste generated,KG_HAB,Kilograms per capita,SE,Sweden,2019,,449,,,,,
dataflow,ESTAT:ENV_WASMUN(1.0),Municipal waste by waste management operations,A,Annual,GEN,Waste generated,KG_HAB,Kilograms per capita,SE,Sweden,2020,,431,,b,break in time series,,
dataflow,ESTAT:ENV_WASMUN(1.0),Municipal waste by waste management operations,A,Annual,GEN,Waste generated,KG_HAB,Kilograms per capita,SE,Sweden,2021,,418,,,,,
dataflow,ESTAT:ENV_WASMUN(1.0),Municipal waste by waste management operations,A,Annual,GEN,Waste generated,KG_HAB,Kilograms per capita,SE,Sweden,2022,,395,,,,,
dataflow,ESTAT:ENV_WASMUN(1.0),Municipal waste by waste management operations,A,Annual,GEN,Waste generated,KG_HAB,Kilograms per capita,SE,Sweden,2023,,392,,,,,
dataflow,ESTAT:ENV_WASMUN(1.0),Municipal waste by waste management operations,A,Annual,GEN,Waste generated,KG_HAB,Kilograms per capita,SI,Slovenia,1995,,596,,,,,
dataflow,ESTAT:ENV_WASMUN(1.0),Municipal waste by waste management operations,A,Annual,GEN,Waste generated,KG_HAB,Kilograms per capita,SI,Slovenia,1996,,591,,e,estimated,,
dataflow,ESTAT:ENV_WASMUN(1.0),Municipal waste by waste management operations,A,Annual,GEN,Waste generated,KG_HAB,Kilograms per capita,SI,Slovenia,1997,,589,,e,estimated,,
dataflow,ESTAT:ENV_WASMUN(1.0),Municipal waste by waste management operations,A,Annual,GEN,Waste generated,KG_HAB,Kilograms per capita,SI,Slovenia,1998,,585,,,,,
dataflow,ESTAT:ENV_WASMUN(1.0),Municipal waste by waste management operations,A,Annual,GEN,Waste generated,KG_HAB,Kilograms per capita,SI,Slovenia,1999,,550,,e,estimated,,
dataflow,ESTAT:ENV_WASMUN(1.0),Municipal waste by waste management operations,A,Annual,GEN,Waste generated,KG_HAB,Kilograms per capita,SI,Slovenia,2000,,513,,e,estimated,,
dataflow,ESTAT:ENV_WASMUN(1.0),Municipal waste by waste management operations,A,Annual,GEN,Waste generated,KG_HAB,Kilograms per capita,SI,Slovenia,2001,,478,,,,,
dataflow,ESTAT:ENV_WASMUN(1.0),Municipal waste by waste management operations,A,Annual,GEN,Waste generated,KG_HAB,Kilograms per capita,SI,Slovenia,2002,,407,,b,break in time series,,
dataflow,ESTAT:ENV_WASMUN(1.0),Municipal waste by waste management operations,A,Annual,GEN,Waste generated,KG_HAB,Kilograms per capita,SI,Slovenia,2003,,418,,,,,
dataflow,ESTAT:ENV_WASMUN(1.0),Municipal waste by waste management operations,A,Annual,GEN,Waste generated,KG_HAB,Kilograms per capita,SI,Slovenia,2004,,485,,,,,
dataflow,ESTAT:ENV_WASMUN(1.0),Municipal waste by waste management operations,A,Annual,GEN,Waste generated,KG_HAB,Kilograms per capita,SI,Slovenia,2005,,494,,,,,
dataflow,ESTAT:ENV_WASMUN(1.0),Municipal waste by waste management operations,A,Annual,GEN,Waste generated,KG_HAB,Kilograms per capita,SI,Slovenia,2006,,516,,,,,
dataflow,ESTAT:ENV_WASMUN(1.0),Municipal waste by waste management operations,A,Annual,GEN,Waste generated,KG_HAB,Kilograms per capita,SI,Slovenia,2007,,525,,,,,
dataflow,ESTAT:ENV_WASMUN(1.0),Municipal waste by waste management operations,A,Annual,GEN,Waste generated,KG_HAB,Kilograms per capita,SI,Slovenia,2008,,542,,,,,
dataflow,ESTAT:ENV_WASMUN(1.0),Municipal waste by waste management operations,A,Annual,GEN,Waste generated,KG_HAB,Kilograms per capita,SI,Slovenia,2009,,524,,,,,
dataflow,ESTAT:ENV_WASMUN(1.0),Municipal waste by waste management operations,A,Annual,GEN,Waste generated,KG_HAB,Kilograms per capita,SI,Slovenia,2010,,490,,,,,
dataflow,ESTAT:ENV_WASMUN(1.0),Municipal waste by waste management operations,A,Annual,GEN,Waste generated,KG_HAB,Kilograms per capita,SI,Slovenia,2011,,415,,,,,
dataflow,ESTAT:ENV_WASMUN(1.0),Municipal waste by waste management operations,A,Annual,GEN,Waste generated,KG_HAB,Kilograms per capita,SI,Slovenia,2012,,362,,,,,
dataflow,ESTAT:ENV_WASMUN(1.0),Municipal waste by waste management operations,A,Annual,GEN,Waste generated,KG_HAB,Kilograms per capita,SI,Slovenia,2013,,414,,b,break in time series,,
dataflow,ESTAT:ENV_WASMUN(1.0),Municipal waste by waste management operations,A,Annual,GEN,Waste generated,KG_HAB,Kilograms per capita,SI,Slovenia,2014,,432,,,,,
dataflow,ESTAT:ENV_WASMUN(1.0),Municipal waste by waste management operations,A,Annual,GEN,Waste generated,KG_HAB,Kilograms per capita,SI,Slovenia,2015,,449,,,,,
dataflow,ESTAT:ENV_WASMUN(1.0),Municipal waste by waste management operations,A,Annual,GEN,Waste generated,KG_HAB,Kilograms per capita,SI,Slovenia,2016,,457,,,,,
dataflow,ESTAT:ENV_WASMUN(1.0),Municipal waste by waste management operations,A,Annual,GEN,Waste generated,KG_HAB,Kilograms per capita,SI,Slovenia,2017,,471,,,,,
dataflow,ESTAT:ENV_WASMUN(1.0),Municipal waste by waste management operations,A,Annual,GEN,Waste generated,KG_HAB,Kilograms per capita,SI,Slovenia,2018,,486,,,,,
dataflow,ESTAT:ENV_WASMUN(1.0),Municipal waste by waste management operations,A,Annual,GEN,Waste generated,KG_HAB,Kilograms per capita,SI,Slovenia,2019,,504,,,,,
dataflow,ESTAT:ENV_WASMUN(1.0),Municipal waste by waste management operations,A,Annual,GEN,Waste generated,KG_HAB,Kilograms per capita,SI,Slovenia,2020,,487,,,,,
dataflow,ESTAT:ENV_WASMUN(1.0),Municipal waste by waste management operations,A,Annual,GEN,Waste generated,KG_HAB,Kilograms per capita,SI,Slovenia,2021,,511,,,,,
dataflow,ESTAT:ENV_WASMUN(1.0),Municipal waste by waste management operations,A,Annual,GEN,Waste generated,KG_HAB,Kilograms per capita,SI,Slovenia,2022,,487,,,,,
dataflow,ESTAT:ENV_WASMUN(1.0),Municipal waste by waste management operations,A,Annual,GEN,Waste generated,KG_HAB,Kilograms per capita,SI,Slovenia,2023,,517,,,,,
dataflow,ESTAT:ENV_WASMUN(1.0),Municipal waste by waste management operations,A,Annual,GEN,Waste generated,KG_HAB,Kilograms per capita,SK,Slovakia,1995,,295,,,,,
dataflow,ESTAT:ENV_WASMUN(1.0),Municipal waste by waste management operations,A,Annual,GEN,Waste generated,KG_HAB,Kilograms per capita,SK,Slovakia,1996,,275,,,,,
dataflow,ESTAT:ENV_WASMUN(1.0),Municipal waste by waste management operations,A,Annual,GEN,Waste generated,KG_HAB,Kilograms per capita,SK,Slovakia,1997,,274,,,,,
dataflow,ESTAT:ENV_WASMUN(1.0),Municipal waste by waste management operations,A,Annual,GEN,Waste generated,KG_HAB,Kilograms per capita,SK,Slovakia,1998,,259,,,,,
dataflow,ESTAT:ENV_WASMUN(1.0),Municipal waste by waste management operations,A,Annual,GEN,Waste generated,KG_HAB,Kilograms per capita,SK,Slovakia,1999,,261,,,,,
dataflow,ESTAT:ENV_WASMUN(1.0),Municipal waste by waste management operations,A,Annual,GEN,Waste generated,KG_HAB,Kilograms per capita,SK,Slovakia,2000,,254,,,,,
dataflow,ESTAT:ENV_WASMUN(1.0),Municipal waste by waste management operations,A,Annual,GEN,Waste generated,KG_HAB,Kilograms per capita,SK,Slovakia,2001,,239,,,,,
dataflow,ESTAT:ENV_WASMUN(1.0),Municipal waste by waste management operations,A,Annual,GEN,Waste generated,KG_HAB,Kilograms per capita,SK,Slovakia,2002,,270,,b,break in time series,,
dataflow,ESTAT:ENV_WASMUN(1.0),Municipal waste by waste management operations,A,Annual,GEN,Waste generated,KG_HAB,Kilograms per capita,SK,Slovakia,2003,,281,,,,,
dataflow,ESTAT:ENV_WASMUN(1.0),Municipal waste by waste management operations,A,Annual,GEN,Waste generated,KG_HAB,Kilograms per capita,SK,Slovakia,2004,,261,,,,,
dataflow,ESTAT:ENV_WASMUN(1.0),Municipal waste by waste management operations,A,Annual,GEN,Waste generated,KG_HAB,Kilograms per capita,SK,Slovakia,2005,,273,,,,,
dataflow,ESTAT:ENV_WASMUN(1.0),Municipal waste by waste management operations,A,Annual,GEN,Waste generated,KG_HAB,Kilograms per capita,SK,Slovakia,2006,,284,,,,,
dataflow,ESTAT:ENV_WASMUN(1.0),Municipal waste by waste management operations,A,Annual,GEN,Waste generated,KG_HAB,Kilograms per capita,SK,Slovakia,2007,,294,,,,,
dataflow,ESTAT:ENV_WASMUN(1.0),Municipal waste by waste management operations,A,Annual,GEN,Waste generated,KG_HAB,Kilograms per capita,SK,Slovakia,2008,,313,,,,,
dataflow,ESTAT:ENV_WASMUN(1.0),Municipal waste by waste management operations,A,Annual,GEN,Waste generated,KG_HAB,Kilograms per capita,SK,Slovakia,2009,,307,,,,,
dataflow,ESTAT:ENV_WASMUN(1.0),Municipal waste by waste management operations,A,Annual,GEN,Waste generated,KG_HAB,Kilograms per capita,SK,Slovakia,2010,,319,,,,,
dataflow,ESTAT:ENV_WASMUN(1.0),Municipal waste by waste management operations,A,Annual,GEN,Waste generated,KG_HAB,Kilograms per capita,SK,Slovakia,2011,,311,,,,,
dataflow,ESTAT:ENV_WASMUN(1.0),Municipal waste by waste management operations,A,Annual,GEN,Waste generated,KG_HAB,Kilograms per capita,SK,Slovakia,2012,,306,,,,,
dataflow,ESTAT:ENV_WASMUN(1.0),Municipal waste by waste management operations,A,Annual,GEN,Waste generated,KG_HAB,Kilograms per capita,SK,Slovakia,2013,,304,,,,,
dataflow,ESTAT:ENV_WASMUN(1.0),Municipal waste by waste management operations,A,Annual,GEN,Waste generated,KG_HAB,Kilograms per capita,SK,Slovakia,2014,,320,,,,,
dataflow,ESTAT:ENV_WASMUN(1.0),Municipal waste by waste management operations,A,Annual,GEN,Waste generated,KG_HAB,Kilograms per capita,SK,Slovakia,2015,,329,,,,,
dataflow,ESTAT:ENV_WASMUN(1.0),Municipal waste by waste management operations,A,Annual,GEN,Waste generated,KG_HAB,Kilograms per capita,SK,Slovakia,2016,,348,,,,,
dataflow,ESTAT:ENV_WASMUN(1.0),Municipal waste by waste management operations,A,Annual,GEN,Waste generated,KG_HAB,Kilograms per capita,SK,Slovakia,2017,,378,,,,,
dataflow,ESTAT:ENV_WASMUN(1.0),Municipal waste by waste management operations,A,Annual,GEN,Waste generated,KG_HAB,Kilograms per capita,SK,Slovakia,2018,,414,,,,,
dataflow,ESTAT:ENV_WASMUN(1.0),Municipal waste by waste management operations,A,Annual,GEN,Waste generated,KG_HAB,Kilograms per capita,SK,Slovakia,2019,,421,,,,,
dataflow,ESTAT:ENV_WASMUN(1.0),Municipal waste by waste management operations,A,Annual,GEN,Waste generated,KG_HAB,Kilograms per capita,SK,Slovakia,2020,,478,,,,,
dataflow,ESTAT:ENV_WASMUN(1.0),Municipal waste by waste management operations,A,Annual,GEN,Waste generated,KG_HAB,Kilograms per capita,SK,Slovakia,2021,,497,,,,,
dataflow,ESTAT:ENV_WASMUN(1.0),Municipal waste by waste management operations,A,Annual,GEN,Waste generated,KG_HAB,Kilograms per capita,SK,Slovakia,2022,,478,,,,,
dataflow,ESTAT:ENV_WASMUN(1.0),Municipal waste by waste management operations,A,Annual,GEN,Waste generated,KG_HAB,Kilograms per capita,SK,Slovakia,2023,,472,,,,,
dataflow,ESTAT:ENV_WASMUN(1.0),Municipal waste by waste management operations,A,Annual,GEN,Waste generated,KG_HAB,Kilograms per capita,TR,Türkiye,1995,,441,,,,,
dataflow,ESTAT:ENV_WASMUN(1.0),Municipal waste by waste management operations,A,Annual,GEN,Waste generated,KG_HAB,Kilograms per capita,TR,Türkiye,1996,,466,,,,,
dataflow,ESTAT:ENV_WASMUN(1.0),Municipal waste by waste management operations,A,Annual,GEN,Waste generated,KG_HAB,Kilograms per capita,TR,Türkiye,1997,,499,,,,,
dataflow,ESTAT:ENV_WASMUN(1.0),Municipal waste by waste management operations,A,Annual,GEN,Waste generated,KG_HAB,Kilograms per capita,TR,Türkiye,1998,,506,,,,,
dataflow,ESTAT:ENV_WASMUN(1.0),Municipal waste by waste management operations,A,Annual,GEN,Waste generated,KG_HAB,Kilograms per capita,TR,Türkiye,1999,,459,,e,estimated,,
dataflow,ESTAT:ENV_WASMUN(1.0),Municipal waste by waste management operations,A,Annual,GEN,Waste generated,KG_HAB,Kilograms per capita,TR,Türkiye,2000,,465,,e,estimated,,
dataflow,ESTAT:ENV_WASMUN(1.0),Municipal waste by waste management operations,A,Annual,GEN,Waste generated,KG_HAB,Kilograms per capita,TR,Türkiye,2001,,476,,,,,
dataflow,ESTAT:ENV_WASMUN(1.0),Municipal waste by waste management operations,A,Annual,GEN,Waste generated,KG_HAB,Kilograms per capita,TR,Türkiye,2002,,470,,,,,
dataflow,ESTAT:ENV_WASMUN(1.0),Municipal waste by waste management operations,A,Annual,GEN,Waste generated,KG_HAB,Kilograms per capita,TR,Türkiye,2003,,465,,,,,
dataflow,ESTAT:ENV_WASMUN(1.0),Municipal waste by waste management operations,A,Annual,GEN,Waste generated,KG_HAB,Kilograms per capita,TR,Türkiye,2004,,440,,b,break in time series,,
dataflow,ESTAT:ENV_WASMUN(1.0),Municipal waste by waste management operations,A,Annual,GEN,Waste generated,KG_HAB,Kilograms per capita,TR,Türkiye,2005,,458,,e,estimated,,
dataflow,ESTAT:ENV_WASMUN(1.0),Municipal waste by waste management operations,A,Annual,GEN,Waste generated,KG_HAB,Kilograms per capita,TR,Türkiye,2006,,434,,,,,
dataflow,ESTAT:ENV_WASMUN(1.0),Municipal waste by waste management operations,A,Annual,GEN,Waste generated,KG_HAB,Kilograms per capita,TR,Türkiye,2007,,433,,e,estimated,,
dataflow,ESTAT:ENV_WASMUN(1.0),Municipal waste by waste management operations,A,Annual,GEN,Waste generated,KG_HAB,Kilograms per capita,TR,Türkiye,2008,,400,,,,,
dataflow,ESTAT:ENV_WASMUN(1.0),Municipal waste by waste management operations,A,Annual,GEN,Waste generated,KG_HAB,Kilograms per capita,TR,Türkiye,2009,,419,,e,estimated,,
dataflow,ESTAT:ENV_WASMUN(1.0),Municipal waste by waste management operations,A,Annual,GEN,Waste generated,KG_HAB,Kilograms per capita,TR,Türkiye,2010,,407,,,,,
dataflow,ESTAT:ENV_WASMUN(1.0),Municipal waste by waste management operations,A,Annual,GEN,Waste generated,KG_HAB,Kilograms per capita,TR,Türkiye,2011,,416,,e,estimated,,
dataflow,ESTAT:ENV_WASMUN(1.0),Municipal waste by waste management operations,A,Annual,GEN,Waste generated,KG_HAB,Kilograms per capita,TR,Türkiye,2012,,410,,,,,
dataflow,ESTAT:ENV_WASMUN(1.0),Municipal waste by waste management operations,A,Annual,GEN,Waste generated,KG_HAB,Kilograms per capita,TR,Türkiye,2013,,406,,e,estimated,,
dataflow,ESTAT:ENV_WASMUN(1.0),Municipal waste by waste management operations,A,Annual,GEN,Waste generated,KG_HAB,Kilograms per capita,TR,Türkiye,2014,,405,,e,estimated,,
dataflow,ESTAT:ENV_WASMUN(1.0),Municipal waste by waste management operations,A,Annual,GEN,Waste generated,KG_HAB,Kilograms per capita,TR,Türkiye,2015,,400,,e,estimated,,
dataflow,ESTAT:ENV_WASMUN(1.0),Municipal waste by waste management operations,A,Annual,GEN,Waste generated,KG_HAB,Kilograms per capita,TR,Türkiye,2016,,426,,be,"break in time series, estimated",,
dataflow,ESTAT:ENV_WASMUN(1.0),Municipal waste by waste management operations,A,Annual,GEN,Waste generated,KG_HAB,Kilograms per capita,TR,Türkiye,2017,,425,,e,estimated,,
dataflow,ESTAT:ENV_WASMUN(1.0),Municipal waste by waste management operations,A,Annual,GEN,Waste generated,KG_HAB,Kilograms per capita,TR,Türkiye,2018,,424,,e,estimated,,
dataflow,ESTAT:ENV_WASMUN(1.0),Municipal waste by waste management operations,A,Annual,GEN,Waste generated,KG_HAB,Kilograms per capita,TR,Türkiye,2019,,424,,e,estimated,,
dataflow,ESTAT:ENV_WASMUN(1.0),Municipal waste by waste management operations,A,Annual,GEN,Waste generated,KG_HAB,Kilograms per capita,TR,Türkiye,2020,,415,,,,,
dataflow,ESTAT:ENV_WASMUN(1.0),Municipal waste by waste management operations,A,Annual,GEN,Waste generated,KG_HAB,Kilograms per capita,TR,Türkiye,2021,,416,,e,estimated,,
dataflow,ESTAT:ENV_WASMUN(1.0),Municipal waste by waste management operations,A,Annual,GEN,Waste generated,KG_HAB,Kilograms per capita,TR,Türkiye,2022,,382,,,,,
dataflow,ESTAT:ENV_WASMUN(1.0),Municipal waste by waste management operations,A,Annual,GEN,Waste generated,KG_HAB,Kilograms per capita,TR,Türkiye,2023,,380,,e,estimated,,
dataflow,ESTAT:ENV_WASMUN(1.0),Municipal waste by waste management operations,A,Annual,GEN,Waste generated,KG_HAB,Kilograms per capita,XK,Kosovo*,2015,,178,,,,,
dataflow,ESTAT:ENV_WASMUN(1.0),Municipal waste by waste management operations,A,Annual,GEN,Waste generated,KG_HAB,Kilograms per capita,XK,Kosovo*,2017,,229,,,,,
dataflow,ESTAT:ENV_WASMUN(1.0),Municipal waste by waste management operations,A,Annual,GEN,Waste generated,KG_HAB,Kilograms per capita,XK,Kosovo*,2018,,226,,,,,
dataflow,ESTAT:ENV_WASMUN(1.0),Municipal waste by waste management operations,A,Annual,GEN,Waste generated,KG_HAB,Kilograms per capita,XK,Kosovo*,2019,,252,,,,,
dataflow,ESTAT:ENV_WASMUN(1.0),Municipal waste by waste management operations,A,Annual,GEN,Waste generated,KG_HAB,Kilograms per capita,XK,Kosovo*,2020,,255,,,,,
dataflow,ESTAT:ENV_WASMUN(1.0),Municipal waste by waste management operations,A,Annual,GEN,Waste generated,KG_HAB,Kilograms per capita,XK,Kosovo*,2021,,271,,,,,
dataflow,ESTAT:ENV_WASMUN(1.0),Municipal waste by waste management operations,A,Annual,GEN,Waste generated,KG_HAB,Kilograms per capita,XK,Kosovo*,2022,,283,,,,,
dataflow,ESTAT:ENV_WASMUN(1.0),Municipal waste by waste management operations,A,Annual,GEN,Waste generated,THS_T,Thousand tonnes,AL,Albania,2013,,940,,i,value imputed by Eurostat or other receiving agencies,,
dataflow,ESTAT:ENV_WASMUN(1.0),Municipal waste by waste management operations,A,Annual,GEN,Waste generated,THS_T,Thousand tonnes,AL,Albania,2014,,1229,,i,value imputed by Eurostat or other receiving agencies,,
dataflow,ESTAT:ENV_WASMUN(1.0),Municipal waste by waste management operations,A,Annual,GEN,Waste generated,THS_T,Thousand tonnes,AL,Albania,2015,,1413,,i,value imputed by Eurostat or other receiving agencies,,
dataflow,ESTAT:ENV_WASMUN(1.0),Municipal waste by waste management operations,A,Annual,GEN,Waste generated,THS_T,Thousand tonnes,AL,Albania,2016,,1300,,e,estimated,,
dataflow,ESTAT:ENV_WASMUN(1.0),Municipal waste by waste management operations,A,Annual,GEN,Waste generated,THS_T,Thousand tonnes,AL,Albania,2017,,1254,,e,estimated,,
dataflow,ESTAT:ENV_WASMUN(1.0),Municipal waste by waste management operations,A,Annual,GEN,Waste generated,THS_T,Thousand tonnes,AL,Albania,2018,,1325,,,,,
dataflow,ESTAT:ENV_WASMUN(1.0),Municipal waste by waste management operations,A,Annual,GEN,Waste generated,THS_T,Thousand tonnes,AL,Albania,2019,,1087,,,,,
dataflow,ESTAT:ENV_WASMUN(1.0),Municipal waste by waste management operations,A,Annual,GEN,Waste generated,THS_T,Thousand tonnes,AL,Albania,2020,,1048,,,,,
dataflow,ESTAT:ENV_WASMUN(1.0),Municipal waste by waste management operations,A,Annual,GEN,Waste generated,THS_T,Thousand tonnes,AL,Albania,2021,,875,,,,,
dataflow,ESTAT:ENV_WASMUN(1.0),Municipal waste by waste management operations,A,Annual,GEN,Waste generated,THS_T,Thousand tonnes,AL,Albania,2022,,820,,,,,
dataflow,ESTAT:ENV_WASMUN(1.0),Municipal waste by waste management operations,A,Annual,GEN,Waste generated,THS_T,Thousand tonnes,AL,Albania,2023,,844,,,,,
dataflow,ESTAT:ENV_WASMUN(1.0),Municipal waste by waste management operations,A,Annual,GEN,Waste generated,THS_T,Thousand tonnes,AT,Austria,1995,,3476,,,,,
dataflow,ESTAT:ENV_WASMUN(1.0),Municipal waste by waste management operations,A,Annual,GEN,Waste generated,THS_T,Thousand tonnes,AT,Austria,1996,,4110,,b,break in time series,,
dataflow,ESTAT:ENV_WASMUN(1.0),Municipal waste by waste management operations,A,Annual,GEN,Waste generated,THS_T,Thousand tonnes,AT,Austria,1997,,4241,,,,,
dataflow,ESTAT:ENV_WASMUN(1.0),Municipal waste by waste management operations,A,Annual,GEN,Waste generated,THS_T,Thousand tonnes,AT,Austria,1998,,4240,,,,,
dataflow,ESTAT:ENV_WASMUN(1.0),Municipal waste by waste management operations,A,Annual,GEN,Waste generated,THS_T,Thousand tonnes,AT,Austria,1999,,4496,,,,,
dataflow,ESTAT:ENV_WASMUN(1.0),Municipal waste by waste management operations,A,Annual,GEN,Waste generated,THS_T,Thousand tonnes,AT,Austria,2000,,4646,,,,,
dataflow,ESTAT:ENV_WASMUN(1.0),Municipal waste by waste management operations,A,Annual,GEN,Waste generated,THS_T,Thousand tonnes,AT,Austria,2001,,4634,,,,,
dataflow,ESTAT:ENV_WASMUN(1.0),Municipal waste by waste management operations,A,Annual,GEN,Waste generated,THS_T,Thousand tonnes,AT,Austria,2002,,4914,,,,,
dataflow,ESTAT:ENV_WASMUN(1.0),Municipal waste by waste management operations,A,Annual,GEN,Waste generated,THS_T,Thousand tonnes,AT,Austria,2003,,4932,,,,,
dataflow,ESTAT:ENV_WASMUN(1.0),Municipal waste by waste management operations,A,Annual,GEN,Waste generated,THS_T,Thousand tonnes,AT,Austria,2004,,4687,,,,,
dataflow,ESTAT:ENV_WASMUN(1.0),Municipal waste by waste management operations,A,Annual,GEN,Waste generated,THS_T,Thousand tonnes,AT,Austria,2005,,4732,,,,,
dataflow,ESTAT:ENV_WASMUN(1.0),Municipal waste by waste management operations,A,Annual,GEN,Waste generated,THS_T,Thousand tonnes,AT,Austria,2006,,4933,,,,,
dataflow,ESTAT:ENV_WASMUN(1.0),Municipal waste by waste management operations,A,Annual,GEN,Waste generated,THS_T,Thousand tonnes,AT,Austria,2007,,4951,,,,,
dataflow,ESTAT:ENV_WASMUN(1.0),Municipal waste by waste management operations,A,Annual,GEN,Waste generated,THS_T,Thousand tonnes,AT,Austria,2008,,4997,,,,,
dataflow,ESTAT:ENV_WASMUN(1.0),Municipal waste by waste management operations,A,Annual,GEN,Waste generated,THS_T,Thousand tonnes,AT,Austria,2009,,4921,,,,,
dataflow,ESTAT:ENV_WASMUN(1.0),Municipal waste by waste management operations,A,Annual,GEN,Waste generated,THS_T,Thousand tonnes,AT,Austria,2010,,4701,,,,,
dataflow,ESTAT:ENV_WASMUN(1.0),Municipal waste by waste management operations,A,Annual,GEN,Waste generated,THS_T,Thousand tonnes,AT,Austria,2011,,4807,,,,,
dataflow,ESTAT:ENV_WASMUN(1.0),Municipal waste by waste management operations,A,Annual,GEN,Waste generated,THS_T,Thousand tonnes,AT,Austria,2012,,4883,,,,,
dataflow,ESTAT:ENV_WASMUN(1.0),Municipal waste by waste management operations,A,Annual,GEN,Waste generated,THS_T,Thousand tonnes,AT,Austria,2013,,4905,,,,,
dataflow,ESTAT:ENV_WASMUN(1.0),Municipal waste by waste management operations,A,Annual,GEN,Waste generated,THS_T,Thousand tonnes,AT,Austria,2014,,4833,,,,,
dataflow,ESTAT:ENV_WASMUN(1.0),Municipal waste by waste management operations,A,Annual,GEN,Waste generated,THS_T,Thousand tonnes,AT,Austria,2015,,4836,,,,,
dataflow,ESTAT:ENV_WASMUN(1.0),Municipal waste by waste management operations,A,Annual,GEN,Waste generated,THS_T,Thousand tonnes,AT,Austria,2016,,4928,,,,,
dataflow,ESTAT:ENV_WASMUN(1.0),Municipal waste by waste management operations,A,Annual,GEN,Waste generated,THS_T,Thousand tonnes,AT,Austria,2017,,5018,,,,,
dataflow,ESTAT:ENV_WASMUN(1.0),Municipal waste by waste management operations,A,Annual,GEN,Waste generated,THS_T,Thousand tonnes,AT,Austria,2018,,5119,,,,,
dataflow,ESTAT:ENV_WASMUN(1.0),Municipal waste by waste management operations,A,Annual,GEN,Waste generated,THS_T,Thousand tonnes,AT,Austria,2019,,5220,,,,,
dataflow,ESTAT:ENV_WASMUN(1.0),Municipal waste by waste management operations,A,Annual,GEN,Waste generated,THS_T,Thousand tonnes,AT,Austria,2020,,7438,,b,break in time series,,
dataflow,ESTAT:ENV_WASMUN(1.0),Municipal waste by waste management operations,A,Annual,GEN,Waste generated,THS_T,Thousand tonnes,AT,Austria,2021,,7476,,,,,
dataflow,ESTAT:ENV_WASMUN(1.0),Municipal waste by waste management operations,A,Annual,GEN,Waste generated,THS_T,Thousand tonnes,AT,Austria,2022,,7261,,,,,
dataflow,ESTAT:ENV_WASMUN(1.0),Municipal waste by waste management operations,A,Annual,GEN,Waste generated,THS_T,Thousand tonnes,BA,Bosnia and Herzegovina,2008,,1367,,,,,
dataflow,ESTAT:ENV_WASMUN(1.0),Municipal waste by waste management operations,A,Annual,GEN,Waste generated,THS_T,Thousand tonnes,BA,Bosnia and Herzegovina,2009,,1362,,,,,
dataflow,ESTAT:ENV_WASMUN(1.0),Municipal waste by waste management operations,A,Annual,GEN,Waste generated,THS_T,Thousand tonnes,BA,Bosnia and Herzegovina,2010,,1276,,,,,
dataflow,ESTAT:ENV_WASMUN(1.0),Municipal waste by waste management operations,A,Annual,GEN,Waste generated,THS_T,Thousand tonnes,BA,Bosnia and Herzegovina,2011,,1307,,,,,
dataflow,ESTAT:ENV_WASMUN(1.0),Municipal waste by waste management operations,A,Annual,GEN,Waste generated,THS_T,Thousand tonnes,BA,Bosnia and Herzegovina,2012,,1303,,,,,
dataflow,ESTAT:ENV_WASMUN(1.0),Municipal waste by waste management operations,A,Annual,GEN,Waste generated,THS_T,Thousand tonnes,BA,Bosnia and Herzegovina,2013,,1192,,,,,
dataflow,ESTAT:ENV_WASMUN(1.0),Municipal waste by waste management operations,A,Annual,GEN,Waste generated,THS_T,Thousand tonnes,BA,Bosnia and Herzegovina,2014,,1335,,,,,
dataflow,ESTAT:ENV_WASMUN(1.0),Municipal waste by waste management operations,A,Annual,GEN,Waste generated,THS_T,Thousand tonnes,BA,Bosnia and Herzegovina,2015,,1249,,,,,
dataflow,ESTAT:ENV_WASMUN(1.0),Municipal waste by waste management operations,A,Annual,GEN,Waste generated,THS_T,Thousand tonnes,BA,Bosnia and Herzegovina,2016,,1244,,,,,
dataflow,ESTAT:ENV_WASMUN(1.0),Municipal waste by waste management operations,A,Annual,GEN,Waste generated,THS_T,Thousand tonnes,BA,Bosnia and Herzegovina,2017,,1235,,,,,
dataflow,ESTAT:ENV_WASMUN(1.0),Municipal waste by waste management operations,A,Annual,GEN,Waste generated,THS_T,Thousand tonnes,BA,Bosnia and Herzegovina,2018,,1244,,,,,
dataflow,ESTAT:ENV_WASMUN(1.0),Municipal waste by waste management operations,A,Annual,GEN,Waste generated,THS_T,Thousand tonnes,BA,Bosnia and Herzegovina,2019,,1228,,,,,
dataflow,ESTAT:ENV_WASMUN(1.0),Municipal waste by waste management operations,A,Annual,GEN,Waste generated,THS_T,Thousand tonnes,BA,Bosnia and Herzegovina,2020,,1206,,e,estimated,,
dataflow,ESTAT:ENV_WASMUN(1.0),Municipal waste by waste management operations,A,Annual,GEN,Waste generated,THS_T,Thousand tonnes,BA,Bosnia and Herzegovina,2021,,1229,,e,estimated,,
dataflow,ESTAT:ENV_WASMUN(1.0),Municipal waste by waste management operations,A,Annual,GEN,Waste generated,THS_T,Thousand tonnes,BA,Bosnia and Herzegovina,2022,,1184,,e,estimated,,
dataflow,ESTAT:ENV_WASMUN(1.0),Municipal waste by waste management operations,A,Annual,GEN,Waste generated,THS_T,Thousand tonnes,BE,Belgium,1995,,4613,,,,,
dataflow,ESTAT:ENV_WASMUN(1.0),Municipal waste by waste management operations,A,Annual,GEN,Waste generated,THS_T,Thousand tonnes,BE,Belgium,1996,,4567,,,,,
dataflow,ESTAT:ENV_WASMUN(1.0),Municipal waste by waste management operations,A,Annual,GEN,Waste generated,THS_T,Thousand tonnes,BE,Belgium,1997,,4650,,,,,
dataflow,ESTAT:ENV_WASMUN(1.0),Municipal waste by waste management operations,A,Annual,GEN,Waste generated,THS_T,Thousand tonnes,BE,Belgium,1998,,4603,,,,,
dataflow,ESTAT:ENV_WASMUN(1.0),Municipal waste by waste management operations,A,Annual,GEN,Waste generated,THS_T,Thousand tonnes,BE,Belgium,1999,,4702,,,,,
dataflow,ESTAT:ENV_WASMUN(1.0),Municipal waste by waste management operations,A,Annual,GEN,Waste generated,THS_T,Thousand tonnes,BE,Belgium,2000,,4831,,,,,
dataflow,ESTAT:ENV_WASMUN(1.0),Municipal waste by waste management operations,A,Annual,GEN,Waste generated,THS_T,Thousand tonnes,BE,Belgium,2001,,4802,,,,,
dataflow,ESTAT:ENV_WASMUN(1.0),Municipal waste by waste management operations,A,Annual,GEN,Waste generated,THS_T,Thousand tonnes,BE,Belgium,2002,,4981,,,,,
dataflow,ESTAT:ENV_WASMUN(1.0),Municipal waste by waste management operations,A,Annual,GEN,Waste generated,THS_T,Thousand tonnes,BE,Belgium,2003,,4824,,,,,
dataflow,ESTAT:ENV_WASMUN(1.0),Municipal waste by waste management operations,A,Annual,GEN,Waste generated,THS_T,Thousand tonnes,BE,Belgium,2004,,5059,,,,,
dataflow,ESTAT:ENV_WASMUN(1.0),Municipal waste by waste management operations,A,Annual,GEN,Waste generated,THS_T,Thousand tonnes,BE,Belgium,2005,,5052,,,,,
dataflow,ESTAT:ENV_WASMUN(1.0),Municipal waste by waste management operations,A,Annual,GEN,Waste generated,THS_T,Thousand tonnes,BE,Belgium,2006,,5115,,,,,
dataflow,ESTAT:ENV_WASMUN(1.0),Municipal waste by waste management operations,A,Annual,GEN,Waste generated,THS_T,Thousand tonnes,BE,Belgium,2007,,5243,,,,,
dataflow,ESTAT:ENV_WASMUN(1.0),Municipal waste by waste management operations,A,Annual,GEN,Waste generated,THS_T,Thousand tonnes,BE,Belgium,2008,,5141,,,,,
dataflow,ESTAT:ENV_WASMUN(1.0),Municipal waste by waste management operations,A,Annual,GEN,Waste generated,THS_T,Thousand tonnes,BE,Belgium,2009,,5042,,,,,
dataflow,ESTAT:ENV_WASMUN(1.0),Municipal waste by waste management operations,A,Annual,GEN,Waste generated,THS_T,Thousand tonnes,BE,Belgium,2010,,4972,,,,,
dataflow,ESTAT:ENV_WASMUN(1.0),Municipal waste by waste management operations,A,Annual,GEN,Waste generated,THS_T,Thousand tonnes,BE,Belgium,2011,,5023,,,,,
dataflow,ESTAT:ENV_WASMUN(1.0),Municipal waste by waste management operations,A,Annual,GEN,Waste generated,THS_T,Thousand tonnes,BE,Belgium,2012,,4944,,,,,
dataflow,ESTAT:ENV_WASMUN(1.0),Municipal waste by waste management operations,A,Annual,GEN,Waste generated,THS_T,Thousand tonnes,BE,Belgium,2013,,4867,,,,,
dataflow,ESTAT:ENV_WASMUN(1.0),Municipal waste by waste management operations,A,Annual,GEN,Waste generated,THS_T,Thousand tonnes,BE,Belgium,2014,,4762,,,,,
dataflow,ESTAT:ENV_WASMUN(1.0),Municipal waste by waste management operations,A,Annual,GEN,Waste generated,THS_T,Thousand tonnes,BE,Belgium,2015,,4643,,,,,
dataflow,ESTAT:ENV_WASMUN(1.0),Municipal waste by waste management operations,A,Annual,GEN,Waste generated,THS_T,Thousand tonnes,BE,Belgium,2016,,4746,,,,,
dataflow,ESTAT:ENV_WASMUN(1.0),Municipal waste by waste management operations,A,Annual,GEN,Waste generated,THS_T,Thousand tonnes,BE,Belgium,2017,,4672,,,,,
dataflow,ESTAT:ENV_WASMUN(1.0),Municipal waste by waste management operations,A,Annual,GEN,Waste generated,THS_T,Thousand tonnes,BE,Belgium,2018,,4677,,,,,
dataflow,ESTAT:ENV_WASMUN(1.0),Municipal waste by waste management operations,A,Annual,GEN,Waste generated,THS_T,Thousand tonnes,BE,Belgium,2019,,4779,,,,,
dataflow,ESTAT:ENV_WASMUN(1.0),Municipal waste by waste management operations,A,Annual,GEN,Waste generated,THS_T,Thousand tonnes,BE,Belgium,2020,,8408,,,,,
dataflow,ESTAT:ENV_WASMUN(1.0),Municipal waste by waste management operations,A,Annual,GEN,Waste generated,THS_T,Thousand tonnes,BE,Belgium,2021,,8753,,,,,
dataflow,ESTAT:ENV_WASMUN(1.0),Municipal waste by waste management operations,A,Annual,GEN,Waste generated,THS_T,Thousand tonnes,BE,Belgium,2022,,8055,,,,,
dataflow,ESTAT:ENV_WASMUN(1.0),Municipal waste by waste management operations,A,Annual,GEN,Waste generated,THS_T,Thousand tonnes,BE,Belgium,2023,,8117,,,,,
dataflow,ESTAT:ENV_WASMUN(1.0),Municipal waste by waste management operations,A,Annual,GEN,Waste generated,THS_T,Thousand tonnes,BG,Bulgaria,1995,,5838,,,,,
dataflow,ESTAT:ENV_WASMUN(1.0),Municipal waste by waste management operations,A,Annual,GEN,Waste generated,THS_T,Thousand tonnes,BG,Bulgaria,1996,,5165,,,,,
dataflow,ESTAT:ENV_WASMUN(1.0),Municipal waste by waste management operations,A,Annual,GEN,Waste generated,THS_T,Thousand tonnes,BG,Bulgaria,1997,,4809,,,,,
dataflow,ESTAT:ENV_WASMUN(1.0),Municipal waste by waste management operations,A,Annual,GEN,Waste generated,THS_T,Thousand tonnes,BG,Bulgaria,1998,,4880,,,,,
dataflow,ESTAT:ENV_WASMUN(1.0),Municipal waste by waste management operations,A,Annual,GEN,Waste generated,THS_T,Thousand tonnes,BG,Bulgaria,1999,,4910,,,,,
dataflow,ESTAT:ENV_WASMUN(1.0),Municipal waste by waste management operations,A,Annual,GEN,Waste generated,THS_T,Thousand tonnes,BG,Bulgaria,2000,,4998,,,,,
dataflow,ESTAT:ENV_WASMUN(1.0),Municipal waste by waste management operations,A,Annual,GEN,Waste generated,THS_T,Thousand tonnes,BG,Bulgaria,2001,,4773,,,,,
dataflow,ESTAT:ENV_WASMUN(1.0),Municipal waste by waste management operations,A,Annual,GEN,Waste generated,THS_T,Thousand tonnes,BG,Bulgaria,2002,,4715,,,,,
dataflow,ESTAT:ENV_WASMUN(1.0),Municipal waste by waste management operations,A,Annual,GEN,Waste generated,THS_T,Thousand tonnes,BG,Bulgaria,2003,,4690,,,,,
dataflow,ESTAT:ENV_WASMUN(1.0),Municipal waste by waste management operations,A,Annual,GEN,Waste generated,THS_T,Thousand tonnes,BG,Bulgaria,2004,,4619,,b,break in time series,,
dataflow,ESTAT:ENV_WASMUN(1.0),Municipal waste by waste management operations,A,Annual,GEN,Waste generated,THS_T,Thousand tonnes,BG,Bulgaria,2005,,4502,,,,,
dataflow,ESTAT:ENV_WASMUN(1.0),Municipal waste by waste management operations,A,Annual,GEN,Waste generated,THS_T,Thousand tonnes,BG,Bulgaria,2006,,4387,,,,,
dataflow,ESTAT:ENV_WASMUN(1.0),Municipal waste by waste management operations,A,Annual,GEN,Waste generated,THS_T,Thousand tonnes,BG,Bulgaria,2007,,4172,,,,,
dataflow,ESTAT:ENV_WASMUN(1.0),Municipal waste by waste management operations,A,Annual,GEN,Waste generated,THS_T,Thousand tonnes,BG,Bulgaria,2008,,4486,,,,,
dataflow,ESTAT:ENV_WASMUN(1.0),Municipal waste by waste management operations,A,Annual,GEN,Waste generated,THS_T,Thousand tonnes,BG,Bulgaria,2009,,4449,,,,,
dataflow,ESTAT:ENV_WASMUN(1.0),Municipal waste by waste management operations,A,Annual,GEN,Waste generated,THS_T,Thousand tonnes,BG,Bulgaria,2010,,4094,,,,,
dataflow,ESTAT:ENV_WASMUN(1.0),Municipal waste by waste management operations,A,Annual,GEN,Waste generated,THS_T,Thousand tonnes,BG,Bulgaria,2011,,3732,,,,,
dataflow,ESTAT:ENV_WASMUN(1.0),Municipal waste by waste management operations,A,Annual,GEN,Waste generated,THS_T,Thousand tonnes,BG,Bulgaria,2012,,3364,,,,,
dataflow,ESTAT:ENV_WASMUN(1.0),Municipal waste by waste management operations,A,Annual,GEN,Waste generated,THS_T,Thousand tonnes,BG,Bulgaria,2013,,3135,,,,,
dataflow,ESTAT:ENV_WASMUN(1.0),Municipal waste by waste management operations,A,Annual,GEN,Waste generated,THS_T,Thousand tonnes,BG,Bulgaria,2014,,3192,,,,,
dataflow,ESTAT:ENV_WASMUN(1.0),Municipal waste by waste management operations,A,Annual,GEN,Waste generated,THS_T,Thousand tonnes,BG,Bulgaria,2015,,3011,,,,,
dataflow,ESTAT:ENV_WASMUN(1.0),Municipal waste by waste management operations,A,Annual,GEN,Waste generated,THS_T,Thousand tonnes,BG,Bulgaria,2016,,2881,,,,,
dataflow,ESTAT:ENV_WASMUN(1.0),Municipal waste by waste management operations,A,Annual,GEN,Waste generated,THS_T,Thousand tonnes,BG,Bulgaria,2017,,3080,,,,,
dataflow,ESTAT:ENV_WASMUN(1.0),Municipal waste by waste management operations,A,Annual,GEN,Waste generated,THS_T,Thousand tonnes,BG,Bulgaria,2018,,2862,,,,,
dataflow,ESTAT:ENV_WASMUN(1.0),Municipal waste by waste management operations,A,Annual,GEN,Waste generated,THS_T,Thousand tonnes,BG,Bulgaria,2019,,3080,,i,value imputed by Eurostat or other receiving agencies,,
dataflow,ESTAT:ENV_WASMUN(1.0),Municipal waste by waste management operations,A,Annual,GEN,Waste generated,THS_T,Thousand tonnes,BG,Bulgaria,2020,,2829,,,,,
dataflow,ESTAT:ENV_WASMUN(1.0),Municipal waste by waste management operations,A,Annual,GEN,Waste generated,THS_T,Thousand tonnes,BG,Bulgaria,2021,,3058,,,,,
dataflow,ESTAT:ENV_WASMUN(1.0),Municipal waste by waste management operations,A,Annual,GEN,Waste generated,THS_T,Thousand tonnes,BG,Bulgaria,2022,,3157,,,,,
dataflow,ESTAT:ENV_WASMUN(1.0),Municipal waste by waste management operations,A,Annual,GEN,Waste generated,THS_T,Thousand tonnes,CH,Switzerland,1995,,4240,,,,,
dataflow,ESTAT:ENV_WASMUN(1.0),Municipal waste by waste management operations,A,Annual,GEN,Waste generated,THS_T,Thousand tonnes,CH,Switzerland,1996,,4280,,,,,
dataflow,ESTAT:ENV_WASMUN(1.0),Municipal waste by waste management operations,A,Annual,GEN,Waste generated,THS_T,Thousand tonnes,CH,Switzerland,1997,,4294,,,,,
dataflow,ESTAT:ENV_WASMUN(1.0),Municipal waste by waste management operations,A,Annual,GEN,Waste generated,THS_T,Thousand tonnes,CH,Switzerland,1998,,4369,,,,,
dataflow,ESTAT:ENV_WASMUN(1.0),Municipal waste by waste management operations,A,Annual,GEN,Waste generated,THS_T,Thousand tonnes,CH,Switzerland,1999,,4555,,,,,
dataflow,ESTAT:ENV_WASMUN(1.0),Municipal waste by waste management operations,A,Annual,GEN,Waste generated,THS_T,Thousand tonnes,CH,Switzerland,2000,,4731,,,,,
dataflow,ESTAT:ENV_WASMUN(1.0),Municipal waste by waste management operations,A,Annual,GEN,Waste generated,THS_T,Thousand tonnes,CH,Switzerland,2001,,4794,,,,,
dataflow,ESTAT:ENV_WASMUN(1.0),Municipal waste by waste management operations,A,Annual,GEN,Waste generated,THS_T,Thousand tonnes,CH,Switzerland,2002,,4936,,,,,
dataflow,ESTAT:ENV_WASMUN(1.0),Municipal waste by waste management operations,A,Annual,GEN,Waste generated,THS_T,Thousand tonnes,CH,Switzerland,2003,,4916,,,,,
dataflow,ESTAT:ENV_WASMUN(1.0),Municipal waste by waste management operations,A,Annual,GEN,Waste generated,THS_T,Thousand tonnes,CH,Switzerland,2004,,4900,,,,,
dataflow,ESTAT:ENV_WASMUN(1.0),Municipal waste by waste management operations,A,Annual,GEN,Waste generated,THS_T,Thousand tonnes,CH,Switzerland,2005,,4940,,,,,
dataflow,ESTAT:ENV_WASMUN(1.0),Municipal waste by waste management operations,A,Annual,GEN,Waste generated,THS_T,Thousand tonnes,CH,Switzerland,2006,,5330,,,,,
dataflow,ESTAT:ENV_WASMUN(1.0),Municipal waste by waste management operations,A,Annual,GEN,Waste generated,THS_T,Thousand tonnes,CH,Switzerland,2007,,5465,,,,,
dataflow,ESTAT:ENV_WASMUN(1.0),Municipal waste by waste management operations,A,Annual,GEN,Waste generated,THS_T,Thousand tonnes,CH,Switzerland,2008,,5653,,,,,
dataflow,ESTAT:ENV_WASMUN(1.0),Municipal waste by waste management operations,A,Annual,GEN,Waste generated,THS_T,Thousand tonnes,CH,Switzerland,2009,,5461,,,,,
dataflow,ESTAT:ENV_WASMUN(1.0),Municipal waste by waste management operations,A,Annual,GEN,Waste generated,THS_T,Thousand tonnes,CH,Switzerland,2010,,5565,,,,,
dataflow,ESTAT:ENV_WASMUN(1.0),Municipal waste by waste management operations,A,Annual,GEN,Waste generated,THS_T,Thousand tonnes,CH,Switzerland,2011,,5478,,,,,
dataflow,ESTAT:ENV_WASMUN(1.0),Municipal waste by waste management operations,A,Annual,GEN,Waste generated,THS_T,Thousand tonnes,CH,Switzerland,2012,,5576,,,,,
dataflow,ESTAT:ENV_WASMUN(1.0),Municipal waste by waste management operations,A,Annual,GEN,Waste generated,THS_T,Thousand tonnes,CH,Switzerland,2013,,5708,,,,,
dataflow,ESTAT:ENV_WASMUN(1.0),Municipal waste by waste management operations,A,Annual,GEN,Waste generated,THS_T,Thousand tonnes,CH,Switzerland,2014,,6006,,,,,
dataflow,ESTAT:ENV_WASMUN(1.0),Municipal waste by waste management operations,A,Annual,GEN,Waste generated,THS_T,Thousand tonnes,CH,Switzerland,2015,,6030,,,,,
dataflow,ESTAT:ENV_WASMUN(1.0),Municipal waste by waste management operations,A,Annual,GEN,Waste generated,THS_T,Thousand tonnes,CH,Switzerland,2016,,6050,,,,,
dataflow,ESTAT:ENV_WASMUN(1.0),Municipal waste by waste management operations,A,Annual,GEN,Waste generated,THS_T,Thousand tonnes,CH,Switzerland,2017,,5992,,,,,
dataflow,ESTAT:ENV_WASMUN(1.0),Municipal waste by waste management operations,A,Annual,GEN,Waste generated,THS_T,Thousand tonnes,CH,Switzerland,2018,,6012,,,,,
dataflow,ESTAT:ENV_WASMUN(1.0),Municipal waste by waste management operations,A,Annual,GEN,Waste generated,THS_T,Thousand tonnes,CH,Switzerland,2019,,6079,,,,,
dataflow,ESTAT:ENV_WASMUN(1.0),Municipal waste by waste management operations,A,Annual,GEN,Waste generated,THS_T,Thousand tonnes,CH,Switzerland,2020,,6096,,,,,
dataflow,ESTAT:ENV_WASMUN(1.0),Municipal waste by waste management operations,A,Annual,GEN,Waste generated,THS_T,Thousand tonnes,CH,Switzerland,2021,,6130,,,,,
dataflow,ESTAT:ENV_WASMUN(1.0),Municipal waste by waste management operations,A,Annual,GEN,Waste generated,THS_T,Thousand tonnes,CH,Switzerland,2022,,5943,,,,,
dataflow,ESTAT:ENV_WASMUN(1.0),Municipal waste by waste management operations,A,Annual,GEN,Waste generated,THS_T,Thousand tonnes,CY,Cyprus,1995,,387,,,,,
dataflow,ESTAT:ENV_WASMUN(1.0),Municipal waste by waste management operations,A,Annual,GEN,Waste generated,THS_T,Thousand tonnes,CY,Cyprus,1996,,400,,,,,
dataflow,ESTAT:ENV_WASMUN(1.0),Municipal waste by waste management operations,A,Annual,GEN,Waste generated,THS_T,Thousand tonnes,CY,Cyprus,1997,,411,,,,,
dataflow,ESTAT:ENV_WASMUN(1.0),Municipal waste by waste management operations,A,Annual,GEN,Waste generated,THS_T,Thousand tonnes,CY,Cyprus,1998,,418,,,,,
dataflow,ESTAT:ENV_WASMUN(1.0),Municipal waste by waste management operations,A,Annual,GEN,Waste generated,THS_T,Thousand tonnes,CY,Cyprus,1999,,426,,,,,
dataflow,ESTAT:ENV_WASMUN(1.0),Municipal waste by waste management operations,A,Annual,GEN,Waste generated,THS_T,Thousand tonnes,CY,Cyprus,2000,,436,,,,,
dataflow,ESTAT:ENV_WASMUN(1.0),Municipal waste by waste management operations,A,Annual,GEN,Waste generated,THS_T,Thousand tonnes,CY,Cyprus,2001,,456,,,,,
dataflow,ESTAT:ENV_WASMUN(1.0),Municipal waste by waste management operations,A,Annual,GEN,Waste generated,THS_T,Thousand tonnes,CY,Cyprus,2002,,465,,,,,
dataflow,ESTAT:ENV_WASMUN(1.0),Municipal waste by waste management operations,A,Annual,GEN,Waste generated,THS_T,Thousand tonnes,CY,Cyprus,2003,,481,,,,,
dataflow,ESTAT:ENV_WASMUN(1.0),Municipal waste by waste management operations,A,Annual,GEN,Waste generated,THS_T,Thousand tonnes,CY,Cyprus,2004,,498,,,,,
dataflow,ESTAT:ENV_WASMUN(1.0),Municipal waste by waste management operations,A,Annual,GEN,Waste generated,THS_T,Thousand tonnes,CY,Cyprus,2005,,508,,,,,
dataflow,ESTAT:ENV_WASMUN(1.0),Municipal waste by waste management operations,A,Annual,GEN,Waste generated,THS_T,Thousand tonnes,CY,Cyprus,2006,,522,,,,,
dataflow,ESTAT:ENV_WASMUN(1.0),Municipal waste by waste management operations,A,Annual,GEN,Waste generated,THS_T,Thousand tonnes,CY,Cyprus,2007,,540,,,,,
dataflow,ESTAT:ENV_WASMUN(1.0),Municipal waste by waste management operations,A,Annual,GEN,Waste generated,THS_T,Thousand tonnes,CY,Cyprus,2008,,573,,,,,
dataflow,ESTAT:ENV_WASMUN(1.0),Municipal waste by waste management operations,A,Annual,GEN,Waste generated,THS_T,Thousand tonnes,CY,Cyprus,2009,,589,,,,,
dataflow,ESTAT:ENV_WASMUN(1.0),Municipal waste by waste management operations,A,Annual,GEN,Waste generated,THS_T,Thousand tonnes,CY,Cyprus,2010,,590,,,,,
dataflow,ESTAT:ENV_WASMUN(1.0),Municipal waste by waste management operations,A,Annual,GEN,Waste generated,THS_T,Thousand tonnes,CY,Cyprus,2011,,589,,,,,
dataflow,ESTAT:ENV_WASMUN(1.0),Municipal waste by waste management operations,A,Annual,GEN,Waste generated,THS_T,Thousand tonnes,CY,Cyprus,2012,,588,,,,,
dataflow,ESTAT:ENV_WASMUN(1.0),Municipal waste by waste management operations,A,Annual,GEN,Waste generated,THS_T,Thousand tonnes,CY,Cyprus,2013,,547,,,,,
dataflow,ESTAT:ENV_WASMUN(1.0),Municipal waste by waste management operations,A,Annual,GEN,Waste generated,THS_T,Thousand tonnes,CY,Cyprus,2014,,527,,,,,
dataflow,ESTAT:ENV_WASMUN(1.0),Municipal waste by waste management operations,A,Annual,GEN,Waste generated,THS_T,Thousand tonnes,CY,Cyprus,2015,,540,,,,,
dataflow,ESTAT:ENV_WASMUN(1.0),Municipal waste by waste management operations,A,Annual,GEN,Waste generated,THS_T,Thousand tonnes,CY,Cyprus,2016,,553,,,,,
dataflow,ESTAT:ENV_WASMUN(1.0),Municipal waste by waste management operations,A,Annual,GEN,Waste generated,THS_T,Thousand tonnes,CY,Cyprus,2017,,551,,,,,
dataflow,ESTAT:ENV_WASMUN(1.0),Municipal waste by waste management operations,A,Annual,GEN,Waste generated,THS_T,Thousand tonnes,CY,Cyprus,2018,,576,,,,,
dataflow,ESTAT:ENV_WASMUN(1.0),Municipal waste by waste management operations,A,Annual,GEN,Waste generated,THS_T,Thousand tonnes,CY,Cyprus,2019,,586,,,,,
dataflow,ESTAT:ENV_WASMUN(1.0),Municipal waste by waste management operations,A,Annual,GEN,Waste generated,THS_T,Thousand tonnes,CY,Cyprus,2020,,558,,,,,
dataflow,ESTAT:ENV_WASMUN(1.0),Municipal waste by waste management operations,A,Annual,GEN,Waste generated,THS_T,Thousand tonnes,CY,Cyprus,2021,,585,,,,,
dataflow,ESTAT:ENV_WASMUN(1.0),Municipal waste by waste management operations,A,Annual,GEN,Waste generated,THS_T,Thousand tonnes,CY,Cyprus,2022,,615,,,,,
dataflow,ESTAT:ENV_WASMUN(1.0),Municipal waste by waste management operations,A,Annual,GEN,Waste generated,THS_T,Thousand tonnes,CY,Cyprus,2023,,625,,p,provisional,,
dataflow,ESTAT:ENV_WASMUN(1.0),Municipal waste by waste management operations,A,Annual,GEN,Waste generated,THS_T,Thousand tonnes,CZ,Czechia,1995,,3120,,,,,
dataflow,ESTAT:ENV_WASMUN(1.0),Municipal waste by waste management operations,A,Annual,GEN,Waste generated,THS_T,Thousand tonnes,CZ,Czechia,1996,,3200,,,,,
dataflow,ESTAT:ENV_WASMUN(1.0),Municipal waste by waste management operations,A,Annual,GEN,Waste generated,THS_T,Thousand tonnes,CZ,Czechia,1997,,3280,,,,,
dataflow,ESTAT:ENV_WASMUN(1.0),Municipal waste by waste management operations,A,Annual,GEN,Waste generated,THS_T,Thousand tonnes,CZ,Czechia,1998,,3017,,,,,
dataflow,ESTAT:ENV_WASMUN(1.0),Municipal waste by waste management operations,A,Annual,GEN,Waste generated,THS_T,Thousand tonnes,CZ,Czechia,1999,,3365,,,,,
dataflow,ESTAT:ENV_WASMUN(1.0),Municipal waste by waste management operations,A,Annual,GEN,Waste generated,THS_T,Thousand tonnes,CZ,Czechia,2000,,3434,,,,,
dataflow,ESTAT:ENV_WASMUN(1.0),Municipal waste by waste management operations,A,Annual,GEN,Waste generated,THS_T,Thousand tonnes,CZ,Czechia,2001,,2798,,b,break in time series,,
dataflow,ESTAT:ENV_WASMUN(1.0),Municipal waste by waste management operations,A,Annual,GEN,Waste generated,THS_T,Thousand tonnes,CZ,Czechia,2002,,2845,,,,,
dataflow,ESTAT:ENV_WASMUN(1.0),Municipal waste by waste management operations,A,Annual,GEN,Waste generated,THS_T,Thousand tonnes,CZ,Czechia,2003,,2857,,,,,
dataflow,ESTAT:ENV_WASMUN(1.0),Municipal waste by waste management operations,A,Annual,GEN,Waste generated,THS_T,Thousand tonnes,CZ,Czechia,2004,,2841,,,,,
dataflow,ESTAT:ENV_WASMUN(1.0),Municipal waste by waste management operations,A,Annual,GEN,Waste generated,THS_T,Thousand tonnes,CZ,Czechia,2005,,2954,,,,,
dataflow,ESTAT:ENV_WASMUN(1.0),Municipal waste by waste management operations,A,Annual,GEN,Waste generated,THS_T,Thousand tonnes,CZ,Czechia,2006,,3039,,,,,
dataflow,ESTAT:ENV_WASMUN(1.0),Municipal waste by waste management operations,A,Annual,GEN,Waste generated,THS_T,Thousand tonnes,CZ,Czechia,2007,,3025,,,,,
dataflow,ESTAT:ENV_WASMUN(1.0),Municipal waste by waste management operations,A,Annual,GEN,Waste generated,THS_T,Thousand tonnes,CZ,Czechia,2008,,3176,,,,,
dataflow,ESTAT:ENV_WASMUN(1.0),Municipal waste by waste management operations,A,Annual,GEN,Waste generated,THS_T,Thousand tonnes,CZ,Czechia,2009,,3310,,,,,
dataflow,ESTAT:ENV_WASMUN(1.0),Municipal waste by waste management operations,A,Annual,GEN,Waste generated,THS_T,Thousand tonnes,CZ,Czechia,2010,,3334,,,,,
dataflow,ESTAT:ENV_WASMUN(1.0),Municipal waste by waste management operations,A,Annual,GEN,Waste generated,THS_T,Thousand tonnes,CZ,Czechia,2011,,3358,,,,,
dataflow,ESTAT:ENV_WASMUN(1.0),Municipal waste by waste management operations,A,Annual,GEN,Waste generated,THS_T,Thousand tonnes,CZ,Czechia,2012,,3233,,,,,
dataflow,ESTAT:ENV_WASMUN(1.0),Municipal waste by waste management operations,A,Annual,GEN,Waste generated,THS_T,Thousand tonnes,CZ,Czechia,2013,,3228,,,,,
dataflow,ESTAT:ENV_WASMUN(1.0),Municipal waste by waste management operations,A,Annual,GEN,Waste generated,THS_T,Thousand tonnes,CZ,Czechia,2014,,3261,,,,,
dataflow,ESTAT:ENV_WASMUN(1.0),Municipal waste by waste management operations,A,Annual,GEN,Waste generated,THS_T,Thousand tonnes,CZ,Czechia,2015,,3337,,,,,
dataflow,ESTAT:ENV_WASMUN(1.0),Municipal waste by waste management operations,A,Annual,GEN,Waste generated,THS_T,Thousand tonnes,CZ,Czechia,2016,,3580,,,,,
dataflow,ESTAT:ENV_WASMUN(1.0),Municipal waste by waste management operations,A,Annual,GEN,Waste generated,THS_T,Thousand tonnes,CZ,Czechia,2017,,5177,,b,break in time series,,
dataflow,ESTAT:ENV_WASMUN(1.0),Municipal waste by waste management operations,A,Annual,GEN,Waste generated,THS_T,Thousand tonnes,CZ,Czechia,2018,,5248,,,,,
dataflow,ESTAT:ENV_WASMUN(1.0),Municipal waste by waste management operations,A,Annual,GEN,Waste generated,THS_T,Thousand tonnes,CZ,Czechia,2019,,5338,,,,,
dataflow,ESTAT:ENV_WASMUN(1.0),Municipal waste by waste management operations,A,Annual,GEN,Waste generated,THS_T,Thousand tonnes,CZ,Czechia,2020,,5814,,,,,
dataflow,ESTAT:ENV_WASMUN(1.0),Municipal waste by waste management operations,A,Annual,GEN,Waste generated,THS_T,Thousand tonnes,CZ,Czechia,2021,,5991,,,,,
dataflow,ESTAT:ENV_WASMUN(1.0),Municipal waste by waste management operations,A,Annual,GEN,Waste generated,THS_T,Thousand tonnes,DE,Germany,1995,,50894,,i,value imputed by Eurostat or other receiving agencies,,
dataflow,ESTAT:ENV_WASMUN(1.0),Municipal waste by waste management operations,A,Annual,GEN,Waste generated,THS_T,Thousand tonnes,DE,Germany,1996,,52544,,i,value imputed by Eurostat or other receiving agencies,,
dataflow,ESTAT:ENV_WASMUN(1.0),Municipal waste by waste management operations,A,Annual,GEN,Waste generated,THS_T,Thousand tonnes,DE,Germany,1997,,53966,,i,value imputed by Eurostat or other receiving agencies,,
dataflow,ESTAT:ENV_WASMUN(1.0),Municipal waste by waste management operations,A,Annual,GEN,Waste generated,THS_T,Thousand tonnes,DE,Germany,1998,,53058,,i,value imputed by Eurostat or other receiving agencies,,
dataflow,ESTAT:ENV_WASMUN(1.0),Municipal waste by waste management operations,A,Annual,GEN,Waste generated,THS_T,Thousand tonnes,DE,Germany,1999,,52373,,i,value imputed by Eurostat or other receiving agencies,,
dataflow,ESTAT:ENV_WASMUN(1.0),Municipal waste by waste management operations,A,Annual,GEN,Waste generated,THS_T,Thousand tonnes,DE,Germany,2000,,52810,,i,value imputed by Eurostat or other receiving agencies,,
dataflow,ESTAT:ENV_WASMUN(1.0),Municipal waste by waste management operations,A,Annual,GEN,Waste generated,THS_T,Thousand tonnes,DE,Germany,2001,,52075,,i,value imputed by Eurostat or other receiving agencies,,
dataflow,ESTAT:ENV_WASMUN(1.0),Municipal waste by waste management operations,A,Annual,GEN,Waste generated,THS_T,Thousand tonnes,DE,Germany,2002,,52772,,,,,
dataflow,ESTAT:ENV_WASMUN(1.0),Municipal waste by waste management operations,A,Annual,GEN,Waste generated,THS_T,Thousand tonnes,DE,Germany,2003,,49622,,,,,
dataflow,ESTAT:ENV_WASMUN(1.0),Municipal waste by waste management operations,A,Annual,GEN,Waste generated,THS_T,Thousand tonnes,DE,Germany,2004,,48434,,,,,
dataflow,ESTAT:ENV_WASMUN(1.0),Municipal waste by waste management operations,A,Annual,GEN,Waste generated,THS_T,Thousand tonnes,DE,Germany,2005,,46555,,,,,
dataflow,ESTAT:ENV_WASMUN(1.0),Municipal waste by waste management operations,A,Annual,GEN,Waste generated,THS_T,Thousand tonnes,DE,Germany,2006,,46426,,,,,
dataflow,ESTAT:ENV_WASMUN(1.0),Municipal waste by waste management operations,A,Annual,GEN,Waste generated,THS_T,Thousand tonnes,DE,Germany,2007,,47887,,,,,
dataflow,ESTAT:ENV_WASMUN(1.0),Municipal waste by waste management operations,A,Annual,GEN,Waste generated,THS_T,Thousand tonnes,DE,Germany,2008,,48367,,,,,
dataflow,ESTAT:ENV_WASMUN(1.0),Municipal waste by waste management operations,A,Annual,GEN,Waste generated,THS_T,Thousand tonnes,DE,Germany,2009,,48466,,,,,
dataflow,ESTAT:ENV_WASMUN(1.0),Municipal waste by waste management operations,A,Annual,GEN,Waste generated,THS_T,Thousand tonnes,DE,Germany,2010,,49237,,,,,
dataflow,ESTAT:ENV_WASMUN(1.0),Municipal waste by waste management operations,A,Annual,GEN,Waste generated,THS_T,Thousand tonnes,DE,Germany,2011,,50237,,,,,
dataflow,ESTAT:ENV_WASMUN(1.0),Municipal waste by waste management operations,A,Annual,GEN,Waste generated,THS_T,Thousand tonnes,DE,Germany,2012,,49759,,,,,
dataflow,ESTAT:ENV_WASMUN(1.0),Municipal waste by waste management operations,A,Annual,GEN,Waste generated,THS_T,Thousand tonnes,DE,Germany,2013,,49570,,,,,
dataflow,ESTAT:ENV_WASMUN(1.0),Municipal waste by waste management operations,A,Annual,GEN,Waste generated,THS_T,Thousand tonnes,DE,Germany,2014,,51102,,,,,
dataflow,ESTAT:ENV_WASMUN(1.0),Municipal waste by waste management operations,A,Annual,GEN,Waste generated,THS_T,Thousand tonnes,DE,Germany,2015,,51625,,,,,
dataflow,ESTAT:ENV_WASMUN(1.0),Municipal waste by waste management operations,A,Annual,GEN,Waste generated,THS_T,Thousand tonnes,DE,Germany,2016,,52133,,,,,
dataflow,ESTAT:ENV_WASMUN(1.0),Municipal waste by waste management operations,A,Annual,GEN,Waste generated,THS_T,Thousand tonnes,DE,Germany,2017,,51790,,,,,
dataflow,ESTAT:ENV_WASMUN(1.0),Municipal waste by waste management operations,A,Annual,GEN,Waste generated,THS_T,Thousand tonnes,DE,Germany,2018,,50260,,,,,
dataflow,ESTAT:ENV_WASMUN(1.0),Municipal waste by waste management operations,A,Annual,GEN,Waste generated,THS_T,Thousand tonnes,DE,Germany,2019,,50612,,e,estimated,,
dataflow,ESTAT:ENV_WASMUN(1.0),Municipal waste by waste management operations,A,Annual,GEN,Waste generated,THS_T,Thousand tonnes,DE,Germany,2020,,53322,,,,,
dataflow,ESTAT:ENV_WASMUN(1.0),Municipal waste by waste management operations,A,Annual,GEN,Waste generated,THS_T,Thousand tonnes,DE,Germany,2021,,54139,,,,,
dataflow,ESTAT:ENV_WASMUN(1.0),Municipal waste by waste management operations,A,Annual,GEN,Waste generated,THS_T,Thousand tonnes,DE,Germany,2022,,50807,,,,,
dataflow,ESTAT:ENV_WASMUN(1.0),Municipal waste by waste management operations,A,Annual,GEN,Waste generated,THS_T,Thousand tonnes,DE,Germany,2023,,50452,,e,estimated,,
dataflow,ESTAT:ENV_WASMUN(1.0),Municipal waste by waste management operations,A,Annual,GEN,Waste generated,THS_T,Thousand tonnes,DK,Denmark,1995,,2725,,be,"break in time series, estimated",,
dataflow,ESTAT:ENV_WASMUN(1.0),Municipal waste by waste management operations,A,Annual,GEN,Waste generated,THS_T,Thousand tonnes,DK,Denmark,1996,,3253,,,,,
dataflow,ESTAT:ENV_WASMUN(1.0),Municipal waste by waste management operations,A,Annual,GEN,Waste generated,THS_T,Thousand tonnes,DK,Denmark,1997,,3104,,,,,
dataflow,ESTAT:ENV_WASMUN(1.0),Municipal waste by waste management operations,A,Annual,GEN,Waste generated,THS_T,Thousand tonnes,DK,Denmark,1998,,3141,,,,,
dataflow,ESTAT:ENV_WASMUN(1.0),Municipal waste by waste management operations,A,Annual,GEN,Waste generated,THS_T,Thousand tonnes,DK,Denmark,1999,,3329,,,,,
dataflow,ESTAT:ENV_WASMUN(1.0),Municipal waste by waste management operations,A,Annual,GEN,Waste generated,THS_T,Thousand tonnes,DK,Denmark,2000,,3546,,,,,
dataflow,ESTAT:ENV_WASMUN(1.0),Municipal waste by waste management operations,A,Annual,GEN,Waste generated,THS_T,Thousand tonnes,DK,Denmark,2001,,3519,,,,,
dataflow,ESTAT:ENV_WASMUN(1.0),Municipal waste by waste management operations,A,Annual,GEN,Waste generated,THS_T,Thousand tonnes,DK,Denmark,2002,,3568,,,,,
dataflow,ESTAT:ENV_WASMUN(1.0),Municipal waste by waste management operations,A,Annual,GEN,Waste generated,THS_T,Thousand tonnes,DK,Denmark,2003,,3618,,,,,
dataflow,ESTAT:ENV_WASMUN(1.0),Municipal waste by waste management operations,A,Annual,GEN,Waste generated,THS_T,Thousand tonnes,DK,Denmark,2004,,3757,,,,,
dataflow,ESTAT:ENV_WASMUN(1.0),Municipal waste by waste management operations,A,Annual,GEN,Waste generated,THS_T,Thousand tonnes,DK,Denmark,2005,,3990,,,,,
dataflow,ESTAT:ENV_WASMUN(1.0),Municipal waste by waste management operations,A,Annual,GEN,Waste generated,THS_T,Thousand tonnes,DK,Denmark,2006,,4021,,,,,
dataflow,ESTAT:ENV_WASMUN(1.0),Municipal waste by waste management operations,A,Annual,GEN,Waste generated,THS_T,Thousand tonnes,DK,Denmark,2007,,4313,,,,,
dataflow,ESTAT:ENV_WASMUN(1.0),Municipal waste by waste management operations,A,Annual,GEN,Waste generated,THS_T,Thousand tonnes,DK,Denmark,2008,,4560,,,,,
dataflow,ESTAT:ENV_WASMUN(1.0),Municipal waste by waste management operations,A,Annual,GEN,Waste generated,THS_T,Thousand tonnes,DK,Denmark,2009,,4206,,e,estimated,,
dataflow,ESTAT:ENV_WASMUN(1.0),Municipal waste by waste management operations,A,Annual,GEN,Waste generated,THS_T,Thousand tonnes,DK,Denmark,2011,,4803,,b,break in time series,,
dataflow,ESTAT:ENV_WASMUN(1.0),Municipal waste by waste management operations,A,Annual,GEN,Waste generated,THS_T,Thousand tonnes,DK,Denmark,2012,,4508,,,,,
dataflow,ESTAT:ENV_WASMUN(1.0),Municipal waste by waste management operations,A,Annual,GEN,Waste generated,THS_T,Thousand tonnes,DK,Denmark,2013,,4564,,,,,
dataflow,ESTAT:ENV_WASMUN(1.0),Municipal waste by waste management operations,A,Annual,GEN,Waste generated,THS_T,Thousand tonnes,DK,Denmark,2014,,4558,,,,,
dataflow,ESTAT:ENV_WASMUN(1.0),Municipal waste by waste management operations,A,Annual,GEN,Waste generated,THS_T,Thousand tonnes,DK,Denmark,2015,,4671,,,,,
dataflow,ESTAT:ENV_WASMUN(1.0),Municipal waste by waste management operations,A,Annual,GEN,Waste generated,THS_T,Thousand tonnes,DK,Denmark,2016,,4757,,,,,
dataflow,ESTAT:ENV_WASMUN(1.0),Municipal waste by waste management operations,A,Annual,GEN,Waste generated,THS_T,Thousand tonnes,DK,Denmark,2017,,4728,,,,,
dataflow,ESTAT:ENV_WASMUN(1.0),Municipal waste by waste management operations,A,Annual,GEN,Waste generated,THS_T,Thousand tonnes,DK,Denmark,2018,,4715,,,,,
dataflow,ESTAT:ENV_WASMUN(1.0),Municipal waste by waste management operations,A,Annual,GEN,Waste generated,THS_T,Thousand tonnes,DK,Denmark,2019,,4907,,,,,
dataflow,ESTAT:ENV_WASMUN(1.0),Municipal waste by waste management operations,A,Annual,GEN,Waste generated,THS_T,Thousand tonnes,DK,Denmark,2020,,4744,,,,,
dataflow,ESTAT:ENV_WASMUN(1.0),Municipal waste by waste management operations,A,Annual,GEN,Waste generated,THS_T,Thousand tonnes,DK,Denmark,2021,,4503,,,,,
dataflow,ESTAT:ENV_WASMUN(1.0),Municipal waste by waste management operations,A,Annual,GEN,Waste generated,THS_T,Thousand tonnes,DK,Denmark,2022,,4734,,,,,
dataflow,ESTAT:ENV_WASMUN(1.0),Municipal waste by waste management operations,A,Annual,GEN,Waste generated,THS_T,Thousand tonnes,EE,Estonia,1995,,533,,,,,
dataflow,ESTAT:ENV_WASMUN(1.0),Municipal waste by waste management operations,A,Annual,GEN,Waste generated,THS_T,Thousand tonnes,EE,Estonia,1996,,565,,,,,
dataflow,ESTAT:ENV_WASMUN(1.0),Municipal waste by waste management operations,A,Annual,GEN,Waste generated,THS_T,Thousand tonnes,EE,Estonia,1997,,593,,,,,
dataflow,ESTAT:ENV_WASMUN(1.0),Municipal waste by waste management operations,A,Annual,GEN,Waste generated,THS_T,Thousand tonnes,EE,Estonia,1998,,557,,,,,
dataflow,ESTAT:ENV_WASMUN(1.0),Municipal waste by waste management operations,A,Annual,GEN,Waste generated,THS_T,Thousand tonnes,EE,Estonia,1999,,569,,,,,
dataflow,ESTAT:ENV_WASMUN(1.0),Municipal waste by waste management operations,A,Annual,GEN,Waste generated,THS_T,Thousand tonnes,EE,Estonia,2000,,633,,b,break in time series,,
dataflow,ESTAT:ENV_WASMUN(1.0),Municipal waste by waste management operations,A,Annual,GEN,Waste generated,THS_T,Thousand tonnes,EE,Estonia,2001,,509,,b,break in time series,,
dataflow,ESTAT:ENV_WASMUN(1.0),Municipal waste by waste management operations,A,Annual,GEN,Waste generated,THS_T,Thousand tonnes,EE,Estonia,2002,,553,,,,,
dataflow,ESTAT:ENV_WASMUN(1.0),Municipal waste by waste management operations,A,Annual,GEN,Waste generated,THS_T,Thousand tonnes,EE,Estonia,2003,,567,,,,,
dataflow,ESTAT:ENV_WASMUN(1.0),Municipal waste by waste management operations,A,Annual,GEN,Waste generated,THS_T,Thousand tonnes,EE,Estonia,2004,,606,,,,,
dataflow,ESTAT:ENV_WASMUN(1.0),Municipal waste by waste management operations,A,Annual,GEN,Waste generated,THS_T,Thousand tonnes,EE,Estonia,2005,,587,,,,,
dataflow,ESTAT:ENV_WASMUN(1.0),Municipal waste by waste management operations,A,Annual,GEN,Waste generated,THS_T,Thousand tonnes,EE,Estonia,2006,,536,,,,,
dataflow,ESTAT:ENV_WASMUN(1.0),Municipal waste by waste management operations,A,Annual,GEN,Waste generated,THS_T,Thousand tonnes,EE,Estonia,2007,,602,,,,,
dataflow,ESTAT:ENV_WASMUN(1.0),Municipal waste by waste management operations,A,Annual,GEN,Waste generated,THS_T,Thousand tonnes,EE,Estonia,2008,,524,,,,,
dataflow,ESTAT:ENV_WASMUN(1.0),Municipal waste by waste management operations,A,Annual,GEN,Waste generated,THS_T,Thousand tonnes,EE,Estonia,2009,,452,,,,,
dataflow,ESTAT:ENV_WASMUN(1.0),Municipal waste by waste management operations,A,Annual,GEN,Waste generated,THS_T,Thousand tonnes,EE,Estonia,2010,,406,,b,break in time series,,
dataflow,ESTAT:ENV_WASMUN(1.0),Municipal waste by waste management operations,A,Annual,GEN,Waste generated,THS_T,Thousand tonnes,EE,Estonia,2011,,399,,,,,
dataflow,ESTAT:ENV_WASMUN(1.0),Municipal waste by waste management operations,A,Annual,GEN,Waste generated,THS_T,Thousand tonnes,EE,Estonia,2012,,371,,,,,
dataflow,ESTAT:ENV_WASMUN(1.0),Municipal waste by waste management operations,A,Annual,GEN,Waste generated,THS_T,Thousand tonnes,EE,Estonia,2013,,386,,,,,
dataflow,ESTAT:ENV_WASMUN(1.0),Municipal waste by waste management operations,A,Annual,GEN,Waste generated,THS_T,Thousand tonnes,EE,Estonia,2014,,470,,b,break in time series,,
dataflow,ESTAT:ENV_WASMUN(1.0),Municipal waste by waste management operations,A,Annual,GEN,Waste generated,THS_T,Thousand tonnes,EE,Estonia,2015,,473,,,,,
dataflow,ESTAT:ENV_WASMUN(1.0),Municipal waste by waste management operations,A,Annual,GEN,Waste generated,THS_T,Thousand tonnes,EE,Estonia,2016,,494,,,,,
dataflow,ESTAT:ENV_WASMUN(1.0),Municipal waste by waste management operations,A,Annual,GEN,Waste generated,THS_T,Thousand tonnes,EE,Estonia,2017,,514,,,,,
dataflow,ESTAT:ENV_WASMUN(1.0),Municipal waste by waste management operations,A,Annual,GEN,Waste generated,THS_T,Thousand tonnes,EE,Estonia,2018,,535,,,,,
dataflow,ESTAT:ENV_WASMUN(1.0),Municipal waste by waste management operations,A,Annual,GEN,Waste generated,THS_T,Thousand tonnes,EE,Estonia,2019,,490,,,,,
dataflow,ESTAT:ENV_WASMUN(1.0),Municipal waste by waste management operations,A,Annual,GEN,Waste generated,THS_T,Thousand tonnes,EE,Estonia,2020,,509,,,,,
dataflow,ESTAT:ENV_WASMUN(1.0),Municipal waste by waste management operations,A,Annual,GEN,Waste generated,THS_T,Thousand tonnes,EE,Estonia,2021,,525,,,,,
dataflow,ESTAT:ENV_WASMUN(1.0),Municipal waste by waste management operations,A,Annual,GEN,Waste generated,THS_T,Thousand tonnes,EE,Estonia,2022,,503,,,,,
dataflow,ESTAT:ENV_WASMUN(1.0),Municipal waste by waste management operations,A,Annual,GEN,Waste generated,THS_T,Thousand tonnes,EE,Estonia,2023,,512,,,,,
dataflow,ESTAT:ENV_WASMUN(1.0),Municipal waste by waste management operations,A,Annual,GEN,Waste generated,THS_T,Thousand tonnes,EL,Greece,1995,,3200,,,,,
dataflow,ESTAT:ENV_WASMUN(1.0),Municipal waste by waste management operations,A,Annual,GEN,Waste generated,THS_T,Thousand tonnes,EL,Greece,1996,,3600,,,,,
dataflow,ESTAT:ENV_WASMUN(1.0),Municipal waste by waste management operations,A,Annual,GEN,Waste generated,THS_T,Thousand tonnes,EL,Greece,1997,,3900,,,,,
dataflow,ESTAT:ENV_WASMUN(1.0),Municipal waste by waste management operations,A,Annual,GEN,Waste generated,THS_T,Thousand tonnes,EL,Greece,1998,,4082,,,,,
dataflow,ESTAT:ENV_WASMUN(1.0),Municipal waste by waste management operations,A,Annual,GEN,Waste generated,THS_T,Thousand tonnes,EL,Greece,1999,,4264,,,,,
dataflow,ESTAT:ENV_WASMUN(1.0),Municipal waste by waste management operations,A,Annual,GEN,Waste generated,THS_T,Thousand tonnes,EL,Greece,2000,,4447,,,,,
dataflow,ESTAT:ENV_WASMUN(1.0),Municipal waste by waste management operations,A,Annual,GEN,Waste generated,THS_T,Thousand tonnes,EL,Greece,2001,,4559,,,,,
dataflow,ESTAT:ENV_WASMUN(1.0),Municipal waste by waste management operations,A,Annual,GEN,Waste generated,THS_T,Thousand tonnes,EL,Greece,2002,,4640,,,,,
dataflow,ESTAT:ENV_WASMUN(1.0),Municipal waste by waste management operations,A,Annual,GEN,Waste generated,THS_T,Thousand tonnes,EL,Greece,2003,,4710,,,,,
dataflow,ESTAT:ENV_WASMUN(1.0),Municipal waste by waste management operations,A,Annual,GEN,Waste generated,THS_T,Thousand tonnes,EL,Greece,2004,,4782,,,,,
dataflow,ESTAT:ENV_WASMUN(1.0),Municipal waste by waste management operations,A,Annual,GEN,Waste generated,THS_T,Thousand tonnes,EL,Greece,2005,,4853,,,,,
dataflow,ESTAT:ENV_WASMUN(1.0),Municipal waste by waste management operations,A,Annual,GEN,Waste generated,THS_T,Thousand tonnes,EL,Greece,2006,,4927,,,,,
dataflow,ESTAT:ENV_WASMUN(1.0),Municipal waste by waste management operations,A,Annual,GEN,Waste generated,THS_T,Thousand tonnes,EL,Greece,2007,,5002,,,,,
dataflow,ESTAT:ENV_WASMUN(1.0),Municipal waste by waste management operations,A,Annual,GEN,Waste generated,THS_T,Thousand tonnes,EL,Greece,2008,,5077,,,,,
dataflow,ESTAT:ENV_WASMUN(1.0),Municipal waste by waste management operations,A,Annual,GEN,Waste generated,THS_T,Thousand tonnes,EL,Greece,2009,,5154,,,,,
dataflow,ESTAT:ENV_WASMUN(1.0),Municipal waste by waste management operations,A,Annual,GEN,Waste generated,THS_T,Thousand tonnes,EL,Greece,2010,,5917,,,,,
dataflow,ESTAT:ENV_WASMUN(1.0),Municipal waste by waste management operations,A,Annual,GEN,Waste generated,THS_T,Thousand tonnes,EL,Greece,2011,,5586,,,,,
dataflow,ESTAT:ENV_WASMUN(1.0),Municipal waste by waste management operations,A,Annual,GEN,Waste generated,THS_T,Thousand tonnes,EL,Greece,2012,,5463,,,,,
dataflow,ESTAT:ENV_WASMUN(1.0),Municipal waste by waste management operations,A,Annual,GEN,Waste generated,THS_T,Thousand tonnes,EL,Greece,2013,,5284,,,,,
dataflow,ESTAT:ENV_WASMUN(1.0),Municipal waste by waste management operations,A,Annual,GEN,Waste generated,THS_T,Thousand tonnes,EL,Greece,2014,,5315,,,,,
dataflow,ESTAT:ENV_WASMUN(1.0),Municipal waste by waste management operations,A,Annual,GEN,Waste generated,THS_T,Thousand tonnes,EL,Greece,2015,,5277,,,,,
dataflow,ESTAT:ENV_WASMUN(1.0),Municipal waste by waste management operations,A,Annual,GEN,Waste generated,THS_T,Thousand tonnes,EL,Greece,2016,,5367,,,,,
dataflow,ESTAT:ENV_WASMUN(1.0),Municipal waste by waste management operations,A,Annual,GEN,Waste generated,THS_T,Thousand tonnes,EL,Greece,2017,,5415,,,,,
dataflow,ESTAT:ENV_WASMUN(1.0),Municipal waste by waste management operations,A,Annual,GEN,Waste generated,THS_T,Thousand tonnes,EL,Greece,2018,,5523,,,,,
dataflow,ESTAT:ENV_WASMUN(1.0),Municipal waste by waste management operations,A,Annual,GEN,Waste generated,THS_T,Thousand tonnes,EL,Greece,2019,,5613,,,,,
dataflow,ESTAT:ENV_WASMUN(1.0),Municipal waste by waste management operations,A,Annual,GEN,Waste generated,THS_T,Thousand tonnes,EL,Greece,2020,,5335,,,,,
dataflow,ESTAT:ENV_WASMUN(1.0),Municipal waste by waste management operations,A,Annual,GEN,Waste generated,THS_T,Thousand tonnes,EL,Greece,2021,,5381,,,,,
dataflow,ESTAT:ENV_WASMUN(1.0),Municipal waste by waste management operations,A,Annual,GEN,Waste generated,THS_T,Thousand tonnes,EL,Greece,2022,,5420,,,,,
dataflow,ESTAT:ENV_WASMUN(1.0),Municipal waste by waste management operations,A,Annual,GEN,Waste generated,THS_T,Thousand tonnes,ES,Spain,1995,,20076,,,,,
dataflow,ESTAT:ENV_WASMUN(1.0),Municipal waste by waste management operations,A,Annual,GEN,Waste generated,THS_T,Thousand tonnes,ES,Spain,1996,,21125,,,,,
dataflow,ESTAT:ENV_WASMUN(1.0),Municipal waste by waste management operations,A,Annual,GEN,Waste generated,THS_T,Thousand tonnes,ES,Spain,1997,,22174,,,,,
dataflow,ESTAT:ENV_WASMUN(1.0),Municipal waste by waste management operations,A,Annual,GEN,Waste generated,THS_T,Thousand tonnes,ES,Spain,1998,,22423,,,,,
dataflow,ESTAT:ENV_WASMUN(1.0),Municipal waste by waste management operations,A,Annual,GEN,Waste generated,THS_T,Thousand tonnes,ES,Spain,1999,,24470,,,,,
dataflow,ESTAT:ENV_WASMUN(1.0),Municipal waste by waste management operations,A,Annual,GEN,Waste generated,THS_T,Thousand tonnes,ES,Spain,2000,,26505,,,,,
dataflow,ESTAT:ENV_WASMUN(1.0),Municipal waste by waste management operations,A,Annual,GEN,Waste generated,THS_T,Thousand tonnes,ES,Spain,2001,,26616,,,,,
dataflow,ESTAT:ENV_WASMUN(1.0),Municipal waste by waste management operations,A,Annual,GEN,Waste generated,THS_T,Thousand tonnes,ES,Spain,2002,,26404,,,,,
dataflow,ESTAT:ENV_WASMUN(1.0),Municipal waste by waste management operations,A,Annual,GEN,Waste generated,THS_T,Thousand tonnes,ES,Spain,2003,,27270,,,,,
dataflow,ESTAT:ENV_WASMUN(1.0),Municipal waste by waste management operations,A,Annual,GEN,Waste generated,THS_T,Thousand tonnes,ES,Spain,2004,,25746,,,,,
dataflow,ESTAT:ENV_WASMUN(1.0),Municipal waste by waste management operations,A,Annual,GEN,Waste generated,THS_T,Thousand tonnes,ES,Spain,2005,,25683,,,,,
dataflow,ESTAT:ENV_WASMUN(1.0),Municipal waste by waste management operations,A,Annual,GEN,Waste generated,THS_T,Thousand tonnes,ES,Spain,2006,,26209,,,,,
dataflow,ESTAT:ENV_WASMUN(1.0),Municipal waste by waste management operations,A,Annual,GEN,Waste generated,THS_T,Thousand tonnes,ES,Spain,2007,,26154,,,,,
dataflow,ESTAT:ENV_WASMUN(1.0),Municipal waste by waste management operations,A,Annual,GEN,Waste generated,THS_T,Thousand tonnes,ES,Spain,2008,,25317,,,,,
dataflow,ESTAT:ENV_WASMUN(1.0),Municipal waste by waste management operations,A,Annual,GEN,Waste generated,THS_T,Thousand tonnes,ES,Spain,2009,,25108,,,,,
dataflow,ESTAT:ENV_WASMUN(1.0),Municipal waste by waste management operations,A,Annual,GEN,Waste generated,THS_T,Thousand tonnes,ES,Spain,2010,,23774,,,,,
dataflow,ESTAT:ENV_WASMUN(1.0),Municipal waste by waste management operations,A,Annual,GEN,Waste generated,THS_T,Thousand tonnes,ES,Spain,2011,,22672,,,,,
dataflow,ESTAT:ENV_WASMUN(1.0),Municipal waste by waste management operations,A,Annual,GEN,Waste generated,THS_T,Thousand tonnes,ES,Spain,2012,,21896,,,,,
dataflow,ESTAT:ENV_WASMUN(1.0),Municipal waste by waste management operations,A,Annual,GEN,Waste generated,THS_T,Thousand tonnes,ES,Spain,2013,,21184,,,,,
dataflow,ESTAT:ENV_WASMUN(1.0),Municipal waste by waste management operations,A,Annual,GEN,Waste generated,THS_T,Thousand tonnes,ES,Spain,2014,,20836,,,,,
dataflow,ESTAT:ENV_WASMUN(1.0),Municipal waste by waste management operations,A,Annual,GEN,Waste generated,THS_T,Thousand tonnes,ES,Spain,2015,,21158,,,,,
dataflow,ESTAT:ENV_WASMUN(1.0),Municipal waste by waste management operations,A,Annual,GEN,Waste generated,THS_T,Thousand tonnes,ES,Spain,2016,,21542,,,,,
dataflow,ESTAT:ENV_WASMUN(1.0),Municipal waste by waste management operations,A,Annual,GEN,Waste generated,THS_T,Thousand tonnes,ES,Spain,2017,,22018,,,,,
dataflow,ESTAT:ENV_WASMUN(1.0),Municipal waste by waste management operations,A,Annual,GEN,Waste generated,THS_T,Thousand tonnes,ES,Spain,2018,,22229,,,,,
dataflow,ESTAT:ENV_WASMUN(1.0),Municipal waste by waste management operations,A,Annual,GEN,Waste generated,THS_T,Thousand tonnes,ES,Spain,2019,,22262,,,,,
dataflow,ESTAT:ENV_WASMUN(1.0),Municipal waste by waste management operations,A,Annual,GEN,Waste generated,THS_T,Thousand tonnes,ES,Spain,2020,,21928,,,,,
dataflow,ESTAT:ENV_WASMUN(1.0),Municipal waste by waste management operations,A,Annual,GEN,Waste generated,THS_T,Thousand tonnes,ES,Spain,2021,,22853,,,,,
dataflow,ESTAT:ENV_WASMUN(1.0),Municipal waste by waste management operations,A,Annual,GEN,Waste generated,THS_T,Thousand tonnes,ES,Spain,2022,,23030,,p,provisional,,
dataflow,ESTAT:ENV_WASMUN(1.0),Municipal waste by waste management operations,A,Annual,GEN,Waste generated,THS_T,Thousand tonnes,ES,Spain,2023,,22500,,e,estimated,,
dataflow,ESTAT:ENV_WASMUN(1.0),Municipal waste by waste management operations,A,Annual,GEN,Waste generated,THS_T,Thousand tonnes,EU27_2020,European Union - 27 countries (from 2020),1995,,197988,,i,value imputed by Eurostat or other receiving agencies,,
dataflow,ESTAT:ENV_WASMUN(1.0),Municipal waste by waste management operations,A,Annual,GEN,Waste generated,THS_T,Thousand tonnes,EU27_2020,European Union - 27 countries (from 2020),1996,,203193,,i,value imputed by Eurostat or other receiving agencies,,
dataflow,ESTAT:ENV_WASMUN(1.0),Municipal waste by waste management operations,A,Annual,GEN,Waste generated,THS_T,Thousand tonnes,EU27_2020,European Union - 27 countries (from 2020),1997,,209147,,i,value imputed by Eurostat or other receiving agencies,,
dataflow,ESTAT:ENV_WASMUN(1.0),Municipal waste by waste management operations,A,Annual,GEN,Waste generated,THS_T,Thousand tonnes,EU27_2020,European Union - 27 countries (from 2020),1998,,208514,,i,value imputed by Eurostat or other receiving agencies,,
dataflow,ESTAT:ENV_WASMUN(1.0),Municipal waste by waste management operations,A,Annual,GEN,Waste generated,THS_T,Thousand tonnes,EU27_2020,European Union - 27 countries (from 2020),1999,,214100,,i,value imputed by Eurostat or other receiving agencies,,
dataflow,ESTAT:ENV_WASMUN(1.0),Municipal waste by waste management operations,A,Annual,GEN,Waste generated,THS_T,Thousand tonnes,EU27_2020,European Union - 27 countries (from 2020),2000,,220073,,i,value imputed by Eurostat or other receiving agencies,,
dataflow,ESTAT:ENV_WASMUN(1.0),Municipal waste by waste management operations,A,Annual,GEN,Waste generated,THS_T,Thousand tonnes,EU27_2020,European Union - 27 countries (from 2020),2001,,218816,,i,value imputed by Eurostat or other receiving agencies,,
dataflow,ESTAT:ENV_WASMUN(1.0),Municipal waste by waste management operations,A,Annual,GEN,Waste generated,THS_T,Thousand tonnes,EU27_2020,European Union - 27 countries (from 2020),2002,,221585,,i,value imputed by Eurostat or other receiving agencies,,
dataflow,ESTAT:ENV_WASMUN(1.0),Municipal waste by waste management operations,A,Annual,GEN,Waste generated,THS_T,Thousand tonnes,EU27_2020,European Union - 27 countries (from 2020),2003,,217022,,i,value imputed by Eurostat or other receiving agencies,,
dataflow,ESTAT:ENV_WASMUN(1.0),Municipal waste by waste management operations,A,Annual,GEN,Waste generated,THS_T,Thousand tonnes,EU27_2020,European Union - 27 countries (from 2020),2004,,216689,,,,,
dataflow,ESTAT:ENV_WASMUN(1.0),Municipal waste by waste management operations,A,Annual,GEN,Waste generated,THS_T,Thousand tonnes,EU27_2020,European Union - 27 countries (from 2020),2005,,220275,,,,,
dataflow,ESTAT:ENV_WASMUN(1.0),Municipal waste by waste management operations,A,Annual,GEN,Waste generated,THS_T,Thousand tonnes,EU27_2020,European Union - 27 countries (from 2020),2006,,223929,,,,,
dataflow,ESTAT:ENV_WASMUN(1.0),Municipal waste by waste management operations,A,Annual,GEN,Waste generated,THS_T,Thousand tonnes,EU27_2020,European Union - 27 countries (from 2020),2007,,226623,,,,,
dataflow,ESTAT:ENV_WASMUN(1.0),Municipal waste by waste management operations,A,Annual,GEN,Waste generated,THS_T,Thousand tonnes,EU27_2020,European Union - 27 countries (from 2020),2008,,227486,,,,,
dataflow,ESTAT:ENV_WASMUN(1.0),Municipal waste by waste management operations,A,Annual,GEN,Waste generated,THS_T,Thousand tonnes,EU27_2020,European Union - 27 countries (from 2020),2009,,224543,,,,,
dataflow,ESTAT:ENV_WASMUN(1.0),Municipal waste by waste management operations,A,Annual,GEN,Waste generated,THS_T,Thousand tonnes,EU27_2020,European Union - 27 countries (from 2020),2010,,222023,,,,,
dataflow,ESTAT:ENV_WASMUN(1.0),Municipal waste by waste management operations,A,Annual,GEN,Waste generated,THS_T,Thousand tonnes,EU27_2020,European Union - 27 countries (from 2020),2011,,219853,,,,,
dataflow,ESTAT:ENV_WASMUN(1.0),Municipal waste by waste management operations,A,Annual,GEN,Waste generated,THS_T,Thousand tonnes,EU27_2020,European Union - 27 countries (from 2020),2012,,214989,,,,,
dataflow,ESTAT:ENV_WASMUN(1.0),Municipal waste by waste management operations,A,Annual,GEN,Waste generated,THS_T,Thousand tonnes,EU27_2020,European Union - 27 countries (from 2020),2013,,211501,,,,,
dataflow,ESTAT:ENV_WASMUN(1.0),Municipal waste by waste management operations,A,Annual,GEN,Waste generated,THS_T,Thousand tonnes,EU27_2020,European Union - 27 countries (from 2020),2014,,211876,,,,,
dataflow,ESTAT:ENV_WASMUN(1.0),Municipal waste by waste management operations,A,Annual,GEN,Waste generated,THS_T,Thousand tonnes,EU27_2020,European Union - 27 countries (from 2020),2015,,213424,,,,,
dataflow,ESTAT:ENV_WASMUN(1.0),Municipal waste by waste management operations,A,Annual,GEN,Waste generated,THS_T,Thousand tonnes,EU27_2020,European Union - 27 countries (from 2020),2016,,219577,,,,,
dataflow,ESTAT:ENV_WASMUN(1.0),Municipal waste by waste management operations,A,Annual,GEN,Waste generated,THS_T,Thousand tonnes,EU27_2020,European Union - 27 countries (from 2020),2017,,222511,,,,,
dataflow,ESTAT:ENV_WASMUN(1.0),Municipal waste by waste management operations,A,Annual,GEN,Waste generated,THS_T,Thousand tonnes,EU27_2020,European Union - 27 countries (from 2020),2018,,223119,,,,,
dataflow,ESTAT:ENV_WASMUN(1.0),Municipal waste by waste management operations,A,Annual,GEN,Waste generated,THS_T,Thousand tonnes,EU27_2020,European Union - 27 countries (from 2020),2019,,225350,,i,value imputed by Eurostat or other receiving agencies,,
dataflow,ESTAT:ENV_WASMUN(1.0),Municipal waste by waste management operations,A,Annual,GEN,Waste generated,THS_T,Thousand tonnes,EU27_2020,European Union - 27 countries (from 2020),2020,,232870,,,,,
dataflow,ESTAT:ENV_WASMUN(1.0),Municipal waste by waste management operations,A,Annual,GEN,Waste generated,THS_T,Thousand tonnes,EU27_2020,European Union - 27 countries (from 2020),2021,,238229,,i,value imputed by Eurostat or other receiving agencies,,
dataflow,ESTAT:ENV_WASMUN(1.0),Municipal waste by waste management operations,A,Annual,GEN,Waste generated,THS_T,Thousand tonnes,EU27_2020,European Union - 27 countries (from 2020),2022,,230180,,i,value imputed by Eurostat or other receiving agencies,,
dataflow,ESTAT:ENV_WASMUN(1.0),Municipal waste by waste management operations,A,Annual,GEN,Waste generated,THS_T,Thousand tonnes,EU27_2020,European Union - 27 countries (from 2020),2023,,229129,,i,value imputed by Eurostat or other receiving agencies,,
dataflow,ESTAT:ENV_WASMUN(1.0),Municipal waste by waste management operations,A,Annual,GEN,Waste generated,THS_T,Thousand tonnes,FI,Finland,1995,,2109,,,,,
dataflow,ESTAT:ENV_WASMUN(1.0),Municipal waste by waste management operations,A,Annual,GEN,Waste generated,THS_T,Thousand tonnes,FI,Finland,1996,,2100,,,,,
dataflow,ESTAT:ENV_WASMUN(1.0),Municipal waste by waste management operations,A,Annual,GEN,Waste generated,THS_T,Thousand tonnes,FI,Finland,1997,,2300,,,,,
dataflow,ESTAT:ENV_WASMUN(1.0),Municipal waste by waste management operations,A,Annual,GEN,Waste generated,THS_T,Thousand tonnes,FI,Finland,1998,,2400,,,,,
dataflow,ESTAT:ENV_WASMUN(1.0),Municipal waste by waste management operations,A,Annual,GEN,Waste generated,THS_T,Thousand tonnes,FI,Finland,1999,,2500,,,,,
dataflow,ESTAT:ENV_WASMUN(1.0),Municipal waste by waste management operations,A,Annual,GEN,Waste generated,THS_T,Thousand tonnes,FI,Finland,2000,,2600,,,,,
dataflow,ESTAT:ENV_WASMUN(1.0),Municipal waste by waste management operations,A,Annual,GEN,Waste generated,THS_T,Thousand tonnes,FI,Finland,2001,,2412,,,,,
dataflow,ESTAT:ENV_WASMUN(1.0),Municipal waste by waste management operations,A,Annual,GEN,Waste generated,THS_T,Thousand tonnes,FI,Finland,2002,,2384,,,,,
dataflow,ESTAT:ENV_WASMUN(1.0),Municipal waste by waste management operations,A,Annual,GEN,Waste generated,THS_T,Thousand tonnes,FI,Finland,2003,,2428,,,,,
dataflow,ESTAT:ENV_WASMUN(1.0),Municipal waste by waste management operations,A,Annual,GEN,Waste generated,THS_T,Thousand tonnes,FI,Finland,2004,,2453,,,,,
dataflow,ESTAT:ENV_WASMUN(1.0),Municipal waste by waste management operations,A,Annual,GEN,Waste generated,THS_T,Thousand tonnes,FI,Finland,2005,,2506,,,,,
dataflow,ESTAT:ENV_WASMUN(1.0),Municipal waste by waste management operations,A,Annual,GEN,Waste generated,THS_T,Thousand tonnes,FI,Finland,2006,,2600,,,,,
dataflow,ESTAT:ENV_WASMUN(1.0),Municipal waste by waste management operations,A,Annual,GEN,Waste generated,THS_T,Thousand tonnes,FI,Finland,2007,,2675,,,,,
dataflow,ESTAT:ENV_WASMUN(1.0),Municipal waste by waste management operations,A,Annual,GEN,Waste generated,THS_T,Thousand tonnes,FI,Finland,2008,,2768,,,,,
dataflow,ESTAT:ENV_WASMUN(1.0),Municipal waste by waste management operations,A,Annual,GEN,Waste generated,THS_T,Thousand tonnes,FI,Finland,2009,,2562,,,,,
dataflow,ESTAT:ENV_WASMUN(1.0),Municipal waste by waste management operations,A,Annual,GEN,Waste generated,THS_T,Thousand tonnes,FI,Finland,2010,,2519,,,,,
dataflow,ESTAT:ENV_WASMUN(1.0),Municipal waste by waste management operations,A,Annual,GEN,Waste generated,THS_T,Thousand tonnes,FI,Finland,2011,,2719,,,,,
dataflow,ESTAT:ENV_WASMUN(1.0),Municipal waste by waste management operations,A,Annual,GEN,Waste generated,THS_T,Thousand tonnes,FI,Finland,2012,,2738,,,,,
dataflow,ESTAT:ENV_WASMUN(1.0),Municipal waste by waste management operations,A,Annual,GEN,Waste generated,THS_T,Thousand tonnes,FI,Finland,2013,,2682,,,,,
dataflow,ESTAT:ENV_WASMUN(1.0),Municipal waste by waste management operations,A,Annual,GEN,Waste generated,THS_T,Thousand tonnes,FI,Finland,2014,,2630,,,,,
dataflow,ESTAT:ENV_WASMUN(1.0),Municipal waste by waste management operations,A,Annual,GEN,Waste generated,THS_T,Thousand tonnes,FI,Finland,2015,,2738,,,,,
dataflow,ESTAT:ENV_WASMUN(1.0),Municipal waste by waste management operations,A,Annual,GEN,Waste generated,THS_T,Thousand tonnes,FI,Finland,2016,,2768,,,,,
dataflow,ESTAT:ENV_WASMUN(1.0),Municipal waste by waste management operations,A,Annual,GEN,Waste generated,THS_T,Thousand tonnes,FI,Finland,2017,,2812,,,,,
dataflow,ESTAT:ENV_WASMUN(1.0),Municipal waste by waste management operations,A,Annual,GEN,Waste generated,THS_T,Thousand tonnes,FI,Finland,2018,,3041,,,,,
dataflow,ESTAT:ENV_WASMUN(1.0),Municipal waste by waste management operations,A,Annual,GEN,Waste generated,THS_T,Thousand tonnes,FI,Finland,2019,,3123,,,,,
dataflow,ESTAT:ENV_WASMUN(1.0),Municipal waste by waste management operations,A,Annual,GEN,Waste generated,THS_T,Thousand tonnes,FI,Finland,2020,,3370,,,,,
dataflow,ESTAT:ENV_WASMUN(1.0),Municipal waste by waste management operations,A,Annual,GEN,Waste generated,THS_T,Thousand tonnes,FI,Finland,2021,,3491,,,,,
dataflow,ESTAT:ENV_WASMUN(1.0),Municipal waste by waste management operations,A,Annual,GEN,Waste generated,THS_T,Thousand tonnes,FI,Finland,2022,,2898,,,,,
dataflow,ESTAT:ENV_WASMUN(1.0),Municipal waste by waste management operations,A,Annual,GEN,Waste generated,THS_T,Thousand tonnes,FI,Finland,2023,,2612,,,,,
dataflow,ESTAT:ENV_WASMUN(1.0),Municipal waste by waste management operations,A,Annual,GEN,Waste generated,THS_T,Thousand tonnes,FR,France,1995,,28253,,,,,
dataflow,ESTAT:ENV_WASMUN(1.0),Municipal waste by waste management operations,A,Annual,GEN,Waste generated,THS_T,Thousand tonnes,FR,France,1996,,28950,,,,,
dataflow,ESTAT:ENV_WASMUN(1.0),Municipal waste by waste management operations,A,Annual,GEN,Waste generated,THS_T,Thousand tonnes,FR,France,1997,,29677,,,,,
dataflow,ESTAT:ENV_WASMUN(1.0),Municipal waste by waste management operations,A,Annual,GEN,Waste generated,THS_T,Thousand tonnes,FR,France,1998,,30449,,,,,
dataflow,ESTAT:ENV_WASMUN(1.0),Municipal waste by waste management operations,A,Annual,GEN,Waste generated,THS_T,Thousand tonnes,FR,France,1999,,30612,,,,,
dataflow,ESTAT:ENV_WASMUN(1.0),Municipal waste by waste management operations,A,Annual,GEN,Waste generated,THS_T,Thousand tonnes,FR,France,2000,,31232,,,,,
dataflow,ESTAT:ENV_WASMUN(1.0),Municipal waste by waste management operations,A,Annual,GEN,Waste generated,THS_T,Thousand tonnes,FR,France,2001,,32198,,,,,
dataflow,ESTAT:ENV_WASMUN(1.0),Municipal waste by waste management operations,A,Annual,GEN,Waste generated,THS_T,Thousand tonnes,FR,France,2002,,32684,,,,,
dataflow,ESTAT:ENV_WASMUN(1.0),Municipal waste by waste management operations,A,Annual,GEN,Waste generated,THS_T,Thousand tonnes,FR,France,2003,,31400,,,,,
dataflow,ESTAT:ENV_WASMUN(1.0),Municipal waste by waste management operations,A,Annual,GEN,Waste generated,THS_T,Thousand tonnes,FR,France,2004,,32444,,,,,
dataflow,ESTAT:ENV_WASMUN(1.0),Municipal waste by waste management operations,A,Annual,GEN,Waste generated,THS_T,Thousand tonnes,FR,France,2005,,33347,,,,,
dataflow,ESTAT:ENV_WASMUN(1.0),Municipal waste by waste management operations,A,Annual,GEN,Waste generated,THS_T,Thousand tonnes,FR,France,2006,,33962,,e,estimated,,
dataflow,ESTAT:ENV_WASMUN(1.0),Municipal waste by waste management operations,A,Annual,GEN,Waste generated,THS_T,Thousand tonnes,FR,France,2007,,34577,,,,,
dataflow,ESTAT:ENV_WASMUN(1.0),Municipal waste by waste management operations,A,Annual,GEN,Waste generated,THS_T,Thousand tonnes,FR,France,2008,,34501,,e,estimated,,
dataflow,ESTAT:ENV_WASMUN(1.0),Municipal waste by waste management operations,A,Annual,GEN,Waste generated,THS_T,Thousand tonnes,FR,France,2009,,34426,,,,,
dataflow,ESTAT:ENV_WASMUN(1.0),Municipal waste by waste management operations,A,Annual,GEN,Waste generated,THS_T,Thousand tonnes,FR,France,2010,,34609,,e,estimated,,
dataflow,ESTAT:ENV_WASMUN(1.0),Municipal waste by waste management operations,A,Annual,GEN,Waste generated,THS_T,Thousand tonnes,FR,France,2011,,34790,,,,,
dataflow,ESTAT:ENV_WASMUN(1.0),Municipal waste by waste management operations,A,Annual,GEN,Waste generated,THS_T,Thousand tonnes,FR,France,2012,,34484,,e,estimated,,
dataflow,ESTAT:ENV_WASMUN(1.0),Municipal waste by waste management operations,A,Annual,GEN,Waste generated,THS_T,Thousand tonnes,FR,France,2013,,34176,,,,,
dataflow,ESTAT:ENV_WASMUN(1.0),Municipal waste by waste management operations,A,Annual,GEN,Waste generated,THS_T,Thousand tonnes,FR,France,2014,,34260,,e,estimated,,
dataflow,ESTAT:ENV_WASMUN(1.0),Municipal waste by waste management operations,A,Annual,GEN,Waste generated,THS_T,Thousand tonnes,FR,France,2015,,34344,,,,,
dataflow,ESTAT:ENV_WASMUN(1.0),Municipal waste by waste management operations,A,Annual,GEN,Waste generated,THS_T,Thousand tonnes,FR,France,2016,,36891,,e,estimated,,
dataflow,ESTAT:ENV_WASMUN(1.0),Municipal waste by waste management operations,A,Annual,GEN,Waste generated,THS_T,Thousand tonnes,FR,France,2017,,37357,,e,estimated,,
dataflow,ESTAT:ENV_WASMUN(1.0),Municipal waste by waste management operations,A,Annual,GEN,Waste generated,THS_T,Thousand tonnes,FR,France,2018,,37380,,e,estimated,,
dataflow,ESTAT:ENV_WASMUN(1.0),Municipal waste by waste management operations,A,Annual,GEN,Waste generated,THS_T,Thousand tonnes,FR,France,2019,,37407,,e,estimated,,
dataflow,ESTAT:ENV_WASMUN(1.0),Municipal waste by waste management operations,A,Annual,GEN,Waste generated,THS_T,Thousand tonnes,FR,France,2020,,36370,,e,estimated,,
dataflow,ESTAT:ENV_WASMUN(1.0),Municipal waste by waste management operations,A,Annual,GEN,Waste generated,THS_T,Thousand tonnes,FR,France,2021,,38272,,,,,
dataflow,ESTAT:ENV_WASMUN(1.0),Municipal waste by waste management operations,A,Annual,GEN,Waste generated,THS_T,Thousand tonnes,FR,France,2022,,36421,,ep,"estimated, provisional",,
dataflow,ESTAT:ENV_WASMUN(1.0),Municipal waste by waste management operations,A,Annual,GEN,Waste generated,THS_T,Thousand tonnes,FR,France,2023,,36226,,ep,"estimated, provisional",,
dataflow,ESTAT:ENV_WASMUN(1.0),Municipal waste by waste management operations,A,Annual,GEN,Waste generated,THS_T,Thousand tonnes,HR,Croatia,1997,,1015,,e,estimated,,
dataflow,ESTAT:ENV_WASMUN(1.0),Municipal waste by waste management operations,A,Annual,GEN,Waste generated,THS_T,Thousand tonnes,HR,Croatia,2000,,1173,,e,estimated,,
dataflow,ESTAT:ENV_WASMUN(1.0),Municipal waste by waste management operations,A,Annual,GEN,Waste generated,THS_T,Thousand tonnes,HR,Croatia,2004,,1311,,e,estimated,,
dataflow,ESTAT:ENV_WASMUN(1.0),Municipal waste by waste management operations,A,Annual,GEN,Waste generated,THS_T,Thousand tonnes,HR,Croatia,2005,,1449,,e,estimated,,
dataflow,ESTAT:ENV_WASMUN(1.0),Municipal waste by waste management operations,A,Annual,GEN,Waste generated,THS_T,Thousand tonnes,HR,Croatia,2006,,1654,,,,,
dataflow,ESTAT:ENV_WASMUN(1.0),Municipal waste by waste management operations,A,Annual,GEN,Waste generated,THS_T,Thousand tonnes,HR,Croatia,2007,,1719,,,,,
dataflow,ESTAT:ENV_WASMUN(1.0),Municipal waste by waste management operations,A,Annual,GEN,Waste generated,THS_T,Thousand tonnes,HR,Croatia,2008,,1788,,,,,
dataflow,ESTAT:ENV_WASMUN(1.0),Municipal waste by waste management operations,A,Annual,GEN,Waste generated,THS_T,Thousand tonnes,HR,Croatia,2009,,1743,,,,,
dataflow,ESTAT:ENV_WASMUN(1.0),Municipal waste by waste management operations,A,Annual,GEN,Waste generated,THS_T,Thousand tonnes,HR,Croatia,2010,,1630,,,,,
dataflow,ESTAT:ENV_WASMUN(1.0),Municipal waste by waste management operations,A,Annual,GEN,Waste generated,THS_T,Thousand tonnes,HR,Croatia,2011,,1645,,,,,
dataflow,ESTAT:ENV_WASMUN(1.0),Municipal waste by waste management operations,A,Annual,GEN,Waste generated,THS_T,Thousand tonnes,HR,Croatia,2012,,1670,,,,,
dataflow,ESTAT:ENV_WASMUN(1.0),Municipal waste by waste management operations,A,Annual,GEN,Waste generated,THS_T,Thousand tonnes,HR,Croatia,2013,,1721,,,,,
dataflow,ESTAT:ENV_WASMUN(1.0),Municipal waste by waste management operations,A,Annual,GEN,Waste generated,THS_T,Thousand tonnes,HR,Croatia,2014,,1637,,,,,
dataflow,ESTAT:ENV_WASMUN(1.0),Municipal waste by waste management operations,A,Annual,GEN,Waste generated,THS_T,Thousand tonnes,HR,Croatia,2015,,1654,,,,,
dataflow,ESTAT:ENV_WASMUN(1.0),Municipal waste by waste management operations,A,Annual,GEN,Waste generated,THS_T,Thousand tonnes,HR,Croatia,2016,,1680,,,,,
dataflow,ESTAT:ENV_WASMUN(1.0),Municipal waste by waste management operations,A,Annual,GEN,Waste generated,THS_T,Thousand tonnes,HR,Croatia,2017,,1716,,,,,
dataflow,ESTAT:ENV_WASMUN(1.0),Municipal waste by waste management operations,A,Annual,GEN,Waste generated,THS_T,Thousand tonnes,HR,Croatia,2018,,1768,,,,,
dataflow,ESTAT:ENV_WASMUN(1.0),Municipal waste by waste management operations,A,Annual,GEN,Waste generated,THS_T,Thousand tonnes,HR,Croatia,2019,,1812,,,,,
dataflow,ESTAT:ENV_WASMUN(1.0),Municipal waste by waste management operations,A,Annual,GEN,Waste generated,THS_T,Thousand tonnes,HR,Croatia,2020,,1693,,,,,
dataflow,ESTAT:ENV_WASMUN(1.0),Municipal waste by waste management operations,A,Annual,GEN,Waste generated,THS_T,Thousand tonnes,HR,Croatia,2021,,1767,,,,,
dataflow,ESTAT:ENV_WASMUN(1.0),Municipal waste by waste management operations,A,Annual,GEN,Waste generated,THS_T,Thousand tonnes,HR,Croatia,2022,,1844,,,,,
dataflow,ESTAT:ENV_WASMUN(1.0),Municipal waste by waste management operations,A,Annual,GEN,Waste generated,THS_T,Thousand tonnes,HR,Croatia,2023,,1833,,,,,
dataflow,ESTAT:ENV_WASMUN(1.0),Municipal waste by waste management operations,A,Annual,GEN,Waste generated,THS_T,Thousand tonnes,HU,Hungary,1995,,4752,,,,,
dataflow,ESTAT:ENV_WASMUN(1.0),Municipal waste by waste management operations,A,Annual,GEN,Waste generated,THS_T,Thousand tonnes,HU,Hungary,1996,,4834,,,,,
dataflow,ESTAT:ENV_WASMUN(1.0),Municipal waste by waste management operations,A,Annual,GEN,Waste generated,THS_T,Thousand tonnes,HU,Hungary,1997,,5016,,,,,
dataflow,ESTAT:ENV_WASMUN(1.0),Municipal waste by waste management operations,A,Annual,GEN,Waste generated,THS_T,Thousand tonnes,HU,Hungary,1998,,4976,,,,,
dataflow,ESTAT:ENV_WASMUN(1.0),Municipal waste by waste management operations,A,Annual,GEN,Waste generated,THS_T,Thousand tonnes,HU,Hungary,1999,,4943,,,,,
dataflow,ESTAT:ENV_WASMUN(1.0),Municipal waste by waste management operations,A,Annual,GEN,Waste generated,THS_T,Thousand tonnes,HU,Hungary,2000,,4552,,b,break in time series,,
dataflow,ESTAT:ENV_WASMUN(1.0),Municipal waste by waste management operations,A,Annual,GEN,Waste generated,THS_T,Thousand tonnes,HU,Hungary,2001,,4603,,,,,
dataflow,ESTAT:ENV_WASMUN(1.0),Municipal waste by waste management operations,A,Annual,GEN,Waste generated,THS_T,Thousand tonnes,HU,Hungary,2002,,4646,,,,,
dataflow,ESTAT:ENV_WASMUN(1.0),Municipal waste by waste management operations,A,Annual,GEN,Waste generated,THS_T,Thousand tonnes,HU,Hungary,2003,,4700,,,,,
dataflow,ESTAT:ENV_WASMUN(1.0),Municipal waste by waste management operations,A,Annual,GEN,Waste generated,THS_T,Thousand tonnes,HU,Hungary,2004,,4592,,,,,
dataflow,ESTAT:ENV_WASMUN(1.0),Municipal waste by waste management operations,A,Annual,GEN,Waste generated,THS_T,Thousand tonnes,HU,Hungary,2005,,4646,,,,,
dataflow,ESTAT:ENV_WASMUN(1.0),Municipal waste by waste management operations,A,Annual,GEN,Waste generated,THS_T,Thousand tonnes,HU,Hungary,2006,,4711,,,,,
dataflow,ESTAT:ENV_WASMUN(1.0),Municipal waste by waste management operations,A,Annual,GEN,Waste generated,THS_T,Thousand tonnes,HU,Hungary,2007,,4594,,,,,
dataflow,ESTAT:ENV_WASMUN(1.0),Municipal waste by waste management operations,A,Annual,GEN,Waste generated,THS_T,Thousand tonnes,HU,Hungary,2008,,4553,,,,,
dataflow,ESTAT:ENV_WASMUN(1.0),Municipal waste by waste management operations,A,Annual,GEN,Waste generated,THS_T,Thousand tonnes,HU,Hungary,2009,,4312,,,,,
dataflow,ESTAT:ENV_WASMUN(1.0),Municipal waste by waste management operations,A,Annual,GEN,Waste generated,THS_T,Thousand tonnes,HU,Hungary,2010,,4033,,,,,
dataflow,ESTAT:ENV_WASMUN(1.0),Municipal waste by waste management operations,A,Annual,GEN,Waste generated,THS_T,Thousand tonnes,HU,Hungary,2011,,3809,,,,,
dataflow,ESTAT:ENV_WASMUN(1.0),Municipal waste by waste management operations,A,Annual,GEN,Waste generated,THS_T,Thousand tonnes,HU,Hungary,2012,,3988,,,,,
dataflow,ESTAT:ENV_WASMUN(1.0),Municipal waste by waste management operations,A,Annual,GEN,Waste generated,THS_T,Thousand tonnes,HU,Hungary,2013,,3738,,,,,
dataflow,ESTAT:ENV_WASMUN(1.0),Municipal waste by waste management operations,A,Annual,GEN,Waste generated,THS_T,Thousand tonnes,HU,Hungary,2014,,3795,,,,,
dataflow,ESTAT:ENV_WASMUN(1.0),Municipal waste by waste management operations,A,Annual,GEN,Waste generated,THS_T,Thousand tonnes,HU,Hungary,2015,,3712,,,,,
dataflow,ESTAT:ENV_WASMUN(1.0),Municipal waste by waste management operations,A,Annual,GEN,Waste generated,THS_T,Thousand tonnes,HU,Hungary,2016,,3721,,,,,
dataflow,ESTAT:ENV_WASMUN(1.0),Municipal waste by waste management operations,A,Annual,GEN,Waste generated,THS_T,Thousand tonnes,HU,Hungary,2017,,3768,,,,,
dataflow,ESTAT:ENV_WASMUN(1.0),Municipal waste by waste management operations,A,Annual,GEN,Waste generated,THS_T,Thousand tonnes,HU,Hungary,2018,,3729,,,,,
dataflow,ESTAT:ENV_WASMUN(1.0),Municipal waste by waste management operations,A,Annual,GEN,Waste generated,THS_T,Thousand tonnes,HU,Hungary,2019,,3780,,,,,
dataflow,ESTAT:ENV_WASMUN(1.0),Municipal waste by waste management operations,A,Annual,GEN,Waste generated,THS_T,Thousand tonnes,HU,Hungary,2020,,3931,,,,,
dataflow,ESTAT:ENV_WASMUN(1.0),Municipal waste by waste management operations,A,Annual,GEN,Waste generated,THS_T,Thousand tonnes,HU,Hungary,2021,,4042,,,,,
dataflow,ESTAT:ENV_WASMUN(1.0),Municipal waste by waste management operations,A,Annual,GEN,Waste generated,THS_T,Thousand tonnes,HU,Hungary,2022,,3911,,,,,
dataflow,ESTAT:ENV_WASMUN(1.0),Municipal waste by waste management operations,A,Annual,GEN,Waste generated,THS_T,Thousand tonnes,HU,Hungary,2023,,4115,,,,,
dataflow,ESTAT:ENV_WASMUN(1.0),Municipal waste by waste management operations,A,Annual,GEN,Waste generated,THS_T,Thousand tonnes,IE,Ireland,1995,,1848,,,,,
dataflow,ESTAT:ENV_WASMUN(1.0),Municipal waste by waste management operations,A,Annual,GEN,Waste generated,THS_T,Thousand tonnes,IE,Ireland,1996,,1898,,,,,
dataflow,ESTAT:ENV_WASMUN(1.0),Municipal waste by waste management operations,A,Annual,GEN,Waste generated,THS_T,Thousand tonnes,IE,Ireland,1997,,2000,,,,,
dataflow,ESTAT:ENV_WASMUN(1.0),Municipal waste by waste management operations,A,Annual,GEN,Waste generated,THS_T,Thousand tonnes,IE,Ireland,1998,,2057,,,,,
dataflow,ESTAT:ENV_WASMUN(1.0),Municipal waste by waste management operations,A,Annual,GEN,Waste generated,THS_T,Thousand tonnes,IE,Ireland,1999,,2168,,,,,
dataflow,ESTAT:ENV_WASMUN(1.0),Municipal waste by waste management operations,A,Annual,GEN,Waste generated,THS_T,Thousand tonnes,IE,Ireland,2000,,2279,,,,,
dataflow,ESTAT:ENV_WASMUN(1.0),Municipal waste by waste management operations,A,Annual,GEN,Waste generated,THS_T,Thousand tonnes,IE,Ireland,2001,,2704,,,,,
dataflow,ESTAT:ENV_WASMUN(1.0),Municipal waste by waste management operations,A,Annual,GEN,Waste generated,THS_T,Thousand tonnes,IE,Ireland,2002,,2720,,,,,
dataflow,ESTAT:ENV_WASMUN(1.0),Municipal waste by waste management operations,A,Annual,GEN,Waste generated,THS_T,Thousand tonnes,IE,Ireland,2003,,2918,,b,break in time series,,
dataflow,ESTAT:ENV_WASMUN(1.0),Municipal waste by waste management operations,A,Annual,GEN,Waste generated,THS_T,Thousand tonnes,IE,Ireland,2004,,3001,,,,,
dataflow,ESTAT:ENV_WASMUN(1.0),Municipal waste by waste management operations,A,Annual,GEN,Waste generated,THS_T,Thousand tonnes,IE,Ireland,2005,,3041,,,,,
dataflow,ESTAT:ENV_WASMUN(1.0),Municipal waste by waste management operations,A,Annual,GEN,Waste generated,THS_T,Thousand tonnes,IE,Ireland,2006,,3385,,,,,
dataflow,ESTAT:ENV_WASMUN(1.0),Municipal waste by waste management operations,A,Annual,GEN,Waste generated,THS_T,Thousand tonnes,IE,Ireland,2007,,3398,,,,,
dataflow,ESTAT:ENV_WASMUN(1.0),Municipal waste by waste management operations,A,Annual,GEN,Waste generated,THS_T,Thousand tonnes,IE,Ireland,2008,,3224,,,,,
dataflow,ESTAT:ENV_WASMUN(1.0),Municipal waste by waste management operations,A,Annual,GEN,Waste generated,THS_T,Thousand tonnes,IE,Ireland,2009,,2953,,,,,
dataflow,ESTAT:ENV_WASMUN(1.0),Municipal waste by waste management operations,A,Annual,GEN,Waste generated,THS_T,Thousand tonnes,IE,Ireland,2010,,2846,,,,,
dataflow,ESTAT:ENV_WASMUN(1.0),Municipal waste by waste management operations,A,Annual,GEN,Waste generated,THS_T,Thousand tonnes,IE,Ireland,2011,,2823,,,,,
dataflow,ESTAT:ENV_WASMUN(1.0),Municipal waste by waste management operations,A,Annual,GEN,Waste generated,THS_T,Thousand tonnes,IE,Ireland,2012,,2693,,,,,
dataflow,ESTAT:ENV_WASMUN(1.0),Municipal waste by waste management operations,A,Annual,GEN,Waste generated,THS_T,Thousand tonnes,IE,Ireland,2014,,2619,,b,break in time series,,
dataflow,ESTAT:ENV_WASMUN(1.0),Municipal waste by waste management operations,A,Annual,GEN,Waste generated,THS_T,Thousand tonnes,IE,Ireland,2016,,2763,,,,,
dataflow,ESTAT:ENV_WASMUN(1.0),Municipal waste by waste management operations,A,Annual,GEN,Waste generated,THS_T,Thousand tonnes,IE,Ireland,2017,,2768,,,,,
dataflow,ESTAT:ENV_WASMUN(1.0),Municipal waste by waste management operations,A,Annual,GEN,Waste generated,THS_T,Thousand tonnes,IE,Ireland,2018,,2912,,,,,
dataflow,ESTAT:ENV_WASMUN(1.0),Municipal waste by waste management operations,A,Annual,GEN,Waste generated,THS_T,Thousand tonnes,IE,Ireland,2019,,3086,,,,,
dataflow,ESTAT:ENV_WASMUN(1.0),Municipal waste by waste management operations,A,Annual,GEN,Waste generated,THS_T,Thousand tonnes,IE,Ireland,2020,,3210,,b,break in time series,,
dataflow,ESTAT:ENV_WASMUN(1.0),Municipal waste by waste management operations,A,Annual,GEN,Waste generated,THS_T,Thousand tonnes,IS,Iceland,1995,,114,,,,,
dataflow,ESTAT:ENV_WASMUN(1.0),Municipal waste by waste management operations,A,Annual,GEN,Waste generated,THS_T,Thousand tonnes,IS,Iceland,1996,,117,,,,,
dataflow,ESTAT:ENV_WASMUN(1.0),Municipal waste by waste management operations,A,Annual,GEN,Waste generated,THS_T,Thousand tonnes,IS,Iceland,1997,,120,,,,,
dataflow,ESTAT:ENV_WASMUN(1.0),Municipal waste by waste management operations,A,Annual,GEN,Waste generated,THS_T,Thousand tonnes,IS,Iceland,1998,,123,,,,,
dataflow,ESTAT:ENV_WASMUN(1.0),Municipal waste by waste management operations,A,Annual,GEN,Waste generated,THS_T,Thousand tonnes,IS,Iceland,1999,,126,,,,,
dataflow,ESTAT:ENV_WASMUN(1.0),Municipal waste by waste management operations,A,Annual,GEN,Waste generated,THS_T,Thousand tonnes,IS,Iceland,2000,,130,,,,,
dataflow,ESTAT:ENV_WASMUN(1.0),Municipal waste by waste management operations,A,Annual,GEN,Waste generated,THS_T,Thousand tonnes,IS,Iceland,2001,,133,,,,,
dataflow,ESTAT:ENV_WASMUN(1.0),Municipal waste by waste management operations,A,Annual,GEN,Waste generated,THS_T,Thousand tonnes,IS,Iceland,2002,,137,,,,,
dataflow,ESTAT:ENV_WASMUN(1.0),Municipal waste by waste management operations,A,Annual,GEN,Waste generated,THS_T,Thousand tonnes,IS,Iceland,2003,,140,,,,,
dataflow,ESTAT:ENV_WASMUN(1.0),Municipal waste by waste management operations,A,Annual,GEN,Waste generated,THS_T,Thousand tonnes,IS,Iceland,2004,,147,,,,,
dataflow,ESTAT:ENV_WASMUN(1.0),Municipal waste by waste management operations,A,Annual,GEN,Waste generated,THS_T,Thousand tonnes,IS,Iceland,2005,,153,,,,,
dataflow,ESTAT:ENV_WASMUN(1.0),Municipal waste by waste management operations,A,Annual,GEN,Waste generated,THS_T,Thousand tonnes,IS,Iceland,2006,,171,,,,,
dataflow,ESTAT:ENV_WASMUN(1.0),Municipal waste by waste management operations,A,Annual,GEN,Waste generated,THS_T,Thousand tonnes,IS,Iceland,2007,,174,,,,,
dataflow,ESTAT:ENV_WASMUN(1.0),Municipal waste by waste management operations,A,Annual,GEN,Waste generated,THS_T,Thousand tonnes,IS,Iceland,2008,,208,,,,,
dataflow,ESTAT:ENV_WASMUN(1.0),Municipal waste by waste management operations,A,Annual,GEN,Waste generated,THS_T,Thousand tonnes,IS,Iceland,2009,,132,,,,,
dataflow,ESTAT:ENV_WASMUN(1.0),Municipal waste by waste management operations,A,Annual,GEN,Waste generated,THS_T,Thousand tonnes,IS,Iceland,2010,,154,,,,,
dataflow,ESTAT:ENV_WASMUN(1.0),Municipal waste by waste management operations,A,Annual,GEN,Waste generated,THS_T,Thousand tonnes,IS,Iceland,2011,,158,,,,,
dataflow,ESTAT:ENV_WASMUN(1.0),Municipal waste by waste management operations,A,Annual,GEN,Waste generated,THS_T,Thousand tonnes,IS,Iceland,2012,,164,,,,,
dataflow,ESTAT:ENV_WASMUN(1.0),Municipal waste by waste management operations,A,Annual,GEN,Waste generated,THS_T,Thousand tonnes,IS,Iceland,2013,,167,,,,,
dataflow,ESTAT:ENV_WASMUN(1.0),Municipal waste by waste management operations,A,Annual,GEN,Waste generated,THS_T,Thousand tonnes,IS,Iceland,2014,,175,,,,,
dataflow,ESTAT:ENV_WASMUN(1.0),Municipal waste by waste management operations,A,Annual,GEN,Waste generated,THS_T,Thousand tonnes,IS,Iceland,2015,,195,,,,,
dataflow,ESTAT:ENV_WASMUN(1.0),Municipal waste by waste management operations,A,Annual,GEN,Waste generated,THS_T,Thousand tonnes,IS,Iceland,2016,,220,,,,,
dataflow,ESTAT:ENV_WASMUN(1.0),Municipal waste by waste management operations,A,Annual,GEN,Waste generated,THS_T,Thousand tonnes,IS,Iceland,2017,,225,,,,,
dataflow,ESTAT:ENV_WASMUN(1.0),Municipal waste by waste management operations,A,Annual,GEN,Waste generated,THS_T,Thousand tonnes,IS,Iceland,2018,,247,,,,,
dataflow,ESTAT:ENV_WASMUN(1.0),Municipal waste by waste management operations,A,Annual,GEN,Waste generated,THS_T,Thousand tonnes,IS,Iceland,2020,,225,,,,,
dataflow,ESTAT:ENV_WASMUN(1.0),Municipal waste by waste management operations,A,Annual,GEN,Waste generated,THS_T,Thousand tonnes,IS,Iceland,2021,,246,,,,,
dataflow,ESTAT:ENV_WASMUN(1.0),Municipal waste by waste management operations,A,Annual,GEN,Waste generated,THS_T,Thousand tonnes,IS,Iceland,2022,,227,,,,,
dataflow,ESTAT:ENV_WASMUN(1.0),Municipal waste by waste management operations,A,Annual,GEN,Waste generated,THS_T,Thousand tonnes,IT,Italy,1995,,25780,,,,,
dataflow,ESTAT:ENV_WASMUN(1.0),Municipal waste by waste management operations,A,Annual,GEN,Waste generated,THS_T,Thousand tonnes,IT,Italy,1996,,25960,,,,,
dataflow,ESTAT:ENV_WASMUN(1.0),Municipal waste by waste management operations,A,Annual,GEN,Waste generated,THS_T,Thousand tonnes,IT,Italy,1997,,26605,,,,,
dataflow,ESTAT:ENV_WASMUN(1.0),Municipal waste by waste management operations,A,Annual,GEN,Waste generated,THS_T,Thousand tonnes,IT,Italy,1998,,26846,,,,,
dataflow,ESTAT:ENV_WASMUN(1.0),Municipal waste by waste management operations,A,Annual,GEN,Waste generated,THS_T,Thousand tonnes,IT,Italy,1999,,28364,,,,,
dataflow,ESTAT:ENV_WASMUN(1.0),Municipal waste by waste management operations,A,Annual,GEN,Waste generated,THS_T,Thousand tonnes,IT,Italy,2000,,28959,,,,,
dataflow,ESTAT:ENV_WASMUN(1.0),Municipal waste by waste management operations,A,Annual,GEN,Waste generated,THS_T,Thousand tonnes,IT,Italy,2001,,29409,,,,,
dataflow,ESTAT:ENV_WASMUN(1.0),Municipal waste by waste management operations,A,Annual,GEN,Waste generated,THS_T,Thousand tonnes,IT,Italy,2002,,29864,,,,,
dataflow,ESTAT:ENV_WASMUN(1.0),Municipal waste by waste management operations,A,Annual,GEN,Waste generated,THS_T,Thousand tonnes,IT,Italy,2003,,30035,,,,,
dataflow,ESTAT:ENV_WASMUN(1.0),Municipal waste by waste management operations,A,Annual,GEN,Waste generated,THS_T,Thousand tonnes,IT,Italy,2004,,31150,,,,,
dataflow,ESTAT:ENV_WASMUN(1.0),Municipal waste by waste management operations,A,Annual,GEN,Waste generated,THS_T,Thousand tonnes,IT,Italy,2005,,31668,,,,,
dataflow,ESTAT:ENV_WASMUN(1.0),Municipal waste by waste management operations,A,Annual,GEN,Waste generated,THS_T,Thousand tonnes,IT,Italy,2006,,32516,,,,,
dataflow,ESTAT:ENV_WASMUN(1.0),Municipal waste by waste management operations,A,Annual,GEN,Waste generated,THS_T,Thousand tonnes,IT,Italy,2007,,32536,,,,,
dataflow,ESTAT:ENV_WASMUN(1.0),Municipal waste by waste management operations,A,Annual,GEN,Waste generated,THS_T,Thousand tonnes,IT,Italy,2008,,32461,,,,,
dataflow,ESTAT:ENV_WASMUN(1.0),Municipal waste by waste management operations,A,Annual,GEN,Waste generated,THS_T,Thousand tonnes,IT,Italy,2009,,32107,,,,,
dataflow,ESTAT:ENV_WASMUN(1.0),Municipal waste by waste management operations,A,Annual,GEN,Waste generated,THS_T,Thousand tonnes,IT,Italy,2010,,32440,,,,,
dataflow,ESTAT:ENV_WASMUN(1.0),Municipal waste by waste management operations,A,Annual,GEN,Waste generated,THS_T,Thousand tonnes,IT,Italy,2011,,31386,,,,,
dataflow,ESTAT:ENV_WASMUN(1.0),Municipal waste by waste management operations,A,Annual,GEN,Waste generated,THS_T,Thousand tonnes,IT,Italy,2012,,29994,,,,,
dataflow,ESTAT:ENV_WASMUN(1.0),Municipal waste by waste management operations,A,Annual,GEN,Waste generated,THS_T,Thousand tonnes,IT,Italy,2013,,29573,,,,,
dataflow,ESTAT:ENV_WASMUN(1.0),Municipal waste by waste management operations,A,Annual,GEN,Waste generated,THS_T,Thousand tonnes,IT,Italy,2014,,29652,,,,,
dataflow,ESTAT:ENV_WASMUN(1.0),Municipal waste by waste management operations,A,Annual,GEN,Waste generated,THS_T,Thousand tonnes,IT,Italy,2015,,29524,,,,,
dataflow,ESTAT:ENV_WASMUN(1.0),Municipal waste by waste management operations,A,Annual,GEN,Waste generated,THS_T,Thousand tonnes,IT,Italy,2016,,30112,,,,,
dataflow,ESTAT:ENV_WASMUN(1.0),Municipal waste by waste management operations,A,Annual,GEN,Waste generated,THS_T,Thousand tonnes,IT,Italy,2017,,29572,,,,,
dataflow,ESTAT:ENV_WASMUN(1.0),Municipal waste by waste management operations,A,Annual,GEN,Waste generated,THS_T,Thousand tonnes,IT,Italy,2018,,30165,,,,,
dataflow,ESTAT:ENV_WASMUN(1.0),Municipal waste by waste management operations,A,Annual,GEN,Waste generated,THS_T,Thousand tonnes,IT,Italy,2019,,30023,,,,,
dataflow,ESTAT:ENV_WASMUN(1.0),Municipal waste by waste management operations,A,Annual,GEN,Waste generated,THS_T,Thousand tonnes,IT,Italy,2020,,28945,,,,,
dataflow,ESTAT:ENV_WASMUN(1.0),Municipal waste by waste management operations,A,Annual,GEN,Waste generated,THS_T,Thousand tonnes,IT,Italy,2021,,29254,,,,,
dataflow,ESTAT:ENV_WASMUN(1.0),Municipal waste by waste management operations,A,Annual,GEN,Waste generated,THS_T,Thousand tonnes,IT,Italy,2022,,28692,,,,,
dataflow,ESTAT:ENV_WASMUN(1.0),Municipal waste by waste management operations,A,Annual,GEN,Waste generated,THS_T,Thousand tonnes,LT,Lithuania,1995,,1546,,,,,
dataflow,ESTAT:ENV_WASMUN(1.0),Municipal waste by waste management operations,A,Annual,GEN,Waste generated,THS_T,Thousand tonnes,LT,Lithuania,1996,,1445,,,,,
dataflow,ESTAT:ENV_WASMUN(1.0),Municipal waste by waste management operations,A,Annual,GEN,Waste generated,THS_T,Thousand tonnes,LT,Lithuania,1997,,1510,,,,,
dataflow,ESTAT:ENV_WASMUN(1.0),Municipal waste by waste management operations,A,Annual,GEN,Waste generated,THS_T,Thousand tonnes,LT,Lithuania,1998,,1578,,,,,
dataflow,ESTAT:ENV_WASMUN(1.0),Municipal waste by waste management operations,A,Annual,GEN,Waste generated,THS_T,Thousand tonnes,LT,Lithuania,1999,,1236,,b,break in time series,,
dataflow,ESTAT:ENV_WASMUN(1.0),Municipal waste by waste management operations,A,Annual,GEN,Waste generated,THS_T,Thousand tonnes,LT,Lithuania,2000,,1276,,,,,
dataflow,ESTAT:ENV_WASMUN(1.0),Municipal waste by waste management operations,A,Annual,GEN,Waste generated,THS_T,Thousand tonnes,LT,Lithuania,2001,,1313,,,,,
dataflow,ESTAT:ENV_WASMUN(1.0),Municipal waste by waste management operations,A,Annual,GEN,Waste generated,THS_T,Thousand tonnes,LT,Lithuania,2002,,1395,,,,,
dataflow,ESTAT:ENV_WASMUN(1.0),Municipal waste by waste management operations,A,Annual,GEN,Waste generated,THS_T,Thousand tonnes,LT,Lithuania,2003,,1328,,,,,
dataflow,ESTAT:ENV_WASMUN(1.0),Municipal waste by waste management operations,A,Annual,GEN,Waste generated,THS_T,Thousand tonnes,LT,Lithuania,2004,,1260,,,,,
dataflow,ESTAT:ENV_WASMUN(1.0),Municipal waste by waste management operations,A,Annual,GEN,Waste generated,THS_T,Thousand tonnes,LT,Lithuania,2005,,1287,,,,,
dataflow,ESTAT:ENV_WASMUN(1.0),Municipal waste by waste management operations,A,Annual,GEN,Waste generated,THS_T,Thousand tonnes,LT,Lithuania,2006,,1326,,,,,
dataflow,ESTAT:ENV_WASMUN(1.0),Municipal waste by waste management operations,A,Annual,GEN,Waste generated,THS_T,Thousand tonnes,LT,Lithuania,2007,,1354,,,,,
dataflow,ESTAT:ENV_WASMUN(1.0),Municipal waste by waste management operations,A,Annual,GEN,Waste generated,THS_T,Thousand tonnes,LT,Lithuania,2008,,1369,,,,,
dataflow,ESTAT:ENV_WASMUN(1.0),Municipal waste by waste management operations,A,Annual,GEN,Waste generated,THS_T,Thousand tonnes,LT,Lithuania,2009,,1206,,,,,
dataflow,ESTAT:ENV_WASMUN(1.0),Municipal waste by waste management operations,A,Annual,GEN,Waste generated,THS_T,Thousand tonnes,LT,Lithuania,2010,,1253,,,,,
dataflow,ESTAT:ENV_WASMUN(1.0),Municipal waste by waste management operations,A,Annual,GEN,Waste generated,THS_T,Thousand tonnes,LT,Lithuania,2011,,1339,,,,,
dataflow,ESTAT:ENV_WASMUN(1.0),Municipal waste by waste management operations,A,Annual,GEN,Waste generated,THS_T,Thousand tonnes,LT,Lithuania,2012,,1330,,,,,
dataflow,ESTAT:ENV_WASMUN(1.0),Municipal waste by waste management operations,A,Annual,GEN,Waste generated,THS_T,Thousand tonnes,LT,Lithuania,2013,,1280,,,,,
dataflow,ESTAT:ENV_WASMUN(1.0),Municipal waste by waste management operations,A,Annual,GEN,Waste generated,THS_T,Thousand tonnes,LT,Lithuania,2014,,1270,,,,,
dataflow,ESTAT:ENV_WASMUN(1.0),Municipal waste by waste management operations,A,Annual,GEN,Waste generated,THS_T,Thousand tonnes,LT,Lithuania,2015,,1300,,,,,
dataflow,ESTAT:ENV_WASMUN(1.0),Municipal waste by waste management operations,A,Annual,GEN,Waste generated,THS_T,Thousand tonnes,LT,Lithuania,2016,,1272,,,,,
dataflow,ESTAT:ENV_WASMUN(1.0),Municipal waste by waste management operations,A,Annual,GEN,Waste generated,THS_T,Thousand tonnes,LT,Lithuania,2017,,1286,,,,,
dataflow,ESTAT:ENV_WASMUN(1.0),Municipal waste by waste management operations,A,Annual,GEN,Waste generated,THS_T,Thousand tonnes,LT,Lithuania,2018,,1301,,,,,
dataflow,ESTAT:ENV_WASMUN(1.0),Municipal waste by waste management operations,A,Annual,GEN,Waste generated,THS_T,Thousand tonnes,LT,Lithuania,2019,,1319,,,,,
dataflow,ESTAT:ENV_WASMUN(1.0),Municipal waste by waste management operations,A,Annual,GEN,Waste generated,THS_T,Thousand tonnes,LT,Lithuania,2020,,1350,,,,,
dataflow,ESTAT:ENV_WASMUN(1.0),Municipal waste by waste management operations,A,Annual,GEN,Waste generated,THS_T,Thousand tonnes,LT,Lithuania,2021,,1345,,,,,
dataflow,ESTAT:ENV_WASMUN(1.0),Municipal waste by waste management operations,A,Annual,GEN,Waste generated,THS_T,Thousand tonnes,LT,Lithuania,2022,,1317,,,,,
dataflow,ESTAT:ENV_WASMUN(1.0),Municipal waste by waste management operations,A,Annual,GEN,Waste generated,THS_T,Thousand tonnes,LT,Lithuania,2023,,1282,,,,,
dataflow,ESTAT:ENV_WASMUN(1.0),Municipal waste by waste management operations,A,Annual,GEN,Waste generated,THS_T,Thousand tonnes,LU,Luxembourg,1995,,240,,,,,
dataflow,ESTAT:ENV_WASMUN(1.0),Municipal waste by waste management operations,A,Annual,GEN,Waste generated,THS_T,Thousand tonnes,LU,Luxembourg,1996,,242,,,,,
dataflow,ESTAT:ENV_WASMUN(1.0),Municipal waste by waste management operations,A,Annual,GEN,Waste generated,THS_T,Thousand tonnes,LU,Luxembourg,1997,,253,,,,,
dataflow,ESTAT:ENV_WASMUN(1.0),Municipal waste by waste management operations,A,Annual,GEN,Waste generated,THS_T,Thousand tonnes,LU,Luxembourg,1998,,266,,,,,
dataflow,ESTAT:ENV_WASMUN(1.0),Municipal waste by waste management operations,A,Annual,GEN,Waste generated,THS_T,Thousand tonnes,LU,Luxembourg,1999,,278,,,,,
dataflow,ESTAT:ENV_WASMUN(1.0),Municipal waste by waste management operations,A,Annual,GEN,Waste generated,THS_T,Thousand tonnes,LU,Luxembourg,2000,,285,,,,,
dataflow,ESTAT:ENV_WASMUN(1.0),Municipal waste by waste management operations,A,Annual,GEN,Waste generated,THS_T,Thousand tonnes,LU,Luxembourg,2001,,285,,,,,
dataflow,ESTAT:ENV_WASMUN(1.0),Municipal waste by waste management operations,A,Annual,GEN,Waste generated,THS_T,Thousand tonnes,LU,Luxembourg,2002,,291,,,,,
dataflow,ESTAT:ENV_WASMUN(1.0),Municipal waste by waste management operations,A,Annual,GEN,Waste generated,THS_T,Thousand tonnes,LU,Luxembourg,2003,,306,,,,,
dataflow,ESTAT:ENV_WASMUN(1.0),Municipal waste by waste management operations,A,Annual,GEN,Waste generated,THS_T,Thousand tonnes,LU,Luxembourg,2004,,311,,,,,
dataflow,ESTAT:ENV_WASMUN(1.0),Municipal waste by waste management operations,A,Annual,GEN,Waste generated,THS_T,Thousand tonnes,LU,Luxembourg,2005,,313,,,,,
dataflow,ESTAT:ENV_WASMUN(1.0),Municipal waste by waste management operations,A,Annual,GEN,Waste generated,THS_T,Thousand tonnes,LU,Luxembourg,2006,,323,,,,,
dataflow,ESTAT:ENV_WASMUN(1.0),Municipal waste by waste management operations,A,Annual,GEN,Waste generated,THS_T,Thousand tonnes,LU,Luxembourg,2007,,333,,,,,
dataflow,ESTAT:ENV_WASMUN(1.0),Municipal waste by waste management operations,A,Annual,GEN,Waste generated,THS_T,Thousand tonnes,LU,Luxembourg,2008,,341,,,,,
dataflow,ESTAT:ENV_WASMUN(1.0),Municipal waste by waste management operations,A,Annual,GEN,Waste generated,THS_T,Thousand tonnes,LU,Luxembourg,2009,,338,,,,,
dataflow,ESTAT:ENV_WASMUN(1.0),Municipal waste by waste management operations,A,Annual,GEN,Waste generated,THS_T,Thousand tonnes,LU,Luxembourg,2010,,344,,,,,
dataflow,ESTAT:ENV_WASMUN(1.0),Municipal waste by waste management operations,A,Annual,GEN,Waste generated,THS_T,Thousand tonnes,LU,Luxembourg,2011,,345,,,,,
dataflow,ESTAT:ENV_WASMUN(1.0),Municipal waste by waste management operations,A,Annual,GEN,Waste generated,THS_T,Thousand tonnes,LU,Luxembourg,2012,,346,,,,,
dataflow,ESTAT:ENV_WASMUN(1.0),Municipal waste by waste management operations,A,Annual,GEN,Waste generated,THS_T,Thousand tonnes,LU,Luxembourg,2013,,335,,,,,
dataflow,ESTAT:ENV_WASMUN(1.0),Municipal waste by waste management operations,A,Annual,GEN,Waste generated,THS_T,Thousand tonnes,LU,Luxembourg,2014,,348,,,,,
dataflow,ESTAT:ENV_WASMUN(1.0),Municipal waste by waste management operations,A,Annual,GEN,Waste generated,THS_T,Thousand tonnes,LU,Luxembourg,2015,,346,,,,,
dataflow,ESTAT:ENV_WASMUN(1.0),Municipal waste by waste management operations,A,Annual,GEN,Waste generated,THS_T,Thousand tonnes,LU,Luxembourg,2016,,474,,b,break in time series,,
dataflow,ESTAT:ENV_WASMUN(1.0),Municipal waste by waste management operations,A,Annual,GEN,Waste generated,THS_T,Thousand tonnes,LU,Luxembourg,2017,,476,,,,,
dataflow,ESTAT:ENV_WASMUN(1.0),Municipal waste by waste management operations,A,Annual,GEN,Waste generated,THS_T,Thousand tonnes,LU,Luxembourg,2018,,488,,,,,
dataflow,ESTAT:ENV_WASMUN(1.0),Municipal waste by waste management operations,A,Annual,GEN,Waste generated,THS_T,Thousand tonnes,LU,Luxembourg,2019,,491,,e,estimated,,
dataflow,ESTAT:ENV_WASMUN(1.0),Municipal waste by waste management operations,A,Annual,GEN,Waste generated,THS_T,Thousand tonnes,LU,Luxembourg,2020,,498,,,,,
dataflow,ESTAT:ENV_WASMUN(1.0),Municipal waste by waste management operations,A,Annual,GEN,Waste generated,THS_T,Thousand tonnes,LU,Luxembourg,2021,,508,,,,,
dataflow,ESTAT:ENV_WASMUN(1.0),Municipal waste by waste management operations,A,Annual,GEN,Waste generated,THS_T,Thousand tonnes,LU,Luxembourg,2022,,471,,,,,
dataflow,ESTAT:ENV_WASMUN(1.0),Municipal waste by waste management operations,A,Annual,GEN,Waste generated,THS_T,Thousand tonnes,LU,Luxembourg,2023,,475,,,,,
dataflow,ESTAT:ENV_WASMUN(1.0),Municipal waste by waste management operations,A,Annual,GEN,Waste generated,THS_T,Thousand tonnes,LV,Latvia,1995,,657,,e,estimated,,
dataflow,ESTAT:ENV_WASMUN(1.0),Municipal waste by waste management operations,A,Annual,GEN,Waste generated,THS_T,Thousand tonnes,LV,Latvia,1996,,650,,e,estimated,,
dataflow,ESTAT:ENV_WASMUN(1.0),Municipal waste by waste management operations,A,Annual,GEN,Waste generated,THS_T,Thousand tonnes,LV,Latvia,1997,,621,,e,estimated,,
dataflow,ESTAT:ENV_WASMUN(1.0),Municipal waste by waste management operations,A,Annual,GEN,Waste generated,THS_T,Thousand tonnes,LV,Latvia,1998,,597,,e,estimated,,
dataflow,ESTAT:ENV_WASMUN(1.0),Municipal waste by waste management operations,A,Annual,GEN,Waste generated,THS_T,Thousand tonnes,LV,Latvia,1999,,613,,e,estimated,,
dataflow,ESTAT:ENV_WASMUN(1.0),Municipal waste by waste management operations,A,Annual,GEN,Waste generated,THS_T,Thousand tonnes,LV,Latvia,2000,,642,,e,estimated,,
dataflow,ESTAT:ENV_WASMUN(1.0),Municipal waste by waste management operations,A,Annual,GEN,Waste generated,THS_T,Thousand tonnes,LV,Latvia,2001,,713,,e,estimated,,
dataflow,ESTAT:ENV_WASMUN(1.0),Municipal waste by waste management operations,A,Annual,GEN,Waste generated,THS_T,Thousand tonnes,LV,Latvia,2002,,793,,b,break in time series,,
dataflow,ESTAT:ENV_WASMUN(1.0),Municipal waste by waste management operations,A,Annual,GEN,Waste generated,THS_T,Thousand tonnes,LV,Latvia,2003,,695,,,,,
dataflow,ESTAT:ENV_WASMUN(1.0),Municipal waste by waste management operations,A,Annual,GEN,Waste generated,THS_T,Thousand tonnes,LV,Latvia,2004,,720,,,,,
dataflow,ESTAT:ENV_WASMUN(1.0),Municipal waste by waste management operations,A,Annual,GEN,Waste generated,THS_T,Thousand tonnes,LV,Latvia,2005,,716,,,,,
dataflow,ESTAT:ENV_WASMUN(1.0),Municipal waste by waste management operations,A,Annual,GEN,Waste generated,THS_T,Thousand tonnes,LV,Latvia,2006,,760,,,,,
dataflow,ESTAT:ENV_WASMUN(1.0),Municipal waste by waste management operations,A,Annual,GEN,Waste generated,THS_T,Thousand tonnes,LV,Latvia,2007,,861,,,,,
dataflow,ESTAT:ENV_WASMUN(1.0),Municipal waste by waste management operations,A,Annual,GEN,Waste generated,THS_T,Thousand tonnes,LV,Latvia,2008,,752,,,,,
dataflow,ESTAT:ENV_WASMUN(1.0),Municipal waste by waste management operations,A,Annual,GEN,Waste generated,THS_T,Thousand tonnes,LV,Latvia,2009,,753,,,,,
dataflow,ESTAT:ENV_WASMUN(1.0),Municipal waste by waste management operations,A,Annual,GEN,Waste generated,THS_T,Thousand tonnes,LV,Latvia,2010,,680,,,,,
dataflow,ESTAT:ENV_WASMUN(1.0),Municipal waste by waste management operations,A,Annual,GEN,Waste generated,THS_T,Thousand tonnes,LV,Latvia,2011,,721,,,,,
dataflow,ESTAT:ENV_WASMUN(1.0),Municipal waste by waste management operations,A,Annual,GEN,Waste generated,THS_T,Thousand tonnes,LV,Latvia,2012,,658,,,,,
dataflow,ESTAT:ENV_WASMUN(1.0),Municipal waste by waste management operations,A,Annual,GEN,Waste generated,THS_T,Thousand tonnes,LV,Latvia,2013,,704,,,,,
dataflow,ESTAT:ENV_WASMUN(1.0),Municipal waste by waste management operations,A,Annual,GEN,Waste generated,THS_T,Thousand tonnes,LV,Latvia,2014,,726,,,,,
dataflow,ESTAT:ENV_WASMUN(1.0),Municipal waste by waste management operations,A,Annual,GEN,Waste generated,THS_T,Thousand tonnes,LV,Latvia,2015,,798,,,,,
dataflow,ESTAT:ENV_WASMUN(1.0),Municipal waste by waste management operations,A,Annual,GEN,Waste generated,THS_T,Thousand tonnes,LV,Latvia,2016,,802,,,,,
dataflow,ESTAT:ENV_WASMUN(1.0),Municipal waste by waste management operations,A,Annual,GEN,Waste generated,THS_T,Thousand tonnes,LV,Latvia,2017,,798,,,,,
dataflow,ESTAT:ENV_WASMUN(1.0),Municipal waste by waste management operations,A,Annual,GEN,Waste generated,THS_T,Thousand tonnes,LV,Latvia,2018,,785,,,,,
dataflow,ESTAT:ENV_WASMUN(1.0),Municipal waste by waste management operations,A,Annual,GEN,Waste generated,THS_T,Thousand tonnes,LV,Latvia,2019,,840,,,,,
dataflow,ESTAT:ENV_WASMUN(1.0),Municipal waste by waste management operations,A,Annual,GEN,Waste generated,THS_T,Thousand tonnes,LV,Latvia,2020,,909,,,,,
dataflow,ESTAT:ENV_WASMUN(1.0),Municipal waste by waste management operations,A,Annual,GEN,Waste generated,THS_T,Thousand tonnes,LV,Latvia,2021,,869,,,,,
dataflow,ESTAT:ENV_WASMUN(1.0),Municipal waste by waste management operations,A,Annual,GEN,Waste generated,THS_T,Thousand tonnes,LV,Latvia,2022,,872,,,,,
dataflow,ESTAT:ENV_WASMUN(1.0),Municipal waste by waste management operations,A,Annual,GEN,Waste generated,THS_T,Thousand tonnes,ME,Montenegro,2011,,326,,e,estimated,,
dataflow,ESTAT:ENV_WASMUN(1.0),Municipal waste by waste management operations,A,Annual,GEN,Waste generated,THS_T,Thousand tonnes,ME,Montenegro,2012,,308,,e,estimated,,
dataflow,ESTAT:ENV_WASMUN(1.0),Municipal waste by waste management operations,A,Annual,GEN,Waste generated,THS_T,Thousand tonnes,ME,Montenegro,2013,,310,,e,estimated,,
dataflow,ESTAT:ENV_WASMUN(1.0),Municipal waste by waste management operations,A,Annual,GEN,Waste generated,THS_T,Thousand tonnes,ME,Montenegro,2014,,298,,e,estimated,,
dataflow,ESTAT:ENV_WASMUN(1.0),Municipal waste by waste management operations,A,Annual,GEN,Waste generated,THS_T,Thousand tonnes,ME,Montenegro,2015,,310,,e,estimated,,
dataflow,ESTAT:ENV_WASMUN(1.0),Municipal waste by waste management operations,A,Annual,GEN,Waste generated,THS_T,Thousand tonnes,ME,Montenegro,2016,,307,,e,estimated,,
dataflow,ESTAT:ENV_WASMUN(1.0),Municipal waste by waste management operations,A,Annual,GEN,Waste generated,THS_T,Thousand tonnes,ME,Montenegro,2017,,305,,e,estimated,,
dataflow,ESTAT:ENV_WASMUN(1.0),Municipal waste by waste management operations,A,Annual,GEN,Waste generated,THS_T,Thousand tonnes,ME,Montenegro,2018,,321,,e,estimated,,
dataflow,ESTAT:ENV_WASMUN(1.0),Municipal waste by waste management operations,A,Annual,GEN,Waste generated,THS_T,Thousand tonnes,ME,Montenegro,2019,,339,,e,estimated,,
dataflow,ESTAT:ENV_WASMUN(1.0),Municipal waste by waste management operations,A,Annual,GEN,Waste generated,THS_T,Thousand tonnes,ME,Montenegro,2020,,302,,e,estimated,,
dataflow,ESTAT:ENV_WASMUN(1.0),Municipal waste by waste management operations,A,Annual,GEN,Waste generated,THS_T,Thousand tonnes,ME,Montenegro,2021,,319,,e,estimated,,
dataflow,ESTAT:ENV_WASMUN(1.0),Municipal waste by waste management operations,A,Annual,GEN,Waste generated,THS_T,Thousand tonnes,ME,Montenegro,2022,,332,,e,estimated,,
dataflow,ESTAT:ENV_WASMUN(1.0),Municipal waste by waste management operations,A,Annual,GEN,Waste generated,THS_T,Thousand tonnes,ME,Montenegro,2023,,353,,e,estimated,,
dataflow,ESTAT:ENV_WASMUN(1.0),Municipal waste by waste management operations,A,Annual,GEN,Waste generated,THS_T,Thousand tonnes,MK,North Macedonia,2008,,714,,e,estimated,,
dataflow,ESTAT:ENV_WASMUN(1.0),Municipal waste by waste management operations,A,Annual,GEN,Waste generated,THS_T,Thousand tonnes,MK,North Macedonia,2009,,726,,b,break in time series,,
dataflow,ESTAT:ENV_WASMUN(1.0),Municipal waste by waste management operations,A,Annual,GEN,Waste generated,THS_T,Thousand tonnes,MK,North Macedonia,2010,,721,,e,estimated,,
dataflow,ESTAT:ENV_WASMUN(1.0),Municipal waste by waste management operations,A,Annual,GEN,Waste generated,THS_T,Thousand tonnes,MK,North Macedonia,2011,,735,,,,,
dataflow,ESTAT:ENV_WASMUN(1.0),Municipal waste by waste management operations,A,Annual,GEN,Waste generated,THS_T,Thousand tonnes,MK,North Macedonia,2012,,786,,,,,
dataflow,ESTAT:ENV_WASMUN(1.0),Municipal waste by waste management operations,A,Annual,GEN,Waste generated,THS_T,Thousand tonnes,MK,North Macedonia,2013,,793,,,,,
dataflow,ESTAT:ENV_WASMUN(1.0),Municipal waste by waste management operations,A,Annual,GEN,Waste generated,THS_T,Thousand tonnes,MK,North Macedonia,2014,,765,,,,,
dataflow,ESTAT:ENV_WASMUN(1.0),Municipal waste by waste management operations,A,Annual,GEN,Waste generated,THS_T,Thousand tonnes,MK,North Macedonia,2015,,786,,,,,
dataflow,ESTAT:ENV_WASMUN(1.0),Municipal waste by waste management operations,A,Annual,GEN,Waste generated,THS_T,Thousand tonnes,MK,North Macedonia,2018,,855,,,,,
dataflow,ESTAT:ENV_WASMUN(1.0),Municipal waste by waste management operations,A,Annual,GEN,Waste generated,THS_T,Thousand tonnes,MK,North Macedonia,2019,,916,,,,,
dataflow,ESTAT:ENV_WASMUN(1.0),Municipal waste by waste management operations,A,Annual,GEN,Waste generated,THS_T,Thousand tonnes,MK,North Macedonia,2020,,913,,e,estimated,,
dataflow,ESTAT:ENV_WASMUN(1.0),Municipal waste by waste management operations,A,Annual,GEN,Waste generated,THS_T,Thousand tonnes,MK,North Macedonia,2021,,896,,e,estimated,,
dataflow,ESTAT:ENV_WASMUN(1.0),Municipal waste by waste management operations,A,Annual,GEN,Waste generated,THS_T,Thousand tonnes,MK,North Macedonia,2022,,857,,e,estimated,,
dataflow,ESTAT:ENV_WASMUN(1.0),Municipal waste by waste management operations,A,Annual,GEN,Waste generated,THS_T,Thousand tonnes,MT,Malta,1995,,146,,e,estimated,,
dataflow,ESTAT:ENV_WASMUN(1.0),Municipal waste by waste management operations,A,Annual,GEN,Waste generated,THS_T,Thousand tonnes,MT,Malta,1996,,156,,e,estimated,,
dataflow,ESTAT:ENV_WASMUN(1.0),Municipal waste by waste management operations,A,Annual,GEN,Waste generated,THS_T,Thousand tonnes,MT,Malta,1997,,167,,e,estimated,,
dataflow,ESTAT:ENV_WASMUN(1.0),Municipal waste by waste management operations,A,Annual,GEN,Waste generated,THS_T,Thousand tonnes,MT,Malta,1998,,177,,e,estimated,,
dataflow,ESTAT:ENV_WASMUN(1.0),Municipal waste by waste management operations,A,Annual,GEN,Waste generated,THS_T,Thousand tonnes,MT,Malta,1999,,181,,,,,
dataflow,ESTAT:ENV_WASMUN(1.0),Municipal waste by waste management operations,A,Annual,GEN,Waste generated,THS_T,Thousand tonnes,MT,Malta,2000,,208,,,,,
dataflow,ESTAT:ENV_WASMUN(1.0),Municipal waste by waste management operations,A,Annual,GEN,Waste generated,THS_T,Thousand tonnes,MT,Malta,2001,,212,,,,,
dataflow,ESTAT:ENV_WASMUN(1.0),Municipal waste by waste management operations,A,Annual,GEN,Waste generated,THS_T,Thousand tonnes,MT,Malta,2002,,214,,,,,
dataflow,ESTAT:ENV_WASMUN(1.0),Municipal waste by waste management operations,A,Annual,GEN,Waste generated,THS_T,Thousand tonnes,MT,Malta,2003,,231,,,,,
dataflow,ESTAT:ENV_WASMUN(1.0),Municipal waste by waste management operations,A,Annual,GEN,Waste generated,THS_T,Thousand tonnes,MT,Malta,2004,,254,,,,,
dataflow,ESTAT:ENV_WASMUN(1.0),Municipal waste by waste management operations,A,Annual,GEN,Waste generated,THS_T,Thousand tonnes,MT,Malta,2005,,253,,,,,
dataflow,ESTAT:ENV_WASMUN(1.0),Municipal waste by waste management operations,A,Annual,GEN,Waste generated,THS_T,Thousand tonnes,MT,Malta,2006,,270,,,,,
dataflow,ESTAT:ENV_WASMUN(1.0),Municipal waste by waste management operations,A,Annual,GEN,Waste generated,THS_T,Thousand tonnes,MT,Malta,2007,,275,,,,,
dataflow,ESTAT:ENV_WASMUN(1.0),Municipal waste by waste management operations,A,Annual,GEN,Waste generated,THS_T,Thousand tonnes,MT,Malta,2008,,282,,,,,
dataflow,ESTAT:ENV_WASMUN(1.0),Municipal waste by waste management operations,A,Annual,GEN,Waste generated,THS_T,Thousand tonnes,MT,Malta,2009,,277,,,,,
dataflow,ESTAT:ENV_WASMUN(1.0),Municipal waste by waste management operations,A,Annual,GEN,Waste generated,THS_T,Thousand tonnes,MT,Malta,2010,,258,,,,,
dataflow,ESTAT:ENV_WASMUN(1.0),Municipal waste by waste management operations,A,Annual,GEN,Waste generated,THS_T,Thousand tonnes,MT,Malta,2011,,259,,,,,
dataflow,ESTAT:ENV_WASMUN(1.0),Municipal waste by waste management operations,A,Annual,GEN,Waste generated,THS_T,Thousand tonnes,MT,Malta,2012,,257,,,,,
dataflow,ESTAT:ENV_WASMUN(1.0),Municipal waste by waste management operations,A,Annual,GEN,Waste generated,THS_T,Thousand tonnes,MT,Malta,2013,,257,,,,,
dataflow,ESTAT:ENV_WASMUN(1.0),Municipal waste by waste management operations,A,Annual,GEN,Waste generated,THS_T,Thousand tonnes,MT,Malta,2014,,273,,,,,
dataflow,ESTAT:ENV_WASMUN(1.0),Municipal waste by waste management operations,A,Annual,GEN,Waste generated,THS_T,Thousand tonnes,MT,Malta,2015,,285,,,,,
dataflow,ESTAT:ENV_WASMUN(1.0),Municipal waste by waste management operations,A,Annual,GEN,Waste generated,THS_T,Thousand tonnes,MT,Malta,2016,,292,,,,,
dataflow,ESTAT:ENV_WASMUN(1.0),Municipal waste by waste management operations,A,Annual,GEN,Waste generated,THS_T,Thousand tonnes,MT,Malta,2017,,312,,,,,
dataflow,ESTAT:ENV_WASMUN(1.0),Municipal waste by waste management operations,A,Annual,GEN,Waste generated,THS_T,Thousand tonnes,MT,Malta,2018,,326,,,,,
dataflow,ESTAT:ENV_WASMUN(1.0),Municipal waste by waste management operations,A,Annual,GEN,Waste generated,THS_T,Thousand tonnes,MT,Malta,2019,,351,,,,,
dataflow,ESTAT:ENV_WASMUN(1.0),Municipal waste by waste management operations,A,Annual,GEN,Waste generated,THS_T,Thousand tonnes,MT,Malta,2020,,331,,,,,
dataflow,ESTAT:ENV_WASMUN(1.0),Municipal waste by waste management operations,A,Annual,GEN,Waste generated,THS_T,Thousand tonnes,MT,Malta,2021,,317,,,,,
dataflow,ESTAT:ENV_WASMUN(1.0),Municipal waste by waste management operations,A,Annual,GEN,Waste generated,THS_T,Thousand tonnes,MT,Malta,2022,,328,,,,,
dataflow,ESTAT:ENV_WASMUN(1.0),Municipal waste by waste management operations,A,Annual,GEN,Waste generated,THS_T,Thousand tonnes,MT,Malta,2023,,335,,,,,
dataflow,ESTAT:ENV_WASMUN(1.0),Municipal waste by waste management operations,A,Annual,GEN,Waste generated,THS_T,Thousand tonnes,NL,Netherlands,1995,,8337,,,,,
dataflow,ESTAT:ENV_WASMUN(1.0),Municipal waste by waste management operations,A,Annual,GEN,Waste generated,THS_T,Thousand tonnes,NL,Netherlands,1996,,8565,,,,,
dataflow,ESTAT:ENV_WASMUN(1.0),Municipal waste by waste management operations,A,Annual,GEN,Waste generated,THS_T,Thousand tonnes,NL,Netherlands,1997,,8986,,,,,
dataflow,ESTAT:ENV_WASMUN(1.0),Municipal waste by waste management operations,A,Annual,GEN,Waste generated,THS_T,Thousand tonnes,NL,Netherlands,1998,,9069,,,,,
dataflow,ESTAT:ENV_WASMUN(1.0),Municipal waste by waste management operations,A,Annual,GEN,Waste generated,THS_T,Thousand tonnes,NL,Netherlands,1999,,9205,,,,,
dataflow,ESTAT:ENV_WASMUN(1.0),Municipal waste by waste management operations,A,Annual,GEN,Waste generated,THS_T,Thousand tonnes,NL,Netherlands,2000,,9529,,,,,
dataflow,ESTAT:ENV_WASMUN(1.0),Municipal waste by waste management operations,A,Annual,GEN,Waste generated,THS_T,Thousand tonnes,NL,Netherlands,2001,,9550,,,,,
dataflow,ESTAT:ENV_WASMUN(1.0),Municipal waste by waste management operations,A,Annual,GEN,Waste generated,THS_T,Thousand tonnes,NL,Netherlands,2002,,9684,,,,,
dataflow,ESTAT:ENV_WASMUN(1.0),Municipal waste by waste management operations,A,Annual,GEN,Waste generated,THS_T,Thousand tonnes,NL,Netherlands,2003,,9504,,,,,
dataflow,ESTAT:ENV_WASMUN(1.0),Municipal waste by waste management operations,A,Annual,GEN,Waste generated,THS_T,Thousand tonnes,NL,Netherlands,2004,,9746,,,,,
dataflow,ESTAT:ENV_WASMUN(1.0),Municipal waste by waste management operations,A,Annual,GEN,Waste generated,THS_T,Thousand tonnes,NL,Netherlands,2005,,9769,,,,,
dataflow,ESTAT:ENV_WASMUN(1.0),Municipal waste by waste management operations,A,Annual,GEN,Waste generated,THS_T,Thousand tonnes,NL,Netherlands,2006,,9761,,,,,
dataflow,ESTAT:ENV_WASMUN(1.0),Municipal waste by waste management operations,A,Annual,GEN,Waste generated,THS_T,Thousand tonnes,NL,Netherlands,2007,,9922,,,,,
dataflow,ESTAT:ENV_WASMUN(1.0),Municipal waste by waste management operations,A,Annual,GEN,Waste generated,THS_T,Thousand tonnes,NL,Netherlands,2008,,9868,,,,,
dataflow,ESTAT:ENV_WASMUN(1.0),Municipal waste by waste management operations,A,Annual,GEN,Waste generated,THS_T,Thousand tonnes,NL,Netherlands,2009,,9738,,,,,
dataflow,ESTAT:ENV_WASMUN(1.0),Municipal waste by waste management operations,A,Annual,GEN,Waste generated,THS_T,Thousand tonnes,NL,Netherlands,2010,,9484,,,,,
dataflow,ESTAT:ENV_WASMUN(1.0),Municipal waste by waste management operations,A,Annual,GEN,Waste generated,THS_T,Thousand tonnes,NL,Netherlands,2011,,9479,,,,,
dataflow,ESTAT:ENV_WASMUN(1.0),Municipal waste by waste management operations,A,Annual,GEN,Waste generated,THS_T,Thousand tonnes,NL,Netherlands,2012,,9203,,,,,
dataflow,ESTAT:ENV_WASMUN(1.0),Municipal waste by waste management operations,A,Annual,GEN,Waste generated,THS_T,Thousand tonnes,NL,Netherlands,2013,,8840,,,,,
dataflow,ESTAT:ENV_WASMUN(1.0),Municipal waste by waste management operations,A,Annual,GEN,Waste generated,THS_T,Thousand tonnes,NL,Netherlands,2014,,8894,,,,,
dataflow,ESTAT:ENV_WASMUN(1.0),Municipal waste by waste management operations,A,Annual,GEN,Waste generated,THS_T,Thousand tonnes,NL,Netherlands,2015,,8866,,,,,
dataflow,ESTAT:ENV_WASMUN(1.0),Municipal waste by waste management operations,A,Annual,GEN,Waste generated,THS_T,Thousand tonnes,NL,Netherlands,2016,,8861,,,,,
dataflow,ESTAT:ENV_WASMUN(1.0),Municipal waste by waste management operations,A,Annual,GEN,Waste generated,THS_T,Thousand tonnes,NL,Netherlands,2017,,8792,,,,,
dataflow,ESTAT:ENV_WASMUN(1.0),Municipal waste by waste management operations,A,Annual,GEN,Waste generated,THS_T,Thousand tonnes,NL,Netherlands,2018,,8806,,,,,
dataflow,ESTAT:ENV_WASMUN(1.0),Municipal waste by waste management operations,A,Annual,GEN,Waste generated,THS_T,Thousand tonnes,NL,Netherlands,2019,,8806,,,,,
dataflow,ESTAT:ENV_WASMUN(1.0),Municipal waste by waste management operations,A,Annual,GEN,Waste generated,THS_T,Thousand tonnes,NL,Netherlands,2020,,9300,,,,,
dataflow,ESTAT:ENV_WASMUN(1.0),Municipal waste by waste management operations,A,Annual,GEN,Waste generated,THS_T,Thousand tonnes,NL,Netherlands,2021,,9005,,,,,
dataflow,ESTAT:ENV_WASMUN(1.0),Municipal waste by waste management operations,A,Annual,GEN,Waste generated,THS_T,Thousand tonnes,NL,Netherlands,2022,,8365,,p,provisional,,
dataflow,ESTAT:ENV_WASMUN(1.0),Municipal waste by waste management operations,A,Annual,GEN,Waste generated,THS_T,Thousand tonnes,NL,Netherlands,2023,,8364,,,,,
dataflow,ESTAT:ENV_WASMUN(1.0),Municipal waste by waste management operations,A,Annual,GEN,Waste generated,THS_T,Thousand tonnes,NO,Norway,1995,,2722,,,,,
dataflow,ESTAT:ENV_WASMUN(1.0),Municipal waste by waste management operations,A,Annual,GEN,Waste generated,THS_T,Thousand tonnes,NO,Norway,1996,,2761,,,,,
dataflow,ESTAT:ENV_WASMUN(1.0),Municipal waste by waste management operations,A,Annual,GEN,Waste generated,THS_T,Thousand tonnes,NO,Norway,1997,,2721,,,,,
dataflow,ESTAT:ENV_WASMUN(1.0),Municipal waste by waste management operations,A,Annual,GEN,Waste generated,THS_T,Thousand tonnes,NO,Norway,1998,,2858,,,,,
dataflow,ESTAT:ENV_WASMUN(1.0),Municipal waste by waste management operations,A,Annual,GEN,Waste generated,THS_T,Thousand tonnes,NO,Norway,1999,,2650,,,,,
dataflow,ESTAT:ENV_WASMUN(1.0),Municipal waste by waste management operations,A,Annual,GEN,Waste generated,THS_T,Thousand tonnes,NO,Norway,2000,,2755,,,,,
dataflow,ESTAT:ENV_WASMUN(1.0),Municipal waste by waste management operations,A,Annual,GEN,Waste generated,THS_T,Thousand tonnes,NO,Norway,2001,,1629,,b,break in time series,,
dataflow,ESTAT:ENV_WASMUN(1.0),Municipal waste by waste management operations,A,Annual,GEN,Waste generated,THS_T,Thousand tonnes,NO,Norway,2002,,1780,,,,,
dataflow,ESTAT:ENV_WASMUN(1.0),Municipal waste by waste management operations,A,Annual,GEN,Waste generated,THS_T,Thousand tonnes,NO,Norway,2003,,1836,,,,,
dataflow,ESTAT:ENV_WASMUN(1.0),Municipal waste by waste management operations,A,Annual,GEN,Waste generated,THS_T,Thousand tonnes,NO,Norway,2004,,1903,,,,,
dataflow,ESTAT:ENV_WASMUN(1.0),Municipal waste by waste management operations,A,Annual,GEN,Waste generated,THS_T,Thousand tonnes,NO,Norway,2005,,1968,,,,,
dataflow,ESTAT:ENV_WASMUN(1.0),Municipal waste by waste management operations,A,Annual,GEN,Waste generated,THS_T,Thousand tonnes,NO,Norway,2006,,2140,,,,,
dataflow,ESTAT:ENV_WASMUN(1.0),Municipal waste by waste management operations,A,Annual,GEN,Waste generated,THS_T,Thousand tonnes,NO,Norway,2007,,2312,,,,,
dataflow,ESTAT:ENV_WASMUN(1.0),Municipal waste by waste management operations,A,Annual,GEN,Waste generated,THS_T,Thousand tonnes,NO,Norway,2008,,2324,,,,,
dataflow,ESTAT:ENV_WASMUN(1.0),Municipal waste by waste management operations,A,Annual,GEN,Waste generated,THS_T,Thousand tonnes,NO,Norway,2009,,2269,,,,,
dataflow,ESTAT:ENV_WASMUN(1.0),Municipal waste by waste management operations,A,Annual,GEN,Waste generated,THS_T,Thousand tonnes,NO,Norway,2010,,2295,,,,,
dataflow,ESTAT:ENV_WASMUN(1.0),Municipal waste by waste management operations,A,Annual,GEN,Waste generated,THS_T,Thousand tonnes,NO,Norway,2011,,2403,,,,,
dataflow,ESTAT:ENV_WASMUN(1.0),Municipal waste by waste management operations,A,Annual,GEN,Waste generated,THS_T,Thousand tonnes,NO,Norway,2012,,2392,,,,,
dataflow,ESTAT:ENV_WASMUN(1.0),Municipal waste by waste management operations,A,Annual,GEN,Waste generated,THS_T,Thousand tonnes,NO,Norway,2013,,2518,,,,,
dataflow,ESTAT:ENV_WASMUN(1.0),Municipal waste by waste management operations,A,Annual,GEN,Waste generated,THS_T,Thousand tonnes,NO,Norway,2014,,2175,,b,break in time series,,
dataflow,ESTAT:ENV_WASMUN(1.0),Municipal waste by waste management operations,A,Annual,GEN,Waste generated,THS_T,Thousand tonnes,NO,Norway,2015,,2187,,,,,
dataflow,ESTAT:ENV_WASMUN(1.0),Municipal waste by waste management operations,A,Annual,GEN,Waste generated,THS_T,Thousand tonnes,NO,Norway,2016,,3946,,b,break in time series,,
dataflow,ESTAT:ENV_WASMUN(1.0),Municipal waste by waste management operations,A,Annual,GEN,Waste generated,THS_T,Thousand tonnes,NO,Norway,2017,,3949,,,,,
dataflow,ESTAT:ENV_WASMUN(1.0),Municipal waste by waste management operations,A,Annual,GEN,Waste generated,THS_T,Thousand tonnes,NO,Norway,2018,,3927,,,,,
dataflow,ESTAT:ENV_WASMUN(1.0),Municipal waste by waste management operations,A,Annual,GEN,Waste generated,THS_T,Thousand tonnes,NO,Norway,2019,,4151,,,,,
dataflow,ESTAT:ENV_WASMUN(1.0),Municipal waste by waste management operations,A,Annual,GEN,Waste generated,THS_T,Thousand tonnes,NO,Norway,2020,,3905,,b,break in time series,,
dataflow,ESTAT:ENV_WASMUN(1.0),Municipal waste by waste management operations,A,Annual,GEN,Waste generated,THS_T,Thousand tonnes,NO,Norway,2021,,4320,,,,,
dataflow,ESTAT:ENV_WASMUN(1.0),Municipal waste by waste management operations,A,Annual,GEN,Waste generated,THS_T,Thousand tonnes,NO,Norway,2022,,4189,,,,,
dataflow,ESTAT:ENV_WASMUN(1.0),Municipal waste by waste management operations,A,Annual,GEN,Waste generated,THS_T,Thousand tonnes,NO,Norway,2023,,3997,,,,,
dataflow,ESTAT:ENV_WASMUN(1.0),Municipal waste by waste management operations,A,Annual,GEN,Waste generated,THS_T,Thousand tonnes,PL,Poland,1995,,10985,,,,,
dataflow,ESTAT:ENV_WASMUN(1.0),Municipal waste by waste management operations,A,Annual,GEN,Waste generated,THS_T,Thousand tonnes,PL,Poland,1996,,11621,,,,,
dataflow,ESTAT:ENV_WASMUN(1.0),Municipal waste by waste management operations,A,Annual,GEN,Waste generated,THS_T,Thousand tonnes,PL,Poland,1997,,12183,,,,,
dataflow,ESTAT:ENV_WASMUN(1.0),Municipal waste by waste management operations,A,Annual,GEN,Waste generated,THS_T,Thousand tonnes,PL,Poland,1998,,11827,,,,,
dataflow,ESTAT:ENV_WASMUN(1.0),Municipal waste by waste management operations,A,Annual,GEN,Waste generated,THS_T,Thousand tonnes,PL,Poland,1999,,12317,,,,,
dataflow,ESTAT:ENV_WASMUN(1.0),Municipal waste by waste management operations,A,Annual,GEN,Waste generated,THS_T,Thousand tonnes,PL,Poland,2000,,12226,,,,,
dataflow,ESTAT:ENV_WASMUN(1.0),Municipal waste by waste management operations,A,Annual,GEN,Waste generated,THS_T,Thousand tonnes,PL,Poland,2001,,11109,,,,,
dataflow,ESTAT:ENV_WASMUN(1.0),Municipal waste by waste management operations,A,Annual,GEN,Waste generated,THS_T,Thousand tonnes,PL,Poland,2002,,10509,,,,,
dataflow,ESTAT:ENV_WASMUN(1.0),Municipal waste by waste management operations,A,Annual,GEN,Waste generated,THS_T,Thousand tonnes,PL,Poland,2003,,9925,,,,,
dataflow,ESTAT:ENV_WASMUN(1.0),Municipal waste by waste management operations,A,Annual,GEN,Waste generated,THS_T,Thousand tonnes,PL,Poland,2004,,9759,,,,,
dataflow,ESTAT:ENV_WASMUN(1.0),Municipal waste by waste management operations,A,Annual,GEN,Waste generated,THS_T,Thousand tonnes,PL,Poland,2005,,12169,,be,"break in time series, estimated",,
dataflow,ESTAT:ENV_WASMUN(1.0),Municipal waste by waste management operations,A,Annual,GEN,Waste generated,THS_T,Thousand tonnes,PL,Poland,2006,,12235,,e,estimated,,
dataflow,ESTAT:ENV_WASMUN(1.0),Municipal waste by waste management operations,A,Annual,GEN,Waste generated,THS_T,Thousand tonnes,PL,Poland,2007,,12264,,e,estimated,,
dataflow,ESTAT:ENV_WASMUN(1.0),Municipal waste by waste management operations,A,Annual,GEN,Waste generated,THS_T,Thousand tonnes,PL,Poland,2008,,12194,,e,estimated,,
dataflow,ESTAT:ENV_WASMUN(1.0),Municipal waste by waste management operations,A,Annual,GEN,Waste generated,THS_T,Thousand tonnes,PL,Poland,2009,,12053,,e,estimated,,
dataflow,ESTAT:ENV_WASMUN(1.0),Municipal waste by waste management operations,A,Annual,GEN,Waste generated,THS_T,Thousand tonnes,PL,Poland,2010,,12032,,e,estimated,,
dataflow,ESTAT:ENV_WASMUN(1.0),Municipal waste by waste management operations,A,Annual,GEN,Waste generated,THS_T,Thousand tonnes,PL,Poland,2011,,12129,,e,estimated,,
dataflow,ESTAT:ENV_WASMUN(1.0),Municipal waste by waste management operations,A,Annual,GEN,Waste generated,THS_T,Thousand tonnes,PL,Poland,2012,,12084,,e,estimated,,
dataflow,ESTAT:ENV_WASMUN(1.0),Municipal waste by waste management operations,A,Annual,GEN,Waste generated,THS_T,Thousand tonnes,PL,Poland,2013,,11295,,be,"break in time series, estimated",,
dataflow,ESTAT:ENV_WASMUN(1.0),Municipal waste by waste management operations,A,Annual,GEN,Waste generated,THS_T,Thousand tonnes,PL,Poland,2014,,10330,,be,"break in time series, estimated",,
dataflow,ESTAT:ENV_WASMUN(1.0),Municipal waste by waste management operations,A,Annual,GEN,Waste generated,THS_T,Thousand tonnes,PL,Poland,2015,,10863,,e,estimated,,
dataflow,ESTAT:ENV_WASMUN(1.0),Municipal waste by waste management operations,A,Annual,GEN,Waste generated,THS_T,Thousand tonnes,PL,Poland,2016,,11654,,e,estimated,,
dataflow,ESTAT:ENV_WASMUN(1.0),Municipal waste by waste management operations,A,Annual,GEN,Waste generated,THS_T,Thousand tonnes,PL,Poland,2017,,11969,,e,estimated,,
dataflow,ESTAT:ENV_WASMUN(1.0),Municipal waste by waste management operations,A,Annual,GEN,Waste generated,THS_T,Thousand tonnes,PL,Poland,2018,,12485,,,,,
dataflow,ESTAT:ENV_WASMUN(1.0),Municipal waste by waste management operations,A,Annual,GEN,Waste generated,THS_T,Thousand tonnes,PL,Poland,2019,,12753,,,,,
dataflow,ESTAT:ENV_WASMUN(1.0),Municipal waste by waste management operations,A,Annual,GEN,Waste generated,THS_T,Thousand tonnes,PL,Poland,2020,,13117,,,,,
dataflow,ESTAT:ENV_WASMUN(1.0),Municipal waste by waste management operations,A,Annual,GEN,Waste generated,THS_T,Thousand tonnes,PL,Poland,2021,,13674,,,,,
dataflow,ESTAT:ENV_WASMUN(1.0),Municipal waste by waste management operations,A,Annual,GEN,Waste generated,THS_T,Thousand tonnes,PL,Poland,2022,,13420,,,,,
dataflow,ESTAT:ENV_WASMUN(1.0),Municipal waste by waste management operations,A,Annual,GEN,Waste generated,THS_T,Thousand tonnes,PL,Poland,2023,,13448,,,,,
dataflow,ESTAT:ENV_WASMUN(1.0),Municipal waste by waste management operations,A,Annual,GEN,Waste generated,THS_T,Thousand tonnes,PT,Portugal,1995,,3529,,,,,
dataflow,ESTAT:ENV_WASMUN(1.0),Municipal waste by waste management operations,A,Annual,GEN,Waste generated,THS_T,Thousand tonnes,PT,Portugal,1996,,3740,,,,,
dataflow,ESTAT:ENV_WASMUN(1.0),Municipal waste by waste management operations,A,Annual,GEN,Waste generated,THS_T,Thousand tonnes,PT,Portugal,1997,,4013,,,,,
dataflow,ESTAT:ENV_WASMUN(1.0),Municipal waste by waste management operations,A,Annual,GEN,Waste generated,THS_T,Thousand tonnes,PT,Portugal,1998,,4198,,,,,
dataflow,ESTAT:ENV_WASMUN(1.0),Municipal waste by waste management operations,A,Annual,GEN,Waste generated,THS_T,Thousand tonnes,PT,Portugal,1999,,4427,,,,,
dataflow,ESTAT:ENV_WASMUN(1.0),Municipal waste by waste management operations,A,Annual,GEN,Waste generated,THS_T,Thousand tonnes,PT,Portugal,2000,,4705,,,,,
dataflow,ESTAT:ENV_WASMUN(1.0),Municipal waste by waste management operations,A,Annual,GEN,Waste generated,THS_T,Thousand tonnes,PT,Portugal,2001,,4709,,,,,
dataflow,ESTAT:ENV_WASMUN(1.0),Municipal waste by waste management operations,A,Annual,GEN,Waste generated,THS_T,Thousand tonnes,PT,Portugal,2002,,4595,,b,break in time series,,
dataflow,ESTAT:ENV_WASMUN(1.0),Municipal waste by waste management operations,A,Annual,GEN,Waste generated,THS_T,Thousand tonnes,PT,Portugal,2003,,4693,,,,,
dataflow,ESTAT:ENV_WASMUN(1.0),Municipal waste by waste management operations,A,Annual,GEN,Waste generated,THS_T,Thousand tonnes,PT,Portugal,2004,,4665,,,,,
dataflow,ESTAT:ENV_WASMUN(1.0),Municipal waste by waste management operations,A,Annual,GEN,Waste generated,THS_T,Thousand tonnes,PT,Portugal,2005,,4745,,,,,
dataflow,ESTAT:ENV_WASMUN(1.0),Municipal waste by waste management operations,A,Annual,GEN,Waste generated,THS_T,Thousand tonnes,PT,Portugal,2006,,4898,,,,,
dataflow,ESTAT:ENV_WASMUN(1.0),Municipal waste by waste management operations,A,Annual,GEN,Waste generated,THS_T,Thousand tonnes,PT,Portugal,2007,,4967,,b,break in time series,,
dataflow,ESTAT:ENV_WASMUN(1.0),Municipal waste by waste management operations,A,Annual,GEN,Waste generated,THS_T,Thousand tonnes,PT,Portugal,2008,,5472,,,,,
dataflow,ESTAT:ENV_WASMUN(1.0),Municipal waste by waste management operations,A,Annual,GEN,Waste generated,THS_T,Thousand tonnes,PT,Portugal,2009,,5496,,,,,
dataflow,ESTAT:ENV_WASMUN(1.0),Municipal waste by waste management operations,A,Annual,GEN,Waste generated,THS_T,Thousand tonnes,PT,Portugal,2010,,5457,,,,,
dataflow,ESTAT:ENV_WASMUN(1.0),Municipal waste by waste management operations,A,Annual,GEN,Waste generated,THS_T,Thousand tonnes,PT,Portugal,2011,,5178,,,,,
dataflow,ESTAT:ENV_WASMUN(1.0),Municipal waste by waste management operations,A,Annual,GEN,Waste generated,THS_T,Thousand tonnes,PT,Portugal,2012,,4766,,,,,
dataflow,ESTAT:ENV_WASMUN(1.0),Municipal waste by waste management operations,A,Annual,GEN,Waste generated,THS_T,Thousand tonnes,PT,Portugal,2013,,4598,,,,,
dataflow,ESTAT:ENV_WASMUN(1.0),Municipal waste by waste management operations,A,Annual,GEN,Waste generated,THS_T,Thousand tonnes,PT,Portugal,2014,,4710,,,,,
dataflow,ESTAT:ENV_WASMUN(1.0),Municipal waste by waste management operations,A,Annual,GEN,Waste generated,THS_T,Thousand tonnes,PT,Portugal,2015,,4769,,b,break in time series,,
dataflow,ESTAT:ENV_WASMUN(1.0),Municipal waste by waste management operations,A,Annual,GEN,Waste generated,THS_T,Thousand tonnes,PT,Portugal,2016,,4891,,,,,
dataflow,ESTAT:ENV_WASMUN(1.0),Municipal waste by waste management operations,A,Annual,GEN,Waste generated,THS_T,Thousand tonnes,PT,Portugal,2017,,5007,,,,,
dataflow,ESTAT:ENV_WASMUN(1.0),Municipal waste by waste management operations,A,Annual,GEN,Waste generated,THS_T,Thousand tonnes,PT,Portugal,2018,,5213,,,,,
dataflow,ESTAT:ENV_WASMUN(1.0),Municipal waste by waste management operations,A,Annual,GEN,Waste generated,THS_T,Thousand tonnes,PT,Portugal,2019,,5281,,,,,
dataflow,ESTAT:ENV_WASMUN(1.0),Municipal waste by waste management operations,A,Annual,GEN,Waste generated,THS_T,Thousand tonnes,PT,Portugal,2020,,5279,,,,,
dataflow,ESTAT:ENV_WASMUN(1.0),Municipal waste by waste management operations,A,Annual,GEN,Waste generated,THS_T,Thousand tonnes,PT,Portugal,2021,,5311,,,,,
dataflow,ESTAT:ENV_WASMUN(1.0),Municipal waste by waste management operations,A,Annual,GEN,Waste generated,THS_T,Thousand tonnes,PT,Portugal,2022,,5323,,,,,
dataflow,ESTAT:ENV_WASMUN(1.0),Municipal waste by waste management operations,A,Annual,GEN,Waste generated,THS_T,Thousand tonnes,PT,Portugal,2023,,5338,,,,,
dataflow,ESTAT:ENV_WASMUN(1.0),Municipal waste by waste management operations,A,Annual,GEN,Waste generated,THS_T,Thousand tonnes,RO,Romania,1995,,7758,,,,,
dataflow,ESTAT:ENV_WASMUN(1.0),Municipal waste by waste management operations,A,Annual,GEN,Waste generated,THS_T,Thousand tonnes,RO,Romania,1996,,7375,,,,,
dataflow,ESTAT:ENV_WASMUN(1.0),Municipal waste by waste management operations,A,Annual,GEN,Waste generated,THS_T,Thousand tonnes,RO,Romania,1997,,7347,,,,,
dataflow,ESTAT:ENV_WASMUN(1.0),Municipal waste by waste management operations,A,Annual,GEN,Waste generated,THS_T,Thousand tonnes,RO,Romania,1998,,6246,,,,,
dataflow,ESTAT:ENV_WASMUN(1.0),Municipal waste by waste management operations,A,Annual,GEN,Waste generated,THS_T,Thousand tonnes,RO,Romania,1999,,7066,,,,,
dataflow,ESTAT:ENV_WASMUN(1.0),Municipal waste by waste management operations,A,Annual,GEN,Waste generated,THS_T,Thousand tonnes,RO,Romania,2000,,7961,,e,estimated,,
dataflow,ESTAT:ENV_WASMUN(1.0),Municipal waste by waste management operations,A,Annual,GEN,Waste generated,THS_T,Thousand tonnes,RO,Romania,2001,,7539,,e,estimated,,
dataflow,ESTAT:ENV_WASMUN(1.0),Municipal waste by waste management operations,A,Annual,GEN,Waste generated,THS_T,Thousand tonnes,RO,Romania,2002,,8365,,e,estimated,,
dataflow,ESTAT:ENV_WASMUN(1.0),Municipal waste by waste management operations,A,Annual,GEN,Waste generated,THS_T,Thousand tonnes,RO,Romania,2003,,7611,,e,estimated,,
dataflow,ESTAT:ENV_WASMUN(1.0),Municipal waste by waste management operations,A,Annual,GEN,Waste generated,THS_T,Thousand tonnes,RO,Romania,2004,,7483,,e,estimated,,
dataflow,ESTAT:ENV_WASMUN(1.0),Municipal waste by waste management operations,A,Annual,GEN,Waste generated,THS_T,Thousand tonnes,RO,Romania,2005,,8173,,e,estimated,,
dataflow,ESTAT:ENV_WASMUN(1.0),Municipal waste by waste management operations,A,Annual,GEN,Waste generated,THS_T,Thousand tonnes,RO,Romania,2006,,8392,,e,estimated,,
dataflow,ESTAT:ENV_WASMUN(1.0),Municipal waste by waste management operations,A,Annual,GEN,Waste generated,THS_T,Thousand tonnes,RO,Romania,2007,,8161,,e,estimated,,
dataflow,ESTAT:ENV_WASMUN(1.0),Municipal waste by waste management operations,A,Annual,GEN,Waste generated,THS_T,Thousand tonnes,RO,Romania,2008,,8439,,e,estimated,,
dataflow,ESTAT:ENV_WASMUN(1.0),Municipal waste by waste management operations,A,Annual,GEN,Waste generated,THS_T,Thousand tonnes,RO,Romania,2009,,7768,,e,estimated,,
dataflow,ESTAT:ENV_WASMUN(1.0),Municipal waste by waste management operations,A,Annual,GEN,Waste generated,THS_T,Thousand tonnes,RO,Romania,2010,,6343,,b,break in time series,,
dataflow,ESTAT:ENV_WASMUN(1.0),Municipal waste by waste management operations,A,Annual,GEN,Waste generated,THS_T,Thousand tonnes,RO,Romania,2011,,5216,,,,,
dataflow,ESTAT:ENV_WASMUN(1.0),Municipal waste by waste management operations,A,Annual,GEN,Waste generated,THS_T,Thousand tonnes,RO,Romania,2012,,5044,,,,,
dataflow,ESTAT:ENV_WASMUN(1.0),Municipal waste by waste management operations,A,Annual,GEN,Waste generated,THS_T,Thousand tonnes,RO,Romania,2013,,5071,,,,,
dataflow,ESTAT:ENV_WASMUN(1.0),Municipal waste by waste management operations,A,Annual,GEN,Waste generated,THS_T,Thousand tonnes,RO,Romania,2014,,4956,,,,,
dataflow,ESTAT:ENV_WASMUN(1.0),Municipal waste by waste management operations,A,Annual,GEN,Waste generated,THS_T,Thousand tonnes,RO,Romania,2015,,4904,,,,,
dataflow,ESTAT:ENV_WASMUN(1.0),Municipal waste by waste management operations,A,Annual,GEN,Waste generated,THS_T,Thousand tonnes,RO,Romania,2016,,5143,,,,,
dataflow,ESTAT:ENV_WASMUN(1.0),Municipal waste by waste management operations,A,Annual,GEN,Waste generated,THS_T,Thousand tonnes,RO,Romania,2017,,5333,,,,,
dataflow,ESTAT:ENV_WASMUN(1.0),Municipal waste by waste management operations,A,Annual,GEN,Waste generated,THS_T,Thousand tonnes,RO,Romania,2018,,5296,,,,,
dataflow,ESTAT:ENV_WASMUN(1.0),Municipal waste by waste management operations,A,Annual,GEN,Waste generated,THS_T,Thousand tonnes,RO,Romania,2019,,5430,,,,,
dataflow,ESTAT:ENV_WASMUN(1.0),Municipal waste by waste management operations,A,Annual,GEN,Waste generated,THS_T,Thousand tonnes,RO,Romania,2020,,5588,,,,,
dataflow,ESTAT:ENV_WASMUN(1.0),Municipal waste by waste management operations,A,Annual,GEN,Waste generated,THS_T,Thousand tonnes,RO,Romania,2021,,5768,,,,,
dataflow,ESTAT:ENV_WASMUN(1.0),Municipal waste by waste management operations,A,Annual,GEN,Waste generated,THS_T,Thousand tonnes,RO,Romania,2022,,5767,,,,,
dataflow,ESTAT:ENV_WASMUN(1.0),Municipal waste by waste management operations,A,Annual,GEN,Waste generated,THS_T,Thousand tonnes,RS,Serbia,2006,,1730,,,,,
dataflow,ESTAT:ENV_WASMUN(1.0),Municipal waste by waste management operations,A,Annual,GEN,Waste generated,THS_T,Thousand tonnes,RS,Serbia,2007,,2067,,,,,
dataflow,ESTAT:ENV_WASMUN(1.0),Municipal waste by waste management operations,A,Annual,GEN,Waste generated,THS_T,Thousand tonnes,RS,Serbia,2008,,2550,,,,,
dataflow,ESTAT:ENV_WASMUN(1.0),Municipal waste by waste management operations,A,Annual,GEN,Waste generated,THS_T,Thousand tonnes,RS,Serbia,2009,,2636,,,,,
dataflow,ESTAT:ENV_WASMUN(1.0),Municipal waste by waste management operations,A,Annual,GEN,Waste generated,THS_T,Thousand tonnes,RS,Serbia,2010,,2650,,,,,
dataflow,ESTAT:ENV_WASMUN(1.0),Municipal waste by waste management operations,A,Annual,GEN,Waste generated,THS_T,Thousand tonnes,RS,Serbia,2011,,2710,,,,,
dataflow,ESTAT:ENV_WASMUN(1.0),Municipal waste by waste management operations,A,Annual,GEN,Waste generated,THS_T,Thousand tonnes,RS,Serbia,2012,,2620,,,,,
dataflow,ESTAT:ENV_WASMUN(1.0),Municipal waste by waste management operations,A,Annual,GEN,Waste generated,THS_T,Thousand tonnes,RS,Serbia,2013,,2410,,,,,
dataflow,ESTAT:ENV_WASMUN(1.0),Municipal waste by waste management operations,A,Annual,GEN,Waste generated,THS_T,Thousand tonnes,RS,Serbia,2014,,2130,,,,,
dataflow,ESTAT:ENV_WASMUN(1.0),Municipal waste by waste management operations,A,Annual,GEN,Waste generated,THS_T,Thousand tonnes,RS,Serbia,2015,,1840,,,,,
dataflow,ESTAT:ENV_WASMUN(1.0),Municipal waste by waste management operations,A,Annual,GEN,Waste generated,THS_T,Thousand tonnes,RS,Serbia,2016,,1890,,,,,
dataflow,ESTAT:ENV_WASMUN(1.0),Municipal waste by waste management operations,A,Annual,GEN,Waste generated,THS_T,Thousand tonnes,RS,Serbia,2017,,2150,,,,,
dataflow,ESTAT:ENV_WASMUN(1.0),Municipal waste by waste management operations,A,Annual,GEN,Waste generated,THS_T,Thousand tonnes,RS,Serbia,2018,,2230,,,,,
dataflow,ESTAT:ENV_WASMUN(1.0),Municipal waste by waste management operations,A,Annual,GEN,Waste generated,THS_T,Thousand tonnes,RS,Serbia,2019,,2350,,,,,
dataflow,ESTAT:ENV_WASMUN(1.0),Municipal waste by waste management operations,A,Annual,GEN,Waste generated,THS_T,Thousand tonnes,RS,Serbia,2020,,2947,,,,,
dataflow,ESTAT:ENV_WASMUN(1.0),Municipal waste by waste management operations,A,Annual,GEN,Waste generated,THS_T,Thousand tonnes,RS,Serbia,2021,,3022,,,,,
dataflow,ESTAT:ENV_WASMUN(1.0),Municipal waste by waste management operations,A,Annual,GEN,Waste generated,THS_T,Thousand tonnes,RS,Serbia,2022,,3179,,,,,
dataflow,ESTAT:ENV_WASMUN(1.0),Municipal waste by waste management operations,A,Annual,GEN,Waste generated,THS_T,Thousand tonnes,RS,Serbia,2023,,3095,,,,,
dataflow,ESTAT:ENV_WASMUN(1.0),Municipal waste by waste management operations,A,Annual,GEN,Waste generated,THS_T,Thousand tonnes,SE,Sweden,1995,,3405,,,,,
dataflow,ESTAT:ENV_WASMUN(1.0),Municipal waste by waste management operations,A,Annual,GEN,Waste generated,THS_T,Thousand tonnes,SE,Sweden,1996,,3458,,,,,
dataflow,ESTAT:ENV_WASMUN(1.0),Municipal waste by waste management operations,A,Annual,GEN,Waste generated,THS_T,Thousand tonnes,SE,Sweden,1997,,3678,,,,,
dataflow,ESTAT:ENV_WASMUN(1.0),Municipal waste by waste management operations,A,Annual,GEN,Waste generated,THS_T,Thousand tonnes,SE,Sweden,1998,,3839,,,,,
dataflow,ESTAT:ENV_WASMUN(1.0),Municipal waste by waste management operations,A,Annual,GEN,Waste generated,THS_T,Thousand tonnes,SE,Sweden,1999,,3774,,,,,
dataflow,ESTAT:ENV_WASMUN(1.0),Municipal waste by waste management operations,A,Annual,GEN,Waste generated,THS_T,Thousand tonnes,SE,Sweden,2000,,3773,,,,,
dataflow,ESTAT:ENV_WASMUN(1.0),Municipal waste by waste management operations,A,Annual,GEN,Waste generated,THS_T,Thousand tonnes,SE,Sweden,2001,,3907,,,,,
dataflow,ESTAT:ENV_WASMUN(1.0),Municipal waste by waste management operations,A,Annual,GEN,Waste generated,THS_T,Thousand tonnes,SE,Sweden,2002,,4149,,,,,
dataflow,ESTAT:ENV_WASMUN(1.0),Municipal waste by waste management operations,A,Annual,GEN,Waste generated,THS_T,Thousand tonnes,SE,Sweden,2003,,4159,,,,,
dataflow,ESTAT:ENV_WASMUN(1.0),Municipal waste by waste management operations,A,Annual,GEN,Waste generated,THS_T,Thousand tonnes,SE,Sweden,2004,,4143,,,,,
dataflow,ESTAT:ENV_WASMUN(1.0),Municipal waste by waste management operations,A,Annual,GEN,Waste generated,THS_T,Thousand tonnes,SE,Sweden,2005,,4321,,,,,
dataflow,ESTAT:ENV_WASMUN(1.0),Municipal waste by waste management operations,A,Annual,GEN,Waste generated,THS_T,Thousand tonnes,SE,Sweden,2006,,4461,,,,,
dataflow,ESTAT:ENV_WASMUN(1.0),Municipal waste by waste management operations,A,Annual,GEN,Waste generated,THS_T,Thousand tonnes,SE,Sweden,2007,,4460,,,,,
dataflow,ESTAT:ENV_WASMUN(1.0),Municipal waste by waste management operations,A,Annual,GEN,Waste generated,THS_T,Thousand tonnes,SE,Sweden,2008,,4476,,,,,
dataflow,ESTAT:ENV_WASMUN(1.0),Municipal waste by waste management operations,A,Annual,GEN,Waste generated,THS_T,Thousand tonnes,SE,Sweden,2009,,4390,,,,,
dataflow,ESTAT:ENV_WASMUN(1.0),Municipal waste by waste management operations,A,Annual,GEN,Waste generated,THS_T,Thousand tonnes,SE,Sweden,2010,,4140,,,,,
dataflow,ESTAT:ENV_WASMUN(1.0),Municipal waste by waste management operations,A,Annual,GEN,Waste generated,THS_T,Thousand tonnes,SE,Sweden,2011,,4278,,,,,
dataflow,ESTAT:ENV_WASMUN(1.0),Municipal waste by waste management operations,A,Annual,GEN,Waste generated,THS_T,Thousand tonnes,SE,Sweden,2012,,4324,,,,,
dataflow,ESTAT:ENV_WASMUN(1.0),Municipal waste by waste management operations,A,Annual,GEN,Waste generated,THS_T,Thousand tonnes,SE,Sweden,2013,,4371,,,,,
dataflow,ESTAT:ENV_WASMUN(1.0),Municipal waste by waste management operations,A,Annual,GEN,Waste generated,THS_T,Thousand tonnes,SE,Sweden,2014,,4295,,,,,
dataflow,ESTAT:ENV_WASMUN(1.0),Municipal waste by waste management operations,A,Annual,GEN,Waste generated,THS_T,Thousand tonnes,SE,Sweden,2015,,4422,,,,,
dataflow,ESTAT:ENV_WASMUN(1.0),Municipal waste by waste management operations,A,Annual,GEN,Waste generated,THS_T,Thousand tonnes,SE,Sweden,2016,,4439,,,,,
dataflow,ESTAT:ENV_WASMUN(1.0),Municipal waste by waste management operations,A,Annual,GEN,Waste generated,THS_T,Thousand tonnes,SE,Sweden,2017,,4551,,,,,
dataflow,ESTAT:ENV_WASMUN(1.0),Municipal waste by waste management operations,A,Annual,GEN,Waste generated,THS_T,Thousand tonnes,SE,Sweden,2018,,4416,,,,,
dataflow,ESTAT:ENV_WASMUN(1.0),Municipal waste by waste management operations,A,Annual,GEN,Waste generated,THS_T,Thousand tonnes,SE,Sweden,2019,,4611,,,,,
dataflow,ESTAT:ENV_WASMUN(1.0),Municipal waste by waste management operations,A,Annual,GEN,Waste generated,THS_T,Thousand tonnes,SE,Sweden,2020,,4460,,b,break in time series,,
dataflow,ESTAT:ENV_WASMUN(1.0),Municipal waste by waste management operations,A,Annual,GEN,Waste generated,THS_T,Thousand tonnes,SE,Sweden,2021,,4352,,,,,
dataflow,ESTAT:ENV_WASMUN(1.0),Municipal waste by waste management operations,A,Annual,GEN,Waste generated,THS_T,Thousand tonnes,SE,Sweden,2022,,4139,,,,,
dataflow,ESTAT:ENV_WASMUN(1.0),Municipal waste by waste management operations,A,Annual,GEN,Waste generated,THS_T,Thousand tonnes,SE,Sweden,2023,,4134,,,,,
dataflow,ESTAT:ENV_WASMUN(1.0),Municipal waste by waste management operations,A,Annual,GEN,Waste generated,THS_T,Thousand tonnes,SI,Slovenia,1995,,1186,,,,,
dataflow,ESTAT:ENV_WASMUN(1.0),Municipal waste by waste management operations,A,Annual,GEN,Waste generated,THS_T,Thousand tonnes,SI,Slovenia,1996,,1175,,e,estimated,,
dataflow,ESTAT:ENV_WASMUN(1.0),Municipal waste by waste management operations,A,Annual,GEN,Waste generated,THS_T,Thousand tonnes,SI,Slovenia,1997,,1170,,e,estimated,,
dataflow,ESTAT:ENV_WASMUN(1.0),Municipal waste by waste management operations,A,Annual,GEN,Waste generated,THS_T,Thousand tonnes,SI,Slovenia,1998,,1159,,,,,
dataflow,ESTAT:ENV_WASMUN(1.0),Municipal waste by waste management operations,A,Annual,GEN,Waste generated,THS_T,Thousand tonnes,SI,Slovenia,1999,,1090,,e,estimated,,
dataflow,ESTAT:ENV_WASMUN(1.0),Municipal waste by waste management operations,A,Annual,GEN,Waste generated,THS_T,Thousand tonnes,SI,Slovenia,2000,,1020,,e,estimated,,
dataflow,ESTAT:ENV_WASMUN(1.0),Municipal waste by waste management operations,A,Annual,GEN,Waste generated,THS_T,Thousand tonnes,SI,Slovenia,2001,,953,,,,,
dataflow,ESTAT:ENV_WASMUN(1.0),Municipal waste by waste management operations,A,Annual,GEN,Waste generated,THS_T,Thousand tonnes,SI,Slovenia,2002,,812,,b,break in time series,,
dataflow,ESTAT:ENV_WASMUN(1.0),Municipal waste by waste management operations,A,Annual,GEN,Waste generated,THS_T,Thousand tonnes,SI,Slovenia,2003,,834,,,,,
dataflow,ESTAT:ENV_WASMUN(1.0),Municipal waste by waste management operations,A,Annual,GEN,Waste generated,THS_T,Thousand tonnes,SI,Slovenia,2004,,969,,,,,
dataflow,ESTAT:ENV_WASMUN(1.0),Municipal waste by waste management operations,A,Annual,GEN,Waste generated,THS_T,Thousand tonnes,SI,Slovenia,2005,,989,,,,,
dataflow,ESTAT:ENV_WASMUN(1.0),Municipal waste by waste management operations,A,Annual,GEN,Waste generated,THS_T,Thousand tonnes,SI,Slovenia,2006,,1036,,,,,
dataflow,ESTAT:ENV_WASMUN(1.0),Municipal waste by waste management operations,A,Annual,GEN,Waste generated,THS_T,Thousand tonnes,SI,Slovenia,2007,,1060,,,,,
dataflow,ESTAT:ENV_WASMUN(1.0),Municipal waste by waste management operations,A,Annual,GEN,Waste generated,THS_T,Thousand tonnes,SI,Slovenia,2008,,1095,,,,,
dataflow,ESTAT:ENV_WASMUN(1.0),Municipal waste by waste management operations,A,Annual,GEN,Waste generated,THS_T,Thousand tonnes,SI,Slovenia,2009,,1069,,,,,
dataflow,ESTAT:ENV_WASMUN(1.0),Municipal waste by waste management operations,A,Annual,GEN,Waste generated,THS_T,Thousand tonnes,SI,Slovenia,2010,,1004,,,,,
dataflow,ESTAT:ENV_WASMUN(1.0),Municipal waste by waste management operations,A,Annual,GEN,Waste generated,THS_T,Thousand tonnes,SI,Slovenia,2011,,852,,,,,
dataflow,ESTAT:ENV_WASMUN(1.0),Municipal waste by waste management operations,A,Annual,GEN,Waste generated,THS_T,Thousand tonnes,SI,Slovenia,2012,,744,,,,,
dataflow,ESTAT:ENV_WASMUN(1.0),Municipal waste by waste management operations,A,Annual,GEN,Waste generated,THS_T,Thousand tonnes,SI,Slovenia,2013,,853,,b,break in time series,,
dataflow,ESTAT:ENV_WASMUN(1.0),Municipal waste by waste management operations,A,Annual,GEN,Waste generated,THS_T,Thousand tonnes,SI,Slovenia,2014,,892,,,,,
dataflow,ESTAT:ENV_WASMUN(1.0),Municipal waste by waste management operations,A,Annual,GEN,Waste generated,THS_T,Thousand tonnes,SI,Slovenia,2015,,926,,,,,
dataflow,ESTAT:ENV_WASMUN(1.0),Municipal waste by waste management operations,A,Annual,GEN,Waste generated,THS_T,Thousand tonnes,SI,Slovenia,2016,,943,,,,,
dataflow,ESTAT:ENV_WASMUN(1.0),Municipal waste by waste management operations,A,Annual,GEN,Waste generated,THS_T,Thousand tonnes,SI,Slovenia,2017,,974,,,,,
dataflow,ESTAT:ENV_WASMUN(1.0),Municipal waste by waste management operations,A,Annual,GEN,Waste generated,THS_T,Thousand tonnes,SI,Slovenia,2018,,1009,,,,,
dataflow,ESTAT:ENV_WASMUN(1.0),Municipal waste by waste management operations,A,Annual,GEN,Waste generated,THS_T,Thousand tonnes,SI,Slovenia,2019,,1052,,,,,
dataflow,ESTAT:ENV_WASMUN(1.0),Municipal waste by waste management operations,A,Annual,GEN,Waste generated,THS_T,Thousand tonnes,SI,Slovenia,2020,,1024,,,,,
dataflow,ESTAT:ENV_WASMUN(1.0),Municipal waste by waste management operations,A,Annual,GEN,Waste generated,THS_T,Thousand tonnes,SI,Slovenia,2021,,1077,,,,,
dataflow,ESTAT:ENV_WASMUN(1.0),Municipal waste by waste management operations,A,Annual,GEN,Waste generated,THS_T,Thousand tonnes,SI,Slovenia,2022,,1029,,,,,
dataflow,ESTAT:ENV_WASMUN(1.0),Municipal waste by waste management operations,A,Annual,GEN,Waste generated,THS_T,Thousand tonnes,SI,Slovenia,2023,,1097,,,,,
dataflow,ESTAT:ENV_WASMUN(1.0),Municipal waste by waste management operations,A,Annual,GEN,Waste generated,THS_T,Thousand tonnes,SK,Slovakia,1995,,1580,,,,,
dataflow,ESTAT:ENV_WASMUN(1.0),Municipal waste by waste management operations,A,Annual,GEN,Waste generated,THS_T,Thousand tonnes,SK,Slovakia,1996,,1479,,,,,
dataflow,ESTAT:ENV_WASMUN(1.0),Municipal waste by waste management operations,A,Annual,GEN,Waste generated,THS_T,Thousand tonnes,SK,Slovakia,1997,,1477,,,,,
dataflow,ESTAT:ENV_WASMUN(1.0),Municipal waste by waste management operations,A,Annual,GEN,Waste generated,THS_T,Thousand tonnes,SK,Slovakia,1998,,1396,,,,,
dataflow,ESTAT:ENV_WASMUN(1.0),Municipal waste by waste management operations,A,Annual,GEN,Waste generated,THS_T,Thousand tonnes,SK,Slovakia,1999,,1408,,,,,
dataflow,ESTAT:ENV_WASMUN(1.0),Municipal waste by waste management operations,A,Annual,GEN,Waste generated,THS_T,Thousand tonnes,SK,Slovakia,2000,,1369,,,,,
dataflow,ESTAT:ENV_WASMUN(1.0),Municipal waste by waste management operations,A,Annual,GEN,Waste generated,THS_T,Thousand tonnes,SK,Slovakia,2001,,1286,,,,,
dataflow,ESTAT:ENV_WASMUN(1.0),Municipal waste by waste management operations,A,Annual,GEN,Waste generated,THS_T,Thousand tonnes,SK,Slovakia,2002,,1449,,b,break in time series,,
dataflow,ESTAT:ENV_WASMUN(1.0),Municipal waste by waste management operations,A,Annual,GEN,Waste generated,THS_T,Thousand tonnes,SK,Slovakia,2003,,1511,,,,,
dataflow,ESTAT:ENV_WASMUN(1.0),Municipal waste by waste management operations,A,Annual,GEN,Waste generated,THS_T,Thousand tonnes,SK,Slovakia,2004,,1400,,,,,
dataflow,ESTAT:ENV_WASMUN(1.0),Municipal waste by waste management operations,A,Annual,GEN,Waste generated,THS_T,Thousand tonnes,SK,Slovakia,2005,,1468,,,,,
dataflow,ESTAT:ENV_WASMUN(1.0),Municipal waste by waste management operations,A,Annual,GEN,Waste generated,THS_T,Thousand tonnes,SK,Slovakia,2006,,1524,,,,,
dataflow,ESTAT:ENV_WASMUN(1.0),Municipal waste by waste management operations,A,Annual,GEN,Waste generated,THS_T,Thousand tonnes,SK,Slovakia,2007,,1579,,,,,
dataflow,ESTAT:ENV_WASMUN(1.0),Municipal waste by waste management operations,A,Annual,GEN,Waste generated,THS_T,Thousand tonnes,SK,Slovakia,2008,,1686,,,,,
dataflow,ESTAT:ENV_WASMUN(1.0),Municipal waste by waste management operations,A,Annual,GEN,Waste generated,THS_T,Thousand tonnes,SK,Slovakia,2009,,1654,,,,,
dataflow,ESTAT:ENV_WASMUN(1.0),Municipal waste by waste management operations,A,Annual,GEN,Waste generated,THS_T,Thousand tonnes,SK,Slovakia,2010,,1719,,,,,
dataflow,ESTAT:ENV_WASMUN(1.0),Municipal waste by waste management operations,A,Annual,GEN,Waste generated,THS_T,Thousand tonnes,SK,Slovakia,2011,,1679,,,,,
dataflow,ESTAT:ENV_WASMUN(1.0),Municipal waste by waste management operations,A,Annual,GEN,Waste generated,THS_T,Thousand tonnes,SK,Slovakia,2012,,1657,,,,,
dataflow,ESTAT:ENV_WASMUN(1.0),Municipal waste by waste management operations,A,Annual,GEN,Waste generated,THS_T,Thousand tonnes,SK,Slovakia,2013,,1645,,,,,
dataflow,ESTAT:ENV_WASMUN(1.0),Municipal waste by waste management operations,A,Annual,GEN,Waste generated,THS_T,Thousand tonnes,SK,Slovakia,2014,,1733,,,,,
dataflow,ESTAT:ENV_WASMUN(1.0),Municipal waste by waste management operations,A,Annual,GEN,Waste generated,THS_T,Thousand tonnes,SK,Slovakia,2015,,1784,,,,,
dataflow,ESTAT:ENV_WASMUN(1.0),Municipal waste by waste management operations,A,Annual,GEN,Waste generated,THS_T,Thousand tonnes,SK,Slovakia,2016,,1890,,,,,
dataflow,ESTAT:ENV_WASMUN(1.0),Municipal waste by waste management operations,A,Annual,GEN,Waste generated,THS_T,Thousand tonnes,SK,Slovakia,2017,,2058,,,,,
dataflow,ESTAT:ENV_WASMUN(1.0),Municipal waste by waste management operations,A,Annual,GEN,Waste generated,THS_T,Thousand tonnes,SK,Slovakia,2018,,2254,,,,,
dataflow,ESTAT:ENV_WASMUN(1.0),Municipal waste by waste management operations,A,Annual,GEN,Waste generated,THS_T,Thousand tonnes,SK,Slovakia,2019,,2299,,,,,
dataflow,ESTAT:ENV_WASMUN(1.0),Municipal waste by waste management operations,A,Annual,GEN,Waste generated,THS_T,Thousand tonnes,SK,Slovakia,2020,,2612,,,,,
dataflow,ESTAT:ENV_WASMUN(1.0),Municipal waste by waste management operations,A,Annual,GEN,Waste generated,THS_T,Thousand tonnes,SK,Slovakia,2021,,2705,,,,,
dataflow,ESTAT:ENV_WASMUN(1.0),Municipal waste by waste management operations,A,Annual,GEN,Waste generated,THS_T,Thousand tonnes,SK,Slovakia,2022,,2597,,,,,
dataflow,ESTAT:ENV_WASMUN(1.0),Municipal waste by waste management operations,A,Annual,GEN,Waste generated,THS_T,Thousand tonnes,SK,Slovakia,2023,,2561,,,,,
dataflow,ESTAT:ENV_WASMUN(1.0),Municipal waste by waste management operations,A,Annual,GEN,Waste generated,THS_T,Thousand tonnes,TR,Türkiye,1995,,27234,,,,,
dataflow,ESTAT:ENV_WASMUN(1.0),Municipal waste by waste management operations,A,Annual,GEN,Waste generated,THS_T,Thousand tonnes,TR,Türkiye,1996,,29348,,,,,
dataflow,ESTAT:ENV_WASMUN(1.0),Municipal waste by waste management operations,A,Annual,GEN,Waste generated,THS_T,Thousand tonnes,TR,Türkiye,1997,,31944,,,,,
dataflow,ESTAT:ENV_WASMUN(1.0),Municipal waste by waste management operations,A,Annual,GEN,Waste generated,THS_T,Thousand tonnes,TR,Türkiye,1998,,32973,,,,,
dataflow,ESTAT:ENV_WASMUN(1.0),Municipal waste by waste management operations,A,Annual,GEN,Waste generated,THS_T,Thousand tonnes,TR,Türkiye,1999,,30470,,e,estimated,,
dataflow,ESTAT:ENV_WASMUN(1.0),Municipal waste by waste management operations,A,Annual,GEN,Waste generated,THS_T,Thousand tonnes,TR,Türkiye,2000,,30617,,e,estimated,,
dataflow,ESTAT:ENV_WASMUN(1.0),Municipal waste by waste management operations,A,Annual,GEN,Waste generated,THS_T,Thousand tonnes,TR,Türkiye,2001,,31031,,,,,
dataflow,ESTAT:ENV_WASMUN(1.0),Municipal waste by waste management operations,A,Annual,GEN,Waste generated,THS_T,Thousand tonnes,TR,Türkiye,2002,,30999,,,,,
dataflow,ESTAT:ENV_WASMUN(1.0),Municipal waste by waste management operations,A,Annual,GEN,Waste generated,THS_T,Thousand tonnes,TR,Türkiye,2003,,31081,,,,,
dataflow,ESTAT:ENV_WASMUN(1.0),Municipal waste by waste management operations,A,Annual,GEN,Waste generated,THS_T,Thousand tonnes,TR,Türkiye,2004,,29736,,b,break in time series,,
dataflow,ESTAT:ENV_WASMUN(1.0),Municipal waste by waste management operations,A,Annual,GEN,Waste generated,THS_T,Thousand tonnes,TR,Türkiye,2005,,31352,,e,estimated,,
dataflow,ESTAT:ENV_WASMUN(1.0),Municipal waste by waste management operations,A,Annual,GEN,Waste generated,THS_T,Thousand tonnes,TR,Türkiye,2006,,30082,,,,,
dataflow,ESTAT:ENV_WASMUN(1.0),Municipal waste by waste management operations,A,Annual,GEN,Waste generated,THS_T,Thousand tonnes,TR,Türkiye,2007,,30366,,e,estimated,,
dataflow,ESTAT:ENV_WASMUN(1.0),Municipal waste by waste management operations,A,Annual,GEN,Waste generated,THS_T,Thousand tonnes,TR,Türkiye,2008,,28454,,,,,
dataflow,ESTAT:ENV_WASMUN(1.0),Municipal waste by waste management operations,A,Annual,GEN,Waste generated,THS_T,Thousand tonnes,TR,Türkiye,2009,,30196,,e,estimated,,
dataflow,ESTAT:ENV_WASMUN(1.0),Municipal waste by waste management operations,A,Annual,GEN,Waste generated,THS_T,Thousand tonnes,TR,Türkiye,2010,,29733,,,,,
dataflow,ESTAT:ENV_WASMUN(1.0),Municipal waste by waste management operations,A,Annual,GEN,Waste generated,THS_T,Thousand tonnes,TR,Türkiye,2011,,30862,,e,estimated,,
dataflow,ESTAT:ENV_WASMUN(1.0),Municipal waste by waste management operations,A,Annual,GEN,Waste generated,THS_T,Thousand tonnes,TR,Türkiye,2012,,30786,,,,,
dataflow,ESTAT:ENV_WASMUN(1.0),Municipal waste by waste management operations,A,Annual,GEN,Waste generated,THS_T,Thousand tonnes,TR,Türkiye,2013,,30920,,e,estimated,,
dataflow,ESTAT:ENV_WASMUN(1.0),Municipal waste by waste management operations,A,Annual,GEN,Waste generated,THS_T,Thousand tonnes,TR,Türkiye,2014,,31230,,e,estimated,,
dataflow,ESTAT:ENV_WASMUN(1.0),Municipal waste by waste management operations,A,Annual,GEN,Waste generated,THS_T,Thousand tonnes,TR,Türkiye,2015,,31283,,e,estimated,,
dataflow,ESTAT:ENV_WASMUN(1.0),Municipal waste by waste management operations,A,Annual,GEN,Waste generated,THS_T,Thousand tonnes,TR,Türkiye,2016,,33763,,be,"break in time series, estimated",,
dataflow,ESTAT:ENV_WASMUN(1.0),Municipal waste by waste management operations,A,Annual,GEN,Waste generated,THS_T,Thousand tonnes,TR,Türkiye,2017,,34173,,e,estimated,,
dataflow,ESTAT:ENV_WASMUN(1.0),Municipal waste by waste management operations,A,Annual,GEN,Waste generated,THS_T,Thousand tonnes,TR,Türkiye,2018,,34533,,e,estimated,,
dataflow,ESTAT:ENV_WASMUN(1.0),Municipal waste by waste management operations,A,Annual,GEN,Waste generated,THS_T,Thousand tonnes,TR,Türkiye,2019,,35017,,e,estimated,,
dataflow,ESTAT:ENV_WASMUN(1.0),Municipal waste by waste management operations,A,Annual,GEN,Waste generated,THS_T,Thousand tonnes,TR,Türkiye,2020,,34581,,,,,
dataflow,ESTAT:ENV_WASMUN(1.0),Municipal waste by waste management operations,A,Annual,GEN,Waste generated,THS_T,Thousand tonnes,TR,Türkiye,2021,,35022,,e,estimated,,
dataflow,ESTAT:ENV_WASMUN(1.0),Municipal waste by waste management operations,A,Annual,GEN,Waste generated,THS_T,Thousand tonnes,TR,Türkiye,2022,,32422,,,,,
dataflow,ESTAT:ENV_WASMUN(1.0),Municipal waste by waste management operations,A,Annual,GEN,Waste generated,THS_T,Thousand tonnes,TR,Türkiye,2023,,32457,,e,estimated,,
dataflow,ESTAT:ENV_WASMUN(1.0),Municipal waste by waste management operations,A,Annual,GEN,Waste generated,THS_T,Thousand tonnes,XK,Kosovo*,2015,,319,,,,,
dataflow,ESTAT:ENV_WASMUN(1.0),Municipal waste by waste management operations,A,Annual,GEN,Waste generated,THS_T,Thousand tonnes,XK,Kosovo*,2017,,410,,,,,
dataflow,ESTAT:ENV_WASMUN(1.0),Municipal waste by waste management operations,A,Annual,GEN,Waste generated,THS_T,Thousand tonnes,XK,Kosovo*,2018,,407,,,,,
dataflow,ESTAT:ENV_WASMUN(1.0),Municipal waste by waste management operations,A,Annual,GEN,Waste generated,THS_T,Thousand tonnes,XK,Kosovo*,2019,,451,,,,,
dataflow,ESTAT:ENV_WASMUN(1.0),Municipal waste by waste management operations,A,Annual,GEN,Waste generated,THS_T,Thousand tonnes,XK,Kosovo*,2020,,456,,,,,
dataflow,ESTAT:ENV_WASMUN(1.0),Municipal waste by waste management operations,A,Annual,GEN,Waste generated,THS_T,Thousand tonnes,XK,Kosovo*,2021,,485,,,,,
dataflow,ESTAT:ENV_WASMUN(1.0),Municipal waste by waste management operations,A,Annual,GEN,Waste generated,THS_T,Thousand tonnes,XK,Kosovo*,2022,,501,,,,,
dataflow,ESTAT:ENV_WASMUN(1.0),Municipal waste by waste management operations,A,Annual,PRP_REU,Preparing for reuse,KG_HAB,Kilograms per capita,AL,Albania,2022,,0,,,,,
dataflow,ESTAT:ENV_WASMUN(1.0),Municipal waste by waste management operations,A,Annual,PRP_REU,Preparing for reuse,KG_HAB,Kilograms per capita,AL,Albania,2023,,0,,,,,
dataflow,ESTAT:ENV_WASMUN(1.0),Municipal waste by waste management operations,A,Annual,PRP_REU,Preparing for reuse,KG_HAB,Kilograms per capita,AT,Austria,2020,,4,,b,break in time series,,
dataflow,ESTAT:ENV_WASMUN(1.0),Municipal waste by waste management operations,A,Annual,PRP_REU,Preparing for reuse,KG_HAB,Kilograms per capita,AT,Austria,2021,,5,,,,,
dataflow,ESTAT:ENV_WASMUN(1.0),Municipal waste by waste management operations,A,Annual,PRP_REU,Preparing for reuse,KG_HAB,Kilograms per capita,AT,Austria,2022,,5,,,,,
dataflow,ESTAT:ENV_WASMUN(1.0),Municipal waste by waste management operations,A,Annual,PRP_REU,Preparing for reuse,KG_HAB,Kilograms per capita,BE,Belgium,2020,,2,,,,,
dataflow,ESTAT:ENV_WASMUN(1.0),Municipal waste by waste management operations,A,Annual,PRP_REU,Preparing for reuse,KG_HAB,Kilograms per capita,BE,Belgium,2021,,7,,,,,
dataflow,ESTAT:ENV_WASMUN(1.0),Municipal waste by waste management operations,A,Annual,PRP_REU,Preparing for reuse,KG_HAB,Kilograms per capita,BE,Belgium,2022,,9,,,,,
dataflow,ESTAT:ENV_WASMUN(1.0),Municipal waste by waste management operations,A,Annual,PRP_REU,Preparing for reuse,KG_HAB,Kilograms per capita,BE,Belgium,2023,,9,,,,,
dataflow,ESTAT:ENV_WASMUN(1.0),Municipal waste by waste management operations,A,Annual,PRP_REU,Preparing for reuse,KG_HAB,Kilograms per capita,BG,Bulgaria,2020,,0,,,,,
dataflow,ESTAT:ENV_WASMUN(1.0),Municipal waste by waste management operations,A,Annual,PRP_REU,Preparing for reuse,KG_HAB,Kilograms per capita,BG,Bulgaria,2021,,0,,,,,
dataflow,ESTAT:ENV_WASMUN(1.0),Municipal waste by waste management operations,A,Annual,PRP_REU,Preparing for reuse,KG_HAB,Kilograms per capita,CH,Switzerland,2020,,0,,,,,
dataflow,ESTAT:ENV_WASMUN(1.0),Municipal waste by waste management operations,A,Annual,PRP_REU,Preparing for reuse,KG_HAB,Kilograms per capita,CH,Switzerland,2021,,0,,,,,
dataflow,ESTAT:ENV_WASMUN(1.0),Municipal waste by waste management operations,A,Annual,PRP_REU,Preparing for reuse,KG_HAB,Kilograms per capita,CH,Switzerland,2022,,0,,,,,
dataflow,ESTAT:ENV_WASMUN(1.0),Municipal waste by waste management operations,A,Annual,PRP_REU,Preparing for reuse,KG_HAB,Kilograms per capita,CY,Cyprus,2010,,0,,,,,
dataflow,ESTAT:ENV_WASMUN(1.0),Municipal waste by waste management operations,A,Annual,PRP_REU,Preparing for reuse,KG_HAB,Kilograms per capita,CY,Cyprus,2011,,0,,,,,
dataflow,ESTAT:ENV_WASMUN(1.0),Municipal waste by waste management operations,A,Annual,PRP_REU,Preparing for reuse,KG_HAB,Kilograms per capita,CY,Cyprus,2012,,0,,,,,
dataflow,ESTAT:ENV_WASMUN(1.0),Municipal waste by waste management operations,A,Annual,PRP_REU,Preparing for reuse,KG_HAB,Kilograms per capita,CY,Cyprus,2013,,0,,,,,
dataflow,ESTAT:ENV_WASMUN(1.0),Municipal waste by waste management operations,A,Annual,PRP_REU,Preparing for reuse,KG_HAB,Kilograms per capita,CY,Cyprus,2014,,0,,,,,
dataflow,ESTAT:ENV_WASMUN(1.0),Municipal waste by waste management operations,A,Annual,PRP_REU,Preparing for reuse,KG_HAB,Kilograms per capita,CY,Cyprus,2015,,0,,,,,
dataflow,ESTAT:ENV_WASMUN(1.0),Municipal waste by waste management operations,A,Annual,PRP_REU,Preparing for reuse,KG_HAB,Kilograms per capita,CY,Cyprus,2016,,0,,,,,
dataflow,ESTAT:ENV_WASMUN(1.0),Municipal waste by waste management operations,A,Annual,PRP_REU,Preparing for reuse,KG_HAB,Kilograms per capita,CY,Cyprus,2017,,0,,,,,
dataflow,ESTAT:ENV_WASMUN(1.0),Municipal waste by waste management operations,A,Annual,PRP_REU,Preparing for reuse,KG_HAB,Kilograms per capita,CY,Cyprus,2018,,0,,,,,
dataflow,ESTAT:ENV_WASMUN(1.0),Municipal waste by waste management operations,A,Annual,PRP_REU,Preparing for reuse,KG_HAB,Kilograms per capita,CY,Cyprus,2019,,2,,,,,
dataflow,ESTAT:ENV_WASMUN(1.0),Municipal waste by waste management operations,A,Annual,PRP_REU,Preparing for reuse,KG_HAB,Kilograms per capita,CY,Cyprus,2020,,2,,,,,
dataflow,ESTAT:ENV_WASMUN(1.0),Municipal waste by waste management operations,A,Annual,PRP_REU,Preparing for reuse,KG_HAB,Kilograms per capita,CY,Cyprus,2021,,2,,,,,
dataflow,ESTAT:ENV_WASMUN(1.0),Municipal waste by waste management operations,A,Annual,PRP_REU,Preparing for reuse,KG_HAB,Kilograms per capita,CY,Cyprus,2022,,2,,,,,
dataflow,ESTAT:ENV_WASMUN(1.0),Municipal waste by waste management operations,A,Annual,PRP_REU,Preparing for reuse,KG_HAB,Kilograms per capita,CY,Cyprus,2023,,3,,p,provisional,,
dataflow,ESTAT:ENV_WASMUN(1.0),Municipal waste by waste management operations,A,Annual,PRP_REU,Preparing for reuse,KG_HAB,Kilograms per capita,CZ,Czechia,2017,,0,,b,break in time series,,
dataflow,ESTAT:ENV_WASMUN(1.0),Municipal waste by waste management operations,A,Annual,PRP_REU,Preparing for reuse,KG_HAB,Kilograms per capita,CZ,Czechia,2018,,0,,,,,
dataflow,ESTAT:ENV_WASMUN(1.0),Municipal waste by waste management operations,A,Annual,PRP_REU,Preparing for reuse,KG_HAB,Kilograms per capita,CZ,Czechia,2019,,0,,,,,
dataflow,ESTAT:ENV_WASMUN(1.0),Municipal waste by waste management operations,A,Annual,PRP_REU,Preparing for reuse,KG_HAB,Kilograms per capita,CZ,Czechia,2020,,0,,,,,
dataflow,ESTAT:ENV_WASMUN(1.0),Municipal waste by waste management operations,A,Annual,PRP_REU,Preparing for reuse,KG_HAB,Kilograms per capita,CZ,Czechia,2021,,0,,,,,
dataflow,ESTAT:ENV_WASMUN(1.0),Municipal waste by waste management operations,A,Annual,PRP_REU,Preparing for reuse,KG_HAB,Kilograms per capita,DE,Germany,2020,,8,,,,,
dataflow,ESTAT:ENV_WASMUN(1.0),Municipal waste by waste management operations,A,Annual,PRP_REU,Preparing for reuse,KG_HAB,Kilograms per capita,DK,Denmark,2022,,2,,,,,
dataflow,ESTAT:ENV_WASMUN(1.0),Municipal waste by waste management operations,A,Annual,PRP_REU,Preparing for reuse,KG_HAB,Kilograms per capita,EE,Estonia,2022,,1,,,,,
dataflow,ESTAT:ENV_WASMUN(1.0),Municipal waste by waste management operations,A,Annual,PRP_REU,Preparing for reuse,KG_HAB,Kilograms per capita,EL,Greece,2022,,1,,,,,
dataflow,ESTAT:ENV_WASMUN(1.0),Municipal waste by waste management operations,A,Annual,PRP_REU,Preparing for reuse,KG_HAB,Kilograms per capita,FI,Finland,2020,,0,,,,,
dataflow,ESTAT:ENV_WASMUN(1.0),Municipal waste by waste management operations,A,Annual,PRP_REU,Preparing for reuse,KG_HAB,Kilograms per capita,FI,Finland,2022,,1,,,,,
dataflow,ESTAT:ENV_WASMUN(1.0),Municipal waste by waste management operations,A,Annual,PRP_REU,Preparing for reuse,KG_HAB,Kilograms per capita,FI,Finland,2023,,1,,,,,
dataflow,ESTAT:ENV_WASMUN(1.0),Municipal waste by waste management operations,A,Annual,PRP_REU,Preparing for reuse,KG_HAB,Kilograms per capita,FR,France,2016,,2,,e,estimated,,
dataflow,ESTAT:ENV_WASMUN(1.0),Municipal waste by waste management operations,A,Annual,PRP_REU,Preparing for reuse,KG_HAB,Kilograms per capita,FR,France,2017,,2,,e,estimated,,
dataflow,ESTAT:ENV_WASMUN(1.0),Municipal waste by waste management operations,A,Annual,PRP_REU,Preparing for reuse,KG_HAB,Kilograms per capita,FR,France,2018,,3,,e,estimated,,
dataflow,ESTAT:ENV_WASMUN(1.0),Municipal waste by waste management operations,A,Annual,PRP_REU,Preparing for reuse,KG_HAB,Kilograms per capita,FR,France,2019,,3,,e,estimated,,
dataflow,ESTAT:ENV_WASMUN(1.0),Municipal waste by waste management operations,A,Annual,PRP_REU,Preparing for reuse,KG_HAB,Kilograms per capita,FR,France,2020,,2,,e,estimated,,
dataflow,ESTAT:ENV_WASMUN(1.0),Municipal waste by waste management operations,A,Annual,PRP_REU,Preparing for reuse,KG_HAB,Kilograms per capita,FR,France,2021,,3,,,,,
dataflow,ESTAT:ENV_WASMUN(1.0),Municipal waste by waste management operations,A,Annual,PRP_REU,Preparing for reuse,KG_HAB,Kilograms per capita,FR,France,2022,,3,,ep,"estimated, provisional",,
dataflow,ESTAT:ENV_WASMUN(1.0),Municipal waste by waste management operations,A,Annual,PRP_REU,Preparing for reuse,KG_HAB,Kilograms per capita,FR,France,2023,,3,,ep,"estimated, provisional",,
dataflow,ESTAT:ENV_WASMUN(1.0),Municipal waste by waste management operations,A,Annual,PRP_REU,Preparing for reuse,KG_HAB,Kilograms per capita,IE,Ireland,2020,,2,,,,,
dataflow,ESTAT:ENV_WASMUN(1.0),Municipal waste by waste management operations,A,Annual,PRP_REU,Preparing for reuse,KG_HAB,Kilograms per capita,IS,Iceland,2020,,0,,,,,
dataflow,ESTAT:ENV_WASMUN(1.0),Municipal waste by waste management operations,A,Annual,PRP_REU,Preparing for reuse,KG_HAB,Kilograms per capita,IS,Iceland,2021,,0,,,,,
dataflow,ESTAT:ENV_WASMUN(1.0),Municipal waste by waste management operations,A,Annual,PRP_REU,Preparing for reuse,KG_HAB,Kilograms per capita,LT,Lithuania,2019,,0,,,,,
dataflow,ESTAT:ENV_WASMUN(1.0),Municipal waste by waste management operations,A,Annual,PRP_REU,Preparing for reuse,KG_HAB,Kilograms per capita,LT,Lithuania,2020,,0,,,,,
dataflow,ESTAT:ENV_WASMUN(1.0),Municipal waste by waste management operations,A,Annual,PRP_REU,Preparing for reuse,KG_HAB,Kilograms per capita,LT,Lithuania,2021,,1,,,,,
dataflow,ESTAT:ENV_WASMUN(1.0),Municipal waste by waste management operations,A,Annual,PRP_REU,Preparing for reuse,KG_HAB,Kilograms per capita,LT,Lithuania,2022,,2,,,,,
dataflow,ESTAT:ENV_WASMUN(1.0),Municipal waste by waste management operations,A,Annual,PRP_REU,Preparing for reuse,KG_HAB,Kilograms per capita,LT,Lithuania,2023,,3,,,,,
dataflow,ESTAT:ENV_WASMUN(1.0),Municipal waste by waste management operations,A,Annual,PRP_REU,Preparing for reuse,KG_HAB,Kilograms per capita,LU,Luxembourg,2023,,0,,,,,
dataflow,ESTAT:ENV_WASMUN(1.0),Municipal waste by waste management operations,A,Annual,PRP_REU,Preparing for reuse,KG_HAB,Kilograms per capita,LV,Latvia,2020,,1,,,,,
dataflow,ESTAT:ENV_WASMUN(1.0),Municipal waste by waste management operations,A,Annual,PRP_REU,Preparing for reuse,KG_HAB,Kilograms per capita,LV,Latvia,2021,,0,,,,,
dataflow,ESTAT:ENV_WASMUN(1.0),Municipal waste by waste management operations,A,Annual,PRP_REU,Preparing for reuse,KG_HAB,Kilograms per capita,ME,Montenegro,2022,,0,,,,,
dataflow,ESTAT:ENV_WASMUN(1.0),Municipal waste by waste management operations,A,Annual,PRP_REU,Preparing for reuse,KG_HAB,Kilograms per capita,ME,Montenegro,2023,,0,,,,,
dataflow,ESTAT:ENV_WASMUN(1.0),Municipal waste by waste management operations,A,Annual,PRP_REU,Preparing for reuse,KG_HAB,Kilograms per capita,MK,North Macedonia,2022,,0,,,,,
dataflow,ESTAT:ENV_WASMUN(1.0),Municipal waste by waste management operations,A,Annual,PRP_REU,Preparing for reuse,KG_HAB,Kilograms per capita,MT,Malta,2004,,0,,,,,
dataflow,ESTAT:ENV_WASMUN(1.0),Municipal waste by waste management operations,A,Annual,PRP_REU,Preparing for reuse,KG_HAB,Kilograms per capita,MT,Malta,2005,,0,,,,,
dataflow,ESTAT:ENV_WASMUN(1.0),Municipal waste by waste management operations,A,Annual,PRP_REU,Preparing for reuse,KG_HAB,Kilograms per capita,MT,Malta,2006,,0,,,,,
dataflow,ESTAT:ENV_WASMUN(1.0),Municipal waste by waste management operations,A,Annual,PRP_REU,Preparing for reuse,KG_HAB,Kilograms per capita,MT,Malta,2007,,0,,,,,
dataflow,ESTAT:ENV_WASMUN(1.0),Municipal waste by waste management operations,A,Annual,PRP_REU,Preparing for reuse,KG_HAB,Kilograms per capita,MT,Malta,2008,,0,,,,,
dataflow,ESTAT:ENV_WASMUN(1.0),Municipal waste by waste management operations,A,Annual,PRP_REU,Preparing for reuse,KG_HAB,Kilograms per capita,MT,Malta,2009,,0,,,,,
dataflow,ESTAT:ENV_WASMUN(1.0),Municipal waste by waste management operations,A,Annual,PRP_REU,Preparing for reuse,KG_HAB,Kilograms per capita,MT,Malta,2010,,0,,,,,
dataflow,ESTAT:ENV_WASMUN(1.0),Municipal waste by waste management operations,A,Annual,PRP_REU,Preparing for reuse,KG_HAB,Kilograms per capita,MT,Malta,2011,,0,,,,,
dataflow,ESTAT:ENV_WASMUN(1.0),Municipal waste by waste management operations,A,Annual,PRP_REU,Preparing for reuse,KG_HAB,Kilograms per capita,MT,Malta,2012,,0,,,,,
dataflow,ESTAT:ENV_WASMUN(1.0),Municipal waste by waste management operations,A,Annual,PRP_REU,Preparing for reuse,KG_HAB,Kilograms per capita,MT,Malta,2013,,0,,,,,
dataflow,ESTAT:ENV_WASMUN(1.0),Municipal waste by waste management operations,A,Annual,PRP_REU,Preparing for reuse,KG_HAB,Kilograms per capita,MT,Malta,2014,,0,,,,,
dataflow,ESTAT:ENV_WASMUN(1.0),Municipal waste by waste management operations,A,Annual,PRP_REU,Preparing for reuse,KG_HAB,Kilograms per capita,MT,Malta,2015,,0,,,,,
dataflow,ESTAT:ENV_WASMUN(1.0),Municipal waste by waste management operations,A,Annual,PRP_REU,Preparing for reuse,KG_HAB,Kilograms per capita,MT,Malta,2016,,0,,,,,
dataflow,ESTAT:ENV_WASMUN(1.0),Municipal waste by waste management operations,A,Annual,PRP_REU,Preparing for reuse,KG_HAB,Kilograms per capita,MT,Malta,2017,,0,,,,,
dataflow,ESTAT:ENV_WASMUN(1.0),Municipal waste by waste management operations,A,Annual,PRP_REU,Preparing for reuse,KG_HAB,Kilograms per capita,MT,Malta,2018,,0,,,,,
dataflow,ESTAT:ENV_WASMUN(1.0),Municipal waste by waste management operations,A,Annual,PRP_REU,Preparing for reuse,KG_HAB,Kilograms per capita,MT,Malta,2019,,0,,,,,
dataflow,ESTAT:ENV_WASMUN(1.0),Municipal waste by waste management operations,A,Annual,PRP_REU,Preparing for reuse,KG_HAB,Kilograms per capita,MT,Malta,2020,,0,,,,,
dataflow,ESTAT:ENV_WASMUN(1.0),Municipal waste by waste management operations,A,Annual,PRP_REU,Preparing for reuse,KG_HAB,Kilograms per capita,MT,Malta,2021,,0,,,,,
dataflow,ESTAT:ENV_WASMUN(1.0),Municipal waste by waste management operations,A,Annual,PRP_REU,Preparing for reuse,KG_HAB,Kilograms per capita,MT,Malta,2022,,2,,,,,
dataflow,ESTAT:ENV_WASMUN(1.0),Municipal waste by waste management operations,A,Annual,PRP_REU,Preparing for reuse,KG_HAB,Kilograms per capita,MT,Malta,2023,,2,,,,,
dataflow,ESTAT:ENV_WASMUN(1.0),Municipal waste by waste management operations,A,Annual,PRP_REU,Preparing for reuse,KG_HAB,Kilograms per capita,PT,Portugal,2020,,0,,,,,
dataflow,ESTAT:ENV_WASMUN(1.0),Municipal waste by waste management operations,A,Annual,PRP_REU,Preparing for reuse,KG_HAB,Kilograms per capita,PT,Portugal,2021,,0,,,,,
dataflow,ESTAT:ENV_WASMUN(1.0),Municipal waste by waste management operations,A,Annual,PRP_REU,Preparing for reuse,KG_HAB,Kilograms per capita,PT,Portugal,2022,,0,,,,,
dataflow,ESTAT:ENV_WASMUN(1.0),Municipal waste by waste management operations,A,Annual,PRP_REU,Preparing for reuse,KG_HAB,Kilograms per capita,RO,Romania,2020,,0,,,,,
dataflow,ESTAT:ENV_WASMUN(1.0),Municipal waste by waste management operations,A,Annual,PRP_REU,Preparing for reuse,KG_HAB,Kilograms per capita,RO,Romania,2021,,0,,,,,
dataflow,ESTAT:ENV_WASMUN(1.0),Municipal waste by waste management operations,A,Annual,PRP_REU,Preparing for reuse,KG_HAB,Kilograms per capita,RO,Romania,2022,,0,,,,,
dataflow,ESTAT:ENV_WASMUN(1.0),Municipal waste by waste management operations,A,Annual,PRP_REU,Preparing for reuse,KG_HAB,Kilograms per capita,SE,Sweden,2020,,0,,b,break in time series,,
dataflow,ESTAT:ENV_WASMUN(1.0),Municipal waste by waste management operations,A,Annual,PRP_REU,Preparing for reuse,KG_HAB,Kilograms per capita,SE,Sweden,2021,,0,,,,,
dataflow,ESTAT:ENV_WASMUN(1.0),Municipal waste by waste management operations,A,Annual,PRP_REU,Preparing for reuse,KG_HAB,Kilograms per capita,SE,Sweden,2022,,0,,,,,
dataflow,ESTAT:ENV_WASMUN(1.0),Municipal waste by waste management operations,A,Annual,PRP_REU,Preparing for reuse,KG_HAB,Kilograms per capita,SE,Sweden,2023,,1,,,,,
dataflow,ESTAT:ENV_WASMUN(1.0),Municipal waste by waste management operations,A,Annual,PRP_REU,Preparing for reuse,KG_HAB,Kilograms per capita,SI,Slovenia,2018,,1,,,,,
dataflow,ESTAT:ENV_WASMUN(1.0),Municipal waste by waste management operations,A,Annual,PRP_REU,Preparing for reuse,KG_HAB,Kilograms per capita,SI,Slovenia,2019,,0,,,,,
dataflow,ESTAT:ENV_WASMUN(1.0),Municipal waste by waste management operations,A,Annual,PRP_REU,Preparing for reuse,KG_HAB,Kilograms per capita,SI,Slovenia,2020,,0,,,,,
dataflow,ESTAT:ENV_WASMUN(1.0),Municipal waste by waste management operations,A,Annual,PRP_REU,Preparing for reuse,KG_HAB,Kilograms per capita,SI,Slovenia,2021,,1,,,,,
dataflow,ESTAT:ENV_WASMUN(1.0),Municipal waste by waste management operations,A,Annual,PRP_REU,Preparing for reuse,KG_HAB,Kilograms per capita,SI,Slovenia,2022,,1,,,,,
dataflow,ESTAT:ENV_WASMUN(1.0),Municipal waste by waste management operations,A,Annual,PRP_REU,Preparing for reuse,KG_HAB,Kilograms per capita,SI,Slovenia,2023,,1,,,,,
dataflow,ESTAT:ENV_WASMUN(1.0),Municipal waste by waste management operations,A,Annual,PRP_REU,Preparing for reuse,KG_HAB,Kilograms per capita,SK,Slovakia,2020,,3,,,,,
dataflow,ESTAT:ENV_WASMUN(1.0),Municipal waste by waste management operations,A,Annual,PRP_REU,Preparing for reuse,KG_HAB,Kilograms per capita,SK,Slovakia,2021,,0,,,,,
dataflow,ESTAT:ENV_WASMUN(1.0),Municipal waste by waste management operations,A,Annual,PRP_REU,Preparing for reuse,KG_HAB,Kilograms per capita,SK,Slovakia,2022,,0,,,,,
dataflow,ESTAT:ENV_WASMUN(1.0),Municipal waste by waste management operations,A,Annual,PRP_REU,Preparing for reuse,KG_HAB,Kilograms per capita,SK,Slovakia,2023,,0,,,,,
dataflow,ESTAT:ENV_WASMUN(1.0),Municipal waste by waste management operations,A,Annual,PRP_REU,Preparing for reuse,KG_HAB,Kilograms per capita,XK,Kosovo*,2020,,0,,,,,
dataflow,ESTAT:ENV_WASMUN(1.0),Municipal waste by waste management operations,A,Annual,PRP_REU,Preparing for reuse,KG_HAB,Kilograms per capita,XK,Kosovo*,2021,,0,,,,,
dataflow,ESTAT:ENV_WASMUN(1.0),Municipal waste by waste management operations,A,Annual,PRP_REU,Preparing for reuse,THS_T,Thousand tonnes,AL,Albania,2022,,0,,,,,
dataflow,ESTAT:ENV_WASMUN(1.0),Municipal waste by waste management operations,A,Annual,PRP_REU,Preparing for reuse,THS_T,Thousand tonnes,AL,Albania,2023,,0,,,,,
dataflow,ESTAT:ENV_WASMUN(1.0),Municipal waste by waste management operations,A,Annual,PRP_REU,Preparing for reuse,THS_T,Thousand tonnes,AT,Austria,2020,,33,,b,break in time series,,
dataflow,ESTAT:ENV_WASMUN(1.0),Municipal waste by waste management operations,A,Annual,PRP_REU,Preparing for reuse,THS_T,Thousand tonnes,AT,Austria,2021,,42,,,,,
dataflow,ESTAT:ENV_WASMUN(1.0),Municipal waste by waste management operations,A,Annual,PRP_REU,Preparing for reuse,THS_T,Thousand tonnes,AT,Austria,2022,,44,,,,,
dataflow,ESTAT:ENV_WASMUN(1.0),Municipal waste by waste management operations,A,Annual,PRP_REU,Preparing for reuse,THS_T,Thousand tonnes,BE,Belgium,2020,,22,,,,,
dataflow,ESTAT:ENV_WASMUN(1.0),Municipal waste by waste management operations,A,Annual,PRP_REU,Preparing for reuse,THS_T,Thousand tonnes,BE,Belgium,2021,,86,,,,,
dataflow,ESTAT:ENV_WASMUN(1.0),Municipal waste by waste management operations,A,Annual,PRP_REU,Preparing for reuse,THS_T,Thousand tonnes,BE,Belgium,2022,,110,,,,,
dataflow,ESTAT:ENV_WASMUN(1.0),Municipal waste by waste management operations,A,Annual,PRP_REU,Preparing for reuse,THS_T,Thousand tonnes,BE,Belgium,2023,,112,,,,,
dataflow,ESTAT:ENV_WASMUN(1.0),Municipal waste by waste management operations,A,Annual,PRP_REU,Preparing for reuse,THS_T,Thousand tonnes,BG,Bulgaria,2020,,0,,,,,
dataflow,ESTAT:ENV_WASMUN(1.0),Municipal waste by waste management operations,A,Annual,PRP_REU,Preparing for reuse,THS_T,Thousand tonnes,BG,Bulgaria,2021,,0,,,,,
dataflow,ESTAT:ENV_WASMUN(1.0),Municipal waste by waste management operations,A,Annual,PRP_REU,Preparing for reuse,THS_T,Thousand tonnes,CH,Switzerland,2020,,0,,,,,
dataflow,ESTAT:ENV_WASMUN(1.0),Municipal waste by waste management operations,A,Annual,PRP_REU,Preparing for reuse,THS_T,Thousand tonnes,CH,Switzerland,2021,,0,,,,,
dataflow,ESTAT:ENV_WASMUN(1.0),Municipal waste by waste management operations,A,Annual,PRP_REU,Preparing for reuse,THS_T,Thousand tonnes,CH,Switzerland,2022,,0,,,,,
dataflow,ESTAT:ENV_WASMUN(1.0),Municipal waste by waste management operations,A,Annual,PRP_REU,Preparing for reuse,THS_T,Thousand tonnes,CY,Cyprus,2010,,0,,,,,
dataflow,ESTAT:ENV_WASMUN(1.0),Municipal waste by waste management operations,A,Annual,PRP_REU,Preparing for reuse,THS_T,Thousand tonnes,CY,Cyprus,2011,,0,,,,,
dataflow,ESTAT:ENV_WASMUN(1.0),Municipal waste by waste management operations,A,Annual,PRP_REU,Preparing for reuse,THS_T,Thousand tonnes,CY,Cyprus,2012,,0,,,,,
dataflow,ESTAT:ENV_WASMUN(1.0),Municipal waste by waste management operations,A,Annual,PRP_REU,Preparing for reuse,THS_T,Thousand tonnes,CY,Cyprus,2013,,0,,,,,
dataflow,ESTAT:ENV_WASMUN(1.0),Municipal waste by waste management operations,A,Annual,PRP_REU,Preparing for reuse,THS_T,Thousand tonnes,CY,Cyprus,2014,,0,,,,,
dataflow,ESTAT:ENV_WASMUN(1.0),Municipal waste by waste management operations,A,Annual,PRP_REU,Preparing for reuse,THS_T,Thousand tonnes,CY,Cyprus,2015,,0,,,,,
dataflow,ESTAT:ENV_WASMUN(1.0),Municipal waste by waste management operations,A,Annual,PRP_REU,Preparing for reuse,THS_T,Thousand tonnes,CY,Cyprus,2016,,0,,,,,
dataflow,ESTAT:ENV_WASMUN(1.0),Municipal waste by waste management operations,A,Annual,PRP_REU,Preparing for reuse,THS_T,Thousand tonnes,CY,Cyprus,2017,,0,,,,,
dataflow,ESTAT:ENV_WASMUN(1.0),Municipal waste by waste management operations,A,Annual,PRP_REU,Preparing for reuse,THS_T,Thousand tonnes,CY,Cyprus,2018,,0,,,,,
dataflow,ESTAT:ENV_WASMUN(1.0),Municipal waste by waste management operations,A,Annual,PRP_REU,Preparing for reuse,THS_T,Thousand tonnes,CY,Cyprus,2019,,2,,,,,
dataflow,ESTAT:ENV_WASMUN(1.0),Municipal waste by waste management operations,A,Annual,PRP_REU,Preparing for reuse,THS_T,Thousand tonnes,CY,Cyprus,2020,,2,,,,,
dataflow,ESTAT:ENV_WASMUN(1.0),Municipal waste by waste management operations,A,Annual,PRP_REU,Preparing for reuse,THS_T,Thousand tonnes,CY,Cyprus,2021,,2,,,,,
dataflow,ESTAT:ENV_WASMUN(1.0),Municipal waste by waste management operations,A,Annual,PRP_REU,Preparing for reuse,THS_T,Thousand tonnes,CY,Cyprus,2022,,2,,,,,
dataflow,ESTAT:ENV_WASMUN(1.0),Municipal waste by waste management operations,A,Annual,PRP_REU,Preparing for reuse,THS_T,Thousand tonnes,CY,Cyprus,2023,,2,,p,provisional,,
dataflow,ESTAT:ENV_WASMUN(1.0),Municipal waste by waste management operations,A,Annual,PRP_REU,Preparing for reuse,THS_T,Thousand tonnes,CZ,Czechia,2017,,0,,b,break in time series,,
dataflow,ESTAT:ENV_WASMUN(1.0),Municipal waste by waste management operations,A,Annual,PRP_REU,Preparing for reuse,THS_T,Thousand tonnes,CZ,Czechia,2018,,0,,,,,
dataflow,ESTAT:ENV_WASMUN(1.0),Municipal waste by waste management operations,A,Annual,PRP_REU,Preparing for reuse,THS_T,Thousand tonnes,CZ,Czechia,2019,,0,,,,,
dataflow,ESTAT:ENV_WASMUN(1.0),Municipal waste by waste management operations,A,Annual,PRP_REU,Preparing for reuse,THS_T,Thousand tonnes,CZ,Czechia,2020,,0,,,,,
dataflow,ESTAT:ENV_WASMUN(1.0),Municipal waste by waste management operations,A,Annual,PRP_REU,Preparing for reuse,THS_T,Thousand tonnes,CZ,Czechia,2021,,0,,,,,
dataflow,ESTAT:ENV_WASMUN(1.0),Municipal waste by waste management operations,A,Annual,PRP_REU,Preparing for reuse,THS_T,Thousand tonnes,DE,Germany,2020,,695,,,,,
dataflow,ESTAT:ENV_WASMUN(1.0),Municipal waste by waste management operations,A,Annual,PRP_REU,Preparing for reuse,THS_T,Thousand tonnes,DK,Denmark,2022,,15,,,,,
dataflow,ESTAT:ENV_WASMUN(1.0),Municipal waste by waste management operations,A,Annual,PRP_REU,Preparing for reuse,THS_T,Thousand tonnes,EE,Estonia,2022,,1,,,,,
dataflow,ESTAT:ENV_WASMUN(1.0),Municipal waste by waste management operations,A,Annual,PRP_REU,Preparing for reuse,THS_T,Thousand tonnes,EL,Greece,2022,,8,,,,,
dataflow,ESTAT:ENV_WASMUN(1.0),Municipal waste by waste management operations,A,Annual,PRP_REU,Preparing for reuse,THS_T,Thousand tonnes,FI,Finland,2020,,0,,,,,
dataflow,ESTAT:ENV_WASMUN(1.0),Municipal waste by waste management operations,A,Annual,PRP_REU,Preparing for reuse,THS_T,Thousand tonnes,FI,Finland,2022,,8,,,,,
dataflow,ESTAT:ENV_WASMUN(1.0),Municipal waste by waste management operations,A,Annual,PRP_REU,Preparing for reuse,THS_T,Thousand tonnes,FI,Finland,2023,,4,,,,,
dataflow,ESTAT:ENV_WASMUN(1.0),Municipal waste by waste management operations,A,Annual,PRP_REU,Preparing for reuse,THS_T,Thousand tonnes,FR,France,2016,,152,,e,estimated,,
dataflow,ESTAT:ENV_WASMUN(1.0),Municipal waste by waste management operations,A,Annual,PRP_REU,Preparing for reuse,THS_T,Thousand tonnes,FR,France,2017,,161,,e,estimated,,
dataflow,ESTAT:ENV_WASMUN(1.0),Municipal waste by waste management operations,A,Annual,PRP_REU,Preparing for reuse,THS_T,Thousand tonnes,FR,France,2018,,174,,e,estimated,,
dataflow,ESTAT:ENV_WASMUN(1.0),Municipal waste by waste management operations,A,Annual,PRP_REU,Preparing for reuse,THS_T,Thousand tonnes,FR,France,2019,,194,,e,estimated,,
dataflow,ESTAT:ENV_WASMUN(1.0),Municipal waste by waste management operations,A,Annual,PRP_REU,Preparing for reuse,THS_T,Thousand tonnes,FR,France,2020,,150,,e,estimated,,
dataflow,ESTAT:ENV_WASMUN(1.0),Municipal waste by waste management operations,A,Annual,PRP_REU,Preparing for reuse,THS_T,Thousand tonnes,FR,France,2021,,175,,,,,
dataflow,ESTAT:ENV_WASMUN(1.0),Municipal waste by waste management operations,A,Annual,PRP_REU,Preparing for reuse,THS_T,Thousand tonnes,FR,France,2022,,207,,ep,"estimated, provisional",,
dataflow,ESTAT:ENV_WASMUN(1.0),Municipal waste by waste management operations,A,Annual,PRP_REU,Preparing for reuse,THS_T,Thousand tonnes,FR,France,2023,,229,,ep,"estimated, provisional",,
dataflow,ESTAT:ENV_WASMUN(1.0),Municipal waste by waste management operations,A,Annual,PRP_REU,Preparing for reuse,THS_T,Thousand tonnes,IE,Ireland,2020,,12,,,,,
dataflow,ESTAT:ENV_WASMUN(1.0),Municipal waste by waste management operations,A,Annual,PRP_REU,Preparing for reuse,THS_T,Thousand tonnes,IS,Iceland,2020,,0,,,,,
dataflow,ESTAT:ENV_WASMUN(1.0),Municipal waste by waste management operations,A,Annual,PRP_REU,Preparing for reuse,THS_T,Thousand tonnes,IS,Iceland,2021,,0,,,,,
dataflow,ESTAT:ENV_WASMUN(1.0),Municipal waste by waste management operations,A,Annual,PRP_REU,Preparing for reuse,THS_T,Thousand tonnes,LT,Lithuania,2019,,0,,,,,
dataflow,ESTAT:ENV_WASMUN(1.0),Municipal waste by waste management operations,A,Annual,PRP_REU,Preparing for reuse,THS_T,Thousand tonnes,LT,Lithuania,2020,,1,,,,,
dataflow,ESTAT:ENV_WASMUN(1.0),Municipal waste by waste management operations,A,Annual,PRP_REU,Preparing for reuse,THS_T,Thousand tonnes,LT,Lithuania,2021,,2,,,,,
dataflow,ESTAT:ENV_WASMUN(1.0),Municipal waste by waste management operations,A,Annual,PRP_REU,Preparing for reuse,THS_T,Thousand tonnes,LT,Lithuania,2022,,4,,,,,
dataflow,ESTAT:ENV_WASMUN(1.0),Municipal waste by waste management operations,A,Annual,PRP_REU,Preparing for reuse,THS_T,Thousand tonnes,LT,Lithuania,2023,,7,,,,,
dataflow,ESTAT:ENV_WASMUN(1.0),Municipal waste by waste management operations,A,Annual,PRP_REU,Preparing for reuse,THS_T,Thousand tonnes,LU,Luxembourg,2016,,,,b,break in time series,,
dataflow,ESTAT:ENV_WASMUN(1.0),Municipal waste by waste management operations,A,Annual,PRP_REU,Preparing for reuse,THS_T,Thousand tonnes,LU,Luxembourg,2023,,0,,,,,
dataflow,ESTAT:ENV_WASMUN(1.0),Municipal waste by waste management operations,A,Annual,PRP_REU,Preparing for reuse,THS_T,Thousand tonnes,LV,Latvia,2020,,1,,,,,
dataflow,ESTAT:ENV_WASMUN(1.0),Municipal waste by waste management operations,A,Annual,PRP_REU,Preparing for reuse,THS_T,Thousand tonnes,LV,Latvia,2021,,0,,,,,
dataflow,ESTAT:ENV_WASMUN(1.0),Municipal waste by waste management operations,A,Annual,PRP_REU,Preparing for reuse,THS_T,Thousand tonnes,ME,Montenegro,2022,,0,,,,,
dataflow,ESTAT:ENV_WASMUN(1.0),Municipal waste by waste management operations,A,Annual,PRP_REU,Preparing for reuse,THS_T,Thousand tonnes,ME,Montenegro,2023,,0,,,,,
dataflow,ESTAT:ENV_WASMUN(1.0),Municipal waste by waste management operations,A,Annual,PRP_REU,Preparing for reuse,THS_T,Thousand tonnes,MK,North Macedonia,2022,,0,,,,,
dataflow,ESTAT:ENV_WASMUN(1.0),Municipal waste by waste management operations,A,Annual,PRP_REU,Preparing for reuse,THS_T,Thousand tonnes,MT,Malta,2004,,0,,,,,
dataflow,ESTAT:ENV_WASMUN(1.0),Municipal waste by waste management operations,A,Annual,PRP_REU,Preparing for reuse,THS_T,Thousand tonnes,MT,Malta,2005,,0,,,,,
dataflow,ESTAT:ENV_WASMUN(1.0),Municipal waste by waste management operations,A,Annual,PRP_REU,Preparing for reuse,THS_T,Thousand tonnes,MT,Malta,2006,,0,,,,,
dataflow,ESTAT:ENV_WASMUN(1.0),Municipal waste by waste management operations,A,Annual,PRP_REU,Preparing for reuse,THS_T,Thousand tonnes,MT,Malta,2007,,0,,,,,
dataflow,ESTAT:ENV_WASMUN(1.0),Municipal waste by waste management operations,A,Annual,PRP_REU,Preparing for reuse,THS_T,Thousand tonnes,MT,Malta,2008,,0,,,,,
dataflow,ESTAT:ENV_WASMUN(1.0),Municipal waste by waste management operations,A,Annual,PRP_REU,Preparing for reuse,THS_T,Thousand tonnes,MT,Malta,2009,,0,,,,,
dataflow,ESTAT:ENV_WASMUN(1.0),Municipal waste by waste management operations,A,Annual,PRP_REU,Preparing for reuse,THS_T,Thousand tonnes,MT,Malta,2010,,0,,,,,
dataflow,ESTAT:ENV_WASMUN(1.0),Municipal waste by waste management operations,A,Annual,PRP_REU,Preparing for reuse,THS_T,Thousand tonnes,MT,Malta,2011,,0,,,,,
dataflow,ESTAT:ENV_WASMUN(1.0),Municipal waste by waste management operations,A,Annual,PRP_REU,Preparing for reuse,THS_T,Thousand tonnes,MT,Malta,2012,,0,,,,,
dataflow,ESTAT:ENV_WASMUN(1.0),Municipal waste by waste management operations,A,Annual,PRP_REU,Preparing for reuse,THS_T,Thousand tonnes,MT,Malta,2013,,0,,,,,
dataflow,ESTAT:ENV_WASMUN(1.0),Municipal waste by waste management operations,A,Annual,PRP_REU,Preparing for reuse,THS_T,Thousand tonnes,MT,Malta,2014,,0,,,,,
dataflow,ESTAT:ENV_WASMUN(1.0),Municipal waste by waste management operations,A,Annual,PRP_REU,Preparing for reuse,THS_T,Thousand tonnes,MT,Malta,2015,,0,,,,,
dataflow,ESTAT:ENV_WASMUN(1.0),Municipal waste by waste management operations,A,Annual,PRP_REU,Preparing for reuse,THS_T,Thousand tonnes,MT,Malta,2016,,0,,,,,
dataflow,ESTAT:ENV_WASMUN(1.0),Municipal waste by waste management operations,A,Annual,PRP_REU,Preparing for reuse,THS_T,Thousand tonnes,MT,Malta,2017,,0,,,,,
dataflow,ESTAT:ENV_WASMUN(1.0),Municipal waste by waste management operations,A,Annual,PRP_REU,Preparing for reuse,THS_T,Thousand tonnes,MT,Malta,2018,,0,,,,,
dataflow,ESTAT:ENV_WASMUN(1.0),Municipal waste by waste management operations,A,Annual,PRP_REU,Preparing for reuse,THS_T,Thousand tonnes,MT,Malta,2019,,0,,,,,
dataflow,ESTAT:ENV_WASMUN(1.0),Municipal waste by waste management operations,A,Annual,PRP_REU,Preparing for reuse,THS_T,Thousand tonnes,MT,Malta,2020,,0,,,,,
dataflow,ESTAT:ENV_WASMUN(1.0),Municipal waste by waste management operations,A,Annual,PRP_REU,Preparing for reuse,THS_T,Thousand tonnes,MT,Malta,2021,,0,,,,,
dataflow,ESTAT:ENV_WASMUN(1.0),Municipal waste by waste management operations,A,Annual,PRP_REU,Preparing for reuse,THS_T,Thousand tonnes,MT,Malta,2022,,1,,,,,
dataflow,ESTAT:ENV_WASMUN(1.0),Municipal waste by waste management operations,A,Annual,PRP_REU,Preparing for reuse,THS_T,Thousand tonnes,MT,Malta,2023,,1,,,,,
dataflow,ESTAT:ENV_WASMUN(1.0),Municipal waste by waste management operations,A,Annual,PRP_REU,Preparing for reuse,THS_T,Thousand tonnes,PT,Portugal,2020,,0,,,,,
dataflow,ESTAT:ENV_WASMUN(1.0),Municipal waste by waste management operations,A,Annual,PRP_REU,Preparing for reuse,THS_T,Thousand tonnes,PT,Portugal,2021,,0,,,,,
dataflow,ESTAT:ENV_WASMUN(1.0),Municipal waste by waste management operations,A,Annual,PRP_REU,Preparing for reuse,THS_T,Thousand tonnes,PT,Portugal,2022,,0,,,,,
dataflow,ESTAT:ENV_WASMUN(1.0),Municipal waste by waste management operations,A,Annual,PRP_REU,Preparing for reuse,THS_T,Thousand tonnes,RO,Romania,2020,,0,,,,,
dataflow,ESTAT:ENV_WASMUN(1.0),Municipal waste by waste management operations,A,Annual,PRP_REU,Preparing for reuse,THS_T,Thousand tonnes,RO,Romania,2021,,0,,,,,
dataflow,ESTAT:ENV_WASMUN(1.0),Municipal waste by waste management operations,A,Annual,PRP_REU,Preparing for reuse,THS_T,Thousand tonnes,RO,Romania,2022,,0,,,,,
dataflow,ESTAT:ENV_WASMUN(1.0),Municipal waste by waste management operations,A,Annual,PRP_REU,Preparing for reuse,THS_T,Thousand tonnes,SE,Sweden,2020,,1,,b,break in time series,,
dataflow,ESTAT:ENV_WASMUN(1.0),Municipal waste by waste management operations,A,Annual,PRP_REU,Preparing for reuse,THS_T,Thousand tonnes,SE,Sweden,2021,,3,,,,,
dataflow,ESTAT:ENV_WASMUN(1.0),Municipal waste by waste management operations,A,Annual,PRP_REU,Preparing for reuse,THS_T,Thousand tonnes,SE,Sweden,2022,,4,,,,,
dataflow,ESTAT:ENV_WASMUN(1.0),Municipal waste by waste management operations,A,Annual,PRP_REU,Preparing for reuse,THS_T,Thousand tonnes,SE,Sweden,2023,,7,,,,,
dataflow,ESTAT:ENV_WASMUN(1.0),Municipal waste by waste management operations,A,Annual,PRP_REU,Preparing for reuse,THS_T,Thousand tonnes,SI,Slovenia,2018,,1,,,,,
dataflow,ESTAT:ENV_WASMUN(1.0),Municipal waste by waste management operations,A,Annual,PRP_REU,Preparing for reuse,THS_T,Thousand tonnes,SI,Slovenia,2019,,1,,,,,
dataflow,ESTAT:ENV_WASMUN(1.0),Municipal waste by waste management operations,A,Annual,PRP_REU,Preparing for reuse,THS_T,Thousand tonnes,SI,Slovenia,2020,,0,,,,,
dataflow,ESTAT:ENV_WASMUN(1.0),Municipal waste by waste management operations,A,Annual,PRP_REU,Preparing for reuse,THS_T,Thousand tonnes,SI,Slovenia,2021,,1,,,,,
dataflow,ESTAT:ENV_WASMUN(1.0),Municipal waste by waste management operations,A,Annual,PRP_REU,Preparing for reuse,THS_T,Thousand tonnes,SI,Slovenia,2022,,2,,,,,
dataflow,ESTAT:ENV_WASMUN(1.0),Municipal waste by waste management operations,A,Annual,PRP_REU,Preparing for reuse,THS_T,Thousand tonnes,SI,Slovenia,2023,,1,,,,,
dataflow,ESTAT:ENV_WASMUN(1.0),Municipal waste by waste management operations,A,Annual,PRP_REU,Preparing for reuse,THS_T,Thousand tonnes,SK,Slovakia,2020,,18,,,,,
dataflow,ESTAT:ENV_WASMUN(1.0),Municipal waste by waste management operations,A,Annual,PRP_REU,Preparing for reuse,THS_T,Thousand tonnes,SK,Slovakia,2021,,0,,,,,
dataflow,ESTAT:ENV_WASMUN(1.0),Municipal waste by waste management operations,A,Annual,PRP_REU,Preparing for reuse,THS_T,Thousand tonnes,SK,Slovakia,2022,,0,,,,,
dataflow,ESTAT:ENV_WASMUN(1.0),Municipal waste by waste management operations,A,Annual,PRP_REU,Preparing for reuse,THS_T,Thousand tonnes,SK,Slovakia,2023,,0,,,,,
dataflow,ESTAT:ENV_WASMUN(1.0),Municipal waste by waste management operations,A,Annual,PRP_REU,Preparing for reuse,THS_T,Thousand tonnes,XK,Kosovo*,2020,,0,,,,,
dataflow,ESTAT:ENV_WASMUN(1.0),Municipal waste by waste management operations,A,Annual,PRP_REU,Preparing for reuse,THS_T,Thousand tonnes,XK,Kosovo*,2021,,0,,,,,
dataflow,ESTAT:ENV_WASMUN(1.0),Municipal waste by waste management operations,A,Annual,RCV_E,Recovery - energy recovery (R1),KG_HAB,Kilograms per capita,AL,Albania,2013,,3,,,,,
dataflow,ESTAT:ENV_WASMUN(1.0),Municipal waste by waste management operations,A,Annual,RCV_E,Recovery - energy recovery (R1),KG_HAB,Kilograms per capita,AL,Albania,2014,,2,,,,,
dataflow,ESTAT:ENV_WASMUN(1.0),Municipal waste by waste management operations,A,Annual,RCV_E,Recovery - energy recovery (R1),KG_HAB,Kilograms per capita,AL,Albania,2015,,8,,,,,
dataflow,ESTAT:ENV_WASMUN(1.0),Municipal waste by waste management operations,A,Annual,RCV_E,Recovery - energy recovery (R1),KG_HAB,Kilograms per capita,AL,Albania,2016,,7,,,,,
dataflow,ESTAT:ENV_WASMUN(1.0),Municipal waste by waste management operations,A,Annual,RCV_E,Recovery - energy recovery (R1),KG_HAB,Kilograms per capita,AL,Albania,2017,,8,,,,,
dataflow,ESTAT:ENV_WASMUN(1.0),Municipal waste by waste management operations,A,Annual,RCV_E,Recovery - energy recovery (R1),KG_HAB,Kilograms per capita,AL,Albania,2018,,13,,,,,
dataflow,ESTAT:ENV_WASMUN(1.0),Municipal waste by waste management operations,A,Annual,RCV_E,Recovery - energy recovery (R1),KG_HAB,Kilograms per capita,AL,Albania,2019,,3,,,,,
dataflow,ESTAT:ENV_WASMUN(1.0),Municipal waste by waste management operations,A,Annual,RCV_E,Recovery - energy recovery (R1),KG_HAB,Kilograms per capita,AL,Albania,2020,,4,,,,,
dataflow,ESTAT:ENV_WASMUN(1.0),Municipal waste by waste management operations,A,Annual,RCV_E,Recovery - energy recovery (R1),KG_HAB,Kilograms per capita,AL,Albania,2021,,6,,,,,
dataflow,ESTAT:ENV_WASMUN(1.0),Municipal waste by waste management operations,A,Annual,RCV_E,Recovery - energy recovery (R1),KG_HAB,Kilograms per capita,AL,Albania,2022,,13,,,,,
dataflow,ESTAT:ENV_WASMUN(1.0),Municipal waste by waste management operations,A,Annual,RCV_E,Recovery - energy recovery (R1),KG_HAB,Kilograms per capita,AL,Albania,2023,,14,,,,,
dataflow,ESTAT:ENV_WASMUN(1.0),Municipal waste by waste management operations,A,Annual,RCV_E,Recovery - energy recovery (R1),KG_HAB,Kilograms per capita,AT,Austria,1995,,54,,,,,
dataflow,ESTAT:ENV_WASMUN(1.0),Municipal waste by waste management operations,A,Annual,RCV_E,Recovery - energy recovery (R1),KG_HAB,Kilograms per capita,AT,Austria,1996,,54,,,,,
dataflow,ESTAT:ENV_WASMUN(1.0),Municipal waste by waste management operations,A,Annual,RCV_E,Recovery - energy recovery (R1),KG_HAB,Kilograms per capita,AT,Austria,1997,,56,,,,,
dataflow,ESTAT:ENV_WASMUN(1.0),Municipal waste by waste management operations,A,Annual,RCV_E,Recovery - energy recovery (R1),KG_HAB,Kilograms per capita,AT,Austria,1998,,55,,,,,
dataflow,ESTAT:ENV_WASMUN(1.0),Municipal waste by waste management operations,A,Annual,RCV_E,Recovery - energy recovery (R1),KG_HAB,Kilograms per capita,AT,Austria,1999,,57,,,,,
dataflow,ESTAT:ENV_WASMUN(1.0),Municipal waste by waste management operations,A,Annual,RCV_E,Recovery - energy recovery (R1),KG_HAB,Kilograms per capita,AT,Austria,2000,,65,,,,,
dataflow,ESTAT:ENV_WASMUN(1.0),Municipal waste by waste management operations,A,Annual,RCV_E,Recovery - energy recovery (R1),KG_HAB,Kilograms per capita,AT,Austria,2001,,65,,,,,
dataflow,ESTAT:ENV_WASMUN(1.0),Municipal waste by waste management operations,A,Annual,RCV_E,Recovery - energy recovery (R1),KG_HAB,Kilograms per capita,AT,Austria,2002,,66,,,,,
dataflow,ESTAT:ENV_WASMUN(1.0),Municipal waste by waste management operations,A,Annual,RCV_E,Recovery - energy recovery (R1),KG_HAB,Kilograms per capita,AT,Austria,2003,,73,,,,,
dataflow,ESTAT:ENV_WASMUN(1.0),Municipal waste by waste management operations,A,Annual,RCV_E,Recovery - energy recovery (R1),KG_HAB,Kilograms per capita,AT,Austria,2004,,169,,,,,
dataflow,ESTAT:ENV_WASMUN(1.0),Municipal waste by waste management operations,A,Annual,RCV_E,Recovery - energy recovery (R1),KG_HAB,Kilograms per capita,AT,Austria,2005,,159,,,,,
dataflow,ESTAT:ENV_WASMUN(1.0),Municipal waste by waste management operations,A,Annual,RCV_E,Recovery - energy recovery (R1),KG_HAB,Kilograms per capita,AT,Austria,2006,,173,,,,,
dataflow,ESTAT:ENV_WASMUN(1.0),Municipal waste by waste management operations,A,Annual,RCV_E,Recovery - energy recovery (R1),KG_HAB,Kilograms per capita,AT,Austria,2007,,175,,,,,
dataflow,ESTAT:ENV_WASMUN(1.0),Municipal waste by waste management operations,A,Annual,RCV_E,Recovery - energy recovery (R1),KG_HAB,Kilograms per capita,AT,Austria,2008,,163,,,,,
dataflow,ESTAT:ENV_WASMUN(1.0),Municipal waste by waste management operations,A,Annual,RCV_E,Recovery - energy recovery (R1),KG_HAB,Kilograms per capita,AT,Austria,2009,,173,,,,,
dataflow,ESTAT:ENV_WASMUN(1.0),Municipal waste by waste management operations,A,Annual,RCV_E,Recovery - energy recovery (R1),KG_HAB,Kilograms per capita,AT,Austria,2010,,196,,,,,
dataflow,ESTAT:ENV_WASMUN(1.0),Municipal waste by waste management operations,A,Annual,RCV_E,Recovery - energy recovery (R1),KG_HAB,Kilograms per capita,AT,Austria,2011,,200,,,,,
dataflow,ESTAT:ENV_WASMUN(1.0),Municipal waste by waste management operations,A,Annual,RCV_E,Recovery - energy recovery (R1),KG_HAB,Kilograms per capita,AT,Austria,2012,,201,,,,,
dataflow,ESTAT:ENV_WASMUN(1.0),Municipal waste by waste management operations,A,Annual,RCV_E,Recovery - energy recovery (R1),KG_HAB,Kilograms per capita,AT,Austria,2013,,202,,,,,
dataflow,ESTAT:ENV_WASMUN(1.0),Municipal waste by waste management operations,A,Annual,RCV_E,Recovery - energy recovery (R1),KG_HAB,Kilograms per capita,AT,Austria,2014,,205,,,,,
dataflow,ESTAT:ENV_WASMUN(1.0),Municipal waste by waste management operations,A,Annual,RCV_E,Recovery - energy recovery (R1),KG_HAB,Kilograms per capita,AT,Austria,2015,,212,,,,,
dataflow,ESTAT:ENV_WASMUN(1.0),Municipal waste by waste management operations,A,Annual,RCV_E,Recovery - energy recovery (R1),KG_HAB,Kilograms per capita,AT,Austria,2016,,212,,,,,
dataflow,ESTAT:ENV_WASMUN(1.0),Municipal waste by waste management operations,A,Annual,RCV_E,Recovery - energy recovery (R1),KG_HAB,Kilograms per capita,AT,Austria,2017,,221,,,,,
dataflow,ESTAT:ENV_WASMUN(1.0),Municipal waste by waste management operations,A,Annual,RCV_E,Recovery - energy recovery (R1),KG_HAB,Kilograms per capita,AT,Austria,2018,,224,,,,,
dataflow,ESTAT:ENV_WASMUN(1.0),Municipal waste by waste management operations,A,Annual,RCV_E,Recovery - energy recovery (R1),KG_HAB,Kilograms per capita,AT,Austria,2019,,226,,,,,
dataflow,ESTAT:ENV_WASMUN(1.0),Municipal waste by waste management operations,A,Annual,RCV_E,Recovery - energy recovery (R1),KG_HAB,Kilograms per capita,AT,Austria,2020,,298,,b,break in time series,,
dataflow,ESTAT:ENV_WASMUN(1.0),Municipal waste by waste management operations,A,Annual,RCV_E,Recovery - energy recovery (R1),KG_HAB,Kilograms per capita,AT,Austria,2021,,296,,,,,
dataflow,ESTAT:ENV_WASMUN(1.0),Municipal waste by waste management operations,A,Annual,RCV_E,Recovery - energy recovery (R1),KG_HAB,Kilograms per capita,AT,Austria,2022,,284,,,,,
dataflow,ESTAT:ENV_WASMUN(1.0),Municipal waste by waste management operations,A,Annual,RCV_E,Recovery - energy recovery (R1),KG_HAB,Kilograms per capita,BA,Bosnia and Herzegovina,2008,,0,,,,,
dataflow,ESTAT:ENV_WASMUN(1.0),Municipal waste by waste management operations,A,Annual,RCV_E,Recovery - energy recovery (R1),KG_HAB,Kilograms per capita,BA,Bosnia and Herzegovina,2009,,0,,,,,
dataflow,ESTAT:ENV_WASMUN(1.0),Municipal waste by waste management operations,A,Annual,RCV_E,Recovery - energy recovery (R1),KG_HAB,Kilograms per capita,BA,Bosnia and Herzegovina,2010,,0,,,,,
dataflow,ESTAT:ENV_WASMUN(1.0),Municipal waste by waste management operations,A,Annual,RCV_E,Recovery - energy recovery (R1),KG_HAB,Kilograms per capita,BA,Bosnia and Herzegovina,2011,,0,,,,,
dataflow,ESTAT:ENV_WASMUN(1.0),Municipal waste by waste management operations,A,Annual,RCV_E,Recovery - energy recovery (R1),KG_HAB,Kilograms per capita,BA,Bosnia and Herzegovina,2012,,0,,,,,
dataflow,ESTAT:ENV_WASMUN(1.0),Municipal waste by waste management operations,A,Annual,RCV_E,Recovery - energy recovery (R1),KG_HAB,Kilograms per capita,BA,Bosnia and Herzegovina,2013,,0,,,,,
dataflow,ESTAT:ENV_WASMUN(1.0),Municipal waste by waste management operations,A,Annual,RCV_E,Recovery - energy recovery (R1),KG_HAB,Kilograms per capita,BA,Bosnia and Herzegovina,2014,,0,,,,,
dataflow,ESTAT:ENV_WASMUN(1.0),Municipal waste by waste management operations,A,Annual,RCV_E,Recovery - energy recovery (R1),KG_HAB,Kilograms per capita,BA,Bosnia and Herzegovina,2015,,0,,,,,
dataflow,ESTAT:ENV_WASMUN(1.0),Municipal waste by waste management operations,A,Annual,RCV_E,Recovery - energy recovery (R1),KG_HAB,Kilograms per capita,BA,Bosnia and Herzegovina,2016,,0,,,,,
dataflow,ESTAT:ENV_WASMUN(1.0),Municipal waste by waste management operations,A,Annual,RCV_E,Recovery - energy recovery (R1),KG_HAB,Kilograms per capita,BA,Bosnia and Herzegovina,2017,,0,,,,,
dataflow,ESTAT:ENV_WASMUN(1.0),Municipal waste by waste management operations,A,Annual,RCV_E,Recovery - energy recovery (R1),KG_HAB,Kilograms per capita,BE,Belgium,1995,,69,,,,,
dataflow,ESTAT:ENV_WASMUN(1.0),Municipal waste by waste management operations,A,Annual,RCV_E,Recovery - energy recovery (R1),KG_HAB,Kilograms per capita,BE,Belgium,1996,,70,,,,,
dataflow,ESTAT:ENV_WASMUN(1.0),Municipal waste by waste management operations,A,Annual,RCV_E,Recovery - energy recovery (R1),KG_HAB,Kilograms per capita,BE,Belgium,1997,,94,,,,,
dataflow,ESTAT:ENV_WASMUN(1.0),Municipal waste by waste management operations,A,Annual,RCV_E,Recovery - energy recovery (R1),KG_HAB,Kilograms per capita,BE,Belgium,1998,,91,,,,,
dataflow,ESTAT:ENV_WASMUN(1.0),Municipal waste by waste management operations,A,Annual,RCV_E,Recovery - energy recovery (R1),KG_HAB,Kilograms per capita,BE,Belgium,1999,,134,,,,,
dataflow,ESTAT:ENV_WASMUN(1.0),Municipal waste by waste management operations,A,Annual,RCV_E,Recovery - energy recovery (R1),KG_HAB,Kilograms per capita,BE,Belgium,2000,,144,,,,,
dataflow,ESTAT:ENV_WASMUN(1.0),Municipal waste by waste management operations,A,Annual,RCV_E,Recovery - energy recovery (R1),KG_HAB,Kilograms per capita,BE,Belgium,2001,,135,,,,,
dataflow,ESTAT:ENV_WASMUN(1.0),Municipal waste by waste management operations,A,Annual,RCV_E,Recovery - energy recovery (R1),KG_HAB,Kilograms per capita,BE,Belgium,2002,,151,,,,,
dataflow,ESTAT:ENV_WASMUN(1.0),Municipal waste by waste management operations,A,Annual,RCV_E,Recovery - energy recovery (R1),KG_HAB,Kilograms per capita,BE,Belgium,2003,,158,,,,,
dataflow,ESTAT:ENV_WASMUN(1.0),Municipal waste by waste management operations,A,Annual,RCV_E,Recovery - energy recovery (R1),KG_HAB,Kilograms per capita,BE,Belgium,2004,,161,,,,,
dataflow,ESTAT:ENV_WASMUN(1.0),Municipal waste by waste management operations,A,Annual,RCV_E,Recovery - energy recovery (R1),KG_HAB,Kilograms per capita,BE,Belgium,2005,,169,,,,,
dataflow,ESTAT:ENV_WASMUN(1.0),Municipal waste by waste management operations,A,Annual,RCV_E,Recovery - energy recovery (R1),KG_HAB,Kilograms per capita,BE,Belgium,2006,,167,,,,,
dataflow,ESTAT:ENV_WASMUN(1.0),Municipal waste by waste management operations,A,Annual,RCV_E,Recovery - energy recovery (R1),KG_HAB,Kilograms per capita,BE,Belgium,2007,,182,,,,,
dataflow,ESTAT:ENV_WASMUN(1.0),Municipal waste by waste management operations,A,Annual,RCV_E,Recovery - energy recovery (R1),KG_HAB,Kilograms per capita,BE,Belgium,2008,,174,,,,,
dataflow,ESTAT:ENV_WASMUN(1.0),Municipal waste by waste management operations,A,Annual,RCV_E,Recovery - energy recovery (R1),KG_HAB,Kilograms per capita,BE,Belgium,2009,,167,,,,,
dataflow,ESTAT:ENV_WASMUN(1.0),Municipal waste by waste management operations,A,Annual,RCV_E,Recovery - energy recovery (R1),KG_HAB,Kilograms per capita,BE,Belgium,2010,,170,,,,,
dataflow,ESTAT:ENV_WASMUN(1.0),Municipal waste by waste management operations,A,Annual,RCV_E,Recovery - energy recovery (R1),KG_HAB,Kilograms per capita,BE,Belgium,2011,,169,,,,,
dataflow,ESTAT:ENV_WASMUN(1.0),Municipal waste by waste management operations,A,Annual,RCV_E,Recovery - energy recovery (R1),KG_HAB,Kilograms per capita,BE,Belgium,2012,,172,,,,,
dataflow,ESTAT:ENV_WASMUN(1.0),Municipal waste by waste management operations,A,Annual,RCV_E,Recovery - energy recovery (R1),KG_HAB,Kilograms per capita,BE,Belgium,2013,,182,,,,,
dataflow,ESTAT:ENV_WASMUN(1.0),Municipal waste by waste management operations,A,Annual,RCV_E,Recovery - energy recovery (R1),KG_HAB,Kilograms per capita,BE,Belgium,2014,,182,,,,,
dataflow,ESTAT:ENV_WASMUN(1.0),Municipal waste by waste management operations,A,Annual,RCV_E,Recovery - energy recovery (R1),KG_HAB,Kilograms per capita,BE,Belgium,2015,,179,,,,,
dataflow,ESTAT:ENV_WASMUN(1.0),Municipal waste by waste management operations,A,Annual,RCV_E,Recovery - energy recovery (R1),KG_HAB,Kilograms per capita,BE,Belgium,2016,,182,,,,,
dataflow,ESTAT:ENV_WASMUN(1.0),Municipal waste by waste management operations,A,Annual,RCV_E,Recovery - energy recovery (R1),KG_HAB,Kilograms per capita,BE,Belgium,2017,,173,,,,,
dataflow,ESTAT:ENV_WASMUN(1.0),Municipal waste by waste management operations,A,Annual,RCV_E,Recovery - energy recovery (R1),KG_HAB,Kilograms per capita,BE,Belgium,2018,,174,,,,,
dataflow,ESTAT:ENV_WASMUN(1.0),Municipal waste by waste management operations,A,Annual,RCV_E,Recovery - energy recovery (R1),KG_HAB,Kilograms per capita,BE,Belgium,2019,,176,,,,,
dataflow,ESTAT:ENV_WASMUN(1.0),Municipal waste by waste management operations,A,Annual,RCV_E,Recovery - energy recovery (R1),KG_HAB,Kilograms per capita,BE,Belgium,2020,,353,,,,,
dataflow,ESTAT:ENV_WASMUN(1.0),Municipal waste by waste management operations,A,Annual,RCV_E,Recovery - energy recovery (R1),KG_HAB,Kilograms per capita,BE,Belgium,2021,,332,,,,,
dataflow,ESTAT:ENV_WASMUN(1.0),Municipal waste by waste management operations,A,Annual,RCV_E,Recovery - energy recovery (R1),KG_HAB,Kilograms per capita,BE,Belgium,2022,,311,,,,,
dataflow,ESTAT:ENV_WASMUN(1.0),Municipal waste by waste management operations,A,Annual,RCV_E,Recovery - energy recovery (R1),KG_HAB,Kilograms per capita,BE,Belgium,2023,,310,,,,,
dataflow,ESTAT:ENV_WASMUN(1.0),Municipal waste by waste management operations,A,Annual,RCV_E,Recovery - energy recovery (R1),KG_HAB,Kilograms per capita,BG,Bulgaria,1995,,0,,,,,
dataflow,ESTAT:ENV_WASMUN(1.0),Municipal waste by waste management operations,A,Annual,RCV_E,Recovery - energy recovery (R1),KG_HAB,Kilograms per capita,BG,Bulgaria,1996,,0,,,,,
dataflow,ESTAT:ENV_WASMUN(1.0),Municipal waste by waste management operations,A,Annual,RCV_E,Recovery - energy recovery (R1),KG_HAB,Kilograms per capita,BG,Bulgaria,1997,,0,,,,,
dataflow,ESTAT:ENV_WASMUN(1.0),Municipal waste by waste management operations,A,Annual,RCV_E,Recovery - energy recovery (R1),KG_HAB,Kilograms per capita,BG,Bulgaria,1998,,0,,,,,
dataflow,ESTAT:ENV_WASMUN(1.0),Municipal waste by waste management operations,A,Annual,RCV_E,Recovery - energy recovery (R1),KG_HAB,Kilograms per capita,BG,Bulgaria,1999,,0,,,,,
dataflow,ESTAT:ENV_WASMUN(1.0),Municipal waste by waste management operations,A,Annual,RCV_E,Recovery - energy recovery (R1),KG_HAB,Kilograms per capita,BG,Bulgaria,2000,,0,,,,,
dataflow,ESTAT:ENV_WASMUN(1.0),Municipal waste by waste management operations,A,Annual,RCV_E,Recovery - energy recovery (R1),KG_HAB,Kilograms per capita,BG,Bulgaria,2001,,0,,,,,
dataflow,ESTAT:ENV_WASMUN(1.0),Municipal waste by waste management operations,A,Annual,RCV_E,Recovery - energy recovery (R1),KG_HAB,Kilograms per capita,BG,Bulgaria,2002,,0,,,,,
dataflow,ESTAT:ENV_WASMUN(1.0),Municipal waste by waste management operations,A,Annual,RCV_E,Recovery - energy recovery (R1),KG_HAB,Kilograms per capita,BG,Bulgaria,2003,,0,,,,,
dataflow,ESTAT:ENV_WASMUN(1.0),Municipal waste by waste management operations,A,Annual,RCV_E,Recovery - energy recovery (R1),KG_HAB,Kilograms per capita,BG,Bulgaria,2004,,0,,,,,
dataflow,ESTAT:ENV_WASMUN(1.0),Municipal waste by waste management operations,A,Annual,RCV_E,Recovery - energy recovery (R1),KG_HAB,Kilograms per capita,BG,Bulgaria,2005,,0,,,,,
dataflow,ESTAT:ENV_WASMUN(1.0),Municipal waste by waste management operations,A,Annual,RCV_E,Recovery - energy recovery (R1),KG_HAB,Kilograms per capita,BG,Bulgaria,2006,,0,,,,,
dataflow,ESTAT:ENV_WASMUN(1.0),Municipal waste by waste management operations,A,Annual,RCV_E,Recovery - energy recovery (R1),KG_HAB,Kilograms per capita,BG,Bulgaria,2007,,0,,,,,
dataflow,ESTAT:ENV_WASMUN(1.0),Municipal waste by waste management operations,A,Annual,RCV_E,Recovery - energy recovery (R1),KG_HAB,Kilograms per capita,BG,Bulgaria,2008,,0,,,,,
dataflow,ESTAT:ENV_WASMUN(1.0),Municipal waste by waste management operations,A,Annual,RCV_E,Recovery - energy recovery (R1),KG_HAB,Kilograms per capita,BG,Bulgaria,2009,,0,,,,,
dataflow,ESTAT:ENV_WASMUN(1.0),Municipal waste by waste management operations,A,Annual,RCV_E,Recovery - energy recovery (R1),KG_HAB,Kilograms per capita,BG,Bulgaria,2010,,0,,,,,
dataflow,ESTAT:ENV_WASMUN(1.0),Municipal waste by waste management operations,A,Annual,RCV_E,Recovery - energy recovery (R1),KG_HAB,Kilograms per capita,BG,Bulgaria,2011,,0,,,,,
dataflow,ESTAT:ENV_WASMUN(1.0),Municipal waste by waste management operations,A,Annual,RCV_E,Recovery - energy recovery (R1),KG_HAB,Kilograms per capita,BG,Bulgaria,2012,,0,,,,,
dataflow,ESTAT:ENV_WASMUN(1.0),Municipal waste by waste management operations,A,Annual,RCV_E,Recovery - energy recovery (R1),KG_HAB,Kilograms per capita,BG,Bulgaria,2013,,7,,,,,
dataflow,ESTAT:ENV_WASMUN(1.0),Municipal waste by waste management operations,A,Annual,RCV_E,Recovery - energy recovery (R1),KG_HAB,Kilograms per capita,BG,Bulgaria,2014,,7,,,,,
dataflow,ESTAT:ENV_WASMUN(1.0),Municipal waste by waste management operations,A,Annual,RCV_E,Recovery - energy recovery (R1),KG_HAB,Kilograms per capita,BG,Bulgaria,2015,,12,,,,,
dataflow,ESTAT:ENV_WASMUN(1.0),Municipal waste by waste management operations,A,Annual,RCV_E,Recovery - energy recovery (R1),KG_HAB,Kilograms per capita,BG,Bulgaria,2016,,16,,,,,
dataflow,ESTAT:ENV_WASMUN(1.0),Municipal waste by waste management operations,A,Annual,RCV_E,Recovery - energy recovery (R1),KG_HAB,Kilograms per capita,BG,Bulgaria,2017,,15,,,,,
dataflow,ESTAT:ENV_WASMUN(1.0),Municipal waste by waste management operations,A,Annual,RCV_E,Recovery - energy recovery (R1),KG_HAB,Kilograms per capita,BG,Bulgaria,2018,,31,,,,,
dataflow,ESTAT:ENV_WASMUN(1.0),Municipal waste by waste management operations,A,Annual,RCV_E,Recovery - energy recovery (R1),KG_HAB,Kilograms per capita,BG,Bulgaria,2019,,16,,i,value imputed by Eurostat or other receiving agencies,,
dataflow,ESTAT:ENV_WASMUN(1.0),Municipal waste by waste management operations,A,Annual,RCV_E,Recovery - energy recovery (R1),KG_HAB,Kilograms per capita,BG,Bulgaria,2020,,20,,,,,
dataflow,ESTAT:ENV_WASMUN(1.0),Municipal waste by waste management operations,A,Annual,RCV_E,Recovery - energy recovery (R1),KG_HAB,Kilograms per capita,BG,Bulgaria,2021,,13,,,,,
dataflow,ESTAT:ENV_WASMUN(1.0),Municipal waste by waste management operations,A,Annual,RCV_E,Recovery - energy recovery (R1),KG_HAB,Kilograms per capita,BG,Bulgaria,2022,,15,,,,,
dataflow,ESTAT:ENV_WASMUN(1.0),Municipal waste by waste management operations,A,Annual,RCV_E,Recovery - energy recovery (R1),KG_HAB,Kilograms per capita,CH,Switzerland,1995,,293,,,,,
dataflow,ESTAT:ENV_WASMUN(1.0),Municipal waste by waste management operations,A,Annual,RCV_E,Recovery - energy recovery (R1),KG_HAB,Kilograms per capita,CH,Switzerland,1996,,286,,,,,
dataflow,ESTAT:ENV_WASMUN(1.0),Municipal waste by waste management operations,A,Annual,RCV_E,Recovery - energy recovery (R1),KG_HAB,Kilograms per capita,CH,Switzerland,1997,,285,,,,,
dataflow,ESTAT:ENV_WASMUN(1.0),Municipal waste by waste management operations,A,Annual,RCV_E,Recovery - energy recovery (R1),KG_HAB,Kilograms per capita,CH,Switzerland,1998,,280,,,,,
dataflow,ESTAT:ENV_WASMUN(1.0),Municipal waste by waste management operations,A,Annual,RCV_E,Recovery - energy recovery (R1),KG_HAB,Kilograms per capita,CH,Switzerland,1999,,298,,,,,
dataflow,ESTAT:ENV_WASMUN(1.0),Municipal waste by waste management operations,A,Annual,RCV_E,Recovery - energy recovery (R1),KG_HAB,Kilograms per capita,CH,Switzerland,2000,,306,,,,,
dataflow,ESTAT:ENV_WASMUN(1.0),Municipal waste by waste management operations,A,Annual,RCV_E,Recovery - energy recovery (R1),KG_HAB,Kilograms per capita,CH,Switzerland,2001,,326,,,,,
dataflow,ESTAT:ENV_WASMUN(1.0),Municipal waste by waste management operations,A,Annual,RCV_E,Recovery - energy recovery (R1),KG_HAB,Kilograms per capita,CH,Switzerland,2002,,350,,,,,
dataflow,ESTAT:ENV_WASMUN(1.0),Municipal waste by waste management operations,A,Annual,RCV_E,Recovery - energy recovery (R1),KG_HAB,Kilograms per capita,CH,Switzerland,2003,,342,,,,,
dataflow,ESTAT:ENV_WASMUN(1.0),Municipal waste by waste management operations,A,Annual,RCV_E,Recovery - energy recovery (R1),KG_HAB,Kilograms per capita,CH,Switzerland,2004,,340,,,,,
dataflow,ESTAT:ENV_WASMUN(1.0),Municipal waste by waste management operations,A,Annual,RCV_E,Recovery - energy recovery (R1),KG_HAB,Kilograms per capita,CH,Switzerland,2005,,328,,,,,
dataflow,ESTAT:ENV_WASMUN(1.0),Municipal waste by waste management operations,A,Annual,RCV_E,Recovery - energy recovery (R1),KG_HAB,Kilograms per capita,CH,Switzerland,2006,,355,,,,,
dataflow,ESTAT:ENV_WASMUN(1.0),Municipal waste by waste management operations,A,Annual,RCV_E,Recovery - energy recovery (R1),KG_HAB,Kilograms per capita,CH,Switzerland,2007,,355,,,,,
dataflow,ESTAT:ENV_WASMUN(1.0),Municipal waste by waste management operations,A,Annual,RCV_E,Recovery - energy recovery (R1),KG_HAB,Kilograms per capita,CH,Switzerland,2008,,370,,,,,
dataflow,ESTAT:ENV_WASMUN(1.0),Municipal waste by waste management operations,A,Annual,RCV_E,Recovery - energy recovery (R1),KG_HAB,Kilograms per capita,CH,Switzerland,2009,,343,,,,,
dataflow,ESTAT:ENV_WASMUN(1.0),Municipal waste by waste management operations,A,Annual,RCV_E,Recovery - energy recovery (R1),KG_HAB,Kilograms per capita,CH,Switzerland,2010,,352,,,,,
dataflow,ESTAT:ENV_WASMUN(1.0),Municipal waste by waste management operations,A,Annual,RCV_E,Recovery - energy recovery (R1),KG_HAB,Kilograms per capita,CH,Switzerland,2011,,345,,,,,
dataflow,ESTAT:ENV_WASMUN(1.0),Municipal waste by waste management operations,A,Annual,RCV_E,Recovery - energy recovery (R1),KG_HAB,Kilograms per capita,CH,Switzerland,2012,,348,,,,,
dataflow,ESTAT:ENV_WASMUN(1.0),Municipal waste by waste management operations,A,Annual,RCV_E,Recovery - energy recovery (R1),KG_HAB,Kilograms per capita,CH,Switzerland,2013,,346,,,,,
dataflow,ESTAT:ENV_WASMUN(1.0),Municipal waste by waste management operations,A,Annual,RCV_E,Recovery - energy recovery (R1),KG_HAB,Kilograms per capita,CH,Switzerland,2014,,341,,,,,
dataflow,ESTAT:ENV_WASMUN(1.0),Municipal waste by waste management operations,A,Annual,RCV_E,Recovery - energy recovery (R1),KG_HAB,Kilograms per capita,CH,Switzerland,2015,,344,,,,,
dataflow,ESTAT:ENV_WASMUN(1.0),Municipal waste by waste management operations,A,Annual,RCV_E,Recovery - energy recovery (R1),KG_HAB,Kilograms per capita,CH,Switzerland,2016,,343,,,,,
dataflow,ESTAT:ENV_WASMUN(1.0),Municipal waste by waste management operations,A,Annual,RCV_E,Recovery - energy recovery (R1),KG_HAB,Kilograms per capita,CH,Switzerland,2017,,337,,,,,
dataflow,ESTAT:ENV_WASMUN(1.0),Municipal waste by waste management operations,A,Annual,RCV_E,Recovery - energy recovery (R1),KG_HAB,Kilograms per capita,CH,Switzerland,2018,,335,,,,,
dataflow,ESTAT:ENV_WASMUN(1.0),Municipal waste by waste management operations,A,Annual,RCV_E,Recovery - energy recovery (R1),KG_HAB,Kilograms per capita,CH,Switzerland,2019,,333,,,,,
dataflow,ESTAT:ENV_WASMUN(1.0),Municipal waste by waste management operations,A,Annual,RCV_E,Recovery - energy recovery (R1),KG_HAB,Kilograms per capita,CH,Switzerland,2020,,333,,,,,
dataflow,ESTAT:ENV_WASMUN(1.0),Municipal waste by waste management operations,A,Annual,RCV_E,Recovery - energy recovery (R1),KG_HAB,Kilograms per capita,CH,Switzerland,2021,,336,,,,,
dataflow,ESTAT:ENV_WASMUN(1.0),Municipal waste by waste management operations,A,Annual,RCV_E,Recovery - energy recovery (R1),KG_HAB,Kilograms per capita,CH,Switzerland,2022,,324,,,,,
dataflow,ESTAT:ENV_WASMUN(1.0),Municipal waste by waste management operations,A,Annual,RCV_E,Recovery - energy recovery (R1),KG_HAB,Kilograms per capita,CY,Cyprus,1995,,0,,,,,
dataflow,ESTAT:ENV_WASMUN(1.0),Municipal waste by waste management operations,A,Annual,RCV_E,Recovery - energy recovery (R1),KG_HAB,Kilograms per capita,CY,Cyprus,1996,,0,,,,,
dataflow,ESTAT:ENV_WASMUN(1.0),Municipal waste by waste management operations,A,Annual,RCV_E,Recovery - energy recovery (R1),KG_HAB,Kilograms per capita,CY,Cyprus,1997,,0,,,,,
dataflow,ESTAT:ENV_WASMUN(1.0),Municipal waste by waste management operations,A,Annual,RCV_E,Recovery - energy recovery (R1),KG_HAB,Kilograms per capita,CY,Cyprus,1998,,0,,,,,
dataflow,ESTAT:ENV_WASMUN(1.0),Municipal waste by waste management operations,A,Annual,RCV_E,Recovery - energy recovery (R1),KG_HAB,Kilograms per capita,CY,Cyprus,1999,,0,,,,,
dataflow,ESTAT:ENV_WASMUN(1.0),Municipal waste by waste management operations,A,Annual,RCV_E,Recovery - energy recovery (R1),KG_HAB,Kilograms per capita,CY,Cyprus,2000,,0,,,,,
dataflow,ESTAT:ENV_WASMUN(1.0),Municipal waste by waste management operations,A,Annual,RCV_E,Recovery - energy recovery (R1),KG_HAB,Kilograms per capita,CY,Cyprus,2001,,0,,,,,
dataflow,ESTAT:ENV_WASMUN(1.0),Municipal waste by waste management operations,A,Annual,RCV_E,Recovery - energy recovery (R1),KG_HAB,Kilograms per capita,CY,Cyprus,2002,,0,,,,,
dataflow,ESTAT:ENV_WASMUN(1.0),Municipal waste by waste management operations,A,Annual,RCV_E,Recovery - energy recovery (R1),KG_HAB,Kilograms per capita,CY,Cyprus,2003,,0,,,,,
dataflow,ESTAT:ENV_WASMUN(1.0),Municipal waste by waste management operations,A,Annual,RCV_E,Recovery - energy recovery (R1),KG_HAB,Kilograms per capita,CY,Cyprus,2004,,0,,,,,
dataflow,ESTAT:ENV_WASMUN(1.0),Municipal waste by waste management operations,A,Annual,RCV_E,Recovery - energy recovery (R1),KG_HAB,Kilograms per capita,CY,Cyprus,2005,,0,,,,,
dataflow,ESTAT:ENV_WASMUN(1.0),Municipal waste by waste management operations,A,Annual,RCV_E,Recovery - energy recovery (R1),KG_HAB,Kilograms per capita,CY,Cyprus,2006,,0,,,,,
dataflow,ESTAT:ENV_WASMUN(1.0),Municipal waste by waste management operations,A,Annual,RCV_E,Recovery - energy recovery (R1),KG_HAB,Kilograms per capita,CY,Cyprus,2007,,0,,,,,
dataflow,ESTAT:ENV_WASMUN(1.0),Municipal waste by waste management operations,A,Annual,RCV_E,Recovery - energy recovery (R1),KG_HAB,Kilograms per capita,CY,Cyprus,2008,,0,,,,,
dataflow,ESTAT:ENV_WASMUN(1.0),Municipal waste by waste management operations,A,Annual,RCV_E,Recovery - energy recovery (R1),KG_HAB,Kilograms per capita,CY,Cyprus,2009,,0,,,,,
dataflow,ESTAT:ENV_WASMUN(1.0),Municipal waste by waste management operations,A,Annual,RCV_E,Recovery - energy recovery (R1),KG_HAB,Kilograms per capita,CY,Cyprus,2010,,0,,,,,
dataflow,ESTAT:ENV_WASMUN(1.0),Municipal waste by waste management operations,A,Annual,RCV_E,Recovery - energy recovery (R1),KG_HAB,Kilograms per capita,CY,Cyprus,2011,,0,,,,,
dataflow,ESTAT:ENV_WASMUN(1.0),Municipal waste by waste management operations,A,Annual,RCV_E,Recovery - energy recovery (R1),KG_HAB,Kilograms per capita,CY,Cyprus,2012,,0,,,,,
dataflow,ESTAT:ENV_WASMUN(1.0),Municipal waste by waste management operations,A,Annual,RCV_E,Recovery - energy recovery (R1),KG_HAB,Kilograms per capita,CY,Cyprus,2013,,0,,,,,
dataflow,ESTAT:ENV_WASMUN(1.0),Municipal waste by waste management operations,A,Annual,RCV_E,Recovery - energy recovery (R1),KG_HAB,Kilograms per capita,CY,Cyprus,2014,,5,,,,,
dataflow,ESTAT:ENV_WASMUN(1.0),Municipal waste by waste management operations,A,Annual,RCV_E,Recovery - energy recovery (R1),KG_HAB,Kilograms per capita,CY,Cyprus,2015,,0,,,,,
dataflow,ESTAT:ENV_WASMUN(1.0),Municipal waste by waste management operations,A,Annual,RCV_E,Recovery - energy recovery (R1),KG_HAB,Kilograms per capita,CY,Cyprus,2016,,2,,,,,
dataflow,ESTAT:ENV_WASMUN(1.0),Municipal waste by waste management operations,A,Annual,RCV_E,Recovery - energy recovery (R1),KG_HAB,Kilograms per capita,CY,Cyprus,2017,,2,,,,,
dataflow,ESTAT:ENV_WASMUN(1.0),Municipal waste by waste management operations,A,Annual,RCV_E,Recovery - energy recovery (R1),KG_HAB,Kilograms per capita,CY,Cyprus,2018,,5,,,,,
dataflow,ESTAT:ENV_WASMUN(1.0),Municipal waste by waste management operations,A,Annual,RCV_E,Recovery - energy recovery (R1),KG_HAB,Kilograms per capita,CY,Cyprus,2019,,6,,,,,
dataflow,ESTAT:ENV_WASMUN(1.0),Municipal waste by waste management operations,A,Annual,RCV_E,Recovery - energy recovery (R1),KG_HAB,Kilograms per capita,CY,Cyprus,2020,,9,,,,,
dataflow,ESTAT:ENV_WASMUN(1.0),Municipal waste by waste management operations,A,Annual,RCV_E,Recovery - energy recovery (R1),KG_HAB,Kilograms per capita,CY,Cyprus,2021,,15,,,,,
dataflow,ESTAT:ENV_WASMUN(1.0),Municipal waste by waste management operations,A,Annual,RCV_E,Recovery - energy recovery (R1),KG_HAB,Kilograms per capita,CY,Cyprus,2022,,16,,,,,
dataflow,ESTAT:ENV_WASMUN(1.0),Municipal waste by waste management operations,A,Annual,RCV_E,Recovery - energy recovery (R1),KG_HAB,Kilograms per capita,CY,Cyprus,2023,,17,,,,,
dataflow,ESTAT:ENV_WASMUN(1.0),Municipal waste by waste management operations,A,Annual,RCV_E,Recovery - energy recovery (R1),KG_HAB,Kilograms per capita,CZ,Czechia,1998,,17,,,,,
dataflow,ESTAT:ENV_WASMUN(1.0),Municipal waste by waste management operations,A,Annual,RCV_E,Recovery - energy recovery (R1),KG_HAB,Kilograms per capita,CZ,Czechia,1999,,29,,i,value imputed by Eurostat or other receiving agencies,,
dataflow,ESTAT:ENV_WASMUN(1.0),Municipal waste by waste management operations,A,Annual,RCV_E,Recovery - energy recovery (R1),KG_HAB,Kilograms per capita,CZ,Czechia,2000,,31,,i,value imputed by Eurostat or other receiving agencies,,
dataflow,ESTAT:ENV_WASMUN(1.0),Municipal waste by waste management operations,A,Annual,RCV_E,Recovery - energy recovery (R1),KG_HAB,Kilograms per capita,CZ,Czechia,2001,,35,,i,value imputed by Eurostat or other receiving agencies,,
dataflow,ESTAT:ENV_WASMUN(1.0),Municipal waste by waste management operations,A,Annual,RCV_E,Recovery - energy recovery (R1),KG_HAB,Kilograms per capita,CZ,Czechia,2002,,39,,,,,
dataflow,ESTAT:ENV_WASMUN(1.0),Municipal waste by waste management operations,A,Annual,RCV_E,Recovery - energy recovery (R1),KG_HAB,Kilograms per capita,CZ,Czechia,2003,,39,,,,,
dataflow,ESTAT:ENV_WASMUN(1.0),Municipal waste by waste management operations,A,Annual,RCV_E,Recovery - energy recovery (R1),KG_HAB,Kilograms per capita,CZ,Czechia,2004,,40,,be,"break in time series, estimated",,
dataflow,ESTAT:ENV_WASMUN(1.0),Municipal waste by waste management operations,A,Annual,RCV_E,Recovery - energy recovery (R1),KG_HAB,Kilograms per capita,CZ,Czechia,2005,,37,,e,estimated,,
dataflow,ESTAT:ENV_WASMUN(1.0),Municipal waste by waste management operations,A,Annual,RCV_E,Recovery - energy recovery (R1),KG_HAB,Kilograms per capita,CZ,Czechia,2006,,38,,e,estimated,,
dataflow,ESTAT:ENV_WASMUN(1.0),Municipal waste by waste management operations,A,Annual,RCV_E,Recovery - energy recovery (R1),KG_HAB,Kilograms per capita,CZ,Czechia,2007,,38,,e,estimated,,
dataflow,ESTAT:ENV_WASMUN(1.0),Municipal waste by waste management operations,A,Annual,RCV_E,Recovery - energy recovery (R1),KG_HAB,Kilograms per capita,CZ,Czechia,2008,,35,,e,estimated,,
dataflow,ESTAT:ENV_WASMUN(1.0),Municipal waste by waste management operations,A,Annual,RCV_E,Recovery - energy recovery (R1),KG_HAB,Kilograms per capita,CZ,Czechia,2009,,35,,e,estimated,,
dataflow,ESTAT:ENV_WASMUN(1.0),Municipal waste by waste management operations,A,Annual,RCV_E,Recovery - energy recovery (R1),KG_HAB,Kilograms per capita,CZ,Czechia,2010,,47,,e,estimated,,
dataflow,ESTAT:ENV_WASMUN(1.0),Municipal waste by waste management operations,A,Annual,RCV_E,Recovery - energy recovery (R1),KG_HAB,Kilograms per capita,CZ,Czechia,2011,,58,,e,estimated,,
dataflow,ESTAT:ENV_WASMUN(1.0),Municipal waste by waste management operations,A,Annual,RCV_E,Recovery - energy recovery (R1),KG_HAB,Kilograms per capita,CZ,Czechia,2012,,62,,e,estimated,,
dataflow,ESTAT:ENV_WASMUN(1.0),Municipal waste by waste management operations,A,Annual,RCV_E,Recovery - energy recovery (R1),KG_HAB,Kilograms per capita,CZ,Czechia,2013,,60,,e,estimated,,
dataflow,ESTAT:ENV_WASMUN(1.0),Municipal waste by waste management operations,A,Annual,RCV_E,Recovery - energy recovery (R1),KG_HAB,Kilograms per capita,CZ,Czechia,2014,,57,,e,estimated,,
dataflow,ESTAT:ENV_WASMUN(1.0),Municipal waste by waste management operations,A,Annual,RCV_E,Recovery - energy recovery (R1),KG_HAB,Kilograms per capita,CZ,Czechia,2015,,56,,e,estimated,,
dataflow,ESTAT:ENV_WASMUN(1.0),Municipal waste by waste management operations,A,Annual,RCV_E,Recovery - energy recovery (R1),KG_HAB,Kilograms per capita,CZ,Czechia,2016,,55,,e,estimated,,
dataflow,ESTAT:ENV_WASMUN(1.0),Municipal waste by waste management operations,A,Annual,RCV_E,Recovery - energy recovery (R1),KG_HAB,Kilograms per capita,CZ,Czechia,2017,,85,,b,break in time series,,
dataflow,ESTAT:ENV_WASMUN(1.0),Municipal waste by waste management operations,A,Annual,RCV_E,Recovery - energy recovery (R1),KG_HAB,Kilograms per capita,CZ,Czechia,2018,,82,,,,,
dataflow,ESTAT:ENV_WASMUN(1.0),Municipal waste by waste management operations,A,Annual,RCV_E,Recovery - energy recovery (R1),KG_HAB,Kilograms per capita,CZ,Czechia,2019,,81,,,,,
dataflow,ESTAT:ENV_WASMUN(1.0),Municipal waste by waste management operations,A,Annual,RCV_E,Recovery - energy recovery (R1),KG_HAB,Kilograms per capita,CZ,Czechia,2020,,68,,,,,
dataflow,ESTAT:ENV_WASMUN(1.0),Municipal waste by waste management operations,A,Annual,RCV_E,Recovery - energy recovery (R1),KG_HAB,Kilograms per capita,CZ,Czechia,2021,,69,,,,,
dataflow,ESTAT:ENV_WASMUN(1.0),Municipal waste by waste management operations,A,Annual,RCV_E,Recovery - energy recovery (R1),KG_HAB,Kilograms per capita,DE,Germany,1995,,1,,i,value imputed by Eurostat or other receiving agencies,,
dataflow,ESTAT:ENV_WASMUN(1.0),Municipal waste by waste management operations,A,Annual,RCV_E,Recovery - energy recovery (R1),KG_HAB,Kilograms per capita,DE,Germany,1996,,1,,i,value imputed by Eurostat or other receiving agencies,,
dataflow,ESTAT:ENV_WASMUN(1.0),Municipal waste by waste management operations,A,Annual,RCV_E,Recovery - energy recovery (R1),KG_HAB,Kilograms per capita,DE,Germany,1997,,1,,i,value imputed by Eurostat or other receiving agencies,,
dataflow,ESTAT:ENV_WASMUN(1.0),Municipal waste by waste management operations,A,Annual,RCV_E,Recovery - energy recovery (R1),KG_HAB,Kilograms per capita,DE,Germany,1998,,1,,i,value imputed by Eurostat or other receiving agencies,,
dataflow,ESTAT:ENV_WASMUN(1.0),Municipal waste by waste management operations,A,Annual,RCV_E,Recovery - energy recovery (R1),KG_HAB,Kilograms per capita,DE,Germany,1999,,1,,i,value imputed by Eurostat or other receiving agencies,,
dataflow,ESTAT:ENV_WASMUN(1.0),Municipal waste by waste management operations,A,Annual,RCV_E,Recovery - energy recovery (R1),KG_HAB,Kilograms per capita,DE,Germany,2000,,1,,i,value imputed by Eurostat or other receiving agencies,,
dataflow,ESTAT:ENV_WASMUN(1.0),Municipal waste by waste management operations,A,Annual,RCV_E,Recovery - energy recovery (R1),KG_HAB,Kilograms per capita,DE,Germany,2001,,1,,i,value imputed by Eurostat or other receiving agencies,,
dataflow,ESTAT:ENV_WASMUN(1.0),Municipal waste by waste management operations,A,Annual,RCV_E,Recovery - energy recovery (R1),KG_HAB,Kilograms per capita,DE,Germany,2002,,2,,,,,
dataflow,ESTAT:ENV_WASMUN(1.0),Municipal waste by waste management operations,A,Annual,RCV_E,Recovery - energy recovery (R1),KG_HAB,Kilograms per capita,DE,Germany,2003,,2,,,,,
dataflow,ESTAT:ENV_WASMUN(1.0),Municipal waste by waste management operations,A,Annual,RCV_E,Recovery - energy recovery (R1),KG_HAB,Kilograms per capita,DE,Germany,2004,,4,,,,,
dataflow,ESTAT:ENV_WASMUN(1.0),Municipal waste by waste management operations,A,Annual,RCV_E,Recovery - energy recovery (R1),KG_HAB,Kilograms per capita,DE,Germany,2005,,5,,,,,
dataflow,ESTAT:ENV_WASMUN(1.0),Municipal waste by waste management operations,A,Annual,RCV_E,Recovery - energy recovery (R1),KG_HAB,Kilograms per capita,DE,Germany,2006,,47,,,,,
dataflow,ESTAT:ENV_WASMUN(1.0),Municipal waste by waste management operations,A,Annual,RCV_E,Recovery - energy recovery (R1),KG_HAB,Kilograms per capita,DE,Germany,2007,,67,,,,,
dataflow,ESTAT:ENV_WASMUN(1.0),Municipal waste by waste management operations,A,Annual,RCV_E,Recovery - energy recovery (R1),KG_HAB,Kilograms per capita,DE,Germany,2008,,76,,,,,
dataflow,ESTAT:ENV_WASMUN(1.0),Municipal waste by waste management operations,A,Annual,RCV_E,Recovery - energy recovery (R1),KG_HAB,Kilograms per capita,DE,Germany,2009,,83,,,,,
dataflow,ESTAT:ENV_WASMUN(1.0),Municipal waste by waste management operations,A,Annual,RCV_E,Recovery - energy recovery (R1),KG_HAB,Kilograms per capita,DE,Germany,2010,,94,,,,,
dataflow,ESTAT:ENV_WASMUN(1.0),Municipal waste by waste management operations,A,Annual,RCV_E,Recovery - energy recovery (R1),KG_HAB,Kilograms per capita,DE,Germany,2011,,101,,,,,
dataflow,ESTAT:ENV_WASMUN(1.0),Municipal waste by waste management operations,A,Annual,RCV_E,Recovery - energy recovery (R1),KG_HAB,Kilograms per capita,DE,Germany,2012,,110,,,,,
dataflow,ESTAT:ENV_WASMUN(1.0),Municipal waste by waste management operations,A,Annual,RCV_E,Recovery - energy recovery (R1),KG_HAB,Kilograms per capita,DE,Germany,2013,,142,,,,,
dataflow,ESTAT:ENV_WASMUN(1.0),Municipal waste by waste management operations,A,Annual,RCV_E,Recovery - energy recovery (R1),KG_HAB,Kilograms per capita,DE,Germany,2014,,143,,,,,
dataflow,ESTAT:ENV_WASMUN(1.0),Municipal waste by waste management operations,A,Annual,RCV_E,Recovery - energy recovery (R1),KG_HAB,Kilograms per capita,DE,Germany,2015,,148,,,,,
dataflow,ESTAT:ENV_WASMUN(1.0),Municipal waste by waste management operations,A,Annual,RCV_E,Recovery - energy recovery (R1),KG_HAB,Kilograms per capita,DE,Germany,2016,,173,,,,,
dataflow,ESTAT:ENV_WASMUN(1.0),Municipal waste by waste management operations,A,Annual,RCV_E,Recovery - energy recovery (R1),KG_HAB,Kilograms per capita,DE,Germany,2017,,193,,,,,
dataflow,ESTAT:ENV_WASMUN(1.0),Municipal waste by waste management operations,A,Annual,RCV_E,Recovery - energy recovery (R1),KG_HAB,Kilograms per capita,DE,Germany,2018,,189,,,,,
dataflow,ESTAT:ENV_WASMUN(1.0),Municipal waste by waste management operations,A,Annual,RCV_E,Recovery - energy recovery (R1),KG_HAB,Kilograms per capita,DE,Germany,2019,,192,,e,estimated,,
dataflow,ESTAT:ENV_WASMUN(1.0),Municipal waste by waste management operations,A,Annual,RCV_E,Recovery - energy recovery (R1),KG_HAB,Kilograms per capita,DE,Germany,2020,,187,,,,,
dataflow,ESTAT:ENV_WASMUN(1.0),Municipal waste by waste management operations,A,Annual,RCV_E,Recovery - energy recovery (R1),KG_HAB,Kilograms per capita,DE,Germany,2021,,184,,,,,
dataflow,ESTAT:ENV_WASMUN(1.0),Municipal waste by waste management operations,A,Annual,RCV_E,Recovery - energy recovery (R1),KG_HAB,Kilograms per capita,DE,Germany,2022,,175,,,,,
dataflow,ESTAT:ENV_WASMUN(1.0),Municipal waste by waste management operations,A,Annual,RCV_E,Recovery - energy recovery (R1),KG_HAB,Kilograms per capita,DE,Germany,2023,,175,,e,estimated,,
dataflow,ESTAT:ENV_WASMUN(1.0),Municipal waste by waste management operations,A,Annual,RCV_E,Recovery - energy recovery (R1),KG_HAB,Kilograms per capita,DK,Denmark,1995,,293,,be,"break in time series, estimated",,
dataflow,ESTAT:ENV_WASMUN(1.0),Municipal waste by waste management operations,A,Annual,RCV_E,Recovery - energy recovery (R1),KG_HAB,Kilograms per capita,DK,Denmark,1996,,307,,,,,
dataflow,ESTAT:ENV_WASMUN(1.0),Municipal waste by waste management operations,A,Annual,RCV_E,Recovery - energy recovery (R1),KG_HAB,Kilograms per capita,DK,Denmark,1997,,314,,,,,
dataflow,ESTAT:ENV_WASMUN(1.0),Municipal waste by waste management operations,A,Annual,RCV_E,Recovery - energy recovery (R1),KG_HAB,Kilograms per capita,DK,Denmark,1998,,312,,,,,
dataflow,ESTAT:ENV_WASMUN(1.0),Municipal waste by waste management operations,A,Annual,RCV_E,Recovery - energy recovery (R1),KG_HAB,Kilograms per capita,DK,Denmark,1999,,314,,,,,
dataflow,ESTAT:ENV_WASMUN(1.0),Municipal waste by waste management operations,A,Annual,RCV_E,Recovery - energy recovery (R1),KG_HAB,Kilograms per capita,DK,Denmark,2000,,351,,,,,
dataflow,ESTAT:ENV_WASMUN(1.0),Municipal waste by waste management operations,A,Annual,RCV_E,Recovery - energy recovery (R1),KG_HAB,Kilograms per capita,DK,Denmark,2001,,373,,,,,
dataflow,ESTAT:ENV_WASMUN(1.0),Municipal waste by waste management operations,A,Annual,RCV_E,Recovery - energy recovery (R1),KG_HAB,Kilograms per capita,DK,Denmark,2002,,374,,,,,
dataflow,ESTAT:ENV_WASMUN(1.0),Municipal waste by waste management operations,A,Annual,RCV_E,Recovery - energy recovery (R1),KG_HAB,Kilograms per capita,DK,Denmark,2003,,363,,,,,
dataflow,ESTAT:ENV_WASMUN(1.0),Municipal waste by waste management operations,A,Annual,RCV_E,Recovery - energy recovery (R1),KG_HAB,Kilograms per capita,DK,Denmark,2004,,379,,,,,
dataflow,ESTAT:ENV_WASMUN(1.0),Municipal waste by waste management operations,A,Annual,RCV_E,Recovery - energy recovery (R1),KG_HAB,Kilograms per capita,DK,Denmark,2005,,396,,,,,
dataflow,ESTAT:ENV_WASMUN(1.0),Municipal waste by waste management operations,A,Annual,RCV_E,Recovery - energy recovery (R1),KG_HAB,Kilograms per capita,DK,Denmark,2006,,393,,,,,
dataflow,ESTAT:ENV_WASMUN(1.0),Municipal waste by waste management operations,A,Annual,RCV_E,Recovery - energy recovery (R1),KG_HAB,Kilograms per capita,DK,Denmark,2007,,403,,,,,
dataflow,ESTAT:ENV_WASMUN(1.0),Municipal waste by waste management operations,A,Annual,RCV_E,Recovery - energy recovery (R1),KG_HAB,Kilograms per capita,DK,Denmark,2008,,400,,,,,
dataflow,ESTAT:ENV_WASMUN(1.0),Municipal waste by waste management operations,A,Annual,RCV_E,Recovery - energy recovery (R1),KG_HAB,Kilograms per capita,DK,Denmark,2009,,367,,e,estimated,,
dataflow,ESTAT:ENV_WASMUN(1.0),Municipal waste by waste management operations,A,Annual,RCV_E,Recovery - energy recovery (R1),KG_HAB,Kilograms per capita,DK,Denmark,2011,,474,,b,break in time series,,
dataflow,ESTAT:ENV_WASMUN(1.0),Municipal waste by waste management operations,A,Annual,RCV_E,Recovery - energy recovery (R1),KG_HAB,Kilograms per capita,DK,Denmark,2012,,446,,,,,
dataflow,ESTAT:ENV_WASMUN(1.0),Municipal waste by waste management operations,A,Annual,RCV_E,Recovery - energy recovery (R1),KG_HAB,Kilograms per capita,DK,Denmark,2013,,447,,,,,
dataflow,ESTAT:ENV_WASMUN(1.0),Municipal waste by waste management operations,A,Annual,RCV_E,Recovery - energy recovery (R1),KG_HAB,Kilograms per capita,DK,Denmark,2014,,430,,,,,
dataflow,ESTAT:ENV_WASMUN(1.0),Municipal waste by waste management operations,A,Annual,RCV_E,Recovery - energy recovery (R1),KG_HAB,Kilograms per capita,DK,Denmark,2015,,422,,,,,
dataflow,ESTAT:ENV_WASMUN(1.0),Municipal waste by waste management operations,A,Annual,RCV_E,Recovery - energy recovery (R1),KG_HAB,Kilograms per capita,DK,Denmark,2016,,419,,,,,
dataflow,ESTAT:ENV_WASMUN(1.0),Municipal waste by waste management operations,A,Annual,RCV_E,Recovery - energy recovery (R1),KG_HAB,Kilograms per capita,DK,Denmark,2017,,421,,,,,
dataflow,ESTAT:ENV_WASMUN(1.0),Municipal waste by waste management operations,A,Annual,RCV_E,Recovery - energy recovery (R1),KG_HAB,Kilograms per capita,DK,Denmark,2018,,397,,,,,
dataflow,ESTAT:ENV_WASMUN(1.0),Municipal waste by waste management operations,A,Annual,RCV_E,Recovery - energy recovery (R1),KG_HAB,Kilograms per capita,DK,Denmark,2019,,401,,,,,
dataflow,ESTAT:ENV_WASMUN(1.0),Municipal waste by waste management operations,A,Annual,RCV_E,Recovery - energy recovery (R1),KG_HAB,Kilograms per capita,DK,Denmark,2020,,435,,,,,
dataflow,ESTAT:ENV_WASMUN(1.0),Municipal waste by waste management operations,A,Annual,RCV_E,Recovery - energy recovery (R1),KG_HAB,Kilograms per capita,DK,Denmark,2021,,318,,,,,
dataflow,ESTAT:ENV_WASMUN(1.0),Municipal waste by waste management operations,A,Annual,RCV_E,Recovery - energy recovery (R1),KG_HAB,Kilograms per capita,DK,Denmark,2022,,364,,,,,
dataflow,ESTAT:ENV_WASMUN(1.0),Municipal waste by waste management operations,A,Annual,RCV_E,Recovery - energy recovery (R1),KG_HAB,Kilograms per capita,EE,Estonia,1995,,0,,,,,
dataflow,ESTAT:ENV_WASMUN(1.0),Municipal waste by waste management operations,A,Annual,RCV_E,Recovery - energy recovery (R1),KG_HAB,Kilograms per capita,EE,Estonia,1996,,0,,,,,
dataflow,ESTAT:ENV_WASMUN(1.0),Municipal waste by waste management operations,A,Annual,RCV_E,Recovery - energy recovery (R1),KG_HAB,Kilograms per capita,EE,Estonia,1997,,0,,,,,
dataflow,ESTAT:ENV_WASMUN(1.0),Municipal waste by waste management operations,A,Annual,RCV_E,Recovery - energy recovery (R1),KG_HAB,Kilograms per capita,EE,Estonia,1998,,0,,,,,
dataflow,ESTAT:ENV_WASMUN(1.0),Municipal waste by waste management operations,A,Annual,RCV_E,Recovery - energy recovery (R1),KG_HAB,Kilograms per capita,EE,Estonia,1999,,0,,,,,
dataflow,ESTAT:ENV_WASMUN(1.0),Municipal waste by waste management operations,A,Annual,RCV_E,Recovery - energy recovery (R1),KG_HAB,Kilograms per capita,EE,Estonia,2000,,0,,,,,
dataflow,ESTAT:ENV_WASMUN(1.0),Municipal waste by waste management operations,A,Annual,RCV_E,Recovery - energy recovery (R1),KG_HAB,Kilograms per capita,EE,Estonia,2001,,0,,,,,
dataflow,ESTAT:ENV_WASMUN(1.0),Municipal waste by waste management operations,A,Annual,RCV_E,Recovery - energy recovery (R1),KG_HAB,Kilograms per capita,EE,Estonia,2002,,0,,,,,
dataflow,ESTAT:ENV_WASMUN(1.0),Municipal waste by waste management operations,A,Annual,RCV_E,Recovery - energy recovery (R1),KG_HAB,Kilograms per capita,EE,Estonia,2003,,0,,,,,
dataflow,ESTAT:ENV_WASMUN(1.0),Municipal waste by waste management operations,A,Annual,RCV_E,Recovery - energy recovery (R1),KG_HAB,Kilograms per capita,EE,Estonia,2004,,0,,,,,
dataflow,ESTAT:ENV_WASMUN(1.0),Municipal waste by waste management operations,A,Annual,RCV_E,Recovery - energy recovery (R1),KG_HAB,Kilograms per capita,EE,Estonia,2005,,0,,,,,
dataflow,ESTAT:ENV_WASMUN(1.0),Municipal waste by waste management operations,A,Annual,RCV_E,Recovery - energy recovery (R1),KG_HAB,Kilograms per capita,EE,Estonia,2006,,1,,,,,
dataflow,ESTAT:ENV_WASMUN(1.0),Municipal waste by waste management operations,A,Annual,RCV_E,Recovery - energy recovery (R1),KG_HAB,Kilograms per capita,EE,Estonia,2007,,1,,,,,
dataflow,ESTAT:ENV_WASMUN(1.0),Municipal waste by waste management operations,A,Annual,RCV_E,Recovery - energy recovery (R1),KG_HAB,Kilograms per capita,EE,Estonia,2008,,1,,,,,
dataflow,ESTAT:ENV_WASMUN(1.0),Municipal waste by waste management operations,A,Annual,RCV_E,Recovery - energy recovery (R1),KG_HAB,Kilograms per capita,EE,Estonia,2009,,0,,,,,
dataflow,ESTAT:ENV_WASMUN(1.0),Municipal waste by waste management operations,A,Annual,RCV_E,Recovery - energy recovery (R1),KG_HAB,Kilograms per capita,EE,Estonia,2010,,0,,,,,
dataflow,ESTAT:ENV_WASMUN(1.0),Municipal waste by waste management operations,A,Annual,RCV_E,Recovery - energy recovery (R1),KG_HAB,Kilograms per capita,EE,Estonia,2011,,0,,,,,
dataflow,ESTAT:ENV_WASMUN(1.0),Municipal waste by waste management operations,A,Annual,RCV_E,Recovery - energy recovery (R1),KG_HAB,Kilograms per capita,EE,Estonia,2012,,35,,,,,
dataflow,ESTAT:ENV_WASMUN(1.0),Municipal waste by waste management operations,A,Annual,RCV_E,Recovery - energy recovery (R1),KG_HAB,Kilograms per capita,EE,Estonia,2013,,163,,,,,
dataflow,ESTAT:ENV_WASMUN(1.0),Municipal waste by waste management operations,A,Annual,RCV_E,Recovery - energy recovery (R1),KG_HAB,Kilograms per capita,EE,Estonia,2014,,169,,,,,
dataflow,ESTAT:ENV_WASMUN(1.0),Municipal waste by waste management operations,A,Annual,RCV_E,Recovery - energy recovery (R1),KG_HAB,Kilograms per capita,EE,Estonia,2015,,185,,,,,
dataflow,ESTAT:ENV_WASMUN(1.0),Municipal waste by waste management operations,A,Annual,RCV_E,Recovery - energy recovery (R1),KG_HAB,Kilograms per capita,EE,Estonia,2016,,184,,,,,
dataflow,ESTAT:ENV_WASMUN(1.0),Municipal waste by waste management operations,A,Annual,RCV_E,Recovery - energy recovery (R1),KG_HAB,Kilograms per capita,EE,Estonia,2017,,165,,,,,
dataflow,ESTAT:ENV_WASMUN(1.0),Municipal waste by waste management operations,A,Annual,RCV_E,Recovery - energy recovery (R1),KG_HAB,Kilograms per capita,EE,Estonia,2018,,167,,,,,
dataflow,ESTAT:ENV_WASMUN(1.0),Municipal waste by waste management operations,A,Annual,RCV_E,Recovery - energy recovery (R1),KG_HAB,Kilograms per capita,EE,Estonia,2019,,167,,,,,
dataflow,ESTAT:ENV_WASMUN(1.0),Municipal waste by waste management operations,A,Annual,RCV_E,Recovery - energy recovery (R1),KG_HAB,Kilograms per capita,EE,Estonia,2020,,164,,,,,
dataflow,ESTAT:ENV_WASMUN(1.0),Municipal waste by waste management operations,A,Annual,RCV_E,Recovery - energy recovery (R1),KG_HAB,Kilograms per capita,EE,Estonia,2021,,192,,,,,
dataflow,ESTAT:ENV_WASMUN(1.0),Municipal waste by waste management operations,A,Annual,RCV_E,Recovery - energy recovery (R1),KG_HAB,Kilograms per capita,EE,Estonia,2022,,157,,,,,
dataflow,ESTAT:ENV_WASMUN(1.0),Municipal waste by waste management operations,A,Annual,RCV_E,Recovery - energy recovery (R1),KG_HAB,Kilograms per capita,EE,Estonia,2023,,159,,,,,
dataflow,ESTAT:ENV_WASMUN(1.0),Municipal waste by waste management operations,A,Annual,RCV_E,Recovery - energy recovery (R1),KG_HAB,Kilograms per capita,EL,Greece,1997,,0,,,,,
dataflow,ESTAT:ENV_WASMUN(1.0),Municipal waste by waste management operations,A,Annual,RCV_E,Recovery - energy recovery (R1),KG_HAB,Kilograms per capita,EL,Greece,1998,,0,,,,,
dataflow,ESTAT:ENV_WASMUN(1.0),Municipal waste by waste management operations,A,Annual,RCV_E,Recovery - energy recovery (R1),KG_HAB,Kilograms per capita,EL,Greece,1999,,0,,,,,
dataflow,ESTAT:ENV_WASMUN(1.0),Municipal waste by waste management operations,A,Annual,RCV_E,Recovery - energy recovery (R1),KG_HAB,Kilograms per capita,EL,Greece,2000,,0,,,,,
dataflow,ESTAT:ENV_WASMUN(1.0),Municipal waste by waste management operations,A,Annual,RCV_E,Recovery - energy recovery (R1),KG_HAB,Kilograms per capita,EL,Greece,2001,,0,,,,,
dataflow,ESTAT:ENV_WASMUN(1.0),Municipal waste by waste management operations,A,Annual,RCV_E,Recovery - energy recovery (R1),KG_HAB,Kilograms per capita,EL,Greece,2002,,0,,,,,
dataflow,ESTAT:ENV_WASMUN(1.0),Municipal waste by waste management operations,A,Annual,RCV_E,Recovery - energy recovery (R1),KG_HAB,Kilograms per capita,EL,Greece,2003,,0,,,,,
dataflow,ESTAT:ENV_WASMUN(1.0),Municipal waste by waste management operations,A,Annual,RCV_E,Recovery - energy recovery (R1),KG_HAB,Kilograms per capita,EL,Greece,2004,,0,,,,,
dataflow,ESTAT:ENV_WASMUN(1.0),Municipal waste by waste management operations,A,Annual,RCV_E,Recovery - energy recovery (R1),KG_HAB,Kilograms per capita,EL,Greece,2005,,0,,,,,
dataflow,ESTAT:ENV_WASMUN(1.0),Municipal waste by waste management operations,A,Annual,RCV_E,Recovery - energy recovery (R1),KG_HAB,Kilograms per capita,EL,Greece,2006,,0,,,,,
dataflow,ESTAT:ENV_WASMUN(1.0),Municipal waste by waste management operations,A,Annual,RCV_E,Recovery - energy recovery (R1),KG_HAB,Kilograms per capita,EL,Greece,2007,,0,,,,,
dataflow,ESTAT:ENV_WASMUN(1.0),Municipal waste by waste management operations,A,Annual,RCV_E,Recovery - energy recovery (R1),KG_HAB,Kilograms per capita,EL,Greece,2008,,0,,,,,
dataflow,ESTAT:ENV_WASMUN(1.0),Municipal waste by waste management operations,A,Annual,RCV_E,Recovery - energy recovery (R1),KG_HAB,Kilograms per capita,EL,Greece,2009,,0,,,,,
dataflow,ESTAT:ENV_WASMUN(1.0),Municipal waste by waste management operations,A,Annual,RCV_E,Recovery - energy recovery (R1),KG_HAB,Kilograms per capita,EL,Greece,2010,,0,,,,,
dataflow,ESTAT:ENV_WASMUN(1.0),Municipal waste by waste management operations,A,Annual,RCV_E,Recovery - energy recovery (R1),KG_HAB,Kilograms per capita,EL,Greece,2011,,1,,,,,
dataflow,ESTAT:ENV_WASMUN(1.0),Municipal waste by waste management operations,A,Annual,RCV_E,Recovery - energy recovery (R1),KG_HAB,Kilograms per capita,EL,Greece,2012,,3,,,,,
dataflow,ESTAT:ENV_WASMUN(1.0),Municipal waste by waste management operations,A,Annual,RCV_E,Recovery - energy recovery (R1),KG_HAB,Kilograms per capita,EL,Greece,2013,,3,,,,,
dataflow,ESTAT:ENV_WASMUN(1.0),Municipal waste by waste management operations,A,Annual,RCV_E,Recovery - energy recovery (R1),KG_HAB,Kilograms per capita,EL,Greece,2014,,2,,,,,
dataflow,ESTAT:ENV_WASMUN(1.0),Municipal waste by waste management operations,A,Annual,RCV_E,Recovery - energy recovery (R1),KG_HAB,Kilograms per capita,EL,Greece,2015,,2,,,,,
dataflow,ESTAT:ENV_WASMUN(1.0),Municipal waste by waste management operations,A,Annual,RCV_E,Recovery - energy recovery (R1),KG_HAB,Kilograms per capita,EL,Greece,2016,,3,,,,,
dataflow,ESTAT:ENV_WASMUN(1.0),Municipal waste by waste management operations,A,Annual,RCV_E,Recovery - energy recovery (R1),KG_HAB,Kilograms per capita,EL,Greece,2017,,5,,,,,
dataflow,ESTAT:ENV_WASMUN(1.0),Municipal waste by waste management operations,A,Annual,RCV_E,Recovery - energy recovery (R1),KG_HAB,Kilograms per capita,EL,Greece,2018,,8,,,,,
dataflow,ESTAT:ENV_WASMUN(1.0),Municipal waste by waste management operations,A,Annual,RCV_E,Recovery - energy recovery (R1),KG_HAB,Kilograms per capita,EL,Greece,2019,,7,,,,,
dataflow,ESTAT:ENV_WASMUN(1.0),Municipal waste by waste management operations,A,Annual,RCV_E,Recovery - energy recovery (R1),KG_HAB,Kilograms per capita,EL,Greece,2020,,8,,,,,
dataflow,ESTAT:ENV_WASMUN(1.0),Municipal waste by waste management operations,A,Annual,RCV_E,Recovery - energy recovery (R1),KG_HAB,Kilograms per capita,EL,Greece,2021,,8,,,,,
dataflow,ESTAT:ENV_WASMUN(1.0),Municipal waste by waste management operations,A,Annual,RCV_E,Recovery - energy recovery (R1),KG_HAB,Kilograms per capita,EL,Greece,2022,,8,,,,,
dataflow,ESTAT:ENV_WASMUN(1.0),Municipal waste by waste management operations,A,Annual,RCV_E,Recovery - energy recovery (R1),KG_HAB,Kilograms per capita,ES,Spain,1995,,24,,,,,
dataflow,ESTAT:ENV_WASMUN(1.0),Municipal waste by waste management operations,A,Annual,RCV_E,Recovery - energy recovery (R1),KG_HAB,Kilograms per capita,ES,Spain,1996,,24,,,,,
dataflow,ESTAT:ENV_WASMUN(1.0),Municipal waste by waste management operations,A,Annual,RCV_E,Recovery - energy recovery (R1),KG_HAB,Kilograms per capita,ES,Spain,1997,,35,,,,,
dataflow,ESTAT:ENV_WASMUN(1.0),Municipal waste by waste management operations,A,Annual,RCV_E,Recovery - energy recovery (R1),KG_HAB,Kilograms per capita,ES,Spain,1998,,37,,,,,
dataflow,ESTAT:ENV_WASMUN(1.0),Municipal waste by waste management operations,A,Annual,RCV_E,Recovery - energy recovery (R1),KG_HAB,Kilograms per capita,ES,Spain,1999,,35,,,,,
dataflow,ESTAT:ENV_WASMUN(1.0),Municipal waste by waste management operations,A,Annual,RCV_E,Recovery - energy recovery (R1),KG_HAB,Kilograms per capita,ES,Spain,2000,,36,,,,,
dataflow,ESTAT:ENV_WASMUN(1.0),Municipal waste by waste management operations,A,Annual,RCV_E,Recovery - energy recovery (R1),KG_HAB,Kilograms per capita,ES,Spain,2001,,36,,,,,
dataflow,ESTAT:ENV_WASMUN(1.0),Municipal waste by waste management operations,A,Annual,RCV_E,Recovery - energy recovery (R1),KG_HAB,Kilograms per capita,ES,Spain,2002,,38,,,,,
dataflow,ESTAT:ENV_WASMUN(1.0),Municipal waste by waste management operations,A,Annual,RCV_E,Recovery - energy recovery (R1),KG_HAB,Kilograms per capita,ES,Spain,2003,,42,,,,,
dataflow,ESTAT:ENV_WASMUN(1.0),Municipal waste by waste management operations,A,Annual,RCV_E,Recovery - energy recovery (R1),KG_HAB,Kilograms per capita,ES,Spain,2004,,31,,,,,
dataflow,ESTAT:ENV_WASMUN(1.0),Municipal waste by waste management operations,A,Annual,RCV_E,Recovery - energy recovery (R1),KG_HAB,Kilograms per capita,ES,Spain,2005,,44,,,,,
dataflow,ESTAT:ENV_WASMUN(1.0),Municipal waste by waste management operations,A,Annual,RCV_E,Recovery - energy recovery (R1),KG_HAB,Kilograms per capita,ES,Spain,2006,,46,,,,,
dataflow,ESTAT:ENV_WASMUN(1.0),Municipal waste by waste management operations,A,Annual,RCV_E,Recovery - energy recovery (R1),KG_HAB,Kilograms per capita,ES,Spain,2007,,49,,,,,
dataflow,ESTAT:ENV_WASMUN(1.0),Municipal waste by waste management operations,A,Annual,RCV_E,Recovery - energy recovery (R1),KG_HAB,Kilograms per capita,ES,Spain,2008,,47,,,,,
dataflow,ESTAT:ENV_WASMUN(1.0),Municipal waste by waste management operations,A,Annual,RCV_E,Recovery - energy recovery (R1),KG_HAB,Kilograms per capita,ES,Spain,2009,,48,,,,,
dataflow,ESTAT:ENV_WASMUN(1.0),Municipal waste by waste management operations,A,Annual,RCV_E,Recovery - energy recovery (R1),KG_HAB,Kilograms per capita,ES,Spain,2010,,44,,,,,
dataflow,ESTAT:ENV_WASMUN(1.0),Municipal waste by waste management operations,A,Annual,RCV_E,Recovery - energy recovery (R1),KG_HAB,Kilograms per capita,ES,Spain,2011,,50,,,,,
dataflow,ESTAT:ENV_WASMUN(1.0),Municipal waste by waste management operations,A,Annual,RCV_E,Recovery - energy recovery (R1),KG_HAB,Kilograms per capita,ES,Spain,2012,,45,,,,,
dataflow,ESTAT:ENV_WASMUN(1.0),Municipal waste by waste management operations,A,Annual,RCV_E,Recovery - energy recovery (R1),KG_HAB,Kilograms per capita,ES,Spain,2013,,53,,,,,
dataflow,ESTAT:ENV_WASMUN(1.0),Municipal waste by waste management operations,A,Annual,RCV_E,Recovery - energy recovery (R1),KG_HAB,Kilograms per capita,ES,Spain,2014,,52,,,,,
dataflow,ESTAT:ENV_WASMUN(1.0),Municipal waste by waste management operations,A,Annual,RCV_E,Recovery - energy recovery (R1),KG_HAB,Kilograms per capita,ES,Spain,2015,,58,,,,,
dataflow,ESTAT:ENV_WASMUN(1.0),Municipal waste by waste management operations,A,Annual,RCV_E,Recovery - energy recovery (R1),KG_HAB,Kilograms per capita,ES,Spain,2016,,56,,,,,
dataflow,ESTAT:ENV_WASMUN(1.0),Municipal waste by waste management operations,A,Annual,RCV_E,Recovery - energy recovery (R1),KG_HAB,Kilograms per capita,ES,Spain,2017,,60,,,,,
dataflow,ESTAT:ENV_WASMUN(1.0),Municipal waste by waste management operations,A,Annual,RCV_E,Recovery - energy recovery (R1),KG_HAB,Kilograms per capita,ES,Spain,2018,,55,,,,,
dataflow,ESTAT:ENV_WASMUN(1.0),Municipal waste by waste management operations,A,Annual,RCV_E,Recovery - energy recovery (R1),KG_HAB,Kilograms per capita,ES,Spain,2019,,52,,,,,
dataflow,ESTAT:ENV_WASMUN(1.0),Municipal waste by waste management operations,A,Annual,RCV_E,Recovery - energy recovery (R1),KG_HAB,Kilograms per capita,ES,Spain,2020,,47,,,,,
dataflow,ESTAT:ENV_WASMUN(1.0),Municipal waste by waste management operations,A,Annual,RCV_E,Recovery - energy recovery (R1),KG_HAB,Kilograms per capita,ES,Spain,2021,,51,,,,,
dataflow,ESTAT:ENV_WASMUN(1.0),Municipal waste by waste management operations,A,Annual,RCV_E,Recovery - energy recovery (R1),KG_HAB,Kilograms per capita,ES,Spain,2022,,49,,p,provisional,,
dataflow,ESTAT:ENV_WASMUN(1.0),Municipal waste by waste management operations,A,Annual,RCV_E,Recovery - energy recovery (R1),KG_HAB,Kilograms per capita,ES,Spain,2023,,49,,e,estimated,,
dataflow,ESTAT:ENV_WASMUN(1.0),Municipal waste by waste management operations,A,Annual,RCV_E,Recovery - energy recovery (R1),KG_HAB,Kilograms per capita,EU27_2020,European Union - 27 countries (from 2020),1995,,34,,i,value imputed by Eurostat or other receiving agencies,,
dataflow,ESTAT:ENV_WASMUN(1.0),Municipal waste by waste management operations,A,Annual,RCV_E,Recovery - energy recovery (R1),KG_HAB,Kilograms per capita,EU27_2020,European Union - 27 countries (from 2020),1996,,34,,i,value imputed by Eurostat or other receiving agencies,,
dataflow,ESTAT:ENV_WASMUN(1.0),Municipal waste by waste management operations,A,Annual,RCV_E,Recovery - energy recovery (R1),KG_HAB,Kilograms per capita,EU27_2020,European Union - 27 countries (from 2020),1997,,36,,i,value imputed by Eurostat or other receiving agencies,,
dataflow,ESTAT:ENV_WASMUN(1.0),Municipal waste by waste management operations,A,Annual,RCV_E,Recovery - energy recovery (R1),KG_HAB,Kilograms per capita,EU27_2020,European Union - 27 countries (from 2020),1998,,40,,i,value imputed by Eurostat or other receiving agencies,,
dataflow,ESTAT:ENV_WASMUN(1.0),Municipal waste by waste management operations,A,Annual,RCV_E,Recovery - energy recovery (R1),KG_HAB,Kilograms per capita,EU27_2020,European Union - 27 countries (from 2020),1999,,42,,i,value imputed by Eurostat or other receiving agencies,,
dataflow,ESTAT:ENV_WASMUN(1.0),Municipal waste by waste management operations,A,Annual,RCV_E,Recovery - energy recovery (R1),KG_HAB,Kilograms per capita,EU27_2020,European Union - 27 countries (from 2020),2000,,47,,i,value imputed by Eurostat or other receiving agencies,,
dataflow,ESTAT:ENV_WASMUN(1.0),Municipal waste by waste management operations,A,Annual,RCV_E,Recovery - energy recovery (R1),KG_HAB,Kilograms per capita,EU27_2020,European Union - 27 countries (from 2020),2001,,49,,i,value imputed by Eurostat or other receiving agencies,,
dataflow,ESTAT:ENV_WASMUN(1.0),Municipal waste by waste management operations,A,Annual,RCV_E,Recovery - energy recovery (R1),KG_HAB,Kilograms per capita,EU27_2020,European Union - 27 countries (from 2020),2002,,52,,i,value imputed by Eurostat or other receiving agencies,,
dataflow,ESTAT:ENV_WASMUN(1.0),Municipal waste by waste management operations,A,Annual,RCV_E,Recovery - energy recovery (R1),KG_HAB,Kilograms per capita,EU27_2020,European Union - 27 countries (from 2020),2003,,54,,i,value imputed by Eurostat or other receiving agencies,,
dataflow,ESTAT:ENV_WASMUN(1.0),Municipal waste by waste management operations,A,Annual,RCV_E,Recovery - energy recovery (R1),KG_HAB,Kilograms per capita,EU27_2020,European Union - 27 countries (from 2020),2004,,58,,i,value imputed by Eurostat or other receiving agencies,,
dataflow,ESTAT:ENV_WASMUN(1.0),Municipal waste by waste management operations,A,Annual,RCV_E,Recovery - energy recovery (R1),KG_HAB,Kilograms per capita,EU27_2020,European Union - 27 countries (from 2020),2005,,61,,i,value imputed by Eurostat or other receiving agencies,,
dataflow,ESTAT:ENV_WASMUN(1.0),Municipal waste by waste management operations,A,Annual,RCV_E,Recovery - energy recovery (R1),KG_HAB,Kilograms per capita,EU27_2020,European Union - 27 countries (from 2020),2006,,70,,i,value imputed by Eurostat or other receiving agencies,,
dataflow,ESTAT:ENV_WASMUN(1.0),Municipal waste by waste management operations,A,Annual,RCV_E,Recovery - energy recovery (R1),KG_HAB,Kilograms per capita,EU27_2020,European Union - 27 countries (from 2020),2007,,75,,i,value imputed by Eurostat or other receiving agencies,,
dataflow,ESTAT:ENV_WASMUN(1.0),Municipal waste by waste management operations,A,Annual,RCV_E,Recovery - energy recovery (R1),KG_HAB,Kilograms per capita,EU27_2020,European Union - 27 countries (from 2020),2008,,80,,,,,
dataflow,ESTAT:ENV_WASMUN(1.0),Municipal waste by waste management operations,A,Annual,RCV_E,Recovery - energy recovery (R1),KG_HAB,Kilograms per capita,EU27_2020,European Union - 27 countries (from 2020),2009,,82,,,,,
dataflow,ESTAT:ENV_WASMUN(1.0),Municipal waste by waste management operations,A,Annual,RCV_E,Recovery - energy recovery (R1),KG_HAB,Kilograms per capita,EU27_2020,European Union - 27 countries (from 2020),2010,,91,,,,,
dataflow,ESTAT:ENV_WASMUN(1.0),Municipal waste by waste management operations,A,Annual,RCV_E,Recovery - energy recovery (R1),KG_HAB,Kilograms per capita,EU27_2020,European Union - 27 countries (from 2020),2011,,99,,,,,
dataflow,ESTAT:ENV_WASMUN(1.0),Municipal waste by waste management operations,A,Annual,RCV_E,Recovery - energy recovery (R1),KG_HAB,Kilograms per capita,EU27_2020,European Union - 27 countries (from 2020),2012,,102,,,,,
dataflow,ESTAT:ENV_WASMUN(1.0),Municipal waste by waste management operations,A,Annual,RCV_E,Recovery - energy recovery (R1),KG_HAB,Kilograms per capita,EU27_2020,European Union - 27 countries (from 2020),2013,,112,,,,,
dataflow,ESTAT:ENV_WASMUN(1.0),Municipal waste by waste management operations,A,Annual,RCV_E,Recovery - energy recovery (R1),KG_HAB,Kilograms per capita,EU27_2020,European Union - 27 countries (from 2020),2014,,114,,,,,
dataflow,ESTAT:ENV_WASMUN(1.0),Municipal waste by waste management operations,A,Annual,RCV_E,Recovery - energy recovery (R1),KG_HAB,Kilograms per capita,EU27_2020,European Union - 27 countries (from 2020),2015,,110,,,,,
dataflow,ESTAT:ENV_WASMUN(1.0),Municipal waste by waste management operations,A,Annual,RCV_E,Recovery - energy recovery (R1),KG_HAB,Kilograms per capita,EU27_2020,European Union - 27 countries (from 2020),2016,,119,,,,,
dataflow,ESTAT:ENV_WASMUN(1.0),Municipal waste by waste management operations,A,Annual,RCV_E,Recovery - energy recovery (R1),KG_HAB,Kilograms per capita,EU27_2020,European Union - 27 countries (from 2020),2017,,129,,,,,
dataflow,ESTAT:ENV_WASMUN(1.0),Municipal waste by waste management operations,A,Annual,RCV_E,Recovery - energy recovery (R1),KG_HAB,Kilograms per capita,EU27_2020,European Union - 27 countries (from 2020),2018,,128,,,,,
dataflow,ESTAT:ENV_WASMUN(1.0),Municipal waste by waste management operations,A,Annual,RCV_E,Recovery - energy recovery (R1),KG_HAB,Kilograms per capita,EU27_2020,European Union - 27 countries (from 2020),2019,,129,,i,value imputed by Eurostat or other receiving agencies,,
dataflow,ESTAT:ENV_WASMUN(1.0),Municipal waste by waste management operations,A,Annual,RCV_E,Recovery - energy recovery (R1),KG_HAB,Kilograms per capita,EU27_2020,European Union - 27 countries (from 2020),2020,,135,,,,,
dataflow,ESTAT:ENV_WASMUN(1.0),Municipal waste by waste management operations,A,Annual,RCV_E,Recovery - energy recovery (R1),KG_HAB,Kilograms per capita,EU27_2020,European Union - 27 countries (from 2020),2021,,135,,i,value imputed by Eurostat or other receiving agencies,,
dataflow,ESTAT:ENV_WASMUN(1.0),Municipal waste by waste management operations,A,Annual,RCV_E,Recovery - energy recovery (R1),KG_HAB,Kilograms per capita,EU27_2020,European Union - 27 countries (from 2020),2022,,128,,i,value imputed by Eurostat or other receiving agencies,,
dataflow,ESTAT:ENV_WASMUN(1.0),Municipal waste by waste management operations,A,Annual,RCV_E,Recovery - energy recovery (R1),KG_HAB,Kilograms per capita,EU27_2020,European Union - 27 countries (from 2020),2023,,127,,i,value imputed by Eurostat or other receiving agencies,,
dataflow,ESTAT:ENV_WASMUN(1.0),Municipal waste by waste management operations,A,Annual,RCV_E,Recovery - energy recovery (R1),KG_HAB,Kilograms per capita,FI,Finland,1997,,22,,,,,
dataflow,ESTAT:ENV_WASMUN(1.0),Municipal waste by waste management operations,A,Annual,RCV_E,Recovery - energy recovery (R1),KG_HAB,Kilograms per capita,FI,Finland,1998,,28,,,,,
dataflow,ESTAT:ENV_WASMUN(1.0),Municipal waste by waste management operations,A,Annual,RCV_E,Recovery - energy recovery (R1),KG_HAB,Kilograms per capita,FI,Finland,1999,,38,,,,,
dataflow,ESTAT:ENV_WASMUN(1.0),Municipal waste by waste management operations,A,Annual,RCV_E,Recovery - energy recovery (R1),KG_HAB,Kilograms per capita,FI,Finland,2000,,52,,,,,
dataflow,ESTAT:ENV_WASMUN(1.0),Municipal waste by waste management operations,A,Annual,RCV_E,Recovery - energy recovery (R1),KG_HAB,Kilograms per capita,FI,Finland,2001,,41,,,,,
dataflow,ESTAT:ENV_WASMUN(1.0),Municipal waste by waste management operations,A,Annual,RCV_E,Recovery - energy recovery (R1),KG_HAB,Kilograms per capita,FI,Finland,2002,,32,,,,,
dataflow,ESTAT:ENV_WASMUN(1.0),Municipal waste by waste management operations,A,Annual,RCV_E,Recovery - energy recovery (R1),KG_HAB,Kilograms per capita,FI,Finland,2003,,39,,,,,
dataflow,ESTAT:ENV_WASMUN(1.0),Municipal waste by waste management operations,A,Annual,RCV_E,Recovery - energy recovery (R1),KG_HAB,Kilograms per capita,FI,Finland,2004,,45,,,,,
dataflow,ESTAT:ENV_WASMUN(1.0),Municipal waste by waste management operations,A,Annual,RCV_E,Recovery - energy recovery (R1),KG_HAB,Kilograms per capita,FI,Finland,2005,,34,,,,,
dataflow,ESTAT:ENV_WASMUN(1.0),Municipal waste by waste management operations,A,Annual,RCV_E,Recovery - energy recovery (R1),KG_HAB,Kilograms per capita,FI,Finland,2006,,32,,,,,
dataflow,ESTAT:ENV_WASMUN(1.0),Municipal waste by waste management operations,A,Annual,RCV_E,Recovery - energy recovery (R1),KG_HAB,Kilograms per capita,FI,Finland,2007,,45,,,,,
dataflow,ESTAT:ENV_WASMUN(1.0),Municipal waste by waste management operations,A,Annual,RCV_E,Recovery - energy recovery (R1),KG_HAB,Kilograms per capita,FI,Finland,2008,,65,,,,,
dataflow,ESTAT:ENV_WASMUN(1.0),Municipal waste by waste management operations,A,Annual,RCV_E,Recovery - energy recovery (R1),KG_HAB,Kilograms per capita,FI,Finland,2009,,65,,,,,
dataflow,ESTAT:ENV_WASMUN(1.0),Municipal waste by waste management operations,A,Annual,RCV_E,Recovery - energy recovery (R1),KG_HAB,Kilograms per capita,FI,Finland,2010,,82,,,,,
dataflow,ESTAT:ENV_WASMUN(1.0),Municipal waste by waste management operations,A,Annual,RCV_E,Recovery - energy recovery (R1),KG_HAB,Kilograms per capita,FI,Finland,2011,,126,,,,,
dataflow,ESTAT:ENV_WASMUN(1.0),Municipal waste by waste management operations,A,Annual,RCV_E,Recovery - energy recovery (R1),KG_HAB,Kilograms per capita,FI,Finland,2012,,171,,,,,
dataflow,ESTAT:ENV_WASMUN(1.0),Municipal waste by waste management operations,A,Annual,RCV_E,Recovery - energy recovery (R1),KG_HAB,Kilograms per capita,FI,Finland,2013,,209,,,,,
dataflow,ESTAT:ENV_WASMUN(1.0),Municipal waste by waste management operations,A,Annual,RCV_E,Recovery - energy recovery (R1),KG_HAB,Kilograms per capita,FI,Finland,2014,,241,,,,,
dataflow,ESTAT:ENV_WASMUN(1.0),Municipal waste by waste management operations,A,Annual,RCV_E,Recovery - energy recovery (R1),KG_HAB,Kilograms per capita,FI,Finland,2015,,239,,,,,
dataflow,ESTAT:ENV_WASMUN(1.0),Municipal waste by waste management operations,A,Annual,RCV_E,Recovery - energy recovery (R1),KG_HAB,Kilograms per capita,FI,Finland,2016,,276,,,,,
dataflow,ESTAT:ENV_WASMUN(1.0),Municipal waste by waste management operations,A,Annual,RCV_E,Recovery - energy recovery (R1),KG_HAB,Kilograms per capita,FI,Finland,2017,,299,,,,,
dataflow,ESTAT:ENV_WASMUN(1.0),Municipal waste by waste management operations,A,Annual,RCV_E,Recovery - energy recovery (R1),KG_HAB,Kilograms per capita,FI,Finland,2018,,314,,,,,
dataflow,ESTAT:ENV_WASMUN(1.0),Municipal waste by waste management operations,A,Annual,RCV_E,Recovery - energy recovery (R1),KG_HAB,Kilograms per capita,FI,Finland,2019,,314,,,,,
dataflow,ESTAT:ENV_WASMUN(1.0),Municipal waste by waste management operations,A,Annual,RCV_E,Recovery - energy recovery (R1),KG_HAB,Kilograms per capita,FI,Finland,2020,,349,,,,,
dataflow,ESTAT:ENV_WASMUN(1.0),Municipal waste by waste management operations,A,Annual,RCV_E,Recovery - energy recovery (R1),KG_HAB,Kilograms per capita,FI,Finland,2021,,381,,,,,
dataflow,ESTAT:ENV_WASMUN(1.0),Municipal waste by waste management operations,A,Annual,RCV_E,Recovery - energy recovery (R1),KG_HAB,Kilograms per capita,FI,Finland,2022,,289,,,,,
dataflow,ESTAT:ENV_WASMUN(1.0),Municipal waste by waste management operations,A,Annual,RCV_E,Recovery - energy recovery (R1),KG_HAB,Kilograms per capita,FI,Finland,2023,,252,,,,,
dataflow,ESTAT:ENV_WASMUN(1.0),Municipal waste by waste management operations,A,Annual,RCV_E,Recovery - energy recovery (R1),KG_HAB,Kilograms per capita,FR,France,1995,,131,,,,,
dataflow,ESTAT:ENV_WASMUN(1.0),Municipal waste by waste management operations,A,Annual,RCV_E,Recovery - energy recovery (R1),KG_HAB,Kilograms per capita,FR,France,1996,,126,,,,,
dataflow,ESTAT:ENV_WASMUN(1.0),Municipal waste by waste management operations,A,Annual,RCV_E,Recovery - energy recovery (R1),KG_HAB,Kilograms per capita,FR,France,1997,,129,,,,,
dataflow,ESTAT:ENV_WASMUN(1.0),Municipal waste by waste management operations,A,Annual,RCV_E,Recovery - energy recovery (R1),KG_HAB,Kilograms per capita,FR,France,1998,,134,,,,,
dataflow,ESTAT:ENV_WASMUN(1.0),Municipal waste by waste management operations,A,Annual,RCV_E,Recovery - energy recovery (R1),KG_HAB,Kilograms per capita,FR,France,1999,,143,,,,,
dataflow,ESTAT:ENV_WASMUN(1.0),Municipal waste by waste management operations,A,Annual,RCV_E,Recovery - energy recovery (R1),KG_HAB,Kilograms per capita,FR,France,2000,,145,,,,,
dataflow,ESTAT:ENV_WASMUN(1.0),Municipal waste by waste management operations,A,Annual,RCV_E,Recovery - energy recovery (R1),KG_HAB,Kilograms per capita,FR,France,2001,,156,,,,,
dataflow,ESTAT:ENV_WASMUN(1.0),Municipal waste by waste management operations,A,Annual,RCV_E,Recovery - energy recovery (R1),KG_HAB,Kilograms per capita,FR,France,2002,,166,,,,,
dataflow,ESTAT:ENV_WASMUN(1.0),Municipal waste by waste management operations,A,Annual,RCV_E,Recovery - energy recovery (R1),KG_HAB,Kilograms per capita,FR,France,2003,,161,,,,,
dataflow,ESTAT:ENV_WASMUN(1.0),Municipal waste by waste management operations,A,Annual,RCV_E,Recovery - energy recovery (R1),KG_HAB,Kilograms per capita,FR,France,2004,,170,,,,,
dataflow,ESTAT:ENV_WASMUN(1.0),Municipal waste by waste management operations,A,Annual,RCV_E,Recovery - energy recovery (R1),KG_HAB,Kilograms per capita,FR,France,2005,,176,,,,,
dataflow,ESTAT:ENV_WASMUN(1.0),Municipal waste by waste management operations,A,Annual,RCV_E,Recovery - energy recovery (R1),KG_HAB,Kilograms per capita,FR,France,2006,,174,,e,estimated,,
dataflow,ESTAT:ENV_WASMUN(1.0),Municipal waste by waste management operations,A,Annual,RCV_E,Recovery - energy recovery (R1),KG_HAB,Kilograms per capita,FR,France,2007,,173,,,,,
dataflow,ESTAT:ENV_WASMUN(1.0),Municipal waste by waste management operations,A,Annual,RCV_E,Recovery - energy recovery (R1),KG_HAB,Kilograms per capita,FR,France,2008,,175,,e,estimated,,
dataflow,ESTAT:ENV_WASMUN(1.0),Municipal waste by waste management operations,A,Annual,RCV_E,Recovery - energy recovery (R1),KG_HAB,Kilograms per capita,FR,France,2009,,177,,,,,
dataflow,ESTAT:ENV_WASMUN(1.0),Municipal waste by waste management operations,A,Annual,RCV_E,Recovery - energy recovery (R1),KG_HAB,Kilograms per capita,FR,France,2010,,179,,e,estimated,,
dataflow,ESTAT:ENV_WASMUN(1.0),Municipal waste by waste management operations,A,Annual,RCV_E,Recovery - energy recovery (R1),KG_HAB,Kilograms per capita,FR,France,2011,,182,,,,,
dataflow,ESTAT:ENV_WASMUN(1.0),Municipal waste by waste management operations,A,Annual,RCV_E,Recovery - energy recovery (R1),KG_HAB,Kilograms per capita,FR,France,2012,,180,,e,estimated,,
dataflow,ESTAT:ENV_WASMUN(1.0),Municipal waste by waste management operations,A,Annual,RCV_E,Recovery - energy recovery (R1),KG_HAB,Kilograms per capita,FR,France,2013,,179,,,,,
dataflow,ESTAT:ENV_WASMUN(1.0),Municipal waste by waste management operations,A,Annual,RCV_E,Recovery - energy recovery (R1),KG_HAB,Kilograms per capita,FR,France,2014,,179,,e,estimated,,
dataflow,ESTAT:ENV_WASMUN(1.0),Municipal waste by waste management operations,A,Annual,RCV_E,Recovery - energy recovery (R1),KG_HAB,Kilograms per capita,FR,France,2015,,180,,,,,
dataflow,ESTAT:ENV_WASMUN(1.0),Municipal waste by waste management operations,A,Annual,RCV_E,Recovery - energy recovery (R1),KG_HAB,Kilograms per capita,FR,France,2016,,174,,e,estimated,,
dataflow,ESTAT:ENV_WASMUN(1.0),Municipal waste by waste management operations,A,Annual,RCV_E,Recovery - energy recovery (R1),KG_HAB,Kilograms per capita,FR,France,2017,,172,,e,estimated,,
dataflow,ESTAT:ENV_WASMUN(1.0),Municipal waste by waste management operations,A,Annual,RCV_E,Recovery - energy recovery (R1),KG_HAB,Kilograms per capita,FR,France,2018,,173,,e,estimated,,
dataflow,ESTAT:ENV_WASMUN(1.0),Municipal waste by waste management operations,A,Annual,RCV_E,Recovery - energy recovery (R1),KG_HAB,Kilograms per capita,FR,France,2019,,170,,e,estimated,,
dataflow,ESTAT:ENV_WASMUN(1.0),Municipal waste by waste management operations,A,Annual,RCV_E,Recovery - energy recovery (R1),KG_HAB,Kilograms per capita,FR,France,2020,,172,,e,estimated,,
dataflow,ESTAT:ENV_WASMUN(1.0),Municipal waste by waste management operations,A,Annual,RCV_E,Recovery - energy recovery (R1),KG_HAB,Kilograms per capita,FR,France,2021,,180,,,,,
dataflow,ESTAT:ENV_WASMUN(1.0),Municipal waste by waste management operations,A,Annual,RCV_E,Recovery - energy recovery (R1),KG_HAB,Kilograms per capita,FR,France,2022,,166,,ep,"estimated, provisional",,
dataflow,ESTAT:ENV_WASMUN(1.0),Municipal waste by waste management operations,A,Annual,RCV_E,Recovery - energy recovery (R1),KG_HAB,Kilograms per capita,FR,France,2023,,160,,ep,"estimated, provisional",,
dataflow,ESTAT:ENV_WASMUN(1.0),Municipal waste by waste management operations,A,Annual,RCV_E,Recovery - energy recovery (R1),KG_HAB,Kilograms per capita,HR,Croatia,2006,,0,,,,,
dataflow,ESTAT:ENV_WASMUN(1.0),Municipal waste by waste management operations,A,Annual,RCV_E,Recovery - energy recovery (R1),KG_HAB,Kilograms per capita,HR,Croatia,2007,,0,,,,,
dataflow,ESTAT:ENV_WASMUN(1.0),Municipal waste by waste management operations,A,Annual,RCV_E,Recovery - energy recovery (R1),KG_HAB,Kilograms per capita,HR,Croatia,2008,,0,,,,,
dataflow,ESTAT:ENV_WASMUN(1.0),Municipal waste by waste management operations,A,Annual,RCV_E,Recovery - energy recovery (R1),KG_HAB,Kilograms per capita,HR,Croatia,2009,,0,,,,,
dataflow,ESTAT:ENV_WASMUN(1.0),Municipal waste by waste management operations,A,Annual,RCV_E,Recovery - energy recovery (R1),KG_HAB,Kilograms per capita,HR,Croatia,2010,,0,,,,,
dataflow,ESTAT:ENV_WASMUN(1.0),Municipal waste by waste management operations,A,Annual,RCV_E,Recovery - energy recovery (R1),KG_HAB,Kilograms per capita,HR,Croatia,2011,,0,,,,,
dataflow,ESTAT:ENV_WASMUN(1.0),Municipal waste by waste management operations,A,Annual,RCV_E,Recovery - energy recovery (R1),KG_HAB,Kilograms per capita,HR,Croatia,2012,,0,,,,,
dataflow,ESTAT:ENV_WASMUN(1.0),Municipal waste by waste management operations,A,Annual,RCV_E,Recovery - energy recovery (R1),KG_HAB,Kilograms per capita,HR,Croatia,2013,,0,,,,,
dataflow,ESTAT:ENV_WASMUN(1.0),Municipal waste by waste management operations,A,Annual,RCV_E,Recovery - energy recovery (R1),KG_HAB,Kilograms per capita,HR,Croatia,2014,,1,,,,,
dataflow,ESTAT:ENV_WASMUN(1.0),Municipal waste by waste management operations,A,Annual,RCV_E,Recovery - energy recovery (R1),KG_HAB,Kilograms per capita,HR,Croatia,2015,,0,,,,,
dataflow,ESTAT:ENV_WASMUN(1.0),Municipal waste by waste management operations,A,Annual,RCV_E,Recovery - energy recovery (R1),KG_HAB,Kilograms per capita,HR,Croatia,2016,,0,,,,,
dataflow,ESTAT:ENV_WASMUN(1.0),Municipal waste by waste management operations,A,Annual,RCV_E,Recovery - energy recovery (R1),KG_HAB,Kilograms per capita,HR,Croatia,2017,,0,,,,,
dataflow,ESTAT:ENV_WASMUN(1.0),Municipal waste by waste management operations,A,Annual,RCV_E,Recovery - energy recovery (R1),KG_HAB,Kilograms per capita,HR,Croatia,2018,,0,,,,,
dataflow,ESTAT:ENV_WASMUN(1.0),Municipal waste by waste management operations,A,Annual,RCV_E,Recovery - energy recovery (R1),KG_HAB,Kilograms per capita,HR,Croatia,2019,,0,,,,,
dataflow,ESTAT:ENV_WASMUN(1.0),Municipal waste by waste management operations,A,Annual,RCV_E,Recovery - energy recovery (R1),KG_HAB,Kilograms per capita,HR,Croatia,2020,,1,,,,,
dataflow,ESTAT:ENV_WASMUN(1.0),Municipal waste by waste management operations,A,Annual,RCV_E,Recovery - energy recovery (R1),KG_HAB,Kilograms per capita,HR,Croatia,2021,,1,,,,,
dataflow,ESTAT:ENV_WASMUN(1.0),Municipal waste by waste management operations,A,Annual,RCV_E,Recovery - energy recovery (R1),KG_HAB,Kilograms per capita,HR,Croatia,2022,,1,,,,,
dataflow,ESTAT:ENV_WASMUN(1.0),Municipal waste by waste management operations,A,Annual,RCV_E,Recovery - energy recovery (R1),KG_HAB,Kilograms per capita,HR,Croatia,2023,,8,,,,,
dataflow,ESTAT:ENV_WASMUN(1.0),Municipal waste by waste management operations,A,Annual,RCV_E,Recovery - energy recovery (R1),KG_HAB,Kilograms per capita,HU,Hungary,1995,,32,,,,,
dataflow,ESTAT:ENV_WASMUN(1.0),Municipal waste by waste management operations,A,Annual,RCV_E,Recovery - energy recovery (R1),KG_HAB,Kilograms per capita,HU,Hungary,1996,,32,,,,,
dataflow,ESTAT:ENV_WASMUN(1.0),Municipal waste by waste management operations,A,Annual,RCV_E,Recovery - energy recovery (R1),KG_HAB,Kilograms per capita,HU,Hungary,1997,,32,,,,,
dataflow,ESTAT:ENV_WASMUN(1.0),Municipal waste by waste management operations,A,Annual,RCV_E,Recovery - energy recovery (R1),KG_HAB,Kilograms per capita,HU,Hungary,1998,,35,,,,,
dataflow,ESTAT:ENV_WASMUN(1.0),Municipal waste by waste management operations,A,Annual,RCV_E,Recovery - energy recovery (R1),KG_HAB,Kilograms per capita,HU,Hungary,1999,,34,,,,,
dataflow,ESTAT:ENV_WASMUN(1.0),Municipal waste by waste management operations,A,Annual,RCV_E,Recovery - energy recovery (R1),KG_HAB,Kilograms per capita,HU,Hungary,2000,,34,,,,,
dataflow,ESTAT:ENV_WASMUN(1.0),Municipal waste by waste management operations,A,Annual,RCV_E,Recovery - energy recovery (R1),KG_HAB,Kilograms per capita,HU,Hungary,2001,,35,,,,,
dataflow,ESTAT:ENV_WASMUN(1.0),Municipal waste by waste management operations,A,Annual,RCV_E,Recovery - energy recovery (R1),KG_HAB,Kilograms per capita,HU,Hungary,2002,,28,,,,,
dataflow,ESTAT:ENV_WASMUN(1.0),Municipal waste by waste management operations,A,Annual,RCV_E,Recovery - energy recovery (R1),KG_HAB,Kilograms per capita,HU,Hungary,2003,,24,,,,,
dataflow,ESTAT:ENV_WASMUN(1.0),Municipal waste by waste management operations,A,Annual,RCV_E,Recovery - energy recovery (R1),KG_HAB,Kilograms per capita,HU,Hungary,2004,,15,,,,,
dataflow,ESTAT:ENV_WASMUN(1.0),Municipal waste by waste management operations,A,Annual,RCV_E,Recovery - energy recovery (R1),KG_HAB,Kilograms per capita,HU,Hungary,2005,,30,,,,,
dataflow,ESTAT:ENV_WASMUN(1.0),Municipal waste by waste management operations,A,Annual,RCV_E,Recovery - energy recovery (R1),KG_HAB,Kilograms per capita,HU,Hungary,2006,,39,,,,,
dataflow,ESTAT:ENV_WASMUN(1.0),Municipal waste by waste management operations,A,Annual,RCV_E,Recovery - energy recovery (R1),KG_HAB,Kilograms per capita,HU,Hungary,2007,,38,,,,,
dataflow,ESTAT:ENV_WASMUN(1.0),Municipal waste by waste management operations,A,Annual,RCV_E,Recovery - energy recovery (R1),KG_HAB,Kilograms per capita,HU,Hungary,2008,,39,,,,,
dataflow,ESTAT:ENV_WASMUN(1.0),Municipal waste by waste management operations,A,Annual,RCV_E,Recovery - energy recovery (R1),KG_HAB,Kilograms per capita,HU,Hungary,2009,,41,,,,,
dataflow,ESTAT:ENV_WASMUN(1.0),Municipal waste by waste management operations,A,Annual,RCV_E,Recovery - energy recovery (R1),KG_HAB,Kilograms per capita,HU,Hungary,2010,,41,,,,,
dataflow,ESTAT:ENV_WASMUN(1.0),Municipal waste by waste management operations,A,Annual,RCV_E,Recovery - energy recovery (R1),KG_HAB,Kilograms per capita,HU,Hungary,2011,,41,,,,,
dataflow,ESTAT:ENV_WASMUN(1.0),Municipal waste by waste management operations,A,Annual,RCV_E,Recovery - energy recovery (R1),KG_HAB,Kilograms per capita,HU,Hungary,2012,,37,,,,,
dataflow,ESTAT:ENV_WASMUN(1.0),Municipal waste by waste management operations,A,Annual,RCV_E,Recovery - energy recovery (R1),KG_HAB,Kilograms per capita,HU,Hungary,2013,,34,,,,,
dataflow,ESTAT:ENV_WASMUN(1.0),Municipal waste by waste management operations,A,Annual,RCV_E,Recovery - energy recovery (R1),KG_HAB,Kilograms per capita,HU,Hungary,2014,,38,,,,,
dataflow,ESTAT:ENV_WASMUN(1.0),Municipal waste by waste management operations,A,Annual,RCV_E,Recovery - energy recovery (R1),KG_HAB,Kilograms per capita,HU,Hungary,2015,,54,,,,,
dataflow,ESTAT:ENV_WASMUN(1.0),Municipal waste by waste management operations,A,Annual,RCV_E,Recovery - energy recovery (R1),KG_HAB,Kilograms per capita,HU,Hungary,2016,,57,,,,,
dataflow,ESTAT:ENV_WASMUN(1.0),Municipal waste by waste management operations,A,Annual,RCV_E,Recovery - energy recovery (R1),KG_HAB,Kilograms per capita,HU,Hungary,2017,,63,,,,,
dataflow,ESTAT:ENV_WASMUN(1.0),Municipal waste by waste management operations,A,Annual,RCV_E,Recovery - energy recovery (R1),KG_HAB,Kilograms per capita,HU,Hungary,2018,,52,,,,,
dataflow,ESTAT:ENV_WASMUN(1.0),Municipal waste by waste management operations,A,Annual,RCV_E,Recovery - energy recovery (R1),KG_HAB,Kilograms per capita,HU,Hungary,2019,,53,,,,,
dataflow,ESTAT:ENV_WASMUN(1.0),Municipal waste by waste management operations,A,Annual,RCV_E,Recovery - energy recovery (R1),KG_HAB,Kilograms per capita,HU,Hungary,2020,,48,,,,,
dataflow,ESTAT:ENV_WASMUN(1.0),Municipal waste by waste management operations,A,Annual,RCV_E,Recovery - energy recovery (R1),KG_HAB,Kilograms per capita,HU,Hungary,2021,,52,,,,,
dataflow,ESTAT:ENV_WASMUN(1.0),Municipal waste by waste management operations,A,Annual,RCV_E,Recovery - energy recovery (R1),KG_HAB,Kilograms per capita,HU,Hungary,2022,,48,,,,,
dataflow,ESTAT:ENV_WASMUN(1.0),Municipal waste by waste management operations,A,Annual,RCV_E,Recovery - energy recovery (R1),KG_HAB,Kilograms per capita,HU,Hungary,2023,,53,,,,,
dataflow,ESTAT:ENV_WASMUN(1.0),Municipal waste by waste management operations,A,Annual,RCV_E,Recovery - energy recovery (R1),KG_HAB,Kilograms per capita,IE,Ireland,1995,,0,,,,,
dataflow,ESTAT:ENV_WASMUN(1.0),Municipal waste by waste management operations,A,Annual,RCV_E,Recovery - energy recovery (R1),KG_HAB,Kilograms per capita,IE,Ireland,1996,,0,,,,,
dataflow,ESTAT:ENV_WASMUN(1.0),Municipal waste by waste management operations,A,Annual,RCV_E,Recovery - energy recovery (R1),KG_HAB,Kilograms per capita,IE,Ireland,1997,,0,,,,,
dataflow,ESTAT:ENV_WASMUN(1.0),Municipal waste by waste management operations,A,Annual,RCV_E,Recovery - energy recovery (R1),KG_HAB,Kilograms per capita,IE,Ireland,1998,,0,,,,,
dataflow,ESTAT:ENV_WASMUN(1.0),Municipal waste by waste management operations,A,Annual,RCV_E,Recovery - energy recovery (R1),KG_HAB,Kilograms per capita,IE,Ireland,1999,,0,,,,,
dataflow,ESTAT:ENV_WASMUN(1.0),Municipal waste by waste management operations,A,Annual,RCV_E,Recovery - energy recovery (R1),KG_HAB,Kilograms per capita,IE,Ireland,2000,,0,,,,,
dataflow,ESTAT:ENV_WASMUN(1.0),Municipal waste by waste management operations,A,Annual,RCV_E,Recovery - energy recovery (R1),KG_HAB,Kilograms per capita,IE,Ireland,2001,,0,,,,,
dataflow,ESTAT:ENV_WASMUN(1.0),Municipal waste by waste management operations,A,Annual,RCV_E,Recovery - energy recovery (R1),KG_HAB,Kilograms per capita,IE,Ireland,2002,,0,,,,,
dataflow,ESTAT:ENV_WASMUN(1.0),Municipal waste by waste management operations,A,Annual,RCV_E,Recovery - energy recovery (R1),KG_HAB,Kilograms per capita,IE,Ireland,2003,,0,,,,,
dataflow,ESTAT:ENV_WASMUN(1.0),Municipal waste by waste management operations,A,Annual,RCV_E,Recovery - energy recovery (R1),KG_HAB,Kilograms per capita,IE,Ireland,2004,,0,,,,,
dataflow,ESTAT:ENV_WASMUN(1.0),Municipal waste by waste management operations,A,Annual,RCV_E,Recovery - energy recovery (R1),KG_HAB,Kilograms per capita,IE,Ireland,2005,,0,,,,,
dataflow,ESTAT:ENV_WASMUN(1.0),Municipal waste by waste management operations,A,Annual,RCV_E,Recovery - energy recovery (R1),KG_HAB,Kilograms per capita,IE,Ireland,2006,,0,,,,,
dataflow,ESTAT:ENV_WASMUN(1.0),Municipal waste by waste management operations,A,Annual,RCV_E,Recovery - energy recovery (R1),KG_HAB,Kilograms per capita,IE,Ireland,2007,,0,,,,,
dataflow,ESTAT:ENV_WASMUN(1.0),Municipal waste by waste management operations,A,Annual,RCV_E,Recovery - energy recovery (R1),KG_HAB,Kilograms per capita,IE,Ireland,2008,,18,,,,,
dataflow,ESTAT:ENV_WASMUN(1.0),Municipal waste by waste management operations,A,Annual,RCV_E,Recovery - energy recovery (R1),KG_HAB,Kilograms per capita,IE,Ireland,2009,,24,,,,,
dataflow,ESTAT:ENV_WASMUN(1.0),Municipal waste by waste management operations,A,Annual,RCV_E,Recovery - energy recovery (R1),KG_HAB,Kilograms per capita,IE,Ireland,2010,,24,,,,,
dataflow,ESTAT:ENV_WASMUN(1.0),Municipal waste by waste management operations,A,Annual,RCV_E,Recovery - energy recovery (R1),KG_HAB,Kilograms per capita,IE,Ireland,2011,,43,,,,,
dataflow,ESTAT:ENV_WASMUN(1.0),Municipal waste by waste management operations,A,Annual,RCV_E,Recovery - energy recovery (R1),KG_HAB,Kilograms per capita,IE,Ireland,2012,,93,,,,,
dataflow,ESTAT:ENV_WASMUN(1.0),Municipal waste by waste management operations,A,Annual,RCV_E,Recovery - energy recovery (R1),KG_HAB,Kilograms per capita,IE,Ireland,2014,,192,,,,,
dataflow,ESTAT:ENV_WASMUN(1.0),Municipal waste by waste management operations,A,Annual,RCV_E,Recovery - energy recovery (R1),KG_HAB,Kilograms per capita,IE,Ireland,2016,,170,,,,,
dataflow,ESTAT:ENV_WASMUN(1.0),Municipal waste by waste management operations,A,Annual,RCV_E,Recovery - energy recovery (R1),KG_HAB,Kilograms per capita,IE,Ireland,2017,,182,,,,,
dataflow,ESTAT:ENV_WASMUN(1.0),Municipal waste by waste management operations,A,Annual,RCV_E,Recovery - energy recovery (R1),KG_HAB,Kilograms per capita,IE,Ireland,2018,,254,,,,,
dataflow,ESTAT:ENV_WASMUN(1.0),Municipal waste by waste management operations,A,Annual,RCV_E,Recovery - energy recovery (R1),KG_HAB,Kilograms per capita,IE,Ireland,2019,,284,,,,,
dataflow,ESTAT:ENV_WASMUN(1.0),Municipal waste by waste management operations,A,Annual,RCV_E,Recovery - energy recovery (R1),KG_HAB,Kilograms per capita,IE,Ireland,2020,,268,,,,,
dataflow,ESTAT:ENV_WASMUN(1.0),Municipal waste by waste management operations,A,Annual,RCV_E,Recovery - energy recovery (R1),KG_HAB,Kilograms per capita,IS,Iceland,1995,,7,,,,,
dataflow,ESTAT:ENV_WASMUN(1.0),Municipal waste by waste management operations,A,Annual,RCV_E,Recovery - energy recovery (R1),KG_HAB,Kilograms per capita,IS,Iceland,1996,,7,,,,,
dataflow,ESTAT:ENV_WASMUN(1.0),Municipal waste by waste management operations,A,Annual,RCV_E,Recovery - energy recovery (R1),KG_HAB,Kilograms per capita,IS,Iceland,1997,,7,,,,,
dataflow,ESTAT:ENV_WASMUN(1.0),Municipal waste by waste management operations,A,Annual,RCV_E,Recovery - energy recovery (R1),KG_HAB,Kilograms per capita,IS,Iceland,1998,,15,,,,,
dataflow,ESTAT:ENV_WASMUN(1.0),Municipal waste by waste management operations,A,Annual,RCV_E,Recovery - energy recovery (R1),KG_HAB,Kilograms per capita,IS,Iceland,1999,,14,,,,,
dataflow,ESTAT:ENV_WASMUN(1.0),Municipal waste by waste management operations,A,Annual,RCV_E,Recovery - energy recovery (R1),KG_HAB,Kilograms per capita,IS,Iceland,2000,,21,,,,,
dataflow,ESTAT:ENV_WASMUN(1.0),Municipal waste by waste management operations,A,Annual,RCV_E,Recovery - energy recovery (R1),KG_HAB,Kilograms per capita,IS,Iceland,2001,,21,,,,,
dataflow,ESTAT:ENV_WASMUN(1.0),Municipal waste by waste management operations,A,Annual,RCV_E,Recovery - energy recovery (R1),KG_HAB,Kilograms per capita,IS,Iceland,2002,,24,,,,,
dataflow,ESTAT:ENV_WASMUN(1.0),Municipal waste by waste management operations,A,Annual,RCV_E,Recovery - energy recovery (R1),KG_HAB,Kilograms per capita,IS,Iceland,2003,,38,,,,,
dataflow,ESTAT:ENV_WASMUN(1.0),Municipal waste by waste management operations,A,Annual,RCV_E,Recovery - energy recovery (R1),KG_HAB,Kilograms per capita,IS,Iceland,2004,,45,,,,,
dataflow,ESTAT:ENV_WASMUN(1.0),Municipal waste by waste management operations,A,Annual,RCV_E,Recovery - energy recovery (R1),KG_HAB,Kilograms per capita,IS,Iceland,2005,,37,,,,,
dataflow,ESTAT:ENV_WASMUN(1.0),Municipal waste by waste management operations,A,Annual,RCV_E,Recovery - energy recovery (R1),KG_HAB,Kilograms per capita,IS,Iceland,2006,,36,,,,,
dataflow,ESTAT:ENV_WASMUN(1.0),Municipal waste by waste management operations,A,Annual,RCV_E,Recovery - energy recovery (R1),KG_HAB,Kilograms per capita,IS,Iceland,2007,,48,,,,,
dataflow,ESTAT:ENV_WASMUN(1.0),Municipal waste by waste management operations,A,Annual,RCV_E,Recovery - energy recovery (R1),KG_HAB,Kilograms per capita,IS,Iceland,2008,,41,,,,,
dataflow,ESTAT:ENV_WASMUN(1.0),Municipal waste by waste management operations,A,Annual,RCV_E,Recovery - energy recovery (R1),KG_HAB,Kilograms per capita,IS,Iceland,2009,,28,,,,,
dataflow,ESTAT:ENV_WASMUN(1.0),Municipal waste by waste management operations,A,Annual,RCV_E,Recovery - energy recovery (R1),KG_HAB,Kilograms per capita,IS,Iceland,2010,,31,,,,,
dataflow,ESTAT:ENV_WASMUN(1.0),Municipal waste by waste management operations,A,Annual,RCV_E,Recovery - energy recovery (R1),KG_HAB,Kilograms per capita,IS,Iceland,2011,,25,,,,,
dataflow,ESTAT:ENV_WASMUN(1.0),Municipal waste by waste management operations,A,Annual,RCV_E,Recovery - energy recovery (R1),KG_HAB,Kilograms per capita,IS,Iceland,2012,,22,,,,,
dataflow,ESTAT:ENV_WASMUN(1.0),Municipal waste by waste management operations,A,Annual,RCV_E,Recovery - energy recovery (R1),KG_HAB,Kilograms per capita,IS,Iceland,2013,,15,,,,,
dataflow,ESTAT:ENV_WASMUN(1.0),Municipal waste by waste management operations,A,Annual,RCV_E,Recovery - energy recovery (R1),KG_HAB,Kilograms per capita,IS,Iceland,2014,,0,,,,,
dataflow,ESTAT:ENV_WASMUN(1.0),Municipal waste by waste management operations,A,Annual,RCV_E,Recovery - energy recovery (R1),KG_HAB,Kilograms per capita,IS,Iceland,2015,,1,,,,,
dataflow,ESTAT:ENV_WASMUN(1.0),Municipal waste by waste management operations,A,Annual,RCV_E,Recovery - energy recovery (R1),KG_HAB,Kilograms per capita,IS,Iceland,2016,,2,,,,,
dataflow,ESTAT:ENV_WASMUN(1.0),Municipal waste by waste management operations,A,Annual,RCV_E,Recovery - energy recovery (R1),KG_HAB,Kilograms per capita,IS,Iceland,2017,,0,,,,,
dataflow,ESTAT:ENV_WASMUN(1.0),Municipal waste by waste management operations,A,Annual,RCV_E,Recovery - energy recovery (R1),KG_HAB,Kilograms per capita,IS,Iceland,2018,,3,,,,,
dataflow,ESTAT:ENV_WASMUN(1.0),Municipal waste by waste management operations,A,Annual,RCV_E,Recovery - energy recovery (R1),KG_HAB,Kilograms per capita,IS,Iceland,2020,,48,,,,,
dataflow,ESTAT:ENV_WASMUN(1.0),Municipal waste by waste management operations,A,Annual,RCV_E,Recovery - energy recovery (R1),KG_HAB,Kilograms per capita,IS,Iceland,2021,,39,,,,,
dataflow,ESTAT:ENV_WASMUN(1.0),Municipal waste by waste management operations,A,Annual,RCV_E,Recovery - energy recovery (R1),KG_HAB,Kilograms per capita,IS,Iceland,2022,,75,,,,,
dataflow,ESTAT:ENV_WASMUN(1.0),Municipal waste by waste management operations,A,Annual,RCV_E,Recovery - energy recovery (R1),KG_HAB,Kilograms per capita,IT,Italy,1995,,21,,,,,
dataflow,ESTAT:ENV_WASMUN(1.0),Municipal waste by waste management operations,A,Annual,RCV_E,Recovery - energy recovery (R1),KG_HAB,Kilograms per capita,IT,Italy,1996,,21,,e,estimated,,
dataflow,ESTAT:ENV_WASMUN(1.0),Municipal waste by waste management operations,A,Annual,RCV_E,Recovery - energy recovery (R1),KG_HAB,Kilograms per capita,IT,Italy,1997,,21,,,,,
dataflow,ESTAT:ENV_WASMUN(1.0),Municipal waste by waste management operations,A,Annual,RCV_E,Recovery - energy recovery (R1),KG_HAB,Kilograms per capita,IT,Italy,1998,,34,,,,,
dataflow,ESTAT:ENV_WASMUN(1.0),Municipal waste by waste management operations,A,Annual,RCV_E,Recovery - energy recovery (R1),KG_HAB,Kilograms per capita,IT,Italy,1999,,31,,,,,
dataflow,ESTAT:ENV_WASMUN(1.0),Municipal waste by waste management operations,A,Annual,RCV_E,Recovery - energy recovery (R1),KG_HAB,Kilograms per capita,IT,Italy,2000,,36,,,,,
dataflow,ESTAT:ENV_WASMUN(1.0),Municipal waste by waste management operations,A,Annual,RCV_E,Recovery - energy recovery (R1),KG_HAB,Kilograms per capita,IT,Italy,2001,,43,,,,,
dataflow,ESTAT:ENV_WASMUN(1.0),Municipal waste by waste management operations,A,Annual,RCV_E,Recovery - energy recovery (R1),KG_HAB,Kilograms per capita,IT,Italy,2002,,44,,,,,
dataflow,ESTAT:ENV_WASMUN(1.0),Municipal waste by waste management operations,A,Annual,RCV_E,Recovery - energy recovery (R1),KG_HAB,Kilograms per capita,IT,Italy,2003,,54,,,,,
dataflow,ESTAT:ENV_WASMUN(1.0),Municipal waste by waste management operations,A,Annual,RCV_E,Recovery - energy recovery (R1),KG_HAB,Kilograms per capita,IT,Italy,2004,,60,,,,,
dataflow,ESTAT:ENV_WASMUN(1.0),Municipal waste by waste management operations,A,Annual,RCV_E,Recovery - energy recovery (R1),KG_HAB,Kilograms per capita,IT,Italy,2005,,65,,,,,
dataflow,ESTAT:ENV_WASMUN(1.0),Municipal waste by waste management operations,A,Annual,RCV_E,Recovery - energy recovery (R1),KG_HAB,Kilograms per capita,IT,Italy,2006,,70,,,,,
dataflow,ESTAT:ENV_WASMUN(1.0),Municipal waste by waste management operations,A,Annual,RCV_E,Recovery - energy recovery (R1),KG_HAB,Kilograms per capita,IT,Italy,2007,,68,,,,,
dataflow,ESTAT:ENV_WASMUN(1.0),Municipal waste by waste management operations,A,Annual,RCV_E,Recovery - energy recovery (R1),KG_HAB,Kilograms per capita,IT,Italy,2008,,73,,,,,
dataflow,ESTAT:ENV_WASMUN(1.0),Municipal waste by waste management operations,A,Annual,RCV_E,Recovery - energy recovery (R1),KG_HAB,Kilograms per capita,IT,Italy,2009,,80,,,,,
dataflow,ESTAT:ENV_WASMUN(1.0),Municipal waste by waste management operations,A,Annual,RCV_E,Recovery - energy recovery (R1),KG_HAB,Kilograms per capita,IT,Italy,2010,,90,,,,,
dataflow,ESTAT:ENV_WASMUN(1.0),Municipal waste by waste management operations,A,Annual,RCV_E,Recovery - energy recovery (R1),KG_HAB,Kilograms per capita,IT,Italy,2011,,92,,,,,
dataflow,ESTAT:ENV_WASMUN(1.0),Municipal waste by waste management operations,A,Annual,RCV_E,Recovery - energy recovery (R1),KG_HAB,Kilograms per capita,IT,Italy,2012,,92,,,,,
dataflow,ESTAT:ENV_WASMUN(1.0),Municipal waste by waste management operations,A,Annual,RCV_E,Recovery - energy recovery (R1),KG_HAB,Kilograms per capita,IT,Italy,2013,,99,,,,,
dataflow,ESTAT:ENV_WASMUN(1.0),Municipal waste by waste management operations,A,Annual,RCV_E,Recovery - energy recovery (R1),KG_HAB,Kilograms per capita,IT,Italy,2014,,97,,,,,
dataflow,ESTAT:ENV_WASMUN(1.0),Municipal waste by waste management operations,A,Annual,RCV_E,Recovery - energy recovery (R1),KG_HAB,Kilograms per capita,IT,Italy,2015,,49,,b,break in time series,,
dataflow,ESTAT:ENV_WASMUN(1.0),Municipal waste by waste management operations,A,Annual,RCV_E,Recovery - energy recovery (R1),KG_HAB,Kilograms per capita,IT,Italy,2016,,64,,,,,
dataflow,ESTAT:ENV_WASMUN(1.0),Municipal waste by waste management operations,A,Annual,RCV_E,Recovery - energy recovery (R1),KG_HAB,Kilograms per capita,IT,Italy,2017,,90,,,,,
dataflow,ESTAT:ENV_WASMUN(1.0),Municipal waste by waste management operations,A,Annual,RCV_E,Recovery - energy recovery (R1),KG_HAB,Kilograms per capita,IT,Italy,2018,,93,,,,,
dataflow,ESTAT:ENV_WASMUN(1.0),Municipal waste by waste management operations,A,Annual,RCV_E,Recovery - energy recovery (R1),KG_HAB,Kilograms per capita,IT,Italy,2019,,96,,,,,
dataflow,ESTAT:ENV_WASMUN(1.0),Municipal waste by waste management operations,A,Annual,RCV_E,Recovery - energy recovery (R1),KG_HAB,Kilograms per capita,IT,Italy,2020,,92,,,,,
dataflow,ESTAT:ENV_WASMUN(1.0),Municipal waste by waste management operations,A,Annual,RCV_E,Recovery - energy recovery (R1),KG_HAB,Kilograms per capita,IT,Italy,2021,,91,,,,,
dataflow,ESTAT:ENV_WASMUN(1.0),Municipal waste by waste management operations,A,Annual,RCV_E,Recovery - energy recovery (R1),KG_HAB,Kilograms per capita,IT,Italy,2022,,87,,,,,
dataflow,ESTAT:ENV_WASMUN(1.0),Municipal waste by waste management operations,A,Annual,RCV_E,Recovery - energy recovery (R1),KG_HAB,Kilograms per capita,LT,Lithuania,1995,,0,,,,,
dataflow,ESTAT:ENV_WASMUN(1.0),Municipal waste by waste management operations,A,Annual,RCV_E,Recovery - energy recovery (R1),KG_HAB,Kilograms per capita,LT,Lithuania,1996,,0,,,,,
dataflow,ESTAT:ENV_WASMUN(1.0),Municipal waste by waste management operations,A,Annual,RCV_E,Recovery - energy recovery (R1),KG_HAB,Kilograms per capita,LT,Lithuania,1997,,0,,,,,
dataflow,ESTAT:ENV_WASMUN(1.0),Municipal waste by waste management operations,A,Annual,RCV_E,Recovery - energy recovery (R1),KG_HAB,Kilograms per capita,LT,Lithuania,1998,,0,,,,,
dataflow,ESTAT:ENV_WASMUN(1.0),Municipal waste by waste management operations,A,Annual,RCV_E,Recovery - energy recovery (R1),KG_HAB,Kilograms per capita,LT,Lithuania,1999,,0,,,,,
dataflow,ESTAT:ENV_WASMUN(1.0),Municipal waste by waste management operations,A,Annual,RCV_E,Recovery - energy recovery (R1),KG_HAB,Kilograms per capita,LT,Lithuania,2000,,0,,,,,
dataflow,ESTAT:ENV_WASMUN(1.0),Municipal waste by waste management operations,A,Annual,RCV_E,Recovery - energy recovery (R1),KG_HAB,Kilograms per capita,LT,Lithuania,2001,,0,,,,,
dataflow,ESTAT:ENV_WASMUN(1.0),Municipal waste by waste management operations,A,Annual,RCV_E,Recovery - energy recovery (R1),KG_HAB,Kilograms per capita,LT,Lithuania,2002,,0,,,,,
dataflow,ESTAT:ENV_WASMUN(1.0),Municipal waste by waste management operations,A,Annual,RCV_E,Recovery - energy recovery (R1),KG_HAB,Kilograms per capita,LT,Lithuania,2003,,0,,,,,
dataflow,ESTAT:ENV_WASMUN(1.0),Municipal waste by waste management operations,A,Annual,RCV_E,Recovery - energy recovery (R1),KG_HAB,Kilograms per capita,LT,Lithuania,2004,,0,,,,,
dataflow,ESTAT:ENV_WASMUN(1.0),Municipal waste by waste management operations,A,Annual,RCV_E,Recovery - energy recovery (R1),KG_HAB,Kilograms per capita,LT,Lithuania,2005,,0,,,,,
dataflow,ESTAT:ENV_WASMUN(1.0),Municipal waste by waste management operations,A,Annual,RCV_E,Recovery - energy recovery (R1),KG_HAB,Kilograms per capita,LT,Lithuania,2006,,0,,,,,
dataflow,ESTAT:ENV_WASMUN(1.0),Municipal waste by waste management operations,A,Annual,RCV_E,Recovery - energy recovery (R1),KG_HAB,Kilograms per capita,LT,Lithuania,2007,,0,,,,,
dataflow,ESTAT:ENV_WASMUN(1.0),Municipal waste by waste management operations,A,Annual,RCV_E,Recovery - energy recovery (R1),KG_HAB,Kilograms per capita,LT,Lithuania,2008,,0,,,,,
dataflow,ESTAT:ENV_WASMUN(1.0),Municipal waste by waste management operations,A,Annual,RCV_E,Recovery - energy recovery (R1),KG_HAB,Kilograms per capita,LT,Lithuania,2009,,0,,,,,
dataflow,ESTAT:ENV_WASMUN(1.0),Municipal waste by waste management operations,A,Annual,RCV_E,Recovery - energy recovery (R1),KG_HAB,Kilograms per capita,LT,Lithuania,2010,,0,,,,,
dataflow,ESTAT:ENV_WASMUN(1.0),Municipal waste by waste management operations,A,Annual,RCV_E,Recovery - energy recovery (R1),KG_HAB,Kilograms per capita,LT,Lithuania,2011,,2,,,,,
dataflow,ESTAT:ENV_WASMUN(1.0),Municipal waste by waste management operations,A,Annual,RCV_E,Recovery - energy recovery (R1),KG_HAB,Kilograms per capita,LT,Lithuania,2012,,0,,,,,
dataflow,ESTAT:ENV_WASMUN(1.0),Municipal waste by waste management operations,A,Annual,RCV_E,Recovery - energy recovery (R1),KG_HAB,Kilograms per capita,LT,Lithuania,2013,,31,,,,,
dataflow,ESTAT:ENV_WASMUN(1.0),Municipal waste by waste management operations,A,Annual,RCV_E,Recovery - energy recovery (R1),KG_HAB,Kilograms per capita,LT,Lithuania,2014,,38,,,,,
dataflow,ESTAT:ENV_WASMUN(1.0),Municipal waste by waste management operations,A,Annual,RCV_E,Recovery - energy recovery (R1),KG_HAB,Kilograms per capita,LT,Lithuania,2015,,51,,,,,
dataflow,ESTAT:ENV_WASMUN(1.0),Municipal waste by waste management operations,A,Annual,RCV_E,Recovery - energy recovery (R1),KG_HAB,Kilograms per capita,LT,Lithuania,2016,,77,,,,,
dataflow,ESTAT:ENV_WASMUN(1.0),Municipal waste by waste management operations,A,Annual,RCV_E,Recovery - energy recovery (R1),KG_HAB,Kilograms per capita,LT,Lithuania,2017,,83,,,,,
dataflow,ESTAT:ENV_WASMUN(1.0),Municipal waste by waste management operations,A,Annual,RCV_E,Recovery - energy recovery (R1),KG_HAB,Kilograms per capita,LT,Lithuania,2018,,58,,,,,
dataflow,ESTAT:ENV_WASMUN(1.0),Municipal waste by waste management operations,A,Annual,RCV_E,Recovery - energy recovery (R1),KG_HAB,Kilograms per capita,LT,Lithuania,2019,,69,,,,,
dataflow,ESTAT:ENV_WASMUN(1.0),Municipal waste by waste management operations,A,Annual,RCV_E,Recovery - energy recovery (R1),KG_HAB,Kilograms per capita,LT,Lithuania,2020,,124,,,,,
dataflow,ESTAT:ENV_WASMUN(1.0),Municipal waste by waste management operations,A,Annual,RCV_E,Recovery - energy recovery (R1),KG_HAB,Kilograms per capita,LT,Lithuania,2021,,168,,,,,
dataflow,ESTAT:ENV_WASMUN(1.0),Municipal waste by waste management operations,A,Annual,RCV_E,Recovery - energy recovery (R1),KG_HAB,Kilograms per capita,LT,Lithuania,2022,,177,,,,,
dataflow,ESTAT:ENV_WASMUN(1.0),Municipal waste by waste management operations,A,Annual,RCV_E,Recovery - energy recovery (R1),KG_HAB,Kilograms per capita,LT,Lithuania,2023,,180,,,,,
dataflow,ESTAT:ENV_WASMUN(1.0),Municipal waste by waste management operations,A,Annual,RCV_E,Recovery - energy recovery (R1),KG_HAB,Kilograms per capita,LU,Luxembourg,1995,,310,,,,,
dataflow,ESTAT:ENV_WASMUN(1.0),Municipal waste by waste management operations,A,Annual,RCV_E,Recovery - energy recovery (R1),KG_HAB,Kilograms per capita,LU,Luxembourg,1996,,304,,,,,
dataflow,ESTAT:ENV_WASMUN(1.0),Municipal waste by waste management operations,A,Annual,RCV_E,Recovery - energy recovery (R1),KG_HAB,Kilograms per capita,LU,Luxembourg,1997,,298,,,,,
dataflow,ESTAT:ENV_WASMUN(1.0),Municipal waste by waste management operations,A,Annual,RCV_E,Recovery - energy recovery (R1),KG_HAB,Kilograms per capita,LU,Luxembourg,1998,,287,,,,,
dataflow,ESTAT:ENV_WASMUN(1.0),Municipal waste by waste management operations,A,Annual,RCV_E,Recovery - energy recovery (R1),KG_HAB,Kilograms per capita,LU,Luxembourg,1999,,309,,,,,
dataflow,ESTAT:ENV_WASMUN(1.0),Municipal waste by waste management operations,A,Annual,RCV_E,Recovery - energy recovery (R1),KG_HAB,Kilograms per capita,LU,Luxembourg,2000,,282,,,,,
dataflow,ESTAT:ENV_WASMUN(1.0),Municipal waste by waste management operations,A,Annual,RCV_E,Recovery - energy recovery (R1),KG_HAB,Kilograms per capita,LU,Luxembourg,2001,,274,,,,,
dataflow,ESTAT:ENV_WASMUN(1.0),Municipal waste by waste management operations,A,Annual,RCV_E,Recovery - energy recovery (R1),KG_HAB,Kilograms per capita,LU,Luxembourg,2002,,274,,,,,
dataflow,ESTAT:ENV_WASMUN(1.0),Municipal waste by waste management operations,A,Annual,RCV_E,Recovery - energy recovery (R1),KG_HAB,Kilograms per capita,LU,Luxembourg,2003,,266,,,,,
dataflow,ESTAT:ENV_WASMUN(1.0),Municipal waste by waste management operations,A,Annual,RCV_E,Recovery - energy recovery (R1),KG_HAB,Kilograms per capita,LU,Luxembourg,2004,,284,,,,,
dataflow,ESTAT:ENV_WASMUN(1.0),Municipal waste by waste management operations,A,Annual,RCV_E,Recovery - energy recovery (R1),KG_HAB,Kilograms per capita,LU,Luxembourg,2005,,254,,,,,
dataflow,ESTAT:ENV_WASMUN(1.0),Municipal waste by waste management operations,A,Annual,RCV_E,Recovery - energy recovery (R1),KG_HAB,Kilograms per capita,LU,Luxembourg,2006,,265,,,,,
dataflow,ESTAT:ENV_WASMUN(1.0),Municipal waste by waste management operations,A,Annual,RCV_E,Recovery - energy recovery (R1),KG_HAB,Kilograms per capita,LU,Luxembourg,2007,,266,,,,,
dataflow,ESTAT:ENV_WASMUN(1.0),Municipal waste by waste management operations,A,Annual,RCV_E,Recovery - energy recovery (R1),KG_HAB,Kilograms per capita,LU,Luxembourg,2008,,269,,,,,
dataflow,ESTAT:ENV_WASMUN(1.0),Municipal waste by waste management operations,A,Annual,RCV_E,Recovery - energy recovery (R1),KG_HAB,Kilograms per capita,LU,Luxembourg,2009,,262,,,,,
dataflow,ESTAT:ENV_WASMUN(1.0),Municipal waste by waste management operations,A,Annual,RCV_E,Recovery - energy recovery (R1),KG_HAB,Kilograms per capita,LU,Luxembourg,2010,,256,,,,,
dataflow,ESTAT:ENV_WASMUN(1.0),Municipal waste by waste management operations,A,Annual,RCV_E,Recovery - energy recovery (R1),KG_HAB,Kilograms per capita,LU,Luxembourg,2011,,261,,,,,
dataflow,ESTAT:ENV_WASMUN(1.0),Municipal waste by waste management operations,A,Annual,RCV_E,Recovery - energy recovery (R1),KG_HAB,Kilograms per capita,LU,Luxembourg,2012,,249,,,,,
dataflow,ESTAT:ENV_WASMUN(1.0),Municipal waste by waste management operations,A,Annual,RCV_E,Recovery - energy recovery (R1),KG_HAB,Kilograms per capita,LU,Luxembourg,2013,,243,,,,,
dataflow,ESTAT:ENV_WASMUN(1.0),Municipal waste by waste management operations,A,Annual,RCV_E,Recovery - energy recovery (R1),KG_HAB,Kilograms per capita,LU,Luxembourg,2014,,237,,,,,
dataflow,ESTAT:ENV_WASMUN(1.0),Municipal waste by waste management operations,A,Annual,RCV_E,Recovery - energy recovery (R1),KG_HAB,Kilograms per capita,LU,Luxembourg,2015,,274,,,,,
dataflow,ESTAT:ENV_WASMUN(1.0),Municipal waste by waste management operations,A,Annual,RCV_E,Recovery - energy recovery (R1),KG_HAB,Kilograms per capita,LU,Luxembourg,2016,,379,,b,break in time series,,
dataflow,ESTAT:ENV_WASMUN(1.0),Municipal waste by waste management operations,A,Annual,RCV_E,Recovery - energy recovery (R1),KG_HAB,Kilograms per capita,LU,Luxembourg,2017,,372,,,,,
dataflow,ESTAT:ENV_WASMUN(1.0),Municipal waste by waste management operations,A,Annual,RCV_E,Recovery - energy recovery (R1),KG_HAB,Kilograms per capita,LU,Luxembourg,2018,,375,,,,,
dataflow,ESTAT:ENV_WASMUN(1.0),Municipal waste by waste management operations,A,Annual,RCV_E,Recovery - energy recovery (R1),KG_HAB,Kilograms per capita,LU,Luxembourg,2019,,369,,e,estimated,,
dataflow,ESTAT:ENV_WASMUN(1.0),Municipal waste by waste management operations,A,Annual,RCV_E,Recovery - energy recovery (R1),KG_HAB,Kilograms per capita,LU,Luxembourg,2020,,341,,,,,
dataflow,ESTAT:ENV_WASMUN(1.0),Municipal waste by waste management operations,A,Annual,RCV_E,Recovery - energy recovery (R1),KG_HAB,Kilograms per capita,LU,Luxembourg,2021,,323,,,,,
dataflow,ESTAT:ENV_WASMUN(1.0),Municipal waste by waste management operations,A,Annual,RCV_E,Recovery - energy recovery (R1),KG_HAB,Kilograms per capita,LU,Luxembourg,2022,,299,,,,,
dataflow,ESTAT:ENV_WASMUN(1.0),Municipal waste by waste management operations,A,Annual,RCV_E,Recovery - energy recovery (R1),KG_HAB,Kilograms per capita,LU,Luxembourg,2023,,291,,,,,
dataflow,ESTAT:ENV_WASMUN(1.0),Municipal waste by waste management operations,A,Annual,RCV_E,Recovery - energy recovery (R1),KG_HAB,Kilograms per capita,LV,Latvia,1995,,0,,,,,
dataflow,ESTAT:ENV_WASMUN(1.0),Municipal waste by waste management operations,A,Annual,RCV_E,Recovery - energy recovery (R1),KG_HAB,Kilograms per capita,LV,Latvia,1996,,0,,,,,
dataflow,ESTAT:ENV_WASMUN(1.0),Municipal waste by waste management operations,A,Annual,RCV_E,Recovery - energy recovery (R1),KG_HAB,Kilograms per capita,LV,Latvia,1997,,0,,,,,
dataflow,ESTAT:ENV_WASMUN(1.0),Municipal waste by waste management operations,A,Annual,RCV_E,Recovery - energy recovery (R1),KG_HAB,Kilograms per capita,LV,Latvia,1998,,0,,,,,
dataflow,ESTAT:ENV_WASMUN(1.0),Municipal waste by waste management operations,A,Annual,RCV_E,Recovery - energy recovery (R1),KG_HAB,Kilograms per capita,LV,Latvia,1999,,0,,,,,
dataflow,ESTAT:ENV_WASMUN(1.0),Municipal waste by waste management operations,A,Annual,RCV_E,Recovery - energy recovery (R1),KG_HAB,Kilograms per capita,LV,Latvia,2000,,0,,,,,
dataflow,ESTAT:ENV_WASMUN(1.0),Municipal waste by waste management operations,A,Annual,RCV_E,Recovery - energy recovery (R1),KG_HAB,Kilograms per capita,LV,Latvia,2001,,4,,,,,
dataflow,ESTAT:ENV_WASMUN(1.0),Municipal waste by waste management operations,A,Annual,RCV_E,Recovery - energy recovery (R1),KG_HAB,Kilograms per capita,LV,Latvia,2002,,5,,,,,
dataflow,ESTAT:ENV_WASMUN(1.0),Municipal waste by waste management operations,A,Annual,RCV_E,Recovery - energy recovery (R1),KG_HAB,Kilograms per capita,LV,Latvia,2003,,5,,,,,
dataflow,ESTAT:ENV_WASMUN(1.0),Municipal waste by waste management operations,A,Annual,RCV_E,Recovery - energy recovery (R1),KG_HAB,Kilograms per capita,LV,Latvia,2004,,6,,,,,
dataflow,ESTAT:ENV_WASMUN(1.0),Municipal waste by waste management operations,A,Annual,RCV_E,Recovery - energy recovery (R1),KG_HAB,Kilograms per capita,LV,Latvia,2005,,3,,,,,
dataflow,ESTAT:ENV_WASMUN(1.0),Municipal waste by waste management operations,A,Annual,RCV_E,Recovery - energy recovery (R1),KG_HAB,Kilograms per capita,LV,Latvia,2006,,2,,,,,
dataflow,ESTAT:ENV_WASMUN(1.0),Municipal waste by waste management operations,A,Annual,RCV_E,Recovery - energy recovery (R1),KG_HAB,Kilograms per capita,LV,Latvia,2007,,2,,,,,
dataflow,ESTAT:ENV_WASMUN(1.0),Municipal waste by waste management operations,A,Annual,RCV_E,Recovery - energy recovery (R1),KG_HAB,Kilograms per capita,LV,Latvia,2008,,1,,,,,
dataflow,ESTAT:ENV_WASMUN(1.0),Municipal waste by waste management operations,A,Annual,RCV_E,Recovery - energy recovery (R1),KG_HAB,Kilograms per capita,LV,Latvia,2009,,0,,,,,
dataflow,ESTAT:ENV_WASMUN(1.0),Municipal waste by waste management operations,A,Annual,RCV_E,Recovery - energy recovery (R1),KG_HAB,Kilograms per capita,LV,Latvia,2010,,0,,,,,
dataflow,ESTAT:ENV_WASMUN(1.0),Municipal waste by waste management operations,A,Annual,RCV_E,Recovery - energy recovery (R1),KG_HAB,Kilograms per capita,LV,Latvia,2011,,0,,,,,
dataflow,ESTAT:ENV_WASMUN(1.0),Municipal waste by waste management operations,A,Annual,RCV_E,Recovery - energy recovery (R1),KG_HAB,Kilograms per capita,LV,Latvia,2012,,1,,,,,
dataflow,ESTAT:ENV_WASMUN(1.0),Municipal waste by waste management operations,A,Annual,RCV_E,Recovery - energy recovery (R1),KG_HAB,Kilograms per capita,LV,Latvia,2013,,6,,,,,
dataflow,ESTAT:ENV_WASMUN(1.0),Municipal waste by waste management operations,A,Annual,RCV_E,Recovery - energy recovery (R1),KG_HAB,Kilograms per capita,LV,Latvia,2014,,5,,,,,
dataflow,ESTAT:ENV_WASMUN(1.0),Municipal waste by waste management operations,A,Annual,RCV_E,Recovery - energy recovery (R1),KG_HAB,Kilograms per capita,LV,Latvia,2015,,8,,,,,
dataflow,ESTAT:ENV_WASMUN(1.0),Municipal waste by waste management operations,A,Annual,RCV_E,Recovery - energy recovery (R1),KG_HAB,Kilograms per capita,LV,Latvia,2016,,10,,,,,
dataflow,ESTAT:ENV_WASMUN(1.0),Municipal waste by waste management operations,A,Annual,RCV_E,Recovery - energy recovery (R1),KG_HAB,Kilograms per capita,LV,Latvia,2017,,11,,,,,
dataflow,ESTAT:ENV_WASMUN(1.0),Municipal waste by waste management operations,A,Annual,RCV_E,Recovery - energy recovery (R1),KG_HAB,Kilograms per capita,LV,Latvia,2018,,8,,,,,
dataflow,ESTAT:ENV_WASMUN(1.0),Municipal waste by waste management operations,A,Annual,RCV_E,Recovery - energy recovery (R1),KG_HAB,Kilograms per capita,LV,Latvia,2019,,15,,,,,
dataflow,ESTAT:ENV_WASMUN(1.0),Municipal waste by waste management operations,A,Annual,RCV_E,Recovery - energy recovery (R1),KG_HAB,Kilograms per capita,LV,Latvia,2020,,13,,,,,
dataflow,ESTAT:ENV_WASMUN(1.0),Municipal waste by waste management operations,A,Annual,RCV_E,Recovery - energy recovery (R1),KG_HAB,Kilograms per capita,LV,Latvia,2021,,16,,,,,
dataflow,ESTAT:ENV_WASMUN(1.0),Municipal waste by waste management operations,A,Annual,RCV_E,Recovery - energy recovery (R1),KG_HAB,Kilograms per capita,LV,Latvia,2022,,14,,,,,
dataflow,ESTAT:ENV_WASMUN(1.0),Municipal waste by waste management operations,A,Annual,RCV_E,Recovery - energy recovery (R1),KG_HAB,Kilograms per capita,ME,Montenegro,2012,,0,,e,estimated,,
dataflow,ESTAT:ENV_WASMUN(1.0),Municipal waste by waste management operations,A,Annual,RCV_E,Recovery - energy recovery (R1),KG_HAB,Kilograms per capita,ME,Montenegro,2013,,0,,e,estimated,,
dataflow,ESTAT:ENV_WASMUN(1.0),Municipal waste by waste management operations,A,Annual,RCV_E,Recovery - energy recovery (R1),KG_HAB,Kilograms per capita,ME,Montenegro,2014,,0,,e,estimated,,
dataflow,ESTAT:ENV_WASMUN(1.0),Municipal waste by waste management operations,A,Annual,RCV_E,Recovery - energy recovery (R1),KG_HAB,Kilograms per capita,ME,Montenegro,2015,,0,,e,estimated,,
dataflow,ESTAT:ENV_WASMUN(1.0),Municipal waste by waste management operations,A,Annual,RCV_E,Recovery - energy recovery (R1),KG_HAB,Kilograms per capita,ME,Montenegro,2016,,0,,e,estimated,,
dataflow,ESTAT:ENV_WASMUN(1.0),Municipal waste by waste management operations,A,Annual,RCV_E,Recovery - energy recovery (R1),KG_HAB,Kilograms per capita,ME,Montenegro,2017,,0,,e,estimated,,
dataflow,ESTAT:ENV_WASMUN(1.0),Municipal waste by waste management operations,A,Annual,RCV_E,Recovery - energy recovery (R1),KG_HAB,Kilograms per capita,ME,Montenegro,2018,,0,,e,estimated,,
dataflow,ESTAT:ENV_WASMUN(1.0),Municipal waste by waste management operations,A,Annual,RCV_E,Recovery - energy recovery (R1),KG_HAB,Kilograms per capita,ME,Montenegro,2019,,0,,e,estimated,,
dataflow,ESTAT:ENV_WASMUN(1.0),Municipal waste by waste management operations,A,Annual,RCV_E,Recovery - energy recovery (R1),KG_HAB,Kilograms per capita,ME,Montenegro,2020,,0,,e,estimated,,
dataflow,ESTAT:ENV_WASMUN(1.0),Municipal waste by waste management operations,A,Annual,RCV_E,Recovery - energy recovery (R1),KG_HAB,Kilograms per capita,ME,Montenegro,2021,,0,,e,estimated,,
dataflow,ESTAT:ENV_WASMUN(1.0),Municipal waste by waste management operations,A,Annual,RCV_E,Recovery - energy recovery (R1),KG_HAB,Kilograms per capita,ME,Montenegro,2022,,0,,e,estimated,,
dataflow,ESTAT:ENV_WASMUN(1.0),Municipal waste by waste management operations,A,Annual,RCV_E,Recovery - energy recovery (R1),KG_HAB,Kilograms per capita,ME,Montenegro,2023,,0,,e,estimated,,
dataflow,ESTAT:ENV_WASMUN(1.0),Municipal waste by waste management operations,A,Annual,RCV_E,Recovery - energy recovery (R1),KG_HAB,Kilograms per capita,MK,North Macedonia,2008,,0,,,,,
dataflow,ESTAT:ENV_WASMUN(1.0),Municipal waste by waste management operations,A,Annual,RCV_E,Recovery - energy recovery (R1),KG_HAB,Kilograms per capita,MK,North Macedonia,2011,,0,,,,,
dataflow,ESTAT:ENV_WASMUN(1.0),Municipal waste by waste management operations,A,Annual,RCV_E,Recovery - energy recovery (R1),KG_HAB,Kilograms per capita,MK,North Macedonia,2022,,0,,,,,
dataflow,ESTAT:ENV_WASMUN(1.0),Municipal waste by waste management operations,A,Annual,RCV_E,Recovery - energy recovery (R1),KG_HAB,Kilograms per capita,MT,Malta,1995,,0,,,,,
dataflow,ESTAT:ENV_WASMUN(1.0),Municipal waste by waste management operations,A,Annual,RCV_E,Recovery - energy recovery (R1),KG_HAB,Kilograms per capita,MT,Malta,1996,,0,,,,,
dataflow,ESTAT:ENV_WASMUN(1.0),Municipal waste by waste management operations,A,Annual,RCV_E,Recovery - energy recovery (R1),KG_HAB,Kilograms per capita,MT,Malta,1997,,0,,,,,
dataflow,ESTAT:ENV_WASMUN(1.0),Municipal waste by waste management operations,A,Annual,RCV_E,Recovery - energy recovery (R1),KG_HAB,Kilograms per capita,MT,Malta,1998,,0,,,,,
dataflow,ESTAT:ENV_WASMUN(1.0),Municipal waste by waste management operations,A,Annual,RCV_E,Recovery - energy recovery (R1),KG_HAB,Kilograms per capita,MT,Malta,1999,,0,,,,,
dataflow,ESTAT:ENV_WASMUN(1.0),Municipal waste by waste management operations,A,Annual,RCV_E,Recovery - energy recovery (R1),KG_HAB,Kilograms per capita,MT,Malta,2000,,0,,,,,
dataflow,ESTAT:ENV_WASMUN(1.0),Municipal waste by waste management operations,A,Annual,RCV_E,Recovery - energy recovery (R1),KG_HAB,Kilograms per capita,MT,Malta,2001,,0,,,,,
dataflow,ESTAT:ENV_WASMUN(1.0),Municipal waste by waste management operations,A,Annual,RCV_E,Recovery - energy recovery (R1),KG_HAB,Kilograms per capita,MT,Malta,2002,,0,,,,,
dataflow,ESTAT:ENV_WASMUN(1.0),Municipal waste by waste management operations,A,Annual,RCV_E,Recovery - energy recovery (R1),KG_HAB,Kilograms per capita,MT,Malta,2003,,0,,,,,
dataflow,ESTAT:ENV_WASMUN(1.0),Municipal waste by waste management operations,A,Annual,RCV_E,Recovery - energy recovery (R1),KG_HAB,Kilograms per capita,MT,Malta,2004,,0,,,,,
dataflow,ESTAT:ENV_WASMUN(1.0),Municipal waste by waste management operations,A,Annual,RCV_E,Recovery - energy recovery (R1),KG_HAB,Kilograms per capita,MT,Malta,2005,,0,,,,,
dataflow,ESTAT:ENV_WASMUN(1.0),Municipal waste by waste management operations,A,Annual,RCV_E,Recovery - energy recovery (R1),KG_HAB,Kilograms per capita,MT,Malta,2006,,0,,,,,
dataflow,ESTAT:ENV_WASMUN(1.0),Municipal waste by waste management operations,A,Annual,RCV_E,Recovery - energy recovery (R1),KG_HAB,Kilograms per capita,MT,Malta,2007,,0,,,,,
dataflow,ESTAT:ENV_WASMUN(1.0),Municipal waste by waste management operations,A,Annual,RCV_E,Recovery - energy recovery (R1),KG_HAB,Kilograms per capita,MT,Malta,2008,,0,,,,,
dataflow,ESTAT:ENV_WASMUN(1.0),Municipal waste by waste management operations,A,Annual,RCV_E,Recovery - energy recovery (R1),KG_HAB,Kilograms per capita,MT,Malta,2009,,0,,,,,
dataflow,ESTAT:ENV_WASMUN(1.0),Municipal waste by waste management operations,A,Annual,RCV_E,Recovery - energy recovery (R1),KG_HAB,Kilograms per capita,MT,Malta,2010,,0,,,,,
dataflow,ESTAT:ENV_WASMUN(1.0),Municipal waste by waste management operations,A,Annual,RCV_E,Recovery - energy recovery (R1),KG_HAB,Kilograms per capita,MT,Malta,2011,,6,,,,,
dataflow,ESTAT:ENV_WASMUN(1.0),Municipal waste by waste management operations,A,Annual,RCV_E,Recovery - energy recovery (R1),KG_HAB,Kilograms per capita,MT,Malta,2012,,2,,,,,
dataflow,ESTAT:ENV_WASMUN(1.0),Municipal waste by waste management operations,A,Annual,RCV_E,Recovery - energy recovery (R1),KG_HAB,Kilograms per capita,MT,Malta,2013,,1,,,,,
dataflow,ESTAT:ENV_WASMUN(1.0),Municipal waste by waste management operations,A,Annual,RCV_E,Recovery - energy recovery (R1),KG_HAB,Kilograms per capita,MT,Malta,2014,,2,,,,,
dataflow,ESTAT:ENV_WASMUN(1.0),Municipal waste by waste management operations,A,Annual,RCV_E,Recovery - energy recovery (R1),KG_HAB,Kilograms per capita,MT,Malta,2015,,2,,,,,
dataflow,ESTAT:ENV_WASMUN(1.0),Municipal waste by waste management operations,A,Annual,RCV_E,Recovery - energy recovery (R1),KG_HAB,Kilograms per capita,MT,Malta,2016,,2,,,,,
dataflow,ESTAT:ENV_WASMUN(1.0),Municipal waste by waste management operations,A,Annual,RCV_E,Recovery - energy recovery (R1),KG_HAB,Kilograms per capita,MT,Malta,2017,,0,,,,,
dataflow,ESTAT:ENV_WASMUN(1.0),Municipal waste by waste management operations,A,Annual,RCV_E,Recovery - energy recovery (R1),KG_HAB,Kilograms per capita,MT,Malta,2018,,0,,,,,
dataflow,ESTAT:ENV_WASMUN(1.0),Municipal waste by waste management operations,A,Annual,RCV_E,Recovery - energy recovery (R1),KG_HAB,Kilograms per capita,MT,Malta,2019,,0,,,,,
dataflow,ESTAT:ENV_WASMUN(1.0),Municipal waste by waste management operations,A,Annual,RCV_E,Recovery - energy recovery (R1),KG_HAB,Kilograms per capita,MT,Malta,2020,,0,,,,,
dataflow,ESTAT:ENV_WASMUN(1.0),Municipal waste by waste management operations,A,Annual,RCV_E,Recovery - energy recovery (R1),KG_HAB,Kilograms per capita,MT,Malta,2021,,25,,,,,
dataflow,ESTAT:ENV_WASMUN(1.0),Municipal waste by waste management operations,A,Annual,RCV_E,Recovery - energy recovery (R1),KG_HAB,Kilograms per capita,MT,Malta,2022,,8,,,,,
dataflow,ESTAT:ENV_WASMUN(1.0),Municipal waste by waste management operations,A,Annual,RCV_E,Recovery - energy recovery (R1),KG_HAB,Kilograms per capita,MT,Malta,2023,,16,,,,,
dataflow,ESTAT:ENV_WASMUN(1.0),Municipal waste by waste management operations,A,Annual,RCV_E,Recovery - energy recovery (R1),KG_HAB,Kilograms per capita,NL,Netherlands,2008,,53,,b,break in time series,,
dataflow,ESTAT:ENV_WASMUN(1.0),Municipal waste by waste management operations,A,Annual,RCV_E,Recovery - energy recovery (R1),KG_HAB,Kilograms per capita,NL,Netherlands,2009,,51,,,,,
dataflow,ESTAT:ENV_WASMUN(1.0),Municipal waste by waste management operations,A,Annual,RCV_E,Recovery - energy recovery (R1),KG_HAB,Kilograms per capita,NL,Netherlands,2010,,171,,,,,
dataflow,ESTAT:ENV_WASMUN(1.0),Municipal waste by waste management operations,A,Annual,RCV_E,Recovery - energy recovery (R1),KG_HAB,Kilograms per capita,NL,Netherlands,2011,,237,,,,,
dataflow,ESTAT:ENV_WASMUN(1.0),Municipal waste by waste management operations,A,Annual,RCV_E,Recovery - energy recovery (R1),KG_HAB,Kilograms per capita,NL,Netherlands,2012,,263,,,,,
dataflow,ESTAT:ENV_WASMUN(1.0),Municipal waste by waste management operations,A,Annual,RCV_E,Recovery - energy recovery (R1),KG_HAB,Kilograms per capita,NL,Netherlands,2013,,250,,,,,
dataflow,ESTAT:ENV_WASMUN(1.0),Municipal waste by waste management operations,A,Annual,RCV_E,Recovery - energy recovery (R1),KG_HAB,Kilograms per capita,NL,Netherlands,2014,,246,,,,,
dataflow,ESTAT:ENV_WASMUN(1.0),Municipal waste by waste management operations,A,Annual,RCV_E,Recovery - energy recovery (R1),KG_HAB,Kilograms per capita,NL,Netherlands,2015,,239,,,,,
dataflow,ESTAT:ENV_WASMUN(1.0),Municipal waste by waste management operations,A,Annual,RCV_E,Recovery - energy recovery (R1),KG_HAB,Kilograms per capita,NL,Netherlands,2016,,229,,,,,
dataflow,ESTAT:ENV_WASMUN(1.0),Municipal waste by waste management operations,A,Annual,RCV_E,Recovery - energy recovery (R1),KG_HAB,Kilograms per capita,NL,Netherlands,2017,,220,,,,,
dataflow,ESTAT:ENV_WASMUN(1.0),Municipal waste by waste management operations,A,Annual,RCV_E,Recovery - energy recovery (R1),KG_HAB,Kilograms per capita,NL,Netherlands,2018,,213,,,,,
dataflow,ESTAT:ENV_WASMUN(1.0),Municipal waste by waste management operations,A,Annual,RCV_E,Recovery - energy recovery (R1),KG_HAB,Kilograms per capita,NL,Netherlands,2019,,206,,,,,
dataflow,ESTAT:ENV_WASMUN(1.0),Municipal waste by waste management operations,A,Annual,RCV_E,Recovery - energy recovery (R1),KG_HAB,Kilograms per capita,NL,Netherlands,2020,,217,,,,,
dataflow,ESTAT:ENV_WASMUN(1.0),Municipal waste by waste management operations,A,Annual,RCV_E,Recovery - energy recovery (R1),KG_HAB,Kilograms per capita,NL,Netherlands,2021,,205,,,,,
dataflow,ESTAT:ENV_WASMUN(1.0),Municipal waste by waste management operations,A,Annual,RCV_E,Recovery - energy recovery (R1),KG_HAB,Kilograms per capita,NL,Netherlands,2022,,189,,p,provisional,,
dataflow,ESTAT:ENV_WASMUN(1.0),Municipal waste by waste management operations,A,Annual,RCV_E,Recovery - energy recovery (R1),KG_HAB,Kilograms per capita,NL,Netherlands,2023,,184,,,,,
dataflow,ESTAT:ENV_WASMUN(1.0),Municipal waste by waste management operations,A,Annual,RCV_E,Recovery - energy recovery (R1),KG_HAB,Kilograms per capita,NO,Norway,1995,,72,,,,,
dataflow,ESTAT:ENV_WASMUN(1.0),Municipal waste by waste management operations,A,Annual,RCV_E,Recovery - energy recovery (R1),KG_HAB,Kilograms per capita,NO,Norway,1996,,81,,,,,
dataflow,ESTAT:ENV_WASMUN(1.0),Municipal waste by waste management operations,A,Annual,RCV_E,Recovery - energy recovery (R1),KG_HAB,Kilograms per capita,NO,Norway,1997,,83,,,,,
dataflow,ESTAT:ENV_WASMUN(1.0),Municipal waste by waste management operations,A,Annual,RCV_E,Recovery - energy recovery (R1),KG_HAB,Kilograms per capita,NO,Norway,1998,,84,,,,,
dataflow,ESTAT:ENV_WASMUN(1.0),Municipal waste by waste management operations,A,Annual,RCV_E,Recovery - energy recovery (R1),KG_HAB,Kilograms per capita,NO,Norway,1999,,92,,,,,
dataflow,ESTAT:ENV_WASMUN(1.0),Municipal waste by waste management operations,A,Annual,RCV_E,Recovery - energy recovery (R1),KG_HAB,Kilograms per capita,NO,Norway,2000,,90,,,,,
dataflow,ESTAT:ENV_WASMUN(1.0),Municipal waste by waste management operations,A,Annual,RCV_E,Recovery - energy recovery (R1),KG_HAB,Kilograms per capita,NO,Norway,2001,,107,,b,break in time series,,
dataflow,ESTAT:ENV_WASMUN(1.0),Municipal waste by waste management operations,A,Annual,RCV_E,Recovery - energy recovery (R1),KG_HAB,Kilograms per capita,NO,Norway,2002,,120,,,,,
dataflow,ESTAT:ENV_WASMUN(1.0),Municipal waste by waste management operations,A,Annual,RCV_E,Recovery - energy recovery (R1),KG_HAB,Kilograms per capita,NO,Norway,2003,,131,,,,,
dataflow,ESTAT:ENV_WASMUN(1.0),Municipal waste by waste management operations,A,Annual,RCV_E,Recovery - energy recovery (R1),KG_HAB,Kilograms per capita,NO,Norway,2004,,128,,,,,
dataflow,ESTAT:ENV_WASMUN(1.0),Municipal waste by waste management operations,A,Annual,RCV_E,Recovery - energy recovery (R1),KG_HAB,Kilograms per capita,NO,Norway,2005,,142,,,,,
dataflow,ESTAT:ENV_WASMUN(1.0),Municipal waste by waste management operations,A,Annual,RCV_E,Recovery - energy recovery (R1),KG_HAB,Kilograms per capita,NO,Norway,2006,,145,,,,,
dataflow,ESTAT:ENV_WASMUN(1.0),Municipal waste by waste management operations,A,Annual,RCV_E,Recovery - energy recovery (R1),KG_HAB,Kilograms per capita,NO,Norway,2007,,184,,,,,
dataflow,ESTAT:ENV_WASMUN(1.0),Municipal waste by waste management operations,A,Annual,RCV_E,Recovery - energy recovery (R1),KG_HAB,Kilograms per capita,NO,Norway,2008,,183,,,,,
dataflow,ESTAT:ENV_WASMUN(1.0),Municipal waste by waste management operations,A,Annual,RCV_E,Recovery - energy recovery (R1),KG_HAB,Kilograms per capita,NO,Norway,2009,,195,,,,,
dataflow,ESTAT:ENV_WASMUN(1.0),Municipal waste by waste management operations,A,Annual,RCV_E,Recovery - energy recovery (R1),KG_HAB,Kilograms per capita,NO,Norway,2010,,236,,,,,
dataflow,ESTAT:ENV_WASMUN(1.0),Municipal waste by waste management operations,A,Annual,RCV_E,Recovery - energy recovery (R1),KG_HAB,Kilograms per capita,NO,Norway,2011,,271,,,,,
dataflow,ESTAT:ENV_WASMUN(1.0),Municipal waste by waste management operations,A,Annual,RCV_E,Recovery - energy recovery (R1),KG_HAB,Kilograms per capita,NO,Norway,2012,,268,,,,,
dataflow,ESTAT:ENV_WASMUN(1.0),Municipal waste by waste management operations,A,Annual,RCV_E,Recovery - energy recovery (R1),KG_HAB,Kilograms per capita,NO,Norway,2013,,285,,,,,
dataflow,ESTAT:ENV_WASMUN(1.0),Municipal waste by waste management operations,A,Annual,RCV_E,Recovery - energy recovery (R1),KG_HAB,Kilograms per capita,NO,Norway,2014,,224,,b,break in time series,,
dataflow,ESTAT:ENV_WASMUN(1.0),Municipal waste by waste management operations,A,Annual,RCV_E,Recovery - energy recovery (R1),KG_HAB,Kilograms per capita,NO,Norway,2015,,221,,,,,
dataflow,ESTAT:ENV_WASMUN(1.0),Municipal waste by waste management operations,A,Annual,RCV_E,Recovery - energy recovery (R1),KG_HAB,Kilograms per capita,NO,Norway,2016,,404,,b,break in time series,,
dataflow,ESTAT:ENV_WASMUN(1.0),Municipal waste by waste management operations,A,Annual,RCV_E,Recovery - energy recovery (R1),KG_HAB,Kilograms per capita,NO,Norway,2017,,396,,,,,
dataflow,ESTAT:ENV_WASMUN(1.0),Municipal waste by waste management operations,A,Annual,RCV_E,Recovery - energy recovery (R1),KG_HAB,Kilograms per capita,NO,Norway,2018,,378,,,,,
dataflow,ESTAT:ENV_WASMUN(1.0),Municipal waste by waste management operations,A,Annual,RCV_E,Recovery - energy recovery (R1),KG_HAB,Kilograms per capita,NO,Norway,2019,,384,,,,,
dataflow,ESTAT:ENV_WASMUN(1.0),Municipal waste by waste management operations,A,Annual,RCV_E,Recovery - energy recovery (R1),KG_HAB,Kilograms per capita,NO,Norway,2020,,337,,b,break in time series,,
dataflow,ESTAT:ENV_WASMUN(1.0),Municipal waste by waste management operations,A,Annual,RCV_E,Recovery - energy recovery (R1),KG_HAB,Kilograms per capita,NO,Norway,2021,,399,,,,,
dataflow,ESTAT:ENV_WASMUN(1.0),Municipal waste by waste management operations,A,Annual,RCV_E,Recovery - energy recovery (R1),KG_HAB,Kilograms per capita,NO,Norway,2022,,393,,,,,
dataflow,ESTAT:ENV_WASMUN(1.0),Municipal waste by waste management operations,A,Annual,RCV_E,Recovery - energy recovery (R1),KG_HAB,Kilograms per capita,NO,Norway,2023,,339,,,,,
dataflow,ESTAT:ENV_WASMUN(1.0),Municipal waste by waste management operations,A,Annual,RCV_E,Recovery - energy recovery (R1),KG_HAB,Kilograms per capita,PL,Poland,1995,,0,,,,,
dataflow,ESTAT:ENV_WASMUN(1.0),Municipal waste by waste management operations,A,Annual,RCV_E,Recovery - energy recovery (R1),KG_HAB,Kilograms per capita,PL,Poland,1996,,0,,,,,
dataflow,ESTAT:ENV_WASMUN(1.0),Municipal waste by waste management operations,A,Annual,RCV_E,Recovery - energy recovery (R1),KG_HAB,Kilograms per capita,PL,Poland,1997,,0,,,,,
dataflow,ESTAT:ENV_WASMUN(1.0),Municipal waste by waste management operations,A,Annual,RCV_E,Recovery - energy recovery (R1),KG_HAB,Kilograms per capita,PL,Poland,1998,,0,,,,,
dataflow,ESTAT:ENV_WASMUN(1.0),Municipal waste by waste management operations,A,Annual,RCV_E,Recovery - energy recovery (R1),KG_HAB,Kilograms per capita,PL,Poland,1999,,0,,,,,
dataflow,ESTAT:ENV_WASMUN(1.0),Municipal waste by waste management operations,A,Annual,RCV_E,Recovery - energy recovery (R1),KG_HAB,Kilograms per capita,PL,Poland,2000,,0,,,,,
dataflow,ESTAT:ENV_WASMUN(1.0),Municipal waste by waste management operations,A,Annual,RCV_E,Recovery - energy recovery (R1),KG_HAB,Kilograms per capita,PL,Poland,2001,,0,,,,,
dataflow,ESTAT:ENV_WASMUN(1.0),Municipal waste by waste management operations,A,Annual,RCV_E,Recovery - energy recovery (R1),KG_HAB,Kilograms per capita,PL,Poland,2002,,0,,,,,
dataflow,ESTAT:ENV_WASMUN(1.0),Municipal waste by waste management operations,A,Annual,RCV_E,Recovery - energy recovery (R1),KG_HAB,Kilograms per capita,PL,Poland,2003,,0,,,,,
dataflow,ESTAT:ENV_WASMUN(1.0),Municipal waste by waste management operations,A,Annual,RCV_E,Recovery - energy recovery (R1),KG_HAB,Kilograms per capita,PL,Poland,2004,,0,,,,,
dataflow,ESTAT:ENV_WASMUN(1.0),Municipal waste by waste management operations,A,Annual,RCV_E,Recovery - energy recovery (R1),KG_HAB,Kilograms per capita,PL,Poland,2005,,0,,,,,
dataflow,ESTAT:ENV_WASMUN(1.0),Municipal waste by waste management operations,A,Annual,RCV_E,Recovery - energy recovery (R1),KG_HAB,Kilograms per capita,PL,Poland,2006,,0,,,,,
dataflow,ESTAT:ENV_WASMUN(1.0),Municipal waste by waste management operations,A,Annual,RCV_E,Recovery - energy recovery (R1),KG_HAB,Kilograms per capita,PL,Poland,2007,,0,,,,,
dataflow,ESTAT:ENV_WASMUN(1.0),Municipal waste by waste management operations,A,Annual,RCV_E,Recovery - energy recovery (R1),KG_HAB,Kilograms per capita,PL,Poland,2008,,0,,,,,
dataflow,ESTAT:ENV_WASMUN(1.0),Municipal waste by waste management operations,A,Annual,RCV_E,Recovery - energy recovery (R1),KG_HAB,Kilograms per capita,PL,Poland,2009,,0,,,,,
dataflow,ESTAT:ENV_WASMUN(1.0),Municipal waste by waste management operations,A,Annual,RCV_E,Recovery - energy recovery (R1),KG_HAB,Kilograms per capita,PL,Poland,2010,,0,,,,,
dataflow,ESTAT:ENV_WASMUN(1.0),Municipal waste by waste management operations,A,Annual,RCV_E,Recovery - energy recovery (R1),KG_HAB,Kilograms per capita,PL,Poland,2011,,0,,,,,
dataflow,ESTAT:ENV_WASMUN(1.0),Municipal waste by waste management operations,A,Annual,RCV_E,Recovery - energy recovery (R1),KG_HAB,Kilograms per capita,PL,Poland,2012,,0,,,,,
dataflow,ESTAT:ENV_WASMUN(1.0),Municipal waste by waste management operations,A,Annual,RCV_E,Recovery - energy recovery (R1),KG_HAB,Kilograms per capita,PL,Poland,2013,,15,,be,"break in time series, estimated",,
dataflow,ESTAT:ENV_WASMUN(1.0),Municipal waste by waste management operations,A,Annual,RCV_E,Recovery - energy recovery (R1),KG_HAB,Kilograms per capita,PL,Poland,2014,,31,,be,"break in time series, estimated",,
dataflow,ESTAT:ENV_WASMUN(1.0),Municipal waste by waste management operations,A,Annual,RCV_E,Recovery - energy recovery (R1),KG_HAB,Kilograms per capita,PL,Poland,2015,,35,,e,estimated,,
dataflow,ESTAT:ENV_WASMUN(1.0),Municipal waste by waste management operations,A,Annual,RCV_E,Recovery - energy recovery (R1),KG_HAB,Kilograms per capita,PL,Poland,2016,,56,,e,estimated,,
dataflow,ESTAT:ENV_WASMUN(1.0),Municipal waste by waste management operations,A,Annual,RCV_E,Recovery - energy recovery (R1),KG_HAB,Kilograms per capita,PL,Poland,2017,,72,,e,estimated,,
dataflow,ESTAT:ENV_WASMUN(1.0),Municipal waste by waste management operations,A,Annual,RCV_E,Recovery - energy recovery (R1),KG_HAB,Kilograms per capita,PL,Poland,2018,,74,,e,estimated,,
dataflow,ESTAT:ENV_WASMUN(1.0),Municipal waste by waste management operations,A,Annual,RCV_E,Recovery - energy recovery (R1),KG_HAB,Kilograms per capita,PL,Poland,2019,,72,,e,estimated,,
dataflow,ESTAT:ENV_WASMUN(1.0),Municipal waste by waste management operations,A,Annual,RCV_E,Recovery - energy recovery (R1),KG_HAB,Kilograms per capita,PL,Poland,2020,,71,,,,,
dataflow,ESTAT:ENV_WASMUN(1.0),Municipal waste by waste management operations,A,Annual,RCV_E,Recovery - energy recovery (R1),KG_HAB,Kilograms per capita,PL,Poland,2021,,73,,,,,
dataflow,ESTAT:ENV_WASMUN(1.0),Municipal waste by waste management operations,A,Annual,RCV_E,Recovery - energy recovery (R1),KG_HAB,Kilograms per capita,PL,Poland,2022,,74,,,,,
dataflow,ESTAT:ENV_WASMUN(1.0),Municipal waste by waste management operations,A,Annual,RCV_E,Recovery - energy recovery (R1),KG_HAB,Kilograms per capita,PL,Poland,2023,,73,,,,,
dataflow,ESTAT:ENV_WASMUN(1.0),Municipal waste by waste management operations,A,Annual,RCV_E,Recovery - energy recovery (R1),KG_HAB,Kilograms per capita,PT,Portugal,1995,,0,,,,,
dataflow,ESTAT:ENV_WASMUN(1.0),Municipal waste by waste management operations,A,Annual,RCV_E,Recovery - energy recovery (R1),KG_HAB,Kilograms per capita,PT,Portugal,1996,,1,,,,,
dataflow,ESTAT:ENV_WASMUN(1.0),Municipal waste by waste management operations,A,Annual,RCV_E,Recovery - energy recovery (R1),KG_HAB,Kilograms per capita,PT,Portugal,1997,,1,,,,,
dataflow,ESTAT:ENV_WASMUN(1.0),Municipal waste by waste management operations,A,Annual,RCV_E,Recovery - energy recovery (R1),KG_HAB,Kilograms per capita,PT,Portugal,1998,,0,,,,,
dataflow,ESTAT:ENV_WASMUN(1.0),Municipal waste by waste management operations,A,Annual,RCV_E,Recovery - energy recovery (R1),KG_HAB,Kilograms per capita,PT,Portugal,1999,,0,,,,,
dataflow,ESTAT:ENV_WASMUN(1.0),Municipal waste by waste management operations,A,Annual,RCV_E,Recovery - energy recovery (R1),KG_HAB,Kilograms per capita,PT,Portugal,2000,,96,,,,,
dataflow,ESTAT:ENV_WASMUN(1.0),Municipal waste by waste management operations,A,Annual,RCV_E,Recovery - energy recovery (R1),KG_HAB,Kilograms per capita,PT,Portugal,2001,,94,,,,,
dataflow,ESTAT:ENV_WASMUN(1.0),Municipal waste by waste management operations,A,Annual,RCV_E,Recovery - energy recovery (R1),KG_HAB,Kilograms per capita,PT,Portugal,2002,,91,,b,break in time series,,
dataflow,ESTAT:ENV_WASMUN(1.0),Municipal waste by waste management operations,A,Annual,RCV_E,Recovery - energy recovery (R1),KG_HAB,Kilograms per capita,PT,Portugal,2003,,96,,,,,
dataflow,ESTAT:ENV_WASMUN(1.0),Municipal waste by waste management operations,A,Annual,RCV_E,Recovery - energy recovery (R1),KG_HAB,Kilograms per capita,PT,Portugal,2004,,95,,,,,
dataflow,ESTAT:ENV_WASMUN(1.0),Municipal waste by waste management operations,A,Annual,RCV_E,Recovery - energy recovery (R1),KG_HAB,Kilograms per capita,PT,Portugal,2005,,101,,,,,
dataflow,ESTAT:ENV_WASMUN(1.0),Municipal waste by waste management operations,A,Annual,RCV_E,Recovery - energy recovery (R1),KG_HAB,Kilograms per capita,PT,Portugal,2006,,93,,,,,
dataflow,ESTAT:ENV_WASMUN(1.0),Municipal waste by waste management operations,A,Annual,RCV_E,Recovery - energy recovery (R1),KG_HAB,Kilograms per capita,PT,Portugal,2007,,90,,b,break in time series,,
dataflow,ESTAT:ENV_WASMUN(1.0),Municipal waste by waste management operations,A,Annual,RCV_E,Recovery - energy recovery (R1),KG_HAB,Kilograms per capita,PT,Portugal,2008,,94,,,,,
dataflow,ESTAT:ENV_WASMUN(1.0),Municipal waste by waste management operations,A,Annual,RCV_E,Recovery - energy recovery (R1),KG_HAB,Kilograms per capita,PT,Portugal,2009,,102,,,,,
dataflow,ESTAT:ENV_WASMUN(1.0),Municipal waste by waste management operations,A,Annual,RCV_E,Recovery - energy recovery (R1),KG_HAB,Kilograms per capita,PT,Portugal,2010,,100,,,,,
dataflow,ESTAT:ENV_WASMUN(1.0),Municipal waste by waste management operations,A,Annual,RCV_E,Recovery - energy recovery (R1),KG_HAB,Kilograms per capita,PT,Portugal,2011,,103,,,,,
dataflow,ESTAT:ENV_WASMUN(1.0),Municipal waste by waste management operations,A,Annual,RCV_E,Recovery - energy recovery (R1),KG_HAB,Kilograms per capita,PT,Portugal,2012,,88,,,,,
dataflow,ESTAT:ENV_WASMUN(1.0),Municipal waste by waste management operations,A,Annual,RCV_E,Recovery - energy recovery (R1),KG_HAB,Kilograms per capita,PT,Portugal,2013,,104,,,,,
dataflow,ESTAT:ENV_WASMUN(1.0),Municipal waste by waste management operations,A,Annual,RCV_E,Recovery - energy recovery (R1),KG_HAB,Kilograms per capita,PT,Portugal,2014,,93,,,,,
dataflow,ESTAT:ENV_WASMUN(1.0),Municipal waste by waste management operations,A,Annual,RCV_E,Recovery - energy recovery (R1),KG_HAB,Kilograms per capita,PT,Portugal,2015,,91,,,,,
dataflow,ESTAT:ENV_WASMUN(1.0),Municipal waste by waste management operations,A,Annual,RCV_E,Recovery - energy recovery (R1),KG_HAB,Kilograms per capita,PT,Portugal,2016,,92,,,,,
dataflow,ESTAT:ENV_WASMUN(1.0),Municipal waste by waste management operations,A,Annual,RCV_E,Recovery - energy recovery (R1),KG_HAB,Kilograms per capita,PT,Portugal,2017,,96,,,,,
dataflow,ESTAT:ENV_WASMUN(1.0),Municipal waste by waste management operations,A,Annual,RCV_E,Recovery - energy recovery (R1),KG_HAB,Kilograms per capita,PT,Portugal,2018,,92,,,,,
dataflow,ESTAT:ENV_WASMUN(1.0),Municipal waste by waste management operations,A,Annual,RCV_E,Recovery - energy recovery (R1),KG_HAB,Kilograms per capita,PT,Portugal,2019,,96,,,,,
dataflow,ESTAT:ENV_WASMUN(1.0),Municipal waste by waste management operations,A,Annual,RCV_E,Recovery - energy recovery (R1),KG_HAB,Kilograms per capita,PT,Portugal,2020,,109,,,,,
dataflow,ESTAT:ENV_WASMUN(1.0),Municipal waste by waste management operations,A,Annual,RCV_E,Recovery - energy recovery (R1),KG_HAB,Kilograms per capita,PT,Portugal,2021,,120,,,,,
dataflow,ESTAT:ENV_WASMUN(1.0),Municipal waste by waste management operations,A,Annual,RCV_E,Recovery - energy recovery (R1),KG_HAB,Kilograms per capita,PT,Portugal,2022,,103,,,,,
dataflow,ESTAT:ENV_WASMUN(1.0),Municipal waste by waste management operations,A,Annual,RCV_E,Recovery - energy recovery (R1),KG_HAB,Kilograms per capita,PT,Portugal,2023,,92,,,,,
dataflow,ESTAT:ENV_WASMUN(1.0),Municipal waste by waste management operations,A,Annual,RCV_E,Recovery - energy recovery (R1),KG_HAB,Kilograms per capita,RO,Romania,1995,,0,,,,,
dataflow,ESTAT:ENV_WASMUN(1.0),Municipal waste by waste management operations,A,Annual,RCV_E,Recovery - energy recovery (R1),KG_HAB,Kilograms per capita,RO,Romania,1996,,0,,,,,
dataflow,ESTAT:ENV_WASMUN(1.0),Municipal waste by waste management operations,A,Annual,RCV_E,Recovery - energy recovery (R1),KG_HAB,Kilograms per capita,RO,Romania,1997,,0,,,,,
dataflow,ESTAT:ENV_WASMUN(1.0),Municipal waste by waste management operations,A,Annual,RCV_E,Recovery - energy recovery (R1),KG_HAB,Kilograms per capita,RO,Romania,1998,,0,,,,,
dataflow,ESTAT:ENV_WASMUN(1.0),Municipal waste by waste management operations,A,Annual,RCV_E,Recovery - energy recovery (R1),KG_HAB,Kilograms per capita,RO,Romania,1999,,0,,,,,
dataflow,ESTAT:ENV_WASMUN(1.0),Municipal waste by waste management operations,A,Annual,RCV_E,Recovery - energy recovery (R1),KG_HAB,Kilograms per capita,RO,Romania,2000,,0,,,,,
dataflow,ESTAT:ENV_WASMUN(1.0),Municipal waste by waste management operations,A,Annual,RCV_E,Recovery - energy recovery (R1),KG_HAB,Kilograms per capita,RO,Romania,2001,,0,,,,,
dataflow,ESTAT:ENV_WASMUN(1.0),Municipal waste by waste management operations,A,Annual,RCV_E,Recovery - energy recovery (R1),KG_HAB,Kilograms per capita,RO,Romania,2002,,0,,,,,
dataflow,ESTAT:ENV_WASMUN(1.0),Municipal waste by waste management operations,A,Annual,RCV_E,Recovery - energy recovery (R1),KG_HAB,Kilograms per capita,RO,Romania,2003,,0,,,,,
dataflow,ESTAT:ENV_WASMUN(1.0),Municipal waste by waste management operations,A,Annual,RCV_E,Recovery - energy recovery (R1),KG_HAB,Kilograms per capita,RO,Romania,2004,,0,,,,,
dataflow,ESTAT:ENV_WASMUN(1.0),Municipal waste by waste management operations,A,Annual,RCV_E,Recovery - energy recovery (R1),KG_HAB,Kilograms per capita,RO,Romania,2005,,0,,,,,
dataflow,ESTAT:ENV_WASMUN(1.0),Municipal waste by waste management operations,A,Annual,RCV_E,Recovery - energy recovery (R1),KG_HAB,Kilograms per capita,RO,Romania,2006,,0,,,,,
dataflow,ESTAT:ENV_WASMUN(1.0),Municipal waste by waste management operations,A,Annual,RCV_E,Recovery - energy recovery (R1),KG_HAB,Kilograms per capita,RO,Romania,2007,,0,,,,,
dataflow,ESTAT:ENV_WASMUN(1.0),Municipal waste by waste management operations,A,Annual,RCV_E,Recovery - energy recovery (R1),KG_HAB,Kilograms per capita,RO,Romania,2008,,0,,,,,
dataflow,ESTAT:ENV_WASMUN(1.0),Municipal waste by waste management operations,A,Annual,RCV_E,Recovery - energy recovery (R1),KG_HAB,Kilograms per capita,RO,Romania,2009,,0,,,,,
dataflow,ESTAT:ENV_WASMUN(1.0),Municipal waste by waste management operations,A,Annual,RCV_E,Recovery - energy recovery (R1),KG_HAB,Kilograms per capita,RO,Romania,2010,,1,,b,break in time series,,
dataflow,ESTAT:ENV_WASMUN(1.0),Municipal waste by waste management operations,A,Annual,RCV_E,Recovery - energy recovery (R1),KG_HAB,Kilograms per capita,RO,Romania,2011,,2,,,,,
dataflow,ESTAT:ENV_WASMUN(1.0),Municipal waste by waste management operations,A,Annual,RCV_E,Recovery - energy recovery (R1),KG_HAB,Kilograms per capita,RO,Romania,2012,,4,,,,,
dataflow,ESTAT:ENV_WASMUN(1.0),Municipal waste by waste management operations,A,Annual,RCV_E,Recovery - energy recovery (R1),KG_HAB,Kilograms per capita,RO,Romania,2013,,5,,,,,
dataflow,ESTAT:ENV_WASMUN(1.0),Municipal waste by waste management operations,A,Annual,RCV_E,Recovery - energy recovery (R1),KG_HAB,Kilograms per capita,RO,Romania,2014,,7,,,,,
dataflow,ESTAT:ENV_WASMUN(1.0),Municipal waste by waste management operations,A,Annual,RCV_E,Recovery - energy recovery (R1),KG_HAB,Kilograms per capita,RO,Romania,2015,,6,,,,,
dataflow,ESTAT:ENV_WASMUN(1.0),Municipal waste by waste management operations,A,Annual,RCV_E,Recovery - energy recovery (R1),KG_HAB,Kilograms per capita,RO,Romania,2016,,11,,,,,
dataflow,ESTAT:ENV_WASMUN(1.0),Municipal waste by waste management operations,A,Annual,RCV_E,Recovery - energy recovery (R1),KG_HAB,Kilograms per capita,RO,Romania,2017,,12,,,,,
dataflow,ESTAT:ENV_WASMUN(1.0),Municipal waste by waste management operations,A,Annual,RCV_E,Recovery - energy recovery (R1),KG_HAB,Kilograms per capita,RO,Romania,2018,,12,,,,,
dataflow,ESTAT:ENV_WASMUN(1.0),Municipal waste by waste management operations,A,Annual,RCV_E,Recovery - energy recovery (R1),KG_HAB,Kilograms per capita,RO,Romania,2019,,13,,,,,
dataflow,ESTAT:ENV_WASMUN(1.0),Municipal waste by waste management operations,A,Annual,RCV_E,Recovery - energy recovery (R1),KG_HAB,Kilograms per capita,RO,Romania,2020,,15,,,,,
dataflow,ESTAT:ENV_WASMUN(1.0),Municipal waste by waste management operations,A,Annual,RCV_E,Recovery - energy recovery (R1),KG_HAB,Kilograms per capita,RO,Romania,2021,,18,,,,,
dataflow,ESTAT:ENV_WASMUN(1.0),Municipal waste by waste management operations,A,Annual,RCV_E,Recovery - energy recovery (R1),KG_HAB,Kilograms per capita,RO,Romania,2022,,20,,,,,
dataflow,ESTAT:ENV_WASMUN(1.0),Municipal waste by waste management operations,A,Annual,RCV_E,Recovery - energy recovery (R1),KG_HAB,Kilograms per capita,RS,Serbia,2006,,0,,,,,
dataflow,ESTAT:ENV_WASMUN(1.0),Municipal waste by waste management operations,A,Annual,RCV_E,Recovery - energy recovery (R1),KG_HAB,Kilograms per capita,RS,Serbia,2007,,0,,,,,
dataflow,ESTAT:ENV_WASMUN(1.0),Municipal waste by waste management operations,A,Annual,RCV_E,Recovery - energy recovery (R1),KG_HAB,Kilograms per capita,RS,Serbia,2008,,0,,,,,
dataflow,ESTAT:ENV_WASMUN(1.0),Municipal waste by waste management operations,A,Annual,RCV_E,Recovery - energy recovery (R1),KG_HAB,Kilograms per capita,RS,Serbia,2009,,0,,,,,
dataflow,ESTAT:ENV_WASMUN(1.0),Municipal waste by waste management operations,A,Annual,RCV_E,Recovery - energy recovery (R1),KG_HAB,Kilograms per capita,RS,Serbia,2010,,0,,,,,
dataflow,ESTAT:ENV_WASMUN(1.0),Municipal waste by waste management operations,A,Annual,RCV_E,Recovery - energy recovery (R1),KG_HAB,Kilograms per capita,RS,Serbia,2011,,0,,,,,
dataflow,ESTAT:ENV_WASMUN(1.0),Municipal waste by waste management operations,A,Annual,RCV_E,Recovery - energy recovery (R1),KG_HAB,Kilograms per capita,RS,Serbia,2012,,0,,,,,
dataflow,ESTAT:ENV_WASMUN(1.0),Municipal waste by waste management operations,A,Annual,RCV_E,Recovery - energy recovery (R1),KG_HAB,Kilograms per capita,RS,Serbia,2013,,0,,,,,
dataflow,ESTAT:ENV_WASMUN(1.0),Municipal waste by waste management operations,A,Annual,RCV_E,Recovery - energy recovery (R1),KG_HAB,Kilograms per capita,RS,Serbia,2014,,0,,,,,
dataflow,ESTAT:ENV_WASMUN(1.0),Municipal waste by waste management operations,A,Annual,RCV_E,Recovery - energy recovery (R1),KG_HAB,Kilograms per capita,RS,Serbia,2015,,0,,,,,
dataflow,ESTAT:ENV_WASMUN(1.0),Municipal waste by waste management operations,A,Annual,RCV_E,Recovery - energy recovery (R1),KG_HAB,Kilograms per capita,RS,Serbia,2016,,0,,,,,
dataflow,ESTAT:ENV_WASMUN(1.0),Municipal waste by waste management operations,A,Annual,RCV_E,Recovery - energy recovery (R1),KG_HAB,Kilograms per capita,RS,Serbia,2017,,0,,,,,
dataflow,ESTAT:ENV_WASMUN(1.0),Municipal waste by waste management operations,A,Annual,RCV_E,Recovery - energy recovery (R1),KG_HAB,Kilograms per capita,RS,Serbia,2018,,0,,,,,
dataflow,ESTAT:ENV_WASMUN(1.0),Municipal waste by waste management operations,A,Annual,RCV_E,Recovery - energy recovery (R1),KG_HAB,Kilograms per capita,RS,Serbia,2020,,1,,,,,
dataflow,ESTAT:ENV_WASMUN(1.0),Municipal waste by waste management operations,A,Annual,RCV_E,Recovery - energy recovery (R1),KG_HAB,Kilograms per capita,RS,Serbia,2021,,2,,,,,
dataflow,ESTAT:ENV_WASMUN(1.0),Municipal waste by waste management operations,A,Annual,RCV_E,Recovery - energy recovery (R1),KG_HAB,Kilograms per capita,RS,Serbia,2022,,2,,,,,
dataflow,ESTAT:ENV_WASMUN(1.0),Municipal waste by waste management operations,A,Annual,RCV_E,Recovery - energy recovery (R1),KG_HAB,Kilograms per capita,RS,Serbia,2023,,2,,,,,
dataflow,ESTAT:ENV_WASMUN(1.0),Municipal waste by waste management operations,A,Annual,RCV_E,Recovery - energy recovery (R1),KG_HAB,Kilograms per capita,SE,Sweden,1995,,148,,,,,
dataflow,ESTAT:ENV_WASMUN(1.0),Municipal waste by waste management operations,A,Annual,RCV_E,Recovery - energy recovery (R1),KG_HAB,Kilograms per capita,SE,Sweden,1996,,147,,,,,
dataflow,ESTAT:ENV_WASMUN(1.0),Municipal waste by waste management operations,A,Annual,RCV_E,Recovery - energy recovery (R1),KG_HAB,Kilograms per capita,SE,Sweden,1997,,150,,,,,
dataflow,ESTAT:ENV_WASMUN(1.0),Municipal waste by waste management operations,A,Annual,RCV_E,Recovery - energy recovery (R1),KG_HAB,Kilograms per capita,SE,Sweden,1998,,165,,,,,
dataflow,ESTAT:ENV_WASMUN(1.0),Municipal waste by waste management operations,A,Annual,RCV_E,Recovery - energy recovery (R1),KG_HAB,Kilograms per capita,SE,Sweden,1999,,163,,,,,
dataflow,ESTAT:ENV_WASMUN(1.0),Municipal waste by waste management operations,A,Annual,RCV_E,Recovery - energy recovery (R1),KG_HAB,Kilograms per capita,SE,Sweden,2000,,164,,,,,
dataflow,ESTAT:ENV_WASMUN(1.0),Municipal waste by waste management operations,A,Annual,RCV_E,Recovery - energy recovery (R1),KG_HAB,Kilograms per capita,SE,Sweden,2001,,169,,,,,
dataflow,ESTAT:ENV_WASMUN(1.0),Municipal waste by waste management operations,A,Annual,RCV_E,Recovery - energy recovery (R1),KG_HAB,Kilograms per capita,SE,Sweden,2002,,188,,,,,
dataflow,ESTAT:ENV_WASMUN(1.0),Municipal waste by waste management operations,A,Annual,RCV_E,Recovery - energy recovery (R1),KG_HAB,Kilograms per capita,SE,Sweden,2003,,208,,,,,
dataflow,ESTAT:ENV_WASMUN(1.0),Municipal waste by waste management operations,A,Annual,RCV_E,Recovery - energy recovery (R1),KG_HAB,Kilograms per capita,SE,Sweden,2004,,216,,,,,
dataflow,ESTAT:ENV_WASMUN(1.0),Municipal waste by waste management operations,A,Annual,RCV_E,Recovery - energy recovery (R1),KG_HAB,Kilograms per capita,SE,Sweden,2005,,242,,,,,
dataflow,ESTAT:ENV_WASMUN(1.0),Municipal waste by waste management operations,A,Annual,RCV_E,Recovery - energy recovery (R1),KG_HAB,Kilograms per capita,SE,Sweden,2006,,232,,,,,
dataflow,ESTAT:ENV_WASMUN(1.0),Municipal waste by waste management operations,A,Annual,RCV_E,Recovery - energy recovery (R1),KG_HAB,Kilograms per capita,SE,Sweden,2007,,240,,,,,
dataflow,ESTAT:ENV_WASMUN(1.0),Municipal waste by waste management operations,A,Annual,RCV_E,Recovery - energy recovery (R1),KG_HAB,Kilograms per capita,SE,Sweden,2008,,249,,,,,
dataflow,ESTAT:ENV_WASMUN(1.0),Municipal waste by waste management operations,A,Annual,RCV_E,Recovery - energy recovery (R1),KG_HAB,Kilograms per capita,SE,Sweden,2009,,234,,,,,
dataflow,ESTAT:ENV_WASMUN(1.0),Municipal waste by waste management operations,A,Annual,RCV_E,Recovery - energy recovery (R1),KG_HAB,Kilograms per capita,SE,Sweden,2010,,226,,,,,
dataflow,ESTAT:ENV_WASMUN(1.0),Municipal waste by waste management operations,A,Annual,RCV_E,Recovery - energy recovery (R1),KG_HAB,Kilograms per capita,SE,Sweden,2011,,237,,,,,
dataflow,ESTAT:ENV_WASMUN(1.0),Municipal waste by waste management operations,A,Annual,RCV_E,Recovery - energy recovery (R1),KG_HAB,Kilograms per capita,SE,Sweden,2012,,239,,,,,
dataflow,ESTAT:ENV_WASMUN(1.0),Municipal waste by waste management operations,A,Annual,RCV_E,Recovery - energy recovery (R1),KG_HAB,Kilograms per capita,SE,Sweden,2013,,233,,,,,
dataflow,ESTAT:ENV_WASMUN(1.0),Municipal waste by waste management operations,A,Annual,RCV_E,Recovery - energy recovery (R1),KG_HAB,Kilograms per capita,SE,Sweden,2014,,222,,,,,
dataflow,ESTAT:ENV_WASMUN(1.0),Municipal waste by waste management operations,A,Annual,RCV_E,Recovery - energy recovery (R1),KG_HAB,Kilograms per capita,SE,Sweden,2015,,233,,,,,
dataflow,ESTAT:ENV_WASMUN(1.0),Municipal waste by waste management operations,A,Annual,RCV_E,Recovery - energy recovery (R1),KG_HAB,Kilograms per capita,SE,Sweden,2016,,228,,,,,
dataflow,ESTAT:ENV_WASMUN(1.0),Municipal waste by waste management operations,A,Annual,RCV_E,Recovery - energy recovery (R1),KG_HAB,Kilograms per capita,SE,Sweden,2017,,239,,,,,
dataflow,ESTAT:ENV_WASMUN(1.0),Municipal waste by waste management operations,A,Annual,RCV_E,Recovery - energy recovery (R1),KG_HAB,Kilograms per capita,SE,Sweden,2018,,232,,,,,
dataflow,ESTAT:ENV_WASMUN(1.0),Municipal waste by waste management operations,A,Annual,RCV_E,Recovery - energy recovery (R1),KG_HAB,Kilograms per capita,SE,Sweden,2019,,236,,,,,
dataflow,ESTAT:ENV_WASMUN(1.0),Municipal waste by waste management operations,A,Annual,RCV_E,Recovery - energy recovery (R1),KG_HAB,Kilograms per capita,SE,Sweden,2020,,259,,b,break in time series,,
dataflow,ESTAT:ENV_WASMUN(1.0),Municipal waste by waste management operations,A,Annual,RCV_E,Recovery - energy recovery (R1),KG_HAB,Kilograms per capita,SE,Sweden,2021,,249,,,,,
dataflow,ESTAT:ENV_WASMUN(1.0),Municipal waste by waste management operations,A,Annual,RCV_E,Recovery - energy recovery (R1),KG_HAB,Kilograms per capita,SE,Sweden,2022,,233,,,,,
dataflow,ESTAT:ENV_WASMUN(1.0),Municipal waste by waste management operations,A,Annual,RCV_E,Recovery - energy recovery (R1),KG_HAB,Kilograms per capita,SE,Sweden,2023,,230,,,,,
dataflow,ESTAT:ENV_WASMUN(1.0),Municipal waste by waste management operations,A,Annual,RCV_E,Recovery - energy recovery (R1),KG_HAB,Kilograms per capita,SI,Slovenia,1995,,0,,,,,
dataflow,ESTAT:ENV_WASMUN(1.0),Municipal waste by waste management operations,A,Annual,RCV_E,Recovery - energy recovery (R1),KG_HAB,Kilograms per capita,SI,Slovenia,1996,,0,,,,,
dataflow,ESTAT:ENV_WASMUN(1.0),Municipal waste by waste management operations,A,Annual,RCV_E,Recovery - energy recovery (R1),KG_HAB,Kilograms per capita,SI,Slovenia,1997,,0,,,,,
dataflow,ESTAT:ENV_WASMUN(1.0),Municipal waste by waste management operations,A,Annual,RCV_E,Recovery - energy recovery (R1),KG_HAB,Kilograms per capita,SI,Slovenia,1998,,0,,,,,
dataflow,ESTAT:ENV_WASMUN(1.0),Municipal waste by waste management operations,A,Annual,RCV_E,Recovery - energy recovery (R1),KG_HAB,Kilograms per capita,SI,Slovenia,1999,,0,,,,,
dataflow,ESTAT:ENV_WASMUN(1.0),Municipal waste by waste management operations,A,Annual,RCV_E,Recovery - energy recovery (R1),KG_HAB,Kilograms per capita,SI,Slovenia,2000,,0,,,,,
dataflow,ESTAT:ENV_WASMUN(1.0),Municipal waste by waste management operations,A,Annual,RCV_E,Recovery - energy recovery (R1),KG_HAB,Kilograms per capita,SI,Slovenia,2001,,0,,,,,
dataflow,ESTAT:ENV_WASMUN(1.0),Municipal waste by waste management operations,A,Annual,RCV_E,Recovery - energy recovery (R1),KG_HAB,Kilograms per capita,SI,Slovenia,2002,,2,,,,,
dataflow,ESTAT:ENV_WASMUN(1.0),Municipal waste by waste management operations,A,Annual,RCV_E,Recovery - energy recovery (R1),KG_HAB,Kilograms per capita,SI,Slovenia,2003,,3,,,,,
dataflow,ESTAT:ENV_WASMUN(1.0),Municipal waste by waste management operations,A,Annual,RCV_E,Recovery - energy recovery (R1),KG_HAB,Kilograms per capita,SI,Slovenia,2004,,8,,,,,
dataflow,ESTAT:ENV_WASMUN(1.0),Municipal waste by waste management operations,A,Annual,RCV_E,Recovery - energy recovery (R1),KG_HAB,Kilograms per capita,SI,Slovenia,2005,,1,,,,,
dataflow,ESTAT:ENV_WASMUN(1.0),Municipal waste by waste management operations,A,Annual,RCV_E,Recovery - energy recovery (R1),KG_HAB,Kilograms per capita,SI,Slovenia,2006,,0,,,,,
dataflow,ESTAT:ENV_WASMUN(1.0),Municipal waste by waste management operations,A,Annual,RCV_E,Recovery - energy recovery (R1),KG_HAB,Kilograms per capita,SI,Slovenia,2007,,0,,,,,
dataflow,ESTAT:ENV_WASMUN(1.0),Municipal waste by waste management operations,A,Annual,RCV_E,Recovery - energy recovery (R1),KG_HAB,Kilograms per capita,SI,Slovenia,2008,,6,,,,,
dataflow,ESTAT:ENV_WASMUN(1.0),Municipal waste by waste management operations,A,Annual,RCV_E,Recovery - energy recovery (R1),KG_HAB,Kilograms per capita,SI,Slovenia,2009,,7,,,,,
dataflow,ESTAT:ENV_WASMUN(1.0),Municipal waste by waste management operations,A,Annual,RCV_E,Recovery - energy recovery (R1),KG_HAB,Kilograms per capita,SI,Slovenia,2010,,4,,,,,
dataflow,ESTAT:ENV_WASMUN(1.0),Municipal waste by waste management operations,A,Annual,RCV_E,Recovery - energy recovery (R1),KG_HAB,Kilograms per capita,SI,Slovenia,2011,,5,,,,,
dataflow,ESTAT:ENV_WASMUN(1.0),Municipal waste by waste management operations,A,Annual,RCV_E,Recovery - energy recovery (R1),KG_HAB,Kilograms per capita,SI,Slovenia,2012,,4,,,,,
dataflow,ESTAT:ENV_WASMUN(1.0),Municipal waste by waste management operations,A,Annual,RCV_E,Recovery - energy recovery (R1),KG_HAB,Kilograms per capita,SI,Slovenia,2013,,2,,,,,
dataflow,ESTAT:ENV_WASMUN(1.0),Municipal waste by waste management operations,A,Annual,RCV_E,Recovery - energy recovery (R1),KG_HAB,Kilograms per capita,SI,Slovenia,2014,,1,,,,,
dataflow,ESTAT:ENV_WASMUN(1.0),Municipal waste by waste management operations,A,Annual,RCV_E,Recovery - energy recovery (R1),KG_HAB,Kilograms per capita,SI,Slovenia,2015,,76,,be,"break in time series, estimated",,
dataflow,ESTAT:ENV_WASMUN(1.0),Municipal waste by waste management operations,A,Annual,RCV_E,Recovery - energy recovery (R1),KG_HAB,Kilograms per capita,SI,Slovenia,2016,,82,,e,estimated,,
dataflow,ESTAT:ENV_WASMUN(1.0),Municipal waste by waste management operations,A,Annual,RCV_E,Recovery - energy recovery (R1),KG_HAB,Kilograms per capita,SI,Slovenia,2017,,36,,e,estimated,,
dataflow,ESTAT:ENV_WASMUN(1.0),Municipal waste by waste management operations,A,Annual,RCV_E,Recovery - energy recovery (R1),KG_HAB,Kilograms per capita,SI,Slovenia,2018,,47,,e,estimated,,
dataflow,ESTAT:ENV_WASMUN(1.0),Municipal waste by waste management operations,A,Annual,RCV_E,Recovery - energy recovery (R1),KG_HAB,Kilograms per capita,SI,Slovenia,2019,,65,,e,estimated,,
dataflow,ESTAT:ENV_WASMUN(1.0),Municipal waste by waste management operations,A,Annual,RCV_E,Recovery - energy recovery (R1),KG_HAB,Kilograms per capita,SI,Slovenia,2020,,54,,e,estimated,,
dataflow,ESTAT:ENV_WASMUN(1.0),Municipal waste by waste management operations,A,Annual,RCV_E,Recovery - energy recovery (R1),KG_HAB,Kilograms per capita,SI,Slovenia,2021,,46,,,,,
dataflow,ESTAT:ENV_WASMUN(1.0),Municipal waste by waste management operations,A,Annual,RCV_E,Recovery - energy recovery (R1),KG_HAB,Kilograms per capita,SI,Slovenia,2022,,50,,,,,
dataflow,ESTAT:ENV_WASMUN(1.0),Municipal waste by waste management operations,A,Annual,RCV_E,Recovery - energy recovery (R1),KG_HAB,Kilograms per capita,SI,Slovenia,2023,,59,,,,,
dataflow,ESTAT:ENV_WASMUN(1.0),Municipal waste by waste management operations,A,Annual,RCV_E,Recovery - energy recovery (R1),KG_HAB,Kilograms per capita,SK,Slovakia,1995,,27,,,,,
dataflow,ESTAT:ENV_WASMUN(1.0),Municipal waste by waste management operations,A,Annual,RCV_E,Recovery - energy recovery (R1),KG_HAB,Kilograms per capita,SK,Slovakia,1996,,27,,,,,
dataflow,ESTAT:ENV_WASMUN(1.0),Municipal waste by waste management operations,A,Annual,RCV_E,Recovery - energy recovery (R1),KG_HAB,Kilograms per capita,SK,Slovakia,1997,,29,,e,estimated,,
dataflow,ESTAT:ENV_WASMUN(1.0),Municipal waste by waste management operations,A,Annual,RCV_E,Recovery - energy recovery (R1),KG_HAB,Kilograms per capita,SK,Slovakia,1998,,32,,,,,
dataflow,ESTAT:ENV_WASMUN(1.0),Municipal waste by waste management operations,A,Annual,RCV_E,Recovery - energy recovery (R1),KG_HAB,Kilograms per capita,SK,Slovakia,1999,,31,,,,,
dataflow,ESTAT:ENV_WASMUN(1.0),Municipal waste by waste management operations,A,Annual,RCV_E,Recovery - energy recovery (R1),KG_HAB,Kilograms per capita,SK,Slovakia,2000,,38,,,,,
dataflow,ESTAT:ENV_WASMUN(1.0),Municipal waste by waste management operations,A,Annual,RCV_E,Recovery - energy recovery (R1),KG_HAB,Kilograms per capita,SK,Slovakia,2001,,24,,,,,
dataflow,ESTAT:ENV_WASMUN(1.0),Municipal waste by waste management operations,A,Annual,RCV_E,Recovery - energy recovery (R1),KG_HAB,Kilograms per capita,SK,Slovakia,2002,,17,,,,,
dataflow,ESTAT:ENV_WASMUN(1.0),Municipal waste by waste management operations,A,Annual,RCV_E,Recovery - energy recovery (R1),KG_HAB,Kilograms per capita,SK,Slovakia,2003,,18,,,,,
dataflow,ESTAT:ENV_WASMUN(1.0),Municipal waste by waste management operations,A,Annual,RCV_E,Recovery - energy recovery (R1),KG_HAB,Kilograms per capita,SK,Slovakia,2004,,22,,,,,
dataflow,ESTAT:ENV_WASMUN(1.0),Municipal waste by waste management operations,A,Annual,RCV_E,Recovery - energy recovery (R1),KG_HAB,Kilograms per capita,SK,Slovakia,2005,,0,,b,break in time series,,
dataflow,ESTAT:ENV_WASMUN(1.0),Municipal waste by waste management operations,A,Annual,RCV_E,Recovery - energy recovery (R1),KG_HAB,Kilograms per capita,SK,Slovakia,2006,,0,,b,break in time series,,
dataflow,ESTAT:ENV_WASMUN(1.0),Municipal waste by waste management operations,A,Annual,RCV_E,Recovery - energy recovery (R1),KG_HAB,Kilograms per capita,SK,Slovakia,2007,,22,,,,,
dataflow,ESTAT:ENV_WASMUN(1.0),Municipal waste by waste management operations,A,Annual,RCV_E,Recovery - energy recovery (R1),KG_HAB,Kilograms per capita,SK,Slovakia,2008,,29,,,,,
dataflow,ESTAT:ENV_WASMUN(1.0),Municipal waste by waste management operations,A,Annual,RCV_E,Recovery - energy recovery (R1),KG_HAB,Kilograms per capita,SK,Slovakia,2009,,33,,,,,
dataflow,ESTAT:ENV_WASMUN(1.0),Municipal waste by waste management operations,A,Annual,RCV_E,Recovery - energy recovery (R1),KG_HAB,Kilograms per capita,SK,Slovakia,2010,,32,,,,,
dataflow,ESTAT:ENV_WASMUN(1.0),Municipal waste by waste management operations,A,Annual,RCV_E,Recovery - energy recovery (R1),KG_HAB,Kilograms per capita,SK,Slovakia,2011,,34,,,,,
dataflow,ESTAT:ENV_WASMUN(1.0),Municipal waste by waste management operations,A,Annual,RCV_E,Recovery - energy recovery (R1),KG_HAB,Kilograms per capita,SK,Slovakia,2012,,30,,,,,
dataflow,ESTAT:ENV_WASMUN(1.0),Municipal waste by waste management operations,A,Annual,RCV_E,Recovery - energy recovery (R1),KG_HAB,Kilograms per capita,SK,Slovakia,2013,,32,,,,,
dataflow,ESTAT:ENV_WASMUN(1.0),Municipal waste by waste management operations,A,Annual,RCV_E,Recovery - energy recovery (R1),KG_HAB,Kilograms per capita,SK,Slovakia,2014,,34,,,,,
dataflow,ESTAT:ENV_WASMUN(1.0),Municipal waste by waste management operations,A,Annual,RCV_E,Recovery - energy recovery (R1),KG_HAB,Kilograms per capita,SK,Slovakia,2015,,35,,,,,
dataflow,ESTAT:ENV_WASMUN(1.0),Municipal waste by waste management operations,A,Annual,RCV_E,Recovery - energy recovery (R1),KG_HAB,Kilograms per capita,SK,Slovakia,2016,,36,,,,,
dataflow,ESTAT:ENV_WASMUN(1.0),Municipal waste by waste management operations,A,Annual,RCV_E,Recovery - energy recovery (R1),KG_HAB,Kilograms per capita,SK,Slovakia,2017,,36,,,,,
dataflow,ESTAT:ENV_WASMUN(1.0),Municipal waste by waste management operations,A,Annual,RCV_E,Recovery - energy recovery (R1),KG_HAB,Kilograms per capita,SK,Slovakia,2018,,29,,,,,
dataflow,ESTAT:ENV_WASMUN(1.0),Municipal waste by waste management operations,A,Annual,RCV_E,Recovery - energy recovery (R1),KG_HAB,Kilograms per capita,SK,Slovakia,2019,,23,,,,,
dataflow,ESTAT:ENV_WASMUN(1.0),Municipal waste by waste management operations,A,Annual,RCV_E,Recovery - energy recovery (R1),KG_HAB,Kilograms per capita,SK,Slovakia,2020,,35,,,,,
dataflow,ESTAT:ENV_WASMUN(1.0),Municipal waste by waste management operations,A,Annual,RCV_E,Recovery - energy recovery (R1),KG_HAB,Kilograms per capita,SK,Slovakia,2021,,40,,,,,
dataflow,ESTAT:ENV_WASMUN(1.0),Municipal waste by waste management operations,A,Annual,RCV_E,Recovery - energy recovery (R1),KG_HAB,Kilograms per capita,SK,Slovakia,2022,,37,,,,,
dataflow,ESTAT:ENV_WASMUN(1.0),Municipal waste by waste management operations,A,Annual,RCV_E,Recovery - energy recovery (R1),KG_HAB,Kilograms per capita,SK,Slovakia,2023,,36,,,,,
dataflow,ESTAT:ENV_WASMUN(1.0),Municipal waste by waste management operations,A,Annual,RCV_E,Recovery - energy recovery (R1),KG_HAB,Kilograms per capita,TR,Türkiye,1995,,0,,,,,
dataflow,ESTAT:ENV_WASMUN(1.0),Municipal waste by waste management operations,A,Annual,RCV_E,Recovery - energy recovery (R1),KG_HAB,Kilograms per capita,TR,Türkiye,1996,,0,,,,,
dataflow,ESTAT:ENV_WASMUN(1.0),Municipal waste by waste management operations,A,Annual,RCV_E,Recovery - energy recovery (R1),KG_HAB,Kilograms per capita,TR,Türkiye,1997,,0,,,,,
dataflow,ESTAT:ENV_WASMUN(1.0),Municipal waste by waste management operations,A,Annual,RCV_E,Recovery - energy recovery (R1),KG_HAB,Kilograms per capita,TR,Türkiye,1998,,0,,,,,
dataflow,ESTAT:ENV_WASMUN(1.0),Municipal waste by waste management operations,A,Annual,RCV_E,Recovery - energy recovery (R1),KG_HAB,Kilograms per capita,TR,Türkiye,1999,,0,,,,,
dataflow,ESTAT:ENV_WASMUN(1.0),Municipal waste by waste management operations,A,Annual,RCV_E,Recovery - energy recovery (R1),KG_HAB,Kilograms per capita,TR,Türkiye,2000,,0,,,,,
dataflow,ESTAT:ENV_WASMUN(1.0),Municipal waste by waste management operations,A,Annual,RCV_E,Recovery - energy recovery (R1),KG_HAB,Kilograms per capita,TR,Türkiye,2001,,0,,,,,
dataflow,ESTAT:ENV_WASMUN(1.0),Municipal waste by waste management operations,A,Annual,RCV_E,Recovery - energy recovery (R1),KG_HAB,Kilograms per capita,TR,Türkiye,2002,,0,,,,,
dataflow,ESTAT:ENV_WASMUN(1.0),Municipal waste by waste management operations,A,Annual,RCV_E,Recovery - energy recovery (R1),KG_HAB,Kilograms per capita,TR,Türkiye,2003,,0,,,,,
dataflow,ESTAT:ENV_WASMUN(1.0),Municipal waste by waste management operations,A,Annual,RCV_E,Recovery - energy recovery (R1),KG_HAB,Kilograms per capita,TR,Türkiye,2004,,0,,,,,
dataflow,ESTAT:ENV_WASMUN(1.0),Municipal waste by waste management operations,A,Annual,RCV_E,Recovery - energy recovery (R1),KG_HAB,Kilograms per capita,TR,Türkiye,2005,,0,,,,,
dataflow,ESTAT:ENV_WASMUN(1.0),Municipal waste by waste management operations,A,Annual,RCV_E,Recovery - energy recovery (R1),KG_HAB,Kilograms per capita,TR,Türkiye,2006,,0,,,,,
dataflow,ESTAT:ENV_WASMUN(1.0),Municipal waste by waste management operations,A,Annual,RCV_E,Recovery - energy recovery (R1),KG_HAB,Kilograms per capita,TR,Türkiye,2007,,0,,,,,
dataflow,ESTAT:ENV_WASMUN(1.0),Municipal waste by waste management operations,A,Annual,RCV_E,Recovery - energy recovery (R1),KG_HAB,Kilograms per capita,TR,Türkiye,2008,,0,,,,,
dataflow,ESTAT:ENV_WASMUN(1.0),Municipal waste by waste management operations,A,Annual,RCV_E,Recovery - energy recovery (R1),KG_HAB,Kilograms per capita,TR,Türkiye,2009,,0,,,,,
dataflow,ESTAT:ENV_WASMUN(1.0),Municipal waste by waste management operations,A,Annual,RCV_E,Recovery - energy recovery (R1),KG_HAB,Kilograms per capita,TR,Türkiye,2010,,0,,,,,
dataflow,ESTAT:ENV_WASMUN(1.0),Municipal waste by waste management operations,A,Annual,RCV_E,Recovery - energy recovery (R1),KG_HAB,Kilograms per capita,TR,Türkiye,2011,,0,,,,,
dataflow,ESTAT:ENV_WASMUN(1.0),Municipal waste by waste management operations,A,Annual,RCV_E,Recovery - energy recovery (R1),KG_HAB,Kilograms per capita,TR,Türkiye,2012,,0,,,,,
dataflow,ESTAT:ENV_WASMUN(1.0),Municipal waste by waste management operations,A,Annual,RCV_E,Recovery - energy recovery (R1),KG_HAB,Kilograms per capita,TR,Türkiye,2013,,0,,,,,
dataflow,ESTAT:ENV_WASMUN(1.0),Municipal waste by waste management operations,A,Annual,RCV_E,Recovery - energy recovery (R1),KG_HAB,Kilograms per capita,TR,Türkiye,2014,,0,,,,,
dataflow,ESTAT:ENV_WASMUN(1.0),Municipal waste by waste management operations,A,Annual,RCV_E,Recovery - energy recovery (R1),KG_HAB,Kilograms per capita,TR,Türkiye,2015,,0,,,,,
dataflow,ESTAT:ENV_WASMUN(1.0),Municipal waste by waste management operations,A,Annual,RCV_E,Recovery - energy recovery (R1),KG_HAB,Kilograms per capita,TR,Türkiye,2016,,0,,,,,
dataflow,ESTAT:ENV_WASMUN(1.0),Municipal waste by waste management operations,A,Annual,RCV_E,Recovery - energy recovery (R1),KG_HAB,Kilograms per capita,TR,Türkiye,2017,,0,,,,,
dataflow,ESTAT:ENV_WASMUN(1.0),Municipal waste by waste management operations,A,Annual,RCV_E,Recovery - energy recovery (R1),KG_HAB,Kilograms per capita,TR,Türkiye,2018,,0,,,,,
dataflow,ESTAT:ENV_WASMUN(1.0),Municipal waste by waste management operations,A,Annual,RCV_E,Recovery - energy recovery (R1),KG_HAB,Kilograms per capita,TR,Türkiye,2019,,0,,,,,
dataflow,ESTAT:ENV_WASMUN(1.0),Municipal waste by waste management operations,A,Annual,RCV_E,Recovery - energy recovery (R1),KG_HAB,Kilograms per capita,TR,Türkiye,2020,,0,,,,,
dataflow,ESTAT:ENV_WASMUN(1.0),Municipal waste by waste management operations,A,Annual,RCV_E,Recovery - energy recovery (R1),KG_HAB,Kilograms per capita,TR,Türkiye,2021,,0,,,,,
dataflow,ESTAT:ENV_WASMUN(1.0),Municipal waste by waste management operations,A,Annual,RCV_E,Recovery - energy recovery (R1),KG_HAB,Kilograms per capita,XK,Kosovo*,2020,,0,,,,,
dataflow,ESTAT:ENV_WASMUN(1.0),Municipal waste by waste management operations,A,Annual,RCV_E,Recovery - energy recovery (R1),KG_HAB,Kilograms per capita,XK,Kosovo*,2021,,0,,,,,
dataflow,ESTAT:ENV_WASMUN(1.0),Municipal waste by waste management operations,A,Annual,RCV_E,Recovery - energy recovery (R1),KG_HAB,Kilograms per capita,XK,Kosovo*,2022,,0,,,,,
dataflow,ESTAT:ENV_WASMUN(1.0),Municipal waste by waste management operations,A,Annual,RCV_E,Recovery - energy recovery (R1),THS_T,Thousand tonnes,AL,Albania,2013,,9,,,,,
dataflow,ESTAT:ENV_WASMUN(1.0),Municipal waste by waste management operations,A,Annual,RCV_E,Recovery - energy recovery (R1),THS_T,Thousand tonnes,AL,Albania,2014,,6,,,,,
dataflow,ESTAT:ENV_WASMUN(1.0),Municipal waste by waste management operations,A,Annual,RCV_E,Recovery - energy recovery (R1),THS_T,Thousand tonnes,AL,Albania,2015,,22,,,,,
dataflow,ESTAT:ENV_WASMUN(1.0),Municipal waste by waste management operations,A,Annual,RCV_E,Recovery - energy recovery (R1),THS_T,Thousand tonnes,AL,Albania,2016,,19,,,,,
dataflow,ESTAT:ENV_WASMUN(1.0),Municipal waste by waste management operations,A,Annual,RCV_E,Recovery - energy recovery (R1),THS_T,Thousand tonnes,AL,Albania,2017,,23,,,,,
dataflow,ESTAT:ENV_WASMUN(1.0),Municipal waste by waste management operations,A,Annual,RCV_E,Recovery - energy recovery (R1),THS_T,Thousand tonnes,AL,Albania,2018,,37,,,,,
dataflow,ESTAT:ENV_WASMUN(1.0),Municipal waste by waste management operations,A,Annual,RCV_E,Recovery - energy recovery (R1),THS_T,Thousand tonnes,AL,Albania,2019,,10,,,,,
dataflow,ESTAT:ENV_WASMUN(1.0),Municipal waste by waste management operations,A,Annual,RCV_E,Recovery - energy recovery (R1),THS_T,Thousand tonnes,AL,Albania,2020,,11,,,,,
dataflow,ESTAT:ENV_WASMUN(1.0),Municipal waste by waste management operations,A,Annual,RCV_E,Recovery - energy recovery (R1),THS_T,Thousand tonnes,AL,Albania,2021,,17,,,,,
dataflow,ESTAT:ENV_WASMUN(1.0),Municipal waste by waste management operations,A,Annual,RCV_E,Recovery - energy recovery (R1),THS_T,Thousand tonnes,AL,Albania,2022,,36,,,,,
dataflow,ESTAT:ENV_WASMUN(1.0),Municipal waste by waste management operations,A,Annual,RCV_E,Recovery - energy recovery (R1),THS_T,Thousand tonnes,AL,Albania,2023,,38,,,,,
dataflow,ESTAT:ENV_WASMUN(1.0),Municipal waste by waste management operations,A,Annual,RCV_E,Recovery - energy recovery (R1),THS_T,Thousand tonnes,AT,Austria,1995,,431,,,,,
dataflow,ESTAT:ENV_WASMUN(1.0),Municipal waste by waste management operations,A,Annual,RCV_E,Recovery - energy recovery (R1),THS_T,Thousand tonnes,AT,Austria,1996,,431,,,,,
dataflow,ESTAT:ENV_WASMUN(1.0),Municipal waste by waste management operations,A,Annual,RCV_E,Recovery - energy recovery (R1),THS_T,Thousand tonnes,AT,Austria,1997,,445,,,,,
dataflow,ESTAT:ENV_WASMUN(1.0),Municipal waste by waste management operations,A,Annual,RCV_E,Recovery - energy recovery (R1),THS_T,Thousand tonnes,AT,Austria,1998,,440,,,,,
dataflow,ESTAT:ENV_WASMUN(1.0),Municipal waste by waste management operations,A,Annual,RCV_E,Recovery - energy recovery (R1),THS_T,Thousand tonnes,AT,Austria,1999,,456,,,,,
dataflow,ESTAT:ENV_WASMUN(1.0),Municipal waste by waste management operations,A,Annual,RCV_E,Recovery - energy recovery (R1),THS_T,Thousand tonnes,AT,Austria,2000,,522,,,,,
dataflow,ESTAT:ENV_WASMUN(1.0),Municipal waste by waste management operations,A,Annual,RCV_E,Recovery - energy recovery (R1),THS_T,Thousand tonnes,AT,Austria,2001,,521,,,,,
dataflow,ESTAT:ENV_WASMUN(1.0),Municipal waste by waste management operations,A,Annual,RCV_E,Recovery - energy recovery (R1),THS_T,Thousand tonnes,AT,Austria,2002,,530,,,,,
dataflow,ESTAT:ENV_WASMUN(1.0),Municipal waste by waste management operations,A,Annual,RCV_E,Recovery - energy recovery (R1),THS_T,Thousand tonnes,AT,Austria,2003,,592,,,,,
dataflow,ESTAT:ENV_WASMUN(1.0),Municipal waste by waste management operations,A,Annual,RCV_E,Recovery - energy recovery (R1),THS_T,Thousand tonnes,AT,Austria,2004,,1380,,,,,
dataflow,ESTAT:ENV_WASMUN(1.0),Municipal waste by waste management operations,A,Annual,RCV_E,Recovery - energy recovery (R1),THS_T,Thousand tonnes,AT,Austria,2005,,1310,,,,,
dataflow,ESTAT:ENV_WASMUN(1.0),Municipal waste by waste management operations,A,Annual,RCV_E,Recovery - energy recovery (R1),THS_T,Thousand tonnes,AT,Austria,2006,,1430,,,,,
dataflow,ESTAT:ENV_WASMUN(1.0),Municipal waste by waste management operations,A,Annual,RCV_E,Recovery - energy recovery (R1),THS_T,Thousand tonnes,AT,Austria,2007,,1453,,,,,
dataflow,ESTAT:ENV_WASMUN(1.0),Municipal waste by waste management operations,A,Annual,RCV_E,Recovery - energy recovery (R1),THS_T,Thousand tonnes,AT,Austria,2008,,1357,,,,,
dataflow,ESTAT:ENV_WASMUN(1.0),Municipal waste by waste management operations,A,Annual,RCV_E,Recovery - energy recovery (R1),THS_T,Thousand tonnes,AT,Austria,2009,,1440,,,,,
dataflow,ESTAT:ENV_WASMUN(1.0),Municipal waste by waste management operations,A,Annual,RCV_E,Recovery - energy recovery (R1),THS_T,Thousand tonnes,AT,Austria,2010,,1636,,,,,
dataflow,ESTAT:ENV_WASMUN(1.0),Municipal waste by waste management operations,A,Annual,RCV_E,Recovery - energy recovery (R1),THS_T,Thousand tonnes,AT,Austria,2011,,1678,,,,,
dataflow,ESTAT:ENV_WASMUN(1.0),Municipal waste by waste management operations,A,Annual,RCV_E,Recovery - energy recovery (R1),THS_T,Thousand tonnes,AT,Austria,2012,,1693,,,,,
dataflow,ESTAT:ENV_WASMUN(1.0),Municipal waste by waste management operations,A,Annual,RCV_E,Recovery - energy recovery (R1),THS_T,Thousand tonnes,AT,Austria,2013,,1716,,,,,
dataflow,ESTAT:ENV_WASMUN(1.0),Municipal waste by waste management operations,A,Annual,RCV_E,Recovery - energy recovery (R1),THS_T,Thousand tonnes,AT,Austria,2014,,1756,,,,,
dataflow,ESTAT:ENV_WASMUN(1.0),Municipal waste by waste management operations,A,Annual,RCV_E,Recovery - energy recovery (R1),THS_T,Thousand tonnes,AT,Austria,2015,,1833,,,,,
dataflow,ESTAT:ENV_WASMUN(1.0),Municipal waste by waste management operations,A,Annual,RCV_E,Recovery - energy recovery (R1),THS_T,Thousand tonnes,AT,Austria,2016,,1855,,,,,
dataflow,ESTAT:ENV_WASMUN(1.0),Municipal waste by waste management operations,A,Annual,RCV_E,Recovery - energy recovery (R1),THS_T,Thousand tonnes,AT,Austria,2017,,1944,,,,,
dataflow,ESTAT:ENV_WASMUN(1.0),Municipal waste by waste management operations,A,Annual,RCV_E,Recovery - energy recovery (R1),THS_T,Thousand tonnes,AT,Austria,2018,,1977,,,,,
dataflow,ESTAT:ENV_WASMUN(1.0),Municipal waste by waste management operations,A,Annual,RCV_E,Recovery - energy recovery (R1),THS_T,Thousand tonnes,AT,Austria,2019,,2004,,,,,
dataflow,ESTAT:ENV_WASMUN(1.0),Municipal waste by waste management operations,A,Annual,RCV_E,Recovery - energy recovery (R1),THS_T,Thousand tonnes,AT,Austria,2020,,2662,,b,break in time series,,
dataflow,ESTAT:ENV_WASMUN(1.0),Municipal waste by waste management operations,A,Annual,RCV_E,Recovery - energy recovery (R1),THS_T,Thousand tonnes,AT,Austria,2021,,2648,,,,,
dataflow,ESTAT:ENV_WASMUN(1.0),Municipal waste by waste management operations,A,Annual,RCV_E,Recovery - energy recovery (R1),THS_T,Thousand tonnes,AT,Austria,2022,,2565,,,,,
dataflow,ESTAT:ENV_WASMUN(1.0),Municipal waste by waste management operations,A,Annual,RCV_E,Recovery - energy recovery (R1),THS_T,Thousand tonnes,BA,Bosnia and Herzegovina,2008,,0,,,,,
dataflow,ESTAT:ENV_WASMUN(1.0),Municipal waste by waste management operations,A,Annual,RCV_E,Recovery - energy recovery (R1),THS_T,Thousand tonnes,BA,Bosnia and Herzegovina,2009,,0,,,,,
dataflow,ESTAT:ENV_WASMUN(1.0),Municipal waste by waste management operations,A,Annual,RCV_E,Recovery - energy recovery (R1),THS_T,Thousand tonnes,BA,Bosnia and Herzegovina,2010,,0,,,,,
dataflow,ESTAT:ENV_WASMUN(1.0),Municipal waste by waste management operations,A,Annual,RCV_E,Recovery - energy recovery (R1),THS_T,Thousand tonnes,BA,Bosnia and Herzegovina,2011,,0,,,,,
dataflow,ESTAT:ENV_WASMUN(1.0),Municipal waste by waste management operations,A,Annual,RCV_E,Recovery - energy recovery (R1),THS_T,Thousand tonnes,BA,Bosnia and Herzegovina,2012,,0,,,,,
dataflow,ESTAT:ENV_WASMUN(1.0),Municipal waste by waste management operations,A,Annual,RCV_E,Recovery - energy recovery (R1),THS_T,Thousand tonnes,BA,Bosnia and Herzegovina,2013,,0,,,,,
dataflow,ESTAT:ENV_WASMUN(1.0),Municipal waste by waste management operations,A,Annual,RCV_E,Recovery - energy recovery (R1),THS_T,Thousand tonnes,BA,Bosnia and Herzegovina,2014,,0,,,,,
dataflow,ESTAT:ENV_WASMUN(1.0),Municipal waste by waste management operations,A,Annual,RCV_E,Recovery - energy recovery (R1),THS_T,Thousand tonnes,BA,Bosnia and Herzegovina,2015,,0,,,,,
dataflow,ESTAT:ENV_WASMUN(1.0),Municipal waste by waste management operations,A,Annual,RCV_E,Recovery - energy recovery (R1),THS_T,Thousand tonnes,BA,Bosnia and Herzegovina,2016,,0,,,,,
dataflow,ESTAT:ENV_WASMUN(1.0),Municipal waste by waste management operations,A,Annual,RCV_E,Recovery - energy recovery (R1),THS_T,Thousand tonnes,BA,Bosnia and Herzegovina,2017,,0,,,,,
dataflow,ESTAT:ENV_WASMUN(1.0),Municipal waste by waste management operations,A,Annual,RCV_E,Recovery - energy recovery (R1),THS_T,Thousand tonnes,BE,Belgium,1995,,701,,,,,
dataflow,ESTAT:ENV_WASMUN(1.0),Municipal waste by waste management operations,A,Annual,RCV_E,Recovery - energy recovery (R1),THS_T,Thousand tonnes,BE,Belgium,1996,,712,,,,,
dataflow,ESTAT:ENV_WASMUN(1.0),Municipal waste by waste management operations,A,Annual,RCV_E,Recovery - energy recovery (R1),THS_T,Thousand tonnes,BE,Belgium,1997,,959,,,,,
dataflow,ESTAT:ENV_WASMUN(1.0),Municipal waste by waste management operations,A,Annual,RCV_E,Recovery - energy recovery (R1),THS_T,Thousand tonnes,BE,Belgium,1998,,925,,,,,
dataflow,ESTAT:ENV_WASMUN(1.0),Municipal waste by waste management operations,A,Annual,RCV_E,Recovery - energy recovery (R1),THS_T,Thousand tonnes,BE,Belgium,1999,,1373,,,,,
dataflow,ESTAT:ENV_WASMUN(1.0),Municipal waste by waste management operations,A,Annual,RCV_E,Recovery - energy recovery (R1),THS_T,Thousand tonnes,BE,Belgium,2000,,1476,,,,,
dataflow,ESTAT:ENV_WASMUN(1.0),Municipal waste by waste management operations,A,Annual,RCV_E,Recovery - energy recovery (R1),THS_T,Thousand tonnes,BE,Belgium,2001,,1385,,,,,
dataflow,ESTAT:ENV_WASMUN(1.0),Municipal waste by waste management operations,A,Annual,RCV_E,Recovery - energy recovery (R1),THS_T,Thousand tonnes,BE,Belgium,2002,,1565,,,,,
dataflow,ESTAT:ENV_WASMUN(1.0),Municipal waste by waste management operations,A,Annual,RCV_E,Recovery - energy recovery (R1),THS_T,Thousand tonnes,BE,Belgium,2003,,1635,,,,,
dataflow,ESTAT:ENV_WASMUN(1.0),Municipal waste by waste management operations,A,Annual,RCV_E,Recovery - energy recovery (R1),THS_T,Thousand tonnes,BE,Belgium,2004,,1678,,,,,
dataflow,ESTAT:ENV_WASMUN(1.0),Municipal waste by waste management operations,A,Annual,RCV_E,Recovery - energy recovery (R1),THS_T,Thousand tonnes,BE,Belgium,2005,,1770,,,,,
dataflow,ESTAT:ENV_WASMUN(1.0),Municipal waste by waste management operations,A,Annual,RCV_E,Recovery - energy recovery (R1),THS_T,Thousand tonnes,BE,Belgium,2006,,1762,,,,,
dataflow,ESTAT:ENV_WASMUN(1.0),Municipal waste by waste management operations,A,Annual,RCV_E,Recovery - energy recovery (R1),THS_T,Thousand tonnes,BE,Belgium,2007,,1929,,,,,
dataflow,ESTAT:ENV_WASMUN(1.0),Municipal waste by waste management operations,A,Annual,RCV_E,Recovery - energy recovery (R1),THS_T,Thousand tonnes,BE,Belgium,2008,,1868,,,,,
dataflow,ESTAT:ENV_WASMUN(1.0),Municipal waste by waste management operations,A,Annual,RCV_E,Recovery - energy recovery (R1),THS_T,Thousand tonnes,BE,Belgium,2009,,1804,,,,,
dataflow,ESTAT:ENV_WASMUN(1.0),Municipal waste by waste management operations,A,Annual,RCV_E,Recovery - energy recovery (R1),THS_T,Thousand tonnes,BE,Belgium,2010,,1850,,,,,
dataflow,ESTAT:ENV_WASMUN(1.0),Municipal waste by waste management operations,A,Annual,RCV_E,Recovery - energy recovery (R1),THS_T,Thousand tonnes,BE,Belgium,2011,,1863,,,,,
dataflow,ESTAT:ENV_WASMUN(1.0),Municipal waste by waste management operations,A,Annual,RCV_E,Recovery - energy recovery (R1),THS_T,Thousand tonnes,BE,Belgium,2012,,1909,,,,,
dataflow,ESTAT:ENV_WASMUN(1.0),Municipal waste by waste management operations,A,Annual,RCV_E,Recovery - energy recovery (R1),THS_T,Thousand tonnes,BE,Belgium,2013,,2031,,,,,
dataflow,ESTAT:ENV_WASMUN(1.0),Municipal waste by waste management operations,A,Annual,RCV_E,Recovery - energy recovery (R1),THS_T,Thousand tonnes,BE,Belgium,2014,,2039,,,,,
dataflow,ESTAT:ENV_WASMUN(1.0),Municipal waste by waste management operations,A,Annual,RCV_E,Recovery - energy recovery (R1),THS_T,Thousand tonnes,BE,Belgium,2015,,2014,,,,,
dataflow,ESTAT:ENV_WASMUN(1.0),Municipal waste by waste management operations,A,Annual,RCV_E,Recovery - energy recovery (R1),THS_T,Thousand tonnes,BE,Belgium,2016,,2065,,,,,
dataflow,ESTAT:ENV_WASMUN(1.0),Municipal waste by waste management operations,A,Annual,RCV_E,Recovery - energy recovery (R1),THS_T,Thousand tonnes,BE,Belgium,2017,,1964,,,,,
dataflow,ESTAT:ENV_WASMUN(1.0),Municipal waste by waste management operations,A,Annual,RCV_E,Recovery - energy recovery (R1),THS_T,Thousand tonnes,BE,Belgium,2018,,1983,,,,,
dataflow,ESTAT:ENV_WASMUN(1.0),Municipal waste by waste management operations,A,Annual,RCV_E,Recovery - energy recovery (R1),THS_T,Thousand tonnes,BE,Belgium,2019,,2021,,,,,
dataflow,ESTAT:ENV_WASMUN(1.0),Municipal waste by waste management operations,A,Annual,RCV_E,Recovery - energy recovery (R1),THS_T,Thousand tonnes,BE,Belgium,2020,,4069,,,,,
dataflow,ESTAT:ENV_WASMUN(1.0),Municipal waste by waste management operations,A,Annual,RCV_E,Recovery - energy recovery (R1),THS_T,Thousand tonnes,BE,Belgium,2021,,3850,,,,,
dataflow,ESTAT:ENV_WASMUN(1.0),Municipal waste by waste management operations,A,Annual,RCV_E,Recovery - energy recovery (R1),THS_T,Thousand tonnes,BE,Belgium,2022,,3633,,,,,
dataflow,ESTAT:ENV_WASMUN(1.0),Municipal waste by waste management operations,A,Annual,RCV_E,Recovery - energy recovery (R1),THS_T,Thousand tonnes,BE,Belgium,2023,,3651,,,,,
dataflow,ESTAT:ENV_WASMUN(1.0),Municipal waste by waste management operations,A,Annual,RCV_E,Recovery - energy recovery (R1),THS_T,Thousand tonnes,BG,Bulgaria,1995,,0,,,,,
dataflow,ESTAT:ENV_WASMUN(1.0),Municipal waste by waste management operations,A,Annual,RCV_E,Recovery - energy recovery (R1),THS_T,Thousand tonnes,BG,Bulgaria,1996,,0,,,,,
dataflow,ESTAT:ENV_WASMUN(1.0),Municipal waste by waste management operations,A,Annual,RCV_E,Recovery - energy recovery (R1),THS_T,Thousand tonnes,BG,Bulgaria,1997,,0,,,,,
dataflow,ESTAT:ENV_WASMUN(1.0),Municipal waste by waste management operations,A,Annual,RCV_E,Recovery - energy recovery (R1),THS_T,Thousand tonnes,BG,Bulgaria,1998,,0,,,,,
dataflow,ESTAT:ENV_WASMUN(1.0),Municipal waste by waste management operations,A,Annual,RCV_E,Recovery - energy recovery (R1),THS_T,Thousand tonnes,BG,Bulgaria,1999,,0,,,,,
dataflow,ESTAT:ENV_WASMUN(1.0),Municipal waste by waste management operations,A,Annual,RCV_E,Recovery - energy recovery (R1),THS_T,Thousand tonnes,BG,Bulgaria,2000,,0,,,,,
dataflow,ESTAT:ENV_WASMUN(1.0),Municipal waste by waste management operations,A,Annual,RCV_E,Recovery - energy recovery (R1),THS_T,Thousand tonnes,BG,Bulgaria,2001,,0,,,,,
dataflow,ESTAT:ENV_WASMUN(1.0),Municipal waste by waste management operations,A,Annual,RCV_E,Recovery - energy recovery (R1),THS_T,Thousand tonnes,BG,Bulgaria,2002,,0,,,,,
dataflow,ESTAT:ENV_WASMUN(1.0),Municipal waste by waste management operations,A,Annual,RCV_E,Recovery - energy recovery (R1),THS_T,Thousand tonnes,BG,Bulgaria,2003,,0,,,,,
dataflow,ESTAT:ENV_WASMUN(1.0),Municipal waste by waste management operations,A,Annual,RCV_E,Recovery - energy recovery (R1),THS_T,Thousand tonnes,BG,Bulgaria,2004,,0,,,,,
dataflow,ESTAT:ENV_WASMUN(1.0),Municipal waste by waste management operations,A,Annual,RCV_E,Recovery - energy recovery (R1),THS_T,Thousand tonnes,BG,Bulgaria,2005,,0,,,,,
dataflow,ESTAT:ENV_WASMUN(1.0),Municipal waste by waste management operations,A,Annual,RCV_E,Recovery - energy recovery (R1),THS_T,Thousand tonnes,BG,Bulgaria,2006,,0,,,,,
dataflow,ESTAT:ENV_WASMUN(1.0),Municipal waste by waste management operations,A,Annual,RCV_E,Recovery - energy recovery (R1),THS_T,Thousand tonnes,BG,Bulgaria,2007,,0,,,,,
dataflow,ESTAT:ENV_WASMUN(1.0),Municipal waste by waste management operations,A,Annual,RCV_E,Recovery - energy recovery (R1),THS_T,Thousand tonnes,BG,Bulgaria,2008,,0,,,,,
dataflow,ESTAT:ENV_WASMUN(1.0),Municipal waste by waste management operations,A,Annual,RCV_E,Recovery - energy recovery (R1),THS_T,Thousand tonnes,BG,Bulgaria,2009,,0,,,,,
dataflow,ESTAT:ENV_WASMUN(1.0),Municipal waste by waste management operations,A,Annual,RCV_E,Recovery - energy recovery (R1),THS_T,Thousand tonnes,BG,Bulgaria,2010,,0,,,,,
dataflow,ESTAT:ENV_WASMUN(1.0),Municipal waste by waste management operations,A,Annual,RCV_E,Recovery - energy recovery (R1),THS_T,Thousand tonnes,BG,Bulgaria,2011,,0,,,,,
dataflow,ESTAT:ENV_WASMUN(1.0),Municipal waste by waste management operations,A,Annual,RCV_E,Recovery - energy recovery (R1),THS_T,Thousand tonnes,BG,Bulgaria,2012,,0,,,,,
dataflow,ESTAT:ENV_WASMUN(1.0),Municipal waste by waste management operations,A,Annual,RCV_E,Recovery - energy recovery (R1),THS_T,Thousand tonnes,BG,Bulgaria,2013,,49,,,,,
dataflow,ESTAT:ENV_WASMUN(1.0),Municipal waste by waste management operations,A,Annual,RCV_E,Recovery - energy recovery (R1),THS_T,Thousand tonnes,BG,Bulgaria,2014,,51,,,,,
dataflow,ESTAT:ENV_WASMUN(1.0),Municipal waste by waste management operations,A,Annual,RCV_E,Recovery - energy recovery (R1),THS_T,Thousand tonnes,BG,Bulgaria,2015,,82,,,,,
dataflow,ESTAT:ENV_WASMUN(1.0),Municipal waste by waste management operations,A,Annual,RCV_E,Recovery - energy recovery (R1),THS_T,Thousand tonnes,BG,Bulgaria,2016,,109,,,,,
dataflow,ESTAT:ENV_WASMUN(1.0),Municipal waste by waste management operations,A,Annual,RCV_E,Recovery - energy recovery (R1),THS_T,Thousand tonnes,BG,Bulgaria,2017,,103,,,,,
dataflow,ESTAT:ENV_WASMUN(1.0),Municipal waste by waste management operations,A,Annual,RCV_E,Recovery - energy recovery (R1),THS_T,Thousand tonnes,BG,Bulgaria,2018,,208,,,,,
dataflow,ESTAT:ENV_WASMUN(1.0),Municipal waste by waste management operations,A,Annual,RCV_E,Recovery - energy recovery (R1),THS_T,Thousand tonnes,BG,Bulgaria,2019,,103,,i,value imputed by Eurostat or other receiving agencies,,
dataflow,ESTAT:ENV_WASMUN(1.0),Municipal waste by waste management operations,A,Annual,RCV_E,Recovery - energy recovery (R1),THS_T,Thousand tonnes,BG,Bulgaria,2020,,129,,,,,
dataflow,ESTAT:ENV_WASMUN(1.0),Municipal waste by waste management operations,A,Annual,RCV_E,Recovery - energy recovery (R1),THS_T,Thousand tonnes,BG,Bulgaria,2021,,82,,,,,
dataflow,ESTAT:ENV_WASMUN(1.0),Municipal waste by waste management operations,A,Annual,RCV_E,Recovery - energy recovery (R1),THS_T,Thousand tonnes,BG,Bulgaria,2022,,96,,,,,
dataflow,ESTAT:ENV_WASMUN(1.0),Municipal waste by waste management operations,A,Annual,RCV_E,Recovery - energy recovery (R1),THS_T,Thousand tonnes,CH,Switzerland,1995,,2060,,,,,
dataflow,ESTAT:ENV_WASMUN(1.0),Municipal waste by waste management operations,A,Annual,RCV_E,Recovery - energy recovery (R1),THS_T,Thousand tonnes,CH,Switzerland,1996,,2020,,,,,
dataflow,ESTAT:ENV_WASMUN(1.0),Municipal waste by waste management operations,A,Annual,RCV_E,Recovery - energy recovery (R1),THS_T,Thousand tonnes,CH,Switzerland,1997,,2020,,,,,
dataflow,ESTAT:ENV_WASMUN(1.0),Municipal waste by waste management operations,A,Annual,RCV_E,Recovery - energy recovery (R1),THS_T,Thousand tonnes,CH,Switzerland,1998,,1990,,,,,
dataflow,ESTAT:ENV_WASMUN(1.0),Municipal waste by waste management operations,A,Annual,RCV_E,Recovery - energy recovery (R1),THS_T,Thousand tonnes,CH,Switzerland,1999,,2130,,,,,
dataflow,ESTAT:ENV_WASMUN(1.0),Municipal waste by waste management operations,A,Annual,RCV_E,Recovery - energy recovery (R1),THS_T,Thousand tonnes,CH,Switzerland,2000,,2199,,,,,
dataflow,ESTAT:ENV_WASMUN(1.0),Municipal waste by waste management operations,A,Annual,RCV_E,Recovery - energy recovery (R1),THS_T,Thousand tonnes,CH,Switzerland,2001,,2357,,,,,
dataflow,ESTAT:ENV_WASMUN(1.0),Municipal waste by waste management operations,A,Annual,RCV_E,Recovery - energy recovery (R1),THS_T,Thousand tonnes,CH,Switzerland,2002,,2550,,,,,
dataflow,ESTAT:ENV_WASMUN(1.0),Municipal waste by waste management operations,A,Annual,RCV_E,Recovery - energy recovery (R1),THS_T,Thousand tonnes,CH,Switzerland,2003,,2510,,,,,
dataflow,ESTAT:ENV_WASMUN(1.0),Municipal waste by waste management operations,A,Annual,RCV_E,Recovery - energy recovery (R1),THS_T,Thousand tonnes,CH,Switzerland,2004,,2513,,,,,
dataflow,ESTAT:ENV_WASMUN(1.0),Municipal waste by waste management operations,A,Annual,RCV_E,Recovery - energy recovery (R1),THS_T,Thousand tonnes,CH,Switzerland,2005,,2440,,,,,
dataflow,ESTAT:ENV_WASMUN(1.0),Municipal waste by waste management operations,A,Annual,RCV_E,Recovery - energy recovery (R1),THS_T,Thousand tonnes,CH,Switzerland,2006,,2660,,,,,
dataflow,ESTAT:ENV_WASMUN(1.0),Municipal waste by waste management operations,A,Annual,RCV_E,Recovery - energy recovery (R1),THS_T,Thousand tonnes,CH,Switzerland,2007,,2680,,,,,
dataflow,ESTAT:ENV_WASMUN(1.0),Municipal waste by waste management operations,A,Annual,RCV_E,Recovery - energy recovery (R1),THS_T,Thousand tonnes,CH,Switzerland,2008,,2830,,,,,
dataflow,ESTAT:ENV_WASMUN(1.0),Municipal waste by waste management operations,A,Annual,RCV_E,Recovery - energy recovery (R1),THS_T,Thousand tonnes,CH,Switzerland,2009,,2660,,,,,
dataflow,ESTAT:ENV_WASMUN(1.0),Municipal waste by waste management operations,A,Annual,RCV_E,Recovery - energy recovery (R1),THS_T,Thousand tonnes,CH,Switzerland,2010,,2757,,,,,
dataflow,ESTAT:ENV_WASMUN(1.0),Municipal waste by waste management operations,A,Annual,RCV_E,Recovery - energy recovery (R1),THS_T,Thousand tonnes,CH,Switzerland,2011,,2732,,,,,
dataflow,ESTAT:ENV_WASMUN(1.0),Municipal waste by waste management operations,A,Annual,RCV_E,Recovery - energy recovery (R1),THS_T,Thousand tonnes,CH,Switzerland,2012,,2786,,,,,
dataflow,ESTAT:ENV_WASMUN(1.0),Municipal waste by waste management operations,A,Annual,RCV_E,Recovery - energy recovery (R1),THS_T,Thousand tonnes,CH,Switzerland,2013,,2798,,,,,
dataflow,ESTAT:ENV_WASMUN(1.0),Municipal waste by waste management operations,A,Annual,RCV_E,Recovery - energy recovery (R1),THS_T,Thousand tonnes,CH,Switzerland,2014,,2790,,,,,
dataflow,ESTAT:ENV_WASMUN(1.0),Municipal waste by waste management operations,A,Annual,RCV_E,Recovery - energy recovery (R1),THS_T,Thousand tonnes,CH,Switzerland,2015,,2850,,,,,
dataflow,ESTAT:ENV_WASMUN(1.0),Municipal waste by waste management operations,A,Annual,RCV_E,Recovery - energy recovery (R1),THS_T,Thousand tonnes,CH,Switzerland,2016,,2876,,,,,
dataflow,ESTAT:ENV_WASMUN(1.0),Municipal waste by waste management operations,A,Annual,RCV_E,Recovery - energy recovery (R1),THS_T,Thousand tonnes,CH,Switzerland,2017,,2846,,,,,
dataflow,ESTAT:ENV_WASMUN(1.0),Municipal waste by waste management operations,A,Annual,RCV_E,Recovery - energy recovery (R1),THS_T,Thousand tonnes,CH,Switzerland,2018,,2856,,,,,
dataflow,ESTAT:ENV_WASMUN(1.0),Municipal waste by waste management operations,A,Annual,RCV_E,Recovery - energy recovery (R1),THS_T,Thousand tonnes,CH,Switzerland,2019,,2857,,,,,
dataflow,ESTAT:ENV_WASMUN(1.0),Municipal waste by waste management operations,A,Annual,RCV_E,Recovery - energy recovery (R1),THS_T,Thousand tonnes,CH,Switzerland,2020,,2875,,,,,
dataflow,ESTAT:ENV_WASMUN(1.0),Municipal waste by waste management operations,A,Annual,RCV_E,Recovery - energy recovery (R1),THS_T,Thousand tonnes,CH,Switzerland,2021,,2926,,,,,
dataflow,ESTAT:ENV_WASMUN(1.0),Municipal waste by waste management operations,A,Annual,RCV_E,Recovery - energy recovery (R1),THS_T,Thousand tonnes,CH,Switzerland,2022,,2843,,,,,
dataflow,ESTAT:ENV_WASMUN(1.0),Municipal waste by waste management operations,A,Annual,RCV_E,Recovery - energy recovery (R1),THS_T,Thousand tonnes,CY,Cyprus,1995,,0,,,,,
dataflow,ESTAT:ENV_WASMUN(1.0),Municipal waste by waste management operations,A,Annual,RCV_E,Recovery - energy recovery (R1),THS_T,Thousand tonnes,CY,Cyprus,1996,,0,,,,,
dataflow,ESTAT:ENV_WASMUN(1.0),Municipal waste by waste management operations,A,Annual,RCV_E,Recovery - energy recovery (R1),THS_T,Thousand tonnes,CY,Cyprus,1997,,0,,,,,
dataflow,ESTAT:ENV_WASMUN(1.0),Municipal waste by waste management operations,A,Annual,RCV_E,Recovery - energy recovery (R1),THS_T,Thousand tonnes,CY,Cyprus,1998,,0,,,,,
dataflow,ESTAT:ENV_WASMUN(1.0),Municipal waste by waste management operations,A,Annual,RCV_E,Recovery - energy recovery (R1),THS_T,Thousand tonnes,CY,Cyprus,1999,,0,,,,,
dataflow,ESTAT:ENV_WASMUN(1.0),Municipal waste by waste management operations,A,Annual,RCV_E,Recovery - energy recovery (R1),THS_T,Thousand tonnes,CY,Cyprus,2000,,0,,,,,
dataflow,ESTAT:ENV_WASMUN(1.0),Municipal waste by waste management operations,A,Annual,RCV_E,Recovery - energy recovery (R1),THS_T,Thousand tonnes,CY,Cyprus,2001,,0,,,,,
dataflow,ESTAT:ENV_WASMUN(1.0),Municipal waste by waste management operations,A,Annual,RCV_E,Recovery - energy recovery (R1),THS_T,Thousand tonnes,CY,Cyprus,2002,,0,,,,,
dataflow,ESTAT:ENV_WASMUN(1.0),Municipal waste by waste management operations,A,Annual,RCV_E,Recovery - energy recovery (R1),THS_T,Thousand tonnes,CY,Cyprus,2003,,0,,,,,
dataflow,ESTAT:ENV_WASMUN(1.0),Municipal waste by waste management operations,A,Annual,RCV_E,Recovery - energy recovery (R1),THS_T,Thousand tonnes,CY,Cyprus,2004,,0,,,,,
dataflow,ESTAT:ENV_WASMUN(1.0),Municipal waste by waste management operations,A,Annual,RCV_E,Recovery - energy recovery (R1),THS_T,Thousand tonnes,CY,Cyprus,2005,,0,,,,,
dataflow,ESTAT:ENV_WASMUN(1.0),Municipal waste by waste management operations,A,Annual,RCV_E,Recovery - energy recovery (R1),THS_T,Thousand tonnes,CY,Cyprus,2006,,0,,,,,
dataflow,ESTAT:ENV_WASMUN(1.0),Municipal waste by waste management operations,A,Annual,RCV_E,Recovery - energy recovery (R1),THS_T,Thousand tonnes,CY,Cyprus,2007,,0,,,,,
dataflow,ESTAT:ENV_WASMUN(1.0),Municipal waste by waste management operations,A,Annual,RCV_E,Recovery - energy recovery (R1),THS_T,Thousand tonnes,CY,Cyprus,2008,,0,,,,,
dataflow,ESTAT:ENV_WASMUN(1.0),Municipal waste by waste management operations,A,Annual,RCV_E,Recovery - energy recovery (R1),THS_T,Thousand tonnes,CY,Cyprus,2009,,0,,,,,
dataflow,ESTAT:ENV_WASMUN(1.0),Municipal waste by waste management operations,A,Annual,RCV_E,Recovery - energy recovery (R1),THS_T,Thousand tonnes,CY,Cyprus,2010,,0,,,,,
dataflow,ESTAT:ENV_WASMUN(1.0),Municipal waste by waste management operations,A,Annual,RCV_E,Recovery - energy recovery (R1),THS_T,Thousand tonnes,CY,Cyprus,2011,,0,,,,,
dataflow,ESTAT:ENV_WASMUN(1.0),Municipal waste by waste management operations,A,Annual,RCV_E,Recovery - energy recovery (R1),THS_T,Thousand tonnes,CY,Cyprus,2012,,0,,,,,
dataflow,ESTAT:ENV_WASMUN(1.0),Municipal waste by waste management operations,A,Annual,RCV_E,Recovery - energy recovery (R1),THS_T,Thousand tonnes,CY,Cyprus,2013,,0,,,,,
dataflow,ESTAT:ENV_WASMUN(1.0),Municipal waste by waste management operations,A,Annual,RCV_E,Recovery - energy recovery (R1),THS_T,Thousand tonnes,CY,Cyprus,2014,,4,,,,,
dataflow,ESTAT:ENV_WASMUN(1.0),Municipal waste by waste management operations,A,Annual,RCV_E,Recovery - energy recovery (R1),THS_T,Thousand tonnes,CY,Cyprus,2015,,0,,,,,
dataflow,ESTAT:ENV_WASMUN(1.0),Municipal waste by waste management operations,A,Annual,RCV_E,Recovery - energy recovery (R1),THS_T,Thousand tonnes,CY,Cyprus,2016,,2,,,,,
dataflow,ESTAT:ENV_WASMUN(1.0),Municipal waste by waste management operations,A,Annual,RCV_E,Recovery - energy recovery (R1),THS_T,Thousand tonnes,CY,Cyprus,2017,,2,,,,,
dataflow,ESTAT:ENV_WASMUN(1.0),Municipal waste by waste management operations,A,Annual,RCV_E,Recovery - energy recovery (R1),THS_T,Thousand tonnes,CY,Cyprus,2018,,4,,,,,
dataflow,ESTAT:ENV_WASMUN(1.0),Municipal waste by waste management operations,A,Annual,RCV_E,Recovery - energy recovery (R1),THS_T,Thousand tonnes,CY,Cyprus,2019,,6,,,,,
dataflow,ESTAT:ENV_WASMUN(1.0),Municipal waste by waste management operations,A,Annual,RCV_E,Recovery - energy recovery (R1),THS_T,Thousand tonnes,CY,Cyprus,2020,,8,,,,,
dataflow,ESTAT:ENV_WASMUN(1.0),Municipal waste by waste management operations,A,Annual,RCV_E,Recovery - energy recovery (R1),THS_T,Thousand tonnes,CY,Cyprus,2021,,14,,,,,
dataflow,ESTAT:ENV_WASMUN(1.0),Municipal waste by waste management operations,A,Annual,RCV_E,Recovery - energy recovery (R1),THS_T,Thousand tonnes,CY,Cyprus,2022,,15,,,,,
dataflow,ESTAT:ENV_WASMUN(1.0),Municipal waste by waste management operations,A,Annual,RCV_E,Recovery - energy recovery (R1),THS_T,Thousand tonnes,CY,Cyprus,2023,,16,,,,,
dataflow,ESTAT:ENV_WASMUN(1.0),Municipal waste by waste management operations,A,Annual,RCV_E,Recovery - energy recovery (R1),THS_T,Thousand tonnes,CZ,Czechia,1998,,176,,,,,
dataflow,ESTAT:ENV_WASMUN(1.0),Municipal waste by waste management operations,A,Annual,RCV_E,Recovery - energy recovery (R1),THS_T,Thousand tonnes,CZ,Czechia,1999,,303,,i,value imputed by Eurostat or other receiving agencies,,
dataflow,ESTAT:ENV_WASMUN(1.0),Municipal waste by waste management operations,A,Annual,RCV_E,Recovery - energy recovery (R1),THS_T,Thousand tonnes,CZ,Czechia,2000,,317,,i,value imputed by Eurostat or other receiving agencies,,
dataflow,ESTAT:ENV_WASMUN(1.0),Municipal waste by waste management operations,A,Annual,RCV_E,Recovery - energy recovery (R1),THS_T,Thousand tonnes,CZ,Czechia,2001,,354,,i,value imputed by Eurostat or other receiving agencies,,
dataflow,ESTAT:ENV_WASMUN(1.0),Municipal waste by waste management operations,A,Annual,RCV_E,Recovery - energy recovery (R1),THS_T,Thousand tonnes,CZ,Czechia,2002,,398,,,,,
dataflow,ESTAT:ENV_WASMUN(1.0),Municipal waste by waste management operations,A,Annual,RCV_E,Recovery - energy recovery (R1),THS_T,Thousand tonnes,CZ,Czechia,2003,,399,,,,,
dataflow,ESTAT:ENV_WASMUN(1.0),Municipal waste by waste management operations,A,Annual,RCV_E,Recovery - energy recovery (R1),THS_T,Thousand tonnes,CZ,Czechia,2004,,403,,be,"break in time series, estimated",,
dataflow,ESTAT:ENV_WASMUN(1.0),Municipal waste by waste management operations,A,Annual,RCV_E,Recovery - energy recovery (R1),THS_T,Thousand tonnes,CZ,Czechia,2005,,380,,e,estimated,,
dataflow,ESTAT:ENV_WASMUN(1.0),Municipal waste by waste management operations,A,Annual,RCV_E,Recovery - energy recovery (R1),THS_T,Thousand tonnes,CZ,Czechia,2006,,391,,e,estimated,,
dataflow,ESTAT:ENV_WASMUN(1.0),Municipal waste by waste management operations,A,Annual,RCV_E,Recovery - energy recovery (R1),THS_T,Thousand tonnes,CZ,Czechia,2007,,389,,e,estimated,,
dataflow,ESTAT:ENV_WASMUN(1.0),Municipal waste by waste management operations,A,Annual,RCV_E,Recovery - energy recovery (R1),THS_T,Thousand tonnes,CZ,Czechia,2008,,367,,e,estimated,,
dataflow,ESTAT:ENV_WASMUN(1.0),Municipal waste by waste management operations,A,Annual,RCV_E,Recovery - energy recovery (R1),THS_T,Thousand tonnes,CZ,Czechia,2009,,370,,e,estimated,,
dataflow,ESTAT:ENV_WASMUN(1.0),Municipal waste by waste management operations,A,Annual,RCV_E,Recovery - energy recovery (R1),THS_T,Thousand tonnes,CZ,Czechia,2010,,495,,e,estimated,,
dataflow,ESTAT:ENV_WASMUN(1.0),Municipal waste by waste management operations,A,Annual,RCV_E,Recovery - energy recovery (R1),THS_T,Thousand tonnes,CZ,Czechia,2011,,607,,e,estimated,,
dataflow,ESTAT:ENV_WASMUN(1.0),Municipal waste by waste management operations,A,Annual,RCV_E,Recovery - energy recovery (R1),THS_T,Thousand tonnes,CZ,Czechia,2012,,652,,e,estimated,,
dataflow,ESTAT:ENV_WASMUN(1.0),Municipal waste by waste management operations,A,Annual,RCV_E,Recovery - energy recovery (R1),THS_T,Thousand tonnes,CZ,Czechia,2013,,628,,e,estimated,,
dataflow,ESTAT:ENV_WASMUN(1.0),Municipal waste by waste management operations,A,Annual,RCV_E,Recovery - energy recovery (R1),THS_T,Thousand tonnes,CZ,Czechia,2014,,600,,e,estimated,,
dataflow,ESTAT:ENV_WASMUN(1.0),Municipal waste by waste management operations,A,Annual,RCV_E,Recovery - energy recovery (R1),THS_T,Thousand tonnes,CZ,Czechia,2015,,586,,e,estimated,,
dataflow,ESTAT:ENV_WASMUN(1.0),Municipal waste by waste management operations,A,Annual,RCV_E,Recovery - energy recovery (R1),THS_T,Thousand tonnes,CZ,Czechia,2016,,584,,e,estimated,,
dataflow,ESTAT:ENV_WASMUN(1.0),Municipal waste by waste management operations,A,Annual,RCV_E,Recovery - energy recovery (R1),THS_T,Thousand tonnes,CZ,Czechia,2017,,901,,b,break in time series,,
dataflow,ESTAT:ENV_WASMUN(1.0),Municipal waste by waste management operations,A,Annual,RCV_E,Recovery - energy recovery (R1),THS_T,Thousand tonnes,CZ,Czechia,2018,,875,,,,,
dataflow,ESTAT:ENV_WASMUN(1.0),Municipal waste by waste management operations,A,Annual,RCV_E,Recovery - energy recovery (R1),THS_T,Thousand tonnes,CZ,Czechia,2019,,868,,,,,
dataflow,ESTAT:ENV_WASMUN(1.0),Municipal waste by waste management operations,A,Annual,RCV_E,Recovery - energy recovery (R1),THS_T,Thousand tonnes,CZ,Czechia,2020,,732,,,,,
dataflow,ESTAT:ENV_WASMUN(1.0),Municipal waste by waste management operations,A,Annual,RCV_E,Recovery - energy recovery (R1),THS_T,Thousand tonnes,CZ,Czechia,2021,,722,,,,,
dataflow,ESTAT:ENV_WASMUN(1.0),Municipal waste by waste management operations,A,Annual,RCV_E,Recovery - energy recovery (R1),THS_T,Thousand tonnes,DE,Germany,1995,,55,,i,value imputed by Eurostat or other receiving agencies,,
dataflow,ESTAT:ENV_WASMUN(1.0),Municipal waste by waste management operations,A,Annual,RCV_E,Recovery - energy recovery (R1),THS_T,Thousand tonnes,DE,Germany,1996,,55,,i,value imputed by Eurostat or other receiving agencies,,
dataflow,ESTAT:ENV_WASMUN(1.0),Municipal waste by waste management operations,A,Annual,RCV_E,Recovery - energy recovery (R1),THS_T,Thousand tonnes,DE,Germany,1997,,58,,i,value imputed by Eurostat or other receiving agencies,,
dataflow,ESTAT:ENV_WASMUN(1.0),Municipal waste by waste management operations,A,Annual,RCV_E,Recovery - energy recovery (R1),THS_T,Thousand tonnes,DE,Germany,1998,,61,,i,value imputed by Eurostat or other receiving agencies,,
dataflow,ESTAT:ENV_WASMUN(1.0),Municipal waste by waste management operations,A,Annual,RCV_E,Recovery - energy recovery (R1),THS_T,Thousand tonnes,DE,Germany,1999,,93,,i,value imputed by Eurostat or other receiving agencies,,
dataflow,ESTAT:ENV_WASMUN(1.0),Municipal waste by waste management operations,A,Annual,RCV_E,Recovery - energy recovery (R1),THS_T,Thousand tonnes,DE,Germany,2000,,86,,i,value imputed by Eurostat or other receiving agencies,,
dataflow,ESTAT:ENV_WASMUN(1.0),Municipal waste by waste management operations,A,Annual,RCV_E,Recovery - energy recovery (R1),THS_T,Thousand tonnes,DE,Germany,2001,,97,,i,value imputed by Eurostat or other receiving agencies,,
dataflow,ESTAT:ENV_WASMUN(1.0),Municipal waste by waste management operations,A,Annual,RCV_E,Recovery - energy recovery (R1),THS_T,Thousand tonnes,DE,Germany,2002,,153,,,,,
dataflow,ESTAT:ENV_WASMUN(1.0),Municipal waste by waste management operations,A,Annual,RCV_E,Recovery - energy recovery (R1),THS_T,Thousand tonnes,DE,Germany,2003,,178,,,,,
dataflow,ESTAT:ENV_WASMUN(1.0),Municipal waste by waste management operations,A,Annual,RCV_E,Recovery - energy recovery (R1),THS_T,Thousand tonnes,DE,Germany,2004,,371,,,,,
dataflow,ESTAT:ENV_WASMUN(1.0),Municipal waste by waste management operations,A,Annual,RCV_E,Recovery - energy recovery (R1),THS_T,Thousand tonnes,DE,Germany,2005,,430,,,,,
dataflow,ESTAT:ENV_WASMUN(1.0),Municipal waste by waste management operations,A,Annual,RCV_E,Recovery - energy recovery (R1),THS_T,Thousand tonnes,DE,Germany,2006,,3871,,,,,
dataflow,ESTAT:ENV_WASMUN(1.0),Municipal waste by waste management operations,A,Annual,RCV_E,Recovery - energy recovery (R1),THS_T,Thousand tonnes,DE,Germany,2007,,5525,,,,,
dataflow,ESTAT:ENV_WASMUN(1.0),Municipal waste by waste management operations,A,Annual,RCV_E,Recovery - energy recovery (R1),THS_T,Thousand tonnes,DE,Germany,2008,,6265,,,,,
dataflow,ESTAT:ENV_WASMUN(1.0),Municipal waste by waste management operations,A,Annual,RCV_E,Recovery - energy recovery (R1),THS_T,Thousand tonnes,DE,Germany,2009,,6808,,,,,
dataflow,ESTAT:ENV_WASMUN(1.0),Municipal waste by waste management operations,A,Annual,RCV_E,Recovery - energy recovery (R1),THS_T,Thousand tonnes,DE,Germany,2010,,7722,,,,,
dataflow,ESTAT:ENV_WASMUN(1.0),Municipal waste by waste management operations,A,Annual,RCV_E,Recovery - energy recovery (R1),THS_T,Thousand tonnes,DE,Germany,2011,,8074,,,,,
dataflow,ESTAT:ENV_WASMUN(1.0),Municipal waste by waste management operations,A,Annual,RCV_E,Recovery - energy recovery (R1),THS_T,Thousand tonnes,DE,Germany,2012,,8863,,,,,
dataflow,ESTAT:ENV_WASMUN(1.0),Municipal waste by waste management operations,A,Annual,RCV_E,Recovery - energy recovery (R1),THS_T,Thousand tonnes,DE,Germany,2013,,11471,,,,,
dataflow,ESTAT:ENV_WASMUN(1.0),Municipal waste by waste management operations,A,Annual,RCV_E,Recovery - energy recovery (R1),THS_T,Thousand tonnes,DE,Germany,2014,,11553,,,,,
dataflow,ESTAT:ENV_WASMUN(1.0),Municipal waste by waste management operations,A,Annual,RCV_E,Recovery - energy recovery (R1),THS_T,Thousand tonnes,DE,Germany,2015,,12068,,,,,
dataflow,ESTAT:ENV_WASMUN(1.0),Municipal waste by waste management operations,A,Annual,RCV_E,Recovery - energy recovery (R1),THS_T,Thousand tonnes,DE,Germany,2016,,14260,,,,,
dataflow,ESTAT:ENV_WASMUN(1.0),Municipal waste by waste management operations,A,Annual,RCV_E,Recovery - energy recovery (R1),THS_T,Thousand tonnes,DE,Germany,2017,,15946,,,,,
dataflow,ESTAT:ENV_WASMUN(1.0),Municipal waste by waste management operations,A,Annual,RCV_E,Recovery - energy recovery (R1),THS_T,Thousand tonnes,DE,Germany,2018,,15646,,,,,
dataflow,ESTAT:ENV_WASMUN(1.0),Municipal waste by waste management operations,A,Annual,RCV_E,Recovery - energy recovery (R1),THS_T,Thousand tonnes,DE,Germany,2019,,15980,,e,estimated,,
dataflow,ESTAT:ENV_WASMUN(1.0),Municipal waste by waste management operations,A,Annual,RCV_E,Recovery - energy recovery (R1),THS_T,Thousand tonnes,DE,Germany,2020,,15517,,,,,
dataflow,ESTAT:ENV_WASMUN(1.0),Municipal waste by waste management operations,A,Annual,RCV_E,Recovery - energy recovery (R1),THS_T,Thousand tonnes,DE,Germany,2021,,15318,,,,,
dataflow,ESTAT:ENV_WASMUN(1.0),Municipal waste by waste management operations,A,Annual,RCV_E,Recovery - energy recovery (R1),THS_T,Thousand tonnes,DE,Germany,2022,,14661,,,,,
dataflow,ESTAT:ENV_WASMUN(1.0),Municipal waste by waste management operations,A,Annual,RCV_E,Recovery - energy recovery (R1),THS_T,Thousand tonnes,DE,Germany,2023,,14688,,e,estimated,,
dataflow,ESTAT:ENV_WASMUN(1.0),Municipal waste by waste management operations,A,Annual,RCV_E,Recovery - energy recovery (R1),THS_T,Thousand tonnes,DK,Denmark,1995,,1534,,be,"break in time series, estimated",,
dataflow,ESTAT:ENV_WASMUN(1.0),Municipal waste by waste management operations,A,Annual,RCV_E,Recovery - energy recovery (R1),THS_T,Thousand tonnes,DK,Denmark,1996,,1616,,,,,
dataflow,ESTAT:ENV_WASMUN(1.0),Municipal waste by waste management operations,A,Annual,RCV_E,Recovery - energy recovery (R1),THS_T,Thousand tonnes,DK,Denmark,1997,,1662,,,,,
dataflow,ESTAT:ENV_WASMUN(1.0),Municipal waste by waste management operations,A,Annual,RCV_E,Recovery - energy recovery (R1),THS_T,Thousand tonnes,DK,Denmark,1998,,1654,,,,,
dataflow,ESTAT:ENV_WASMUN(1.0),Municipal waste by waste management operations,A,Annual,RCV_E,Recovery - energy recovery (R1),THS_T,Thousand tonnes,DK,Denmark,1999,,1672,,,,,
dataflow,ESTAT:ENV_WASMUN(1.0),Municipal waste by waste management operations,A,Annual,RCV_E,Recovery - energy recovery (R1),THS_T,Thousand tonnes,DK,Denmark,2000,,1876,,,,,
dataflow,ESTAT:ENV_WASMUN(1.0),Municipal waste by waste management operations,A,Annual,RCV_E,Recovery - energy recovery (R1),THS_T,Thousand tonnes,DK,Denmark,2001,,1998,,,,,
dataflow,ESTAT:ENV_WASMUN(1.0),Municipal waste by waste management operations,A,Annual,RCV_E,Recovery - energy recovery (R1),THS_T,Thousand tonnes,DK,Denmark,2002,,2008,,,,,
dataflow,ESTAT:ENV_WASMUN(1.0),Municipal waste by waste management operations,A,Annual,RCV_E,Recovery - energy recovery (R1),THS_T,Thousand tonnes,DK,Denmark,2003,,1955,,,,,
dataflow,ESTAT:ENV_WASMUN(1.0),Municipal waste by waste management operations,A,Annual,RCV_E,Recovery - energy recovery (R1),THS_T,Thousand tonnes,DK,Denmark,2004,,2046,,,,,
dataflow,ESTAT:ENV_WASMUN(1.0),Municipal waste by waste management operations,A,Annual,RCV_E,Recovery - energy recovery (R1),THS_T,Thousand tonnes,DK,Denmark,2005,,2146,,,,,
dataflow,ESTAT:ENV_WASMUN(1.0),Municipal waste by waste management operations,A,Annual,RCV_E,Recovery - energy recovery (R1),THS_T,Thousand tonnes,DK,Denmark,2006,,2138,,,,,
dataflow,ESTAT:ENV_WASMUN(1.0),Municipal waste by waste management operations,A,Annual,RCV_E,Recovery - energy recovery (R1),THS_T,Thousand tonnes,DK,Denmark,2007,,2203,,,,,
dataflow,ESTAT:ENV_WASMUN(1.0),Municipal waste by waste management operations,A,Annual,RCV_E,Recovery - energy recovery (R1),THS_T,Thousand tonnes,DK,Denmark,2008,,2199,,,,,
dataflow,ESTAT:ENV_WASMUN(1.0),Municipal waste by waste management operations,A,Annual,RCV_E,Recovery - energy recovery (R1),THS_T,Thousand tonnes,DK,Denmark,2009,,2025,,e,estimated,,
dataflow,ESTAT:ENV_WASMUN(1.0),Municipal waste by waste management operations,A,Annual,RCV_E,Recovery - energy recovery (R1),THS_T,Thousand tonnes,DK,Denmark,2011,,2643,,b,break in time series,,
dataflow,ESTAT:ENV_WASMUN(1.0),Municipal waste by waste management operations,A,Annual,RCV_E,Recovery - energy recovery (R1),THS_T,Thousand tonnes,DK,Denmark,2012,,2495,,,,,
dataflow,ESTAT:ENV_WASMUN(1.0),Municipal waste by waste management operations,A,Annual,RCV_E,Recovery - energy recovery (R1),THS_T,Thousand tonnes,DK,Denmark,2013,,2510,,,,,
dataflow,ESTAT:ENV_WASMUN(1.0),Municipal waste by waste management operations,A,Annual,RCV_E,Recovery - energy recovery (R1),THS_T,Thousand tonnes,DK,Denmark,2014,,2424,,,,,
dataflow,ESTAT:ENV_WASMUN(1.0),Municipal waste by waste management operations,A,Annual,RCV_E,Recovery - energy recovery (R1),THS_T,Thousand tonnes,DK,Denmark,2015,,2396,,,,,
dataflow,ESTAT:ENV_WASMUN(1.0),Municipal waste by waste management operations,A,Annual,RCV_E,Recovery - energy recovery (R1),THS_T,Thousand tonnes,DK,Denmark,2016,,2402,,,,,
dataflow,ESTAT:ENV_WASMUN(1.0),Municipal waste by waste management operations,A,Annual,RCV_E,Recovery - energy recovery (R1),THS_T,Thousand tonnes,DK,Denmark,2017,,2429,,,,,
dataflow,ESTAT:ENV_WASMUN(1.0),Municipal waste by waste management operations,A,Annual,RCV_E,Recovery - energy recovery (R1),THS_T,Thousand tonnes,DK,Denmark,2018,,2302,,,,,
dataflow,ESTAT:ENV_WASMUN(1.0),Municipal waste by waste management operations,A,Annual,RCV_E,Recovery - energy recovery (R1),THS_T,Thousand tonnes,DK,Denmark,2019,,2333,,,,,
dataflow,ESTAT:ENV_WASMUN(1.0),Municipal waste by waste management operations,A,Annual,RCV_E,Recovery - energy recovery (R1),THS_T,Thousand tonnes,DK,Denmark,2020,,2536,,,,,
dataflow,ESTAT:ENV_WASMUN(1.0),Municipal waste by waste management operations,A,Annual,RCV_E,Recovery - energy recovery (R1),THS_T,Thousand tonnes,DK,Denmark,2021,,1862,,,,,
dataflow,ESTAT:ENV_WASMUN(1.0),Municipal waste by waste management operations,A,Annual,RCV_E,Recovery - energy recovery (R1),THS_T,Thousand tonnes,DK,Denmark,2022,,2148,,,,,
dataflow,ESTAT:ENV_WASMUN(1.0),Municipal waste by waste management operations,A,Annual,RCV_E,Recovery - energy recovery (R1),THS_T,Thousand tonnes,EE,Estonia,1995,,0,,,,,
dataflow,ESTAT:ENV_WASMUN(1.0),Municipal waste by waste management operations,A,Annual,RCV_E,Recovery - energy recovery (R1),THS_T,Thousand tonnes,EE,Estonia,1996,,0,,,,,
dataflow,ESTAT:ENV_WASMUN(1.0),Municipal waste by waste management operations,A,Annual,RCV_E,Recovery - energy recovery (R1),THS_T,Thousand tonnes,EE,Estonia,1997,,0,,,,,
dataflow,ESTAT:ENV_WASMUN(1.0),Municipal waste by waste management operations,A,Annual,RCV_E,Recovery - energy recovery (R1),THS_T,Thousand tonnes,EE,Estonia,1998,,0,,,,,
dataflow,ESTAT:ENV_WASMUN(1.0),Municipal waste by waste management operations,A,Annual,RCV_E,Recovery - energy recovery (R1),THS_T,Thousand tonnes,EE,Estonia,1999,,0,,,,,
dataflow,ESTAT:ENV_WASMUN(1.0),Municipal waste by waste management operations,A,Annual,RCV_E,Recovery - energy recovery (R1),THS_T,Thousand tonnes,EE,Estonia,2000,,0,,,,,
dataflow,ESTAT:ENV_WASMUN(1.0),Municipal waste by waste management operations,A,Annual,RCV_E,Recovery - energy recovery (R1),THS_T,Thousand tonnes,EE,Estonia,2001,,0,,,,,
dataflow,ESTAT:ENV_WASMUN(1.0),Municipal waste by waste management operations,A,Annual,RCV_E,Recovery - energy recovery (R1),THS_T,Thousand tonnes,EE,Estonia,2002,,0,,,,,
dataflow,ESTAT:ENV_WASMUN(1.0),Municipal waste by waste management operations,A,Annual,RCV_E,Recovery - energy recovery (R1),THS_T,Thousand tonnes,EE,Estonia,2003,,0,,,,,
dataflow,ESTAT:ENV_WASMUN(1.0),Municipal waste by waste management operations,A,Annual,RCV_E,Recovery - energy recovery (R1),THS_T,Thousand tonnes,EE,Estonia,2004,,0,,,,,
dataflow,ESTAT:ENV_WASMUN(1.0),Municipal waste by waste management operations,A,Annual,RCV_E,Recovery - energy recovery (R1),THS_T,Thousand tonnes,EE,Estonia,2005,,0,,,,,
dataflow,ESTAT:ENV_WASMUN(1.0),Municipal waste by waste management operations,A,Annual,RCV_E,Recovery - energy recovery (R1),THS_T,Thousand tonnes,EE,Estonia,2006,,1,,,,,
dataflow,ESTAT:ENV_WASMUN(1.0),Municipal waste by waste management operations,A,Annual,RCV_E,Recovery - energy recovery (R1),THS_T,Thousand tonnes,EE,Estonia,2007,,2,,,,,
dataflow,ESTAT:ENV_WASMUN(1.0),Municipal waste by waste management operations,A,Annual,RCV_E,Recovery - energy recovery (R1),THS_T,Thousand tonnes,EE,Estonia,2008,,1,,,,,
dataflow,ESTAT:ENV_WASMUN(1.0),Municipal waste by waste management operations,A,Annual,RCV_E,Recovery - energy recovery (R1),THS_T,Thousand tonnes,EE,Estonia,2009,,1,,,,,
dataflow,ESTAT:ENV_WASMUN(1.0),Municipal waste by waste management operations,A,Annual,RCV_E,Recovery - energy recovery (R1),THS_T,Thousand tonnes,EE,Estonia,2010,,0,,,,,
dataflow,ESTAT:ENV_WASMUN(1.0),Municipal waste by waste management operations,A,Annual,RCV_E,Recovery - energy recovery (R1),THS_T,Thousand tonnes,EE,Estonia,2011,,0,,,,,
dataflow,ESTAT:ENV_WASMUN(1.0),Municipal waste by waste management operations,A,Annual,RCV_E,Recovery - energy recovery (R1),THS_T,Thousand tonnes,EE,Estonia,2012,,47,,,,,
dataflow,ESTAT:ENV_WASMUN(1.0),Municipal waste by waste management operations,A,Annual,RCV_E,Recovery - energy recovery (R1),THS_T,Thousand tonnes,EE,Estonia,2013,,214,,,,,
dataflow,ESTAT:ENV_WASMUN(1.0),Municipal waste by waste management operations,A,Annual,RCV_E,Recovery - energy recovery (R1),THS_T,Thousand tonnes,EE,Estonia,2014,,222,,,,,
dataflow,ESTAT:ENV_WASMUN(1.0),Municipal waste by waste management operations,A,Annual,RCV_E,Recovery - energy recovery (R1),THS_T,Thousand tonnes,EE,Estonia,2015,,243,,,,,
dataflow,ESTAT:ENV_WASMUN(1.0),Municipal waste by waste management operations,A,Annual,RCV_E,Recovery - energy recovery (R1),THS_T,Thousand tonnes,EE,Estonia,2016,,242,,,,,
dataflow,ESTAT:ENV_WASMUN(1.0),Municipal waste by waste management operations,A,Annual,RCV_E,Recovery - energy recovery (R1),THS_T,Thousand tonnes,EE,Estonia,2017,,217,,,,,
dataflow,ESTAT:ENV_WASMUN(1.0),Municipal waste by waste management operations,A,Annual,RCV_E,Recovery - energy recovery (R1),THS_T,Thousand tonnes,EE,Estonia,2018,,221,,,,,
dataflow,ESTAT:ENV_WASMUN(1.0),Municipal waste by waste management operations,A,Annual,RCV_E,Recovery - energy recovery (R1),THS_T,Thousand tonnes,EE,Estonia,2019,,221,,,,,
dataflow,ESTAT:ENV_WASMUN(1.0),Municipal waste by waste management operations,A,Annual,RCV_E,Recovery - energy recovery (R1),THS_T,Thousand tonnes,EE,Estonia,2020,,218,,,,,
dataflow,ESTAT:ENV_WASMUN(1.0),Municipal waste by waste management operations,A,Annual,RCV_E,Recovery - energy recovery (R1),THS_T,Thousand tonnes,EE,Estonia,2021,,255,,,,,
dataflow,ESTAT:ENV_WASMUN(1.0),Municipal waste by waste management operations,A,Annual,RCV_E,Recovery - energy recovery (R1),THS_T,Thousand tonnes,EE,Estonia,2022,,212,,,,,
dataflow,ESTAT:ENV_WASMUN(1.0),Municipal waste by waste management operations,A,Annual,RCV_E,Recovery - energy recovery (R1),THS_T,Thousand tonnes,EE,Estonia,2023,,218,,,,,
dataflow,ESTAT:ENV_WASMUN(1.0),Municipal waste by waste management operations,A,Annual,RCV_E,Recovery - energy recovery (R1),THS_T,Thousand tonnes,EL,Greece,1997,,0,,,,,
dataflow,ESTAT:ENV_WASMUN(1.0),Municipal waste by waste management operations,A,Annual,RCV_E,Recovery - energy recovery (R1),THS_T,Thousand tonnes,EL,Greece,1998,,0,,,,,
dataflow,ESTAT:ENV_WASMUN(1.0),Municipal waste by waste management operations,A,Annual,RCV_E,Recovery - energy recovery (R1),THS_T,Thousand tonnes,EL,Greece,1999,,0,,,,,
dataflow,ESTAT:ENV_WASMUN(1.0),Municipal waste by waste management operations,A,Annual,RCV_E,Recovery - energy recovery (R1),THS_T,Thousand tonnes,EL,Greece,2000,,0,,,,,
dataflow,ESTAT:ENV_WASMUN(1.0),Municipal waste by waste management operations,A,Annual,RCV_E,Recovery - energy recovery (R1),THS_T,Thousand tonnes,EL,Greece,2001,,0,,,,,
dataflow,ESTAT:ENV_WASMUN(1.0),Municipal waste by waste management operations,A,Annual,RCV_E,Recovery - energy recovery (R1),THS_T,Thousand tonnes,EL,Greece,2002,,0,,,,,
dataflow,ESTAT:ENV_WASMUN(1.0),Municipal waste by waste management operations,A,Annual,RCV_E,Recovery - energy recovery (R1),THS_T,Thousand tonnes,EL,Greece,2003,,0,,,,,
dataflow,ESTAT:ENV_WASMUN(1.0),Municipal waste by waste management operations,A,Annual,RCV_E,Recovery - energy recovery (R1),THS_T,Thousand tonnes,EL,Greece,2004,,0,,,,,
dataflow,ESTAT:ENV_WASMUN(1.0),Municipal waste by waste management operations,A,Annual,RCV_E,Recovery - energy recovery (R1),THS_T,Thousand tonnes,EL,Greece,2005,,0,,,,,
dataflow,ESTAT:ENV_WASMUN(1.0),Municipal waste by waste management operations,A,Annual,RCV_E,Recovery - energy recovery (R1),THS_T,Thousand tonnes,EL,Greece,2006,,0,,,,,
dataflow,ESTAT:ENV_WASMUN(1.0),Municipal waste by waste management operations,A,Annual,RCV_E,Recovery - energy recovery (R1),THS_T,Thousand tonnes,EL,Greece,2007,,0,,,,,
dataflow,ESTAT:ENV_WASMUN(1.0),Municipal waste by waste management operations,A,Annual,RCV_E,Recovery - energy recovery (R1),THS_T,Thousand tonnes,EL,Greece,2008,,0,,,,,
dataflow,ESTAT:ENV_WASMUN(1.0),Municipal waste by waste management operations,A,Annual,RCV_E,Recovery - energy recovery (R1),THS_T,Thousand tonnes,EL,Greece,2009,,0,,,,,
dataflow,ESTAT:ENV_WASMUN(1.0),Municipal waste by waste management operations,A,Annual,RCV_E,Recovery - energy recovery (R1),THS_T,Thousand tonnes,EL,Greece,2010,,0,,,,,
dataflow,ESTAT:ENV_WASMUN(1.0),Municipal waste by waste management operations,A,Annual,RCV_E,Recovery - energy recovery (R1),THS_T,Thousand tonnes,EL,Greece,2011,,16,,,,,
dataflow,ESTAT:ENV_WASMUN(1.0),Municipal waste by waste management operations,A,Annual,RCV_E,Recovery - energy recovery (R1),THS_T,Thousand tonnes,EL,Greece,2012,,29,,,,,
dataflow,ESTAT:ENV_WASMUN(1.0),Municipal waste by waste management operations,A,Annual,RCV_E,Recovery - energy recovery (R1),THS_T,Thousand tonnes,EL,Greece,2013,,29,,,,,
dataflow,ESTAT:ENV_WASMUN(1.0),Municipal waste by waste management operations,A,Annual,RCV_E,Recovery - energy recovery (R1),THS_T,Thousand tonnes,EL,Greece,2014,,25,,,,,
dataflow,ESTAT:ENV_WASMUN(1.0),Municipal waste by waste management operations,A,Annual,RCV_E,Recovery - energy recovery (R1),THS_T,Thousand tonnes,EL,Greece,2015,,18,,,,,
dataflow,ESTAT:ENV_WASMUN(1.0),Municipal waste by waste management operations,A,Annual,RCV_E,Recovery - energy recovery (R1),THS_T,Thousand tonnes,EL,Greece,2016,,27,,,,,
dataflow,ESTAT:ENV_WASMUN(1.0),Municipal waste by waste management operations,A,Annual,RCV_E,Recovery - energy recovery (R1),THS_T,Thousand tonnes,EL,Greece,2017,,58,,,,,
dataflow,ESTAT:ENV_WASMUN(1.0),Municipal waste by waste management operations,A,Annual,RCV_E,Recovery - energy recovery (R1),THS_T,Thousand tonnes,EL,Greece,2018,,83,,,,,
dataflow,ESTAT:ENV_WASMUN(1.0),Municipal waste by waste management operations,A,Annual,RCV_E,Recovery - energy recovery (R1),THS_T,Thousand tonnes,EL,Greece,2019,,74,,,,,
dataflow,ESTAT:ENV_WASMUN(1.0),Municipal waste by waste management operations,A,Annual,RCV_E,Recovery - energy recovery (R1),THS_T,Thousand tonnes,EL,Greece,2020,,88,,,,,
dataflow,ESTAT:ENV_WASMUN(1.0),Municipal waste by waste management operations,A,Annual,RCV_E,Recovery - energy recovery (R1),THS_T,Thousand tonnes,EL,Greece,2021,,87,,,,,
dataflow,ESTAT:ENV_WASMUN(1.0),Municipal waste by waste management operations,A,Annual,RCV_E,Recovery - energy recovery (R1),THS_T,Thousand tonnes,EL,Greece,2022,,87,,,,,
dataflow,ESTAT:ENV_WASMUN(1.0),Municipal waste by waste management operations,A,Annual,RCV_E,Recovery - energy recovery (R1),THS_T,Thousand tonnes,ES,Spain,1995,,955,,,,,
dataflow,ESTAT:ENV_WASMUN(1.0),Municipal waste by waste management operations,A,Annual,RCV_E,Recovery - energy recovery (R1),THS_T,Thousand tonnes,ES,Spain,1996,,972,,,,,
dataflow,ESTAT:ENV_WASMUN(1.0),Municipal waste by waste management operations,A,Annual,RCV_E,Recovery - energy recovery (R1),THS_T,Thousand tonnes,ES,Spain,1997,,1390,,,,,
dataflow,ESTAT:ENV_WASMUN(1.0),Municipal waste by waste management operations,A,Annual,RCV_E,Recovery - energy recovery (R1),THS_T,Thousand tonnes,ES,Spain,1998,,1506,,,,,
dataflow,ESTAT:ENV_WASMUN(1.0),Municipal waste by waste management operations,A,Annual,RCV_E,Recovery - energy recovery (R1),THS_T,Thousand tonnes,ES,Spain,1999,,1431,,,,,
dataflow,ESTAT:ENV_WASMUN(1.0),Municipal waste by waste management operations,A,Annual,RCV_E,Recovery - energy recovery (R1),THS_T,Thousand tonnes,ES,Spain,2000,,1462,,,,,
dataflow,ESTAT:ENV_WASMUN(1.0),Municipal waste by waste management operations,A,Annual,RCV_E,Recovery - energy recovery (R1),THS_T,Thousand tonnes,ES,Spain,2001,,1488,,,,,
dataflow,ESTAT:ENV_WASMUN(1.0),Municipal waste by waste management operations,A,Annual,RCV_E,Recovery - energy recovery (R1),THS_T,Thousand tonnes,ES,Spain,2002,,1567,,,,,
dataflow,ESTAT:ENV_WASMUN(1.0),Municipal waste by waste management operations,A,Annual,RCV_E,Recovery - energy recovery (R1),THS_T,Thousand tonnes,ES,Spain,2003,,1765,,,,,
dataflow,ESTAT:ENV_WASMUN(1.0),Municipal waste by waste management operations,A,Annual,RCV_E,Recovery - energy recovery (R1),THS_T,Thousand tonnes,ES,Spain,2004,,1343,,,,,
dataflow,ESTAT:ENV_WASMUN(1.0),Municipal waste by waste management operations,A,Annual,RCV_E,Recovery - energy recovery (R1),THS_T,Thousand tonnes,ES,Spain,2005,,1915,,,,,
dataflow,ESTAT:ENV_WASMUN(1.0),Municipal waste by waste management operations,A,Annual,RCV_E,Recovery - energy recovery (R1),THS_T,Thousand tonnes,ES,Spain,2006,,2025,,,,,
dataflow,ESTAT:ENV_WASMUN(1.0),Municipal waste by waste management operations,A,Annual,RCV_E,Recovery - energy recovery (R1),THS_T,Thousand tonnes,ES,Spain,2007,,2202,,,,,
dataflow,ESTAT:ENV_WASMUN(1.0),Municipal waste by waste management operations,A,Annual,RCV_E,Recovery - energy recovery (R1),THS_T,Thousand tonnes,ES,Spain,2008,,2170,,,,,
dataflow,ESTAT:ENV_WASMUN(1.0),Municipal waste by waste management operations,A,Annual,RCV_E,Recovery - energy recovery (R1),THS_T,Thousand tonnes,ES,Spain,2009,,2241,,,,,
dataflow,ESTAT:ENV_WASMUN(1.0),Municipal waste by waste management operations,A,Annual,RCV_E,Recovery - energy recovery (R1),THS_T,Thousand tonnes,ES,Spain,2010,,2044,,,,,
dataflow,ESTAT:ENV_WASMUN(1.0),Municipal waste by waste management operations,A,Annual,RCV_E,Recovery - energy recovery (R1),THS_T,Thousand tonnes,ES,Spain,2011,,2342,,,,,
dataflow,ESTAT:ENV_WASMUN(1.0),Municipal waste by waste management operations,A,Annual,RCV_E,Recovery - energy recovery (R1),THS_T,Thousand tonnes,ES,Spain,2012,,2112,,,,,
dataflow,ESTAT:ENV_WASMUN(1.0),Municipal waste by waste management operations,A,Annual,RCV_E,Recovery - energy recovery (R1),THS_T,Thousand tonnes,ES,Spain,2013,,2492,,,,,
dataflow,ESTAT:ENV_WASMUN(1.0),Municipal waste by waste management operations,A,Annual,RCV_E,Recovery - energy recovery (R1),THS_T,Thousand tonnes,ES,Spain,2014,,2394,,,,,
dataflow,ESTAT:ENV_WASMUN(1.0),Municipal waste by waste management operations,A,Annual,RCV_E,Recovery - energy recovery (R1),THS_T,Thousand tonnes,ES,Spain,2015,,2685,,,,,
dataflow,ESTAT:ENV_WASMUN(1.0),Municipal waste by waste management operations,A,Annual,RCV_E,Recovery - energy recovery (R1),THS_T,Thousand tonnes,ES,Spain,2016,,2589,,,,,
dataflow,ESTAT:ENV_WASMUN(1.0),Municipal waste by waste management operations,A,Annual,RCV_E,Recovery - energy recovery (R1),THS_T,Thousand tonnes,ES,Spain,2017,,2804,,,,,
dataflow,ESTAT:ENV_WASMUN(1.0),Municipal waste by waste management operations,A,Annual,RCV_E,Recovery - energy recovery (R1),THS_T,Thousand tonnes,ES,Spain,2018,,2580,,,,,
dataflow,ESTAT:ENV_WASMUN(1.0),Municipal waste by waste management operations,A,Annual,RCV_E,Recovery - energy recovery (R1),THS_T,Thousand tonnes,ES,Spain,2019,,2445,,,,,
dataflow,ESTAT:ENV_WASMUN(1.0),Municipal waste by waste management operations,A,Annual,RCV_E,Recovery - energy recovery (R1),THS_T,Thousand tonnes,ES,Spain,2020,,2218,,,,,
dataflow,ESTAT:ENV_WASMUN(1.0),Municipal waste by waste management operations,A,Annual,RCV_E,Recovery - energy recovery (R1),THS_T,Thousand tonnes,ES,Spain,2021,,2423,,,,,
dataflow,ESTAT:ENV_WASMUN(1.0),Municipal waste by waste management operations,A,Annual,RCV_E,Recovery - energy recovery (R1),THS_T,Thousand tonnes,ES,Spain,2022,,2363,,p,provisional,,
dataflow,ESTAT:ENV_WASMUN(1.0),Municipal waste by waste management operations,A,Annual,RCV_E,Recovery - energy recovery (R1),THS_T,Thousand tonnes,ES,Spain,2023,,2385,,e,estimated,,
dataflow,ESTAT:ENV_WASMUN(1.0),Municipal waste by waste management operations,A,Annual,RCV_E,Recovery - energy recovery (R1),THS_T,Thousand tonnes,EU27_2020,European Union - 27 countries (from 2020),1995,,14519,,i,value imputed by Eurostat or other receiving agencies,,
dataflow,ESTAT:ENV_WASMUN(1.0),Municipal waste by waste management operations,A,Annual,RCV_E,Recovery - energy recovery (R1),THS_T,Thousand tonnes,EU27_2020,European Union - 27 countries (from 2020),1996,,14411,,i,value imputed by Eurostat or other receiving agencies,,
dataflow,ESTAT:ENV_WASMUN(1.0),Municipal waste by waste management operations,A,Annual,RCV_E,Recovery - energy recovery (R1),THS_T,Thousand tonnes,EU27_2020,European Union - 27 countries (from 2020),1997,,15508,,i,value imputed by Eurostat or other receiving agencies,,
dataflow,ESTAT:ENV_WASMUN(1.0),Municipal waste by waste management operations,A,Annual,RCV_E,Recovery - energy recovery (R1),THS_T,Thousand tonnes,EU27_2020,European Union - 27 countries (from 2020),1998,,17002,,i,value imputed by Eurostat or other receiving agencies,,
dataflow,ESTAT:ENV_WASMUN(1.0),Municipal waste by waste management operations,A,Annual,RCV_E,Recovery - energy recovery (R1),THS_T,Thousand tonnes,EU27_2020,European Union - 27 countries (from 2020),1999,,18020,,i,value imputed by Eurostat or other receiving agencies,,
dataflow,ESTAT:ENV_WASMUN(1.0),Municipal waste by waste management operations,A,Annual,RCV_E,Recovery - energy recovery (R1),THS_T,Thousand tonnes,EU27_2020,European Union - 27 countries (from 2020),2000,,20009,,i,value imputed by Eurostat or other receiving agencies,,
dataflow,ESTAT:ENV_WASMUN(1.0),Municipal waste by waste management operations,A,Annual,RCV_E,Recovery - energy recovery (R1),THS_T,Thousand tonnes,EU27_2020,European Union - 27 countries (from 2020),2001,,21096,,i,value imputed by Eurostat or other receiving agencies,,
dataflow,ESTAT:ENV_WASMUN(1.0),Municipal waste by waste management operations,A,Annual,RCV_E,Recovery - energy recovery (R1),THS_T,Thousand tonnes,EU27_2020,European Union - 27 countries (from 2020),2002,,22267,,i,value imputed by Eurostat or other receiving agencies,,
dataflow,ESTAT:ENV_WASMUN(1.0),Municipal waste by waste management operations,A,Annual,RCV_E,Recovery - energy recovery (R1),THS_T,Thousand tonnes,EU27_2020,European Union - 27 countries (from 2020),2003,,23166,,i,value imputed by Eurostat or other receiving agencies,,
dataflow,ESTAT:ENV_WASMUN(1.0),Municipal waste by waste management operations,A,Annual,RCV_E,Recovery - energy recovery (R1),THS_T,Thousand tonnes,EU27_2020,European Union - 27 countries (from 2020),2004,,24947,,i,value imputed by Eurostat or other receiving agencies,,
dataflow,ESTAT:ENV_WASMUN(1.0),Municipal waste by waste management operations,A,Annual,RCV_E,Recovery - energy recovery (R1),THS_T,Thousand tonnes,EU27_2020,European Union - 27 countries (from 2020),2005,,26635,,i,value imputed by Eurostat or other receiving agencies,,
dataflow,ESTAT:ENV_WASMUN(1.0),Municipal waste by waste management operations,A,Annual,RCV_E,Recovery - energy recovery (R1),THS_T,Thousand tonnes,EU27_2020,European Union - 27 countries (from 2020),2006,,30513,,i,value imputed by Eurostat or other receiving agencies,,
dataflow,ESTAT:ENV_WASMUN(1.0),Municipal waste by waste management operations,A,Annual,RCV_E,Recovery - energy recovery (R1),THS_T,Thousand tonnes,EU27_2020,European Union - 27 countries (from 2020),2007,,32729,,i,value imputed by Eurostat or other receiving agencies,,
dataflow,ESTAT:ENV_WASMUN(1.0),Municipal waste by waste management operations,A,Annual,RCV_E,Recovery - energy recovery (R1),THS_T,Thousand tonnes,EU27_2020,European Union - 27 countries (from 2020),2008,,35079,,,,,
dataflow,ESTAT:ENV_WASMUN(1.0),Municipal waste by waste management operations,A,Annual,RCV_E,Recovery - energy recovery (R1),THS_T,Thousand tonnes,EU27_2020,European Union - 27 countries (from 2020),2009,,36166,,,,,
dataflow,ESTAT:ENV_WASMUN(1.0),Municipal waste by waste management operations,A,Annual,RCV_E,Recovery - energy recovery (R1),THS_T,Thousand tonnes,EU27_2020,European Union - 27 countries (from 2020),2010,,40102,,,,,
dataflow,ESTAT:ENV_WASMUN(1.0),Municipal waste by waste management operations,A,Annual,RCV_E,Recovery - energy recovery (R1),THS_T,Thousand tonnes,EU27_2020,European Union - 27 countries (from 2020),2011,,43552,,,,,
dataflow,ESTAT:ENV_WASMUN(1.0),Municipal waste by waste management operations,A,Annual,RCV_E,Recovery - energy recovery (R1),THS_T,Thousand tonnes,EU27_2020,European Union - 27 countries (from 2020),2012,,44839,,,,,
dataflow,ESTAT:ENV_WASMUN(1.0),Municipal waste by waste management operations,A,Annual,RCV_E,Recovery - energy recovery (R1),THS_T,Thousand tonnes,EU27_2020,European Union - 27 countries (from 2020),2013,,49359,,,,,
dataflow,ESTAT:ENV_WASMUN(1.0),Municipal waste by waste management operations,A,Annual,RCV_E,Recovery - energy recovery (R1),THS_T,Thousand tonnes,EU27_2020,European Union - 27 countries (from 2020),2014,,50375,,,,,
dataflow,ESTAT:ENV_WASMUN(1.0),Municipal waste by waste management operations,A,Annual,RCV_E,Recovery - energy recovery (R1),THS_T,Thousand tonnes,EU27_2020,European Union - 27 countries (from 2020),2015,,48969,,,,,
dataflow,ESTAT:ENV_WASMUN(1.0),Municipal waste by waste management operations,A,Annual,RCV_E,Recovery - energy recovery (R1),THS_T,Thousand tonnes,EU27_2020,European Union - 27 countries (from 2020),2016,,52758,,,,,
dataflow,ESTAT:ENV_WASMUN(1.0),Municipal waste by waste management operations,A,Annual,RCV_E,Recovery - energy recovery (R1),THS_T,Thousand tonnes,EU27_2020,European Union - 27 countries (from 2020),2017,,57283,,,,,
dataflow,ESTAT:ENV_WASMUN(1.0),Municipal waste by waste management operations,A,Annual,RCV_E,Recovery - energy recovery (R1),THS_T,Thousand tonnes,EU27_2020,European Union - 27 countries (from 2020),2018,,57217,,,,,
dataflow,ESTAT:ENV_WASMUN(1.0),Municipal waste by waste management operations,A,Annual,RCV_E,Recovery - energy recovery (R1),THS_T,Thousand tonnes,EU27_2020,European Union - 27 countries (from 2020),2019,,57588,,i,value imputed by Eurostat or other receiving agencies,,
dataflow,ESTAT:ENV_WASMUN(1.0),Municipal waste by waste management operations,A,Annual,RCV_E,Recovery - energy recovery (R1),THS_T,Thousand tonnes,EU27_2020,European Union - 27 countries (from 2020),2020,,60484,,,,,
dataflow,ESTAT:ENV_WASMUN(1.0),Municipal waste by waste management operations,A,Annual,RCV_E,Recovery - energy recovery (R1),THS_T,Thousand tonnes,EU27_2020,European Union - 27 countries (from 2020),2021,,60404,,i,value imputed by Eurostat or other receiving agencies,,
dataflow,ESTAT:ENV_WASMUN(1.0),Municipal waste by waste management operations,A,Annual,RCV_E,Recovery - energy recovery (R1),THS_T,Thousand tonnes,EU27_2020,European Union - 27 countries (from 2020),2022,,57334,,i,value imputed by Eurostat or other receiving agencies,,
dataflow,ESTAT:ENV_WASMUN(1.0),Municipal waste by waste management operations,A,Annual,RCV_E,Recovery - energy recovery (R1),THS_T,Thousand tonnes,EU27_2020,European Union - 27 countries (from 2020),2023,,56772,,i,value imputed by Eurostat or other receiving agencies,,
dataflow,ESTAT:ENV_WASMUN(1.0),Municipal waste by waste management operations,A,Annual,RCV_E,Recovery - energy recovery (R1),THS_T,Thousand tonnes,FI,Finland,1997,,113,,,,,
dataflow,ESTAT:ENV_WASMUN(1.0),Municipal waste by waste management operations,A,Annual,RCV_E,Recovery - energy recovery (R1),THS_T,Thousand tonnes,FI,Finland,1998,,143,,,,,
dataflow,ESTAT:ENV_WASMUN(1.0),Municipal waste by waste management operations,A,Annual,RCV_E,Recovery - energy recovery (R1),THS_T,Thousand tonnes,FI,Finland,1999,,196,,,,,
dataflow,ESTAT:ENV_WASMUN(1.0),Municipal waste by waste management operations,A,Annual,RCV_E,Recovery - energy recovery (R1),THS_T,Thousand tonnes,FI,Finland,2000,,270,,,,,
dataflow,ESTAT:ENV_WASMUN(1.0),Municipal waste by waste management operations,A,Annual,RCV_E,Recovery - energy recovery (R1),THS_T,Thousand tonnes,FI,Finland,2001,,214,,,,,
dataflow,ESTAT:ENV_WASMUN(1.0),Municipal waste by waste management operations,A,Annual,RCV_E,Recovery - energy recovery (R1),THS_T,Thousand tonnes,FI,Finland,2002,,164,,,,,
dataflow,ESTAT:ENV_WASMUN(1.0),Municipal waste by waste management operations,A,Annual,RCV_E,Recovery - energy recovery (R1),THS_T,Thousand tonnes,FI,Finland,2003,,202,,,,,
dataflow,ESTAT:ENV_WASMUN(1.0),Municipal waste by waste management operations,A,Annual,RCV_E,Recovery - energy recovery (R1),THS_T,Thousand tonnes,FI,Finland,2004,,233,,,,,
dataflow,ESTAT:ENV_WASMUN(1.0),Municipal waste by waste management operations,A,Annual,RCV_E,Recovery - energy recovery (R1),THS_T,Thousand tonnes,FI,Finland,2005,,176,,,,,
dataflow,ESTAT:ENV_WASMUN(1.0),Municipal waste by waste management operations,A,Annual,RCV_E,Recovery - energy recovery (R1),THS_T,Thousand tonnes,FI,Finland,2006,,168,,,,,
dataflow,ESTAT:ENV_WASMUN(1.0),Municipal waste by waste management operations,A,Annual,RCV_E,Recovery - energy recovery (R1),THS_T,Thousand tonnes,FI,Finland,2007,,236,,,,,
dataflow,ESTAT:ENV_WASMUN(1.0),Municipal waste by waste management operations,A,Annual,RCV_E,Recovery - energy recovery (R1),THS_T,Thousand tonnes,FI,Finland,2008,,347,,,,,
dataflow,ESTAT:ENV_WASMUN(1.0),Municipal waste by waste management operations,A,Annual,RCV_E,Recovery - energy recovery (R1),THS_T,Thousand tonnes,FI,Finland,2009,,349,,,,,
dataflow,ESTAT:ENV_WASMUN(1.0),Municipal waste by waste management operations,A,Annual,RCV_E,Recovery - energy recovery (R1),THS_T,Thousand tonnes,FI,Finland,2010,,441,,,,,
dataflow,ESTAT:ENV_WASMUN(1.0),Municipal waste by waste management operations,A,Annual,RCV_E,Recovery - energy recovery (R1),THS_T,Thousand tonnes,FI,Finland,2011,,678,,,,,
dataflow,ESTAT:ENV_WASMUN(1.0),Municipal waste by waste management operations,A,Annual,RCV_E,Recovery - energy recovery (R1),THS_T,Thousand tonnes,FI,Finland,2012,,925,,,,,
dataflow,ESTAT:ENV_WASMUN(1.0),Municipal waste by waste management operations,A,Annual,RCV_E,Recovery - energy recovery (R1),THS_T,Thousand tonnes,FI,Finland,2013,,1137,,,,,
dataflow,ESTAT:ENV_WASMUN(1.0),Municipal waste by waste management operations,A,Annual,RCV_E,Recovery - energy recovery (R1),THS_T,Thousand tonnes,FI,Finland,2014,,1316,,,,,
dataflow,ESTAT:ENV_WASMUN(1.0),Municipal waste by waste management operations,A,Annual,RCV_E,Recovery - energy recovery (R1),THS_T,Thousand tonnes,FI,Finland,2015,,1312,,,,,
dataflow,ESTAT:ENV_WASMUN(1.0),Municipal waste by waste management operations,A,Annual,RCV_E,Recovery - energy recovery (R1),THS_T,Thousand tonnes,FI,Finland,2016,,1515,,,,,
dataflow,ESTAT:ENV_WASMUN(1.0),Municipal waste by waste management operations,A,Annual,RCV_E,Recovery - energy recovery (R1),THS_T,Thousand tonnes,FI,Finland,2017,,1646,,,,,
dataflow,ESTAT:ENV_WASMUN(1.0),Municipal waste by waste management operations,A,Annual,RCV_E,Recovery - energy recovery (R1),THS_T,Thousand tonnes,FI,Finland,2018,,1732,,,,,
dataflow,ESTAT:ENV_WASMUN(1.0),Municipal waste by waste management operations,A,Annual,RCV_E,Recovery - energy recovery (R1),THS_T,Thousand tonnes,FI,Finland,2019,,1735,,,,,
dataflow,ESTAT:ENV_WASMUN(1.0),Municipal waste by waste management operations,A,Annual,RCV_E,Recovery - energy recovery (R1),THS_T,Thousand tonnes,FI,Finland,2020,,1932,,,,,
dataflow,ESTAT:ENV_WASMUN(1.0),Municipal waste by waste management operations,A,Annual,RCV_E,Recovery - energy recovery (R1),THS_T,Thousand tonnes,FI,Finland,2021,,2110,,,,,
dataflow,ESTAT:ENV_WASMUN(1.0),Municipal waste by waste management operations,A,Annual,RCV_E,Recovery - energy recovery (R1),THS_T,Thousand tonnes,FI,Finland,2022,,1604,,,,,
dataflow,ESTAT:ENV_WASMUN(1.0),Municipal waste by waste management operations,A,Annual,RCV_E,Recovery - energy recovery (R1),THS_T,Thousand tonnes,FI,Finland,2023,,1410,,,,,
dataflow,ESTAT:ENV_WASMUN(1.0),Municipal waste by waste management operations,A,Annual,RCV_E,Recovery - energy recovery (R1),THS_T,Thousand tonnes,FR,France,1995,,7757,,,,,
dataflow,ESTAT:ENV_WASMUN(1.0),Municipal waste by waste management operations,A,Annual,RCV_E,Recovery - energy recovery (R1),THS_T,Thousand tonnes,FR,France,1996,,7526,,,,,
dataflow,ESTAT:ENV_WASMUN(1.0),Municipal waste by waste management operations,A,Annual,RCV_E,Recovery - energy recovery (R1),THS_T,Thousand tonnes,FR,France,1997,,7712,,,,,
dataflow,ESTAT:ENV_WASMUN(1.0),Municipal waste by waste management operations,A,Annual,RCV_E,Recovery - energy recovery (R1),THS_T,Thousand tonnes,FR,France,1998,,8028,,,,,
dataflow,ESTAT:ENV_WASMUN(1.0),Municipal waste by waste management operations,A,Annual,RCV_E,Recovery - energy recovery (R1),THS_T,Thousand tonnes,FR,France,1999,,8655,,,,,
dataflow,ESTAT:ENV_WASMUN(1.0),Municipal waste by waste management operations,A,Annual,RCV_E,Recovery - energy recovery (R1),THS_T,Thousand tonnes,FR,France,2000,,8816,,,,,
dataflow,ESTAT:ENV_WASMUN(1.0),Municipal waste by waste management operations,A,Annual,RCV_E,Recovery - energy recovery (R1),THS_T,Thousand tonnes,FR,France,2001,,9524,,,,,
dataflow,ESTAT:ENV_WASMUN(1.0),Municipal waste by waste management operations,A,Annual,RCV_E,Recovery - energy recovery (R1),THS_T,Thousand tonnes,FR,France,2002,,10235,,,,,
dataflow,ESTAT:ENV_WASMUN(1.0),Municipal waste by waste management operations,A,Annual,RCV_E,Recovery - energy recovery (R1),THS_T,Thousand tonnes,FR,France,2003,,9983,,,,,
dataflow,ESTAT:ENV_WASMUN(1.0),Municipal waste by waste management operations,A,Annual,RCV_E,Recovery - energy recovery (R1),THS_T,Thousand tonnes,FR,France,2004,,10656,,,,,
dataflow,ESTAT:ENV_WASMUN(1.0),Municipal waste by waste management operations,A,Annual,RCV_E,Recovery - energy recovery (R1),THS_T,Thousand tonnes,FR,France,2005,,11062,,,,,
dataflow,ESTAT:ENV_WASMUN(1.0),Municipal waste by waste management operations,A,Annual,RCV_E,Recovery - energy recovery (R1),THS_T,Thousand tonnes,FR,France,2006,,11041,,e,estimated,,
dataflow,ESTAT:ENV_WASMUN(1.0),Municipal waste by waste management operations,A,Annual,RCV_E,Recovery - energy recovery (R1),THS_T,Thousand tonnes,FR,France,2007,,11020,,,,,
dataflow,ESTAT:ENV_WASMUN(1.0),Municipal waste by waste management operations,A,Annual,RCV_E,Recovery - energy recovery (R1),THS_T,Thousand tonnes,FR,France,2008,,11228,,e,estimated,,
dataflow,ESTAT:ENV_WASMUN(1.0),Municipal waste by waste management operations,A,Annual,RCV_E,Recovery - energy recovery (R1),THS_T,Thousand tonnes,FR,France,2009,,11437,,,,,
dataflow,ESTAT:ENV_WASMUN(1.0),Municipal waste by waste management operations,A,Annual,RCV_E,Recovery - energy recovery (R1),THS_T,Thousand tonnes,FR,France,2010,,11634,,e,estimated,,
dataflow,ESTAT:ENV_WASMUN(1.0),Municipal waste by waste management operations,A,Annual,RCV_E,Recovery - energy recovery (R1),THS_T,Thousand tonnes,FR,France,2011,,11832,,,,,
dataflow,ESTAT:ENV_WASMUN(1.0),Municipal waste by waste management operations,A,Annual,RCV_E,Recovery - energy recovery (R1),THS_T,Thousand tonnes,FR,France,2012,,11790,,e,estimated,,
dataflow,ESTAT:ENV_WASMUN(1.0),Municipal waste by waste management operations,A,Annual,RCV_E,Recovery - energy recovery (R1),THS_T,Thousand tonnes,FR,France,2013,,11747,,,,,
dataflow,ESTAT:ENV_WASMUN(1.0),Municipal waste by waste management operations,A,Annual,RCV_E,Recovery - energy recovery (R1),THS_T,Thousand tonnes,FR,France,2014,,11852,,e,estimated,,
dataflow,ESTAT:ENV_WASMUN(1.0),Municipal waste by waste management operations,A,Annual,RCV_E,Recovery - energy recovery (R1),THS_T,Thousand tonnes,FR,France,2015,,11957,,,,,
dataflow,ESTAT:ENV_WASMUN(1.0),Municipal waste by waste management operations,A,Annual,RCV_E,Recovery - energy recovery (R1),THS_T,Thousand tonnes,FR,France,2016,,11602,,e,estimated,,
dataflow,ESTAT:ENV_WASMUN(1.0),Municipal waste by waste management operations,A,Annual,RCV_E,Recovery - energy recovery (R1),THS_T,Thousand tonnes,FR,France,2017,,11536,,e,estimated,,
dataflow,ESTAT:ENV_WASMUN(1.0),Municipal waste by waste management operations,A,Annual,RCV_E,Recovery - energy recovery (R1),THS_T,Thousand tonnes,FR,France,2018,,11585,,e,estimated,,
dataflow,ESTAT:ENV_WASMUN(1.0),Municipal waste by waste management operations,A,Annual,RCV_E,Recovery - energy recovery (R1),THS_T,Thousand tonnes,FR,France,2019,,11452,,e,estimated,,
dataflow,ESTAT:ENV_WASMUN(1.0),Municipal waste by waste management operations,A,Annual,RCV_E,Recovery - energy recovery (R1),THS_T,Thousand tonnes,FR,France,2020,,11648,,e,estimated,,
dataflow,ESTAT:ENV_WASMUN(1.0),Municipal waste by waste management operations,A,Annual,RCV_E,Recovery - energy recovery (R1),THS_T,Thousand tonnes,FR,France,2021,,12245,,,,,
dataflow,ESTAT:ENV_WASMUN(1.0),Municipal waste by waste management operations,A,Annual,RCV_E,Recovery - energy recovery (R1),THS_T,Thousand tonnes,FR,France,2022,,11291,,ep,"estimated, provisional",,
dataflow,ESTAT:ENV_WASMUN(1.0),Municipal waste by waste management operations,A,Annual,RCV_E,Recovery - energy recovery (R1),THS_T,Thousand tonnes,FR,France,2023,,10950,,ep,"estimated, provisional",,
dataflow,ESTAT:ENV_WASMUN(1.0),Municipal waste by waste management operations,A,Annual,RCV_E,Recovery - energy recovery (R1),THS_T,Thousand tonnes,HR,Croatia,2006,,0,,,,,
dataflow,ESTAT:ENV_WASMUN(1.0),Municipal waste by waste management operations,A,Annual,RCV_E,Recovery - energy recovery (R1),THS_T,Thousand tonnes,HR,Croatia,2007,,0,,,,,
dataflow,ESTAT:ENV_WASMUN(1.0),Municipal waste by waste management operations,A,Annual,RCV_E,Recovery - energy recovery (R1),THS_T,Thousand tonnes,HR,Croatia,2008,,0,,,,,
dataflow,ESTAT:ENV_WASMUN(1.0),Municipal waste by waste management operations,A,Annual,RCV_E,Recovery - energy recovery (R1),THS_T,Thousand tonnes,HR,Croatia,2009,,0,,,,,
dataflow,ESTAT:ENV_WASMUN(1.0),Municipal waste by waste management operations,A,Annual,RCV_E,Recovery - energy recovery (R1),THS_T,Thousand tonnes,HR,Croatia,2010,,0,,,,,
dataflow,ESTAT:ENV_WASMUN(1.0),Municipal waste by waste management operations,A,Annual,RCV_E,Recovery - energy recovery (R1),THS_T,Thousand tonnes,HR,Croatia,2011,,0,,,,,
dataflow,ESTAT:ENV_WASMUN(1.0),Municipal waste by waste management operations,A,Annual,RCV_E,Recovery - energy recovery (R1),THS_T,Thousand tonnes,HR,Croatia,2012,,2,,,,,
dataflow,ESTAT:ENV_WASMUN(1.0),Municipal waste by waste management operations,A,Annual,RCV_E,Recovery - energy recovery (R1),THS_T,Thousand tonnes,HR,Croatia,2013,,1,,,,,
dataflow,ESTAT:ENV_WASMUN(1.0),Municipal waste by waste management operations,A,Annual,RCV_E,Recovery - energy recovery (R1),THS_T,Thousand tonnes,HR,Croatia,2014,,3,,,,,
dataflow,ESTAT:ENV_WASMUN(1.0),Municipal waste by waste management operations,A,Annual,RCV_E,Recovery - energy recovery (R1),THS_T,Thousand tonnes,HR,Croatia,2015,,0,,,,,
dataflow,ESTAT:ENV_WASMUN(1.0),Municipal waste by waste management operations,A,Annual,RCV_E,Recovery - energy recovery (R1),THS_T,Thousand tonnes,HR,Croatia,2016,,1,,,,,
dataflow,ESTAT:ENV_WASMUN(1.0),Municipal waste by waste management operations,A,Annual,RCV_E,Recovery - energy recovery (R1),THS_T,Thousand tonnes,HR,Croatia,2017,,1,,,,,
dataflow,ESTAT:ENV_WASMUN(1.0),Municipal waste by waste management operations,A,Annual,RCV_E,Recovery - energy recovery (R1),THS_T,Thousand tonnes,HR,Croatia,2018,,1,,,,,
dataflow,ESTAT:ENV_WASMUN(1.0),Municipal waste by waste management operations,A,Annual,RCV_E,Recovery - energy recovery (R1),THS_T,Thousand tonnes,HR,Croatia,2019,,1,,,,,
dataflow,ESTAT:ENV_WASMUN(1.0),Municipal waste by waste management operations,A,Annual,RCV_E,Recovery - energy recovery (R1),THS_T,Thousand tonnes,HR,Croatia,2020,,3,,,,,
dataflow,ESTAT:ENV_WASMUN(1.0),Municipal waste by waste management operations,A,Annual,RCV_E,Recovery - energy recovery (R1),THS_T,Thousand tonnes,HR,Croatia,2021,,5,,,,,
dataflow,ESTAT:ENV_WASMUN(1.0),Municipal waste by waste management operations,A,Annual,RCV_E,Recovery - energy recovery (R1),THS_T,Thousand tonnes,HR,Croatia,2022,,3,,,,,
dataflow,ESTAT:ENV_WASMUN(1.0),Municipal waste by waste management operations,A,Annual,RCV_E,Recovery - energy recovery (R1),THS_T,Thousand tonnes,HR,Croatia,2023,,30,,,,,
dataflow,ESTAT:ENV_WASMUN(1.0),Municipal waste by waste management operations,A,Annual,RCV_E,Recovery - energy recovery (R1),THS_T,Thousand tonnes,HU,Hungary,1995,,330,,,,,
dataflow,ESTAT:ENV_WASMUN(1.0),Municipal waste by waste management operations,A,Annual,RCV_E,Recovery - energy recovery (R1),THS_T,Thousand tonnes,HU,Hungary,1996,,330,,,,,
dataflow,ESTAT:ENV_WASMUN(1.0),Municipal waste by waste management operations,A,Annual,RCV_E,Recovery - energy recovery (R1),THS_T,Thousand tonnes,HU,Hungary,1997,,330,,,,,
dataflow,ESTAT:ENV_WASMUN(1.0),Municipal waste by waste management operations,A,Annual,RCV_E,Recovery - energy recovery (R1),THS_T,Thousand tonnes,HU,Hungary,1998,,356,,,,,
dataflow,ESTAT:ENV_WASMUN(1.0),Municipal waste by waste management operations,A,Annual,RCV_E,Recovery - energy recovery (R1),THS_T,Thousand tonnes,HU,Hungary,1999,,352,,,,,
dataflow,ESTAT:ENV_WASMUN(1.0),Municipal waste by waste management operations,A,Annual,RCV_E,Recovery - energy recovery (R1),THS_T,Thousand tonnes,HU,Hungary,2000,,348,,,,,
dataflow,ESTAT:ENV_WASMUN(1.0),Municipal waste by waste management operations,A,Annual,RCV_E,Recovery - energy recovery (R1),THS_T,Thousand tonnes,HU,Hungary,2001,,353,,,,,
dataflow,ESTAT:ENV_WASMUN(1.0),Municipal waste by waste management operations,A,Annual,RCV_E,Recovery - energy recovery (R1),THS_T,Thousand tonnes,HU,Hungary,2002,,288,,,,,
dataflow,ESTAT:ENV_WASMUN(1.0),Municipal waste by waste management operations,A,Annual,RCV_E,Recovery - energy recovery (R1),THS_T,Thousand tonnes,HU,Hungary,2003,,245,,,,,
dataflow,ESTAT:ENV_WASMUN(1.0),Municipal waste by waste management operations,A,Annual,RCV_E,Recovery - energy recovery (R1),THS_T,Thousand tonnes,HU,Hungary,2004,,155,,,,,
dataflow,ESTAT:ENV_WASMUN(1.0),Municipal waste by waste management operations,A,Annual,RCV_E,Recovery - energy recovery (R1),THS_T,Thousand tonnes,HU,Hungary,2005,,303,,,,,
dataflow,ESTAT:ENV_WASMUN(1.0),Municipal waste by waste management operations,A,Annual,RCV_E,Recovery - energy recovery (R1),THS_T,Thousand tonnes,HU,Hungary,2006,,389,,,,,
dataflow,ESTAT:ENV_WASMUN(1.0),Municipal waste by waste management operations,A,Annual,RCV_E,Recovery - energy recovery (R1),THS_T,Thousand tonnes,HU,Hungary,2007,,382,,,,,
dataflow,ESTAT:ENV_WASMUN(1.0),Municipal waste by waste management operations,A,Annual,RCV_E,Recovery - energy recovery (R1),THS_T,Thousand tonnes,HU,Hungary,2008,,393,,,,,
dataflow,ESTAT:ENV_WASMUN(1.0),Municipal waste by waste management operations,A,Annual,RCV_E,Recovery - energy recovery (R1),THS_T,Thousand tonnes,HU,Hungary,2009,,406,,,,,
dataflow,ESTAT:ENV_WASMUN(1.0),Municipal waste by waste management operations,A,Annual,RCV_E,Recovery - energy recovery (R1),THS_T,Thousand tonnes,HU,Hungary,2010,,406,,,,,
dataflow,ESTAT:ENV_WASMUN(1.0),Municipal waste by waste management operations,A,Annual,RCV_E,Recovery - energy recovery (R1),THS_T,Thousand tonnes,HU,Hungary,2011,,408,,,,,
dataflow,ESTAT:ENV_WASMUN(1.0),Municipal waste by waste management operations,A,Annual,RCV_E,Recovery - energy recovery (R1),THS_T,Thousand tonnes,HU,Hungary,2012,,364,,,,,
dataflow,ESTAT:ENV_WASMUN(1.0),Municipal waste by waste management operations,A,Annual,RCV_E,Recovery - energy recovery (R1),THS_T,Thousand tonnes,HU,Hungary,2013,,336,,,,,
dataflow,ESTAT:ENV_WASMUN(1.0),Municipal waste by waste management operations,A,Annual,RCV_E,Recovery - energy recovery (R1),THS_T,Thousand tonnes,HU,Hungary,2014,,373,,,,,
dataflow,ESTAT:ENV_WASMUN(1.0),Municipal waste by waste management operations,A,Annual,RCV_E,Recovery - energy recovery (R1),THS_T,Thousand tonnes,HU,Hungary,2015,,525,,,,,
dataflow,ESTAT:ENV_WASMUN(1.0),Municipal waste by waste management operations,A,Annual,RCV_E,Recovery - energy recovery (R1),THS_T,Thousand tonnes,HU,Hungary,2016,,554,,,,,
dataflow,ESTAT:ENV_WASMUN(1.0),Municipal waste by waste management operations,A,Annual,RCV_E,Recovery - energy recovery (R1),THS_T,Thousand tonnes,HU,Hungary,2017,,608,,,,,
dataflow,ESTAT:ENV_WASMUN(1.0),Municipal waste by waste management operations,A,Annual,RCV_E,Recovery - energy recovery (R1),THS_T,Thousand tonnes,HU,Hungary,2018,,501,,,,,
dataflow,ESTAT:ENV_WASMUN(1.0),Municipal waste by waste management operations,A,Annual,RCV_E,Recovery - energy recovery (R1),THS_T,Thousand tonnes,HU,Hungary,2019,,515,,,,,
dataflow,ESTAT:ENV_WASMUN(1.0),Municipal waste by waste management operations,A,Annual,RCV_E,Recovery - energy recovery (R1),THS_T,Thousand tonnes,HU,Hungary,2020,,466,,,,,
dataflow,ESTAT:ENV_WASMUN(1.0),Municipal waste by waste management operations,A,Annual,RCV_E,Recovery - energy recovery (R1),THS_T,Thousand tonnes,HU,Hungary,2021,,500,,,,,
dataflow,ESTAT:ENV_WASMUN(1.0),Municipal waste by waste management operations,A,Annual,RCV_E,Recovery - energy recovery (R1),THS_T,Thousand tonnes,HU,Hungary,2022,,460,,,,,
dataflow,ESTAT:ENV_WASMUN(1.0),Municipal waste by waste management operations,A,Annual,RCV_E,Recovery - energy recovery (R1),THS_T,Thousand tonnes,HU,Hungary,2023,,504,,,,,
dataflow,ESTAT:ENV_WASMUN(1.0),Municipal waste by waste management operations,A,Annual,RCV_E,Recovery - energy recovery (R1),THS_T,Thousand tonnes,IE,Ireland,1995,,0,,,,,
dataflow,ESTAT:ENV_WASMUN(1.0),Municipal waste by waste management operations,A,Annual,RCV_E,Recovery - energy recovery (R1),THS_T,Thousand tonnes,IE,Ireland,1996,,0,,,,,
dataflow,ESTAT:ENV_WASMUN(1.0),Municipal waste by waste management operations,A,Annual,RCV_E,Recovery - energy recovery (R1),THS_T,Thousand tonnes,IE,Ireland,1997,,0,,,,,
dataflow,ESTAT:ENV_WASMUN(1.0),Municipal waste by waste management operations,A,Annual,RCV_E,Recovery - energy recovery (R1),THS_T,Thousand tonnes,IE,Ireland,1998,,0,,,,,
dataflow,ESTAT:ENV_WASMUN(1.0),Municipal waste by waste management operations,A,Annual,RCV_E,Recovery - energy recovery (R1),THS_T,Thousand tonnes,IE,Ireland,1999,,0,,,,,
dataflow,ESTAT:ENV_WASMUN(1.0),Municipal waste by waste management operations,A,Annual,RCV_E,Recovery - energy recovery (R1),THS_T,Thousand tonnes,IE,Ireland,2000,,0,,,,,
dataflow,ESTAT:ENV_WASMUN(1.0),Municipal waste by waste management operations,A,Annual,RCV_E,Recovery - energy recovery (R1),THS_T,Thousand tonnes,IE,Ireland,2001,,0,,,,,
dataflow,ESTAT:ENV_WASMUN(1.0),Municipal waste by waste management operations,A,Annual,RCV_E,Recovery - energy recovery (R1),THS_T,Thousand tonnes,IE,Ireland,2002,,0,,,,,
dataflow,ESTAT:ENV_WASMUN(1.0),Municipal waste by waste management operations,A,Annual,RCV_E,Recovery - energy recovery (R1),THS_T,Thousand tonnes,IE,Ireland,2003,,0,,,,,
dataflow,ESTAT:ENV_WASMUN(1.0),Municipal waste by waste management operations,A,Annual,RCV_E,Recovery - energy recovery (R1),THS_T,Thousand tonnes,IE,Ireland,2004,,0,,,,,
dataflow,ESTAT:ENV_WASMUN(1.0),Municipal waste by waste management operations,A,Annual,RCV_E,Recovery - energy recovery (R1),THS_T,Thousand tonnes,IE,Ireland,2005,,0,,,,,
dataflow,ESTAT:ENV_WASMUN(1.0),Municipal waste by waste management operations,A,Annual,RCV_E,Recovery - energy recovery (R1),THS_T,Thousand tonnes,IE,Ireland,2006,,0,,,,,
dataflow,ESTAT:ENV_WASMUN(1.0),Municipal waste by waste management operations,A,Annual,RCV_E,Recovery - energy recovery (R1),THS_T,Thousand tonnes,IE,Ireland,2007,,0,,,,,
dataflow,ESTAT:ENV_WASMUN(1.0),Municipal waste by waste management operations,A,Annual,RCV_E,Recovery - energy recovery (R1),THS_T,Thousand tonnes,IE,Ireland,2008,,82,,,,,
dataflow,ESTAT:ENV_WASMUN(1.0),Municipal waste by waste management operations,A,Annual,RCV_E,Recovery - energy recovery (R1),THS_T,Thousand tonnes,IE,Ireland,2009,,111,,,,,
dataflow,ESTAT:ENV_WASMUN(1.0),Municipal waste by waste management operations,A,Annual,RCV_E,Recovery - energy recovery (R1),THS_T,Thousand tonnes,IE,Ireland,2010,,108,,,,,
dataflow,ESTAT:ENV_WASMUN(1.0),Municipal waste by waste management operations,A,Annual,RCV_E,Recovery - energy recovery (R1),THS_T,Thousand tonnes,IE,Ireland,2011,,196,,,,,
dataflow,ESTAT:ENV_WASMUN(1.0),Municipal waste by waste management operations,A,Annual,RCV_E,Recovery - energy recovery (R1),THS_T,Thousand tonnes,IE,Ireland,2012,,427,,,,,
dataflow,ESTAT:ENV_WASMUN(1.0),Municipal waste by waste management operations,A,Annual,RCV_E,Recovery - energy recovery (R1),THS_T,Thousand tonnes,IE,Ireland,2014,,893,,,,,
dataflow,ESTAT:ENV_WASMUN(1.0),Municipal waste by waste management operations,A,Annual,RCV_E,Recovery - energy recovery (R1),THS_T,Thousand tonnes,IE,Ireland,2016,,811,,,,,
dataflow,ESTAT:ENV_WASMUN(1.0),Municipal waste by waste management operations,A,Annual,RCV_E,Recovery - energy recovery (R1),THS_T,Thousand tonnes,IE,Ireland,2017,,881,,,,,
dataflow,ESTAT:ENV_WASMUN(1.0),Municipal waste by waste management operations,A,Annual,RCV_E,Recovery - energy recovery (R1),THS_T,Thousand tonnes,IE,Ireland,2018,,1243,,,,,
dataflow,ESTAT:ENV_WASMUN(1.0),Municipal waste by waste management operations,A,Annual,RCV_E,Recovery - energy recovery (R1),THS_T,Thousand tonnes,IE,Ireland,2019,,1413,,,,,
dataflow,ESTAT:ENV_WASMUN(1.0),Municipal waste by waste management operations,A,Annual,RCV_E,Recovery - energy recovery (R1),THS_T,Thousand tonnes,IE,Ireland,2020,,1353,,,,,
dataflow,ESTAT:ENV_WASMUN(1.0),Municipal waste by waste management operations,A,Annual,RCV_E,Recovery - energy recovery (R1),THS_T,Thousand tonnes,IS,Iceland,1995,,2,,,,,
dataflow,ESTAT:ENV_WASMUN(1.0),Municipal waste by waste management operations,A,Annual,RCV_E,Recovery - energy recovery (R1),THS_T,Thousand tonnes,IS,Iceland,1996,,2,,,,,
dataflow,ESTAT:ENV_WASMUN(1.0),Municipal waste by waste management operations,A,Annual,RCV_E,Recovery - energy recovery (R1),THS_T,Thousand tonnes,IS,Iceland,1997,,2,,,,,
dataflow,ESTAT:ENV_WASMUN(1.0),Municipal waste by waste management operations,A,Annual,RCV_E,Recovery - energy recovery (R1),THS_T,Thousand tonnes,IS,Iceland,1998,,4,,,,,
dataflow,ESTAT:ENV_WASMUN(1.0),Municipal waste by waste management operations,A,Annual,RCV_E,Recovery - energy recovery (R1),THS_T,Thousand tonnes,IS,Iceland,1999,,4,,,,,
dataflow,ESTAT:ENV_WASMUN(1.0),Municipal waste by waste management operations,A,Annual,RCV_E,Recovery - energy recovery (R1),THS_T,Thousand tonnes,IS,Iceland,2000,,6,,,,,
dataflow,ESTAT:ENV_WASMUN(1.0),Municipal waste by waste management operations,A,Annual,RCV_E,Recovery - energy recovery (R1),THS_T,Thousand tonnes,IS,Iceland,2001,,6,,,,,
dataflow,ESTAT:ENV_WASMUN(1.0),Municipal waste by waste management operations,A,Annual,RCV_E,Recovery - energy recovery (R1),THS_T,Thousand tonnes,IS,Iceland,2002,,7,,,,,
dataflow,ESTAT:ENV_WASMUN(1.0),Municipal waste by waste management operations,A,Annual,RCV_E,Recovery - energy recovery (R1),THS_T,Thousand tonnes,IS,Iceland,2003,,11,,,,,
dataflow,ESTAT:ENV_WASMUN(1.0),Municipal waste by waste management operations,A,Annual,RCV_E,Recovery - energy recovery (R1),THS_T,Thousand tonnes,IS,Iceland,2004,,13,,,,,
dataflow,ESTAT:ENV_WASMUN(1.0),Municipal waste by waste management operations,A,Annual,RCV_E,Recovery - energy recovery (R1),THS_T,Thousand tonnes,IS,Iceland,2005,,11,,,,,
dataflow,ESTAT:ENV_WASMUN(1.0),Municipal waste by waste management operations,A,Annual,RCV_E,Recovery - energy recovery (R1),THS_T,Thousand tonnes,IS,Iceland,2006,,11,,,,,
dataflow,ESTAT:ENV_WASMUN(1.0),Municipal waste by waste management operations,A,Annual,RCV_E,Recovery - energy recovery (R1),THS_T,Thousand tonnes,IS,Iceland,2007,,15,,,,,
dataflow,ESTAT:ENV_WASMUN(1.0),Municipal waste by waste management operations,A,Annual,RCV_E,Recovery - energy recovery (R1),THS_T,Thousand tonnes,IS,Iceland,2008,,13,,,,,
dataflow,ESTAT:ENV_WASMUN(1.0),Municipal waste by waste management operations,A,Annual,RCV_E,Recovery - energy recovery (R1),THS_T,Thousand tonnes,IS,Iceland,2009,,9,,,,,
dataflow,ESTAT:ENV_WASMUN(1.0),Municipal waste by waste management operations,A,Annual,RCV_E,Recovery - energy recovery (R1),THS_T,Thousand tonnes,IS,Iceland,2010,,10,,,,,
dataflow,ESTAT:ENV_WASMUN(1.0),Municipal waste by waste management operations,A,Annual,RCV_E,Recovery - energy recovery (R1),THS_T,Thousand tonnes,IS,Iceland,2011,,8,,,,,
dataflow,ESTAT:ENV_WASMUN(1.0),Municipal waste by waste management operations,A,Annual,RCV_E,Recovery - energy recovery (R1),THS_T,Thousand tonnes,IS,Iceland,2012,,7,,,,,
dataflow,ESTAT:ENV_WASMUN(1.0),Municipal waste by waste management operations,A,Annual,RCV_E,Recovery - energy recovery (R1),THS_T,Thousand tonnes,IS,Iceland,2013,,5,,,,,
dataflow,ESTAT:ENV_WASMUN(1.0),Municipal waste by waste management operations,A,Annual,RCV_E,Recovery - energy recovery (R1),THS_T,Thousand tonnes,IS,Iceland,2014,,0,,,,,
dataflow,ESTAT:ENV_WASMUN(1.0),Municipal waste by waste management operations,A,Annual,RCV_E,Recovery - energy recovery (R1),THS_T,Thousand tonnes,IS,Iceland,2015,,0,,,,,
dataflow,ESTAT:ENV_WASMUN(1.0),Municipal waste by waste management operations,A,Annual,RCV_E,Recovery - energy recovery (R1),THS_T,Thousand tonnes,IS,Iceland,2016,,1,,,,,
dataflow,ESTAT:ENV_WASMUN(1.0),Municipal waste by waste management operations,A,Annual,RCV_E,Recovery - energy recovery (R1),THS_T,Thousand tonnes,IS,Iceland,2017,,0,,,,,
dataflow,ESTAT:ENV_WASMUN(1.0),Municipal waste by waste management operations,A,Annual,RCV_E,Recovery - energy recovery (R1),THS_T,Thousand tonnes,IS,Iceland,2018,,1,,,,,
dataflow,ESTAT:ENV_WASMUN(1.0),Municipal waste by waste management operations,A,Annual,RCV_E,Recovery - energy recovery (R1),THS_T,Thousand tonnes,IS,Iceland,2020,,18,,,,,
dataflow,ESTAT:ENV_WASMUN(1.0),Municipal waste by waste management operations,A,Annual,RCV_E,Recovery - energy recovery (R1),THS_T,Thousand tonnes,IS,Iceland,2021,,15,,,,,
dataflow,ESTAT:ENV_WASMUN(1.0),Municipal waste by waste management operations,A,Annual,RCV_E,Recovery - energy recovery (R1),THS_T,Thousand tonnes,IS,Iceland,2022,,29,,,,,
dataflow,ESTAT:ENV_WASMUN(1.0),Municipal waste by waste management operations,A,Annual,RCV_E,Recovery - energy recovery (R1),THS_T,Thousand tonnes,IT,Italy,1995,,1169,,,,,
dataflow,ESTAT:ENV_WASMUN(1.0),Municipal waste by waste management operations,A,Annual,RCV_E,Recovery - energy recovery (R1),THS_T,Thousand tonnes,IT,Italy,1996,,1196,,e,estimated,,
dataflow,ESTAT:ENV_WASMUN(1.0),Municipal waste by waste management operations,A,Annual,RCV_E,Recovery - energy recovery (R1),THS_T,Thousand tonnes,IT,Italy,1997,,1222,,,,,
dataflow,ESTAT:ENV_WASMUN(1.0),Municipal waste by waste management operations,A,Annual,RCV_E,Recovery - energy recovery (R1),THS_T,Thousand tonnes,IT,Italy,1998,,1949,,,,,
dataflow,ESTAT:ENV_WASMUN(1.0),Municipal waste by waste management operations,A,Annual,RCV_E,Recovery - energy recovery (R1),THS_T,Thousand tonnes,IT,Italy,1999,,1744,,,,,
dataflow,ESTAT:ENV_WASMUN(1.0),Municipal waste by waste management operations,A,Annual,RCV_E,Recovery - energy recovery (R1),THS_T,Thousand tonnes,IT,Italy,2000,,2066,,,,,
dataflow,ESTAT:ENV_WASMUN(1.0),Municipal waste by waste management operations,A,Annual,RCV_E,Recovery - energy recovery (R1),THS_T,Thousand tonnes,IT,Italy,2001,,2425,,,,,
dataflow,ESTAT:ENV_WASMUN(1.0),Municipal waste by waste management operations,A,Annual,RCV_E,Recovery - energy recovery (R1),THS_T,Thousand tonnes,IT,Italy,2002,,2509,,,,,
dataflow,ESTAT:ENV_WASMUN(1.0),Municipal waste by waste management operations,A,Annual,RCV_E,Recovery - energy recovery (R1),THS_T,Thousand tonnes,IT,Italy,2003,,3110,,,,,
dataflow,ESTAT:ENV_WASMUN(1.0),Municipal waste by waste management operations,A,Annual,RCV_E,Recovery - energy recovery (R1),THS_T,Thousand tonnes,IT,Italy,2004,,3468,,,,,
dataflow,ESTAT:ENV_WASMUN(1.0),Municipal waste by waste management operations,A,Annual,RCV_E,Recovery - energy recovery (R1),THS_T,Thousand tonnes,IT,Italy,2005,,3776,,,,,
dataflow,ESTAT:ENV_WASMUN(1.0),Municipal waste by waste management operations,A,Annual,RCV_E,Recovery - energy recovery (R1),THS_T,Thousand tonnes,IT,Italy,2006,,4082,,,,,
dataflow,ESTAT:ENV_WASMUN(1.0),Municipal waste by waste management operations,A,Annual,RCV_E,Recovery - energy recovery (R1),THS_T,Thousand tonnes,IT,Italy,2007,,4003,,,,,
dataflow,ESTAT:ENV_WASMUN(1.0),Municipal waste by waste management operations,A,Annual,RCV_E,Recovery - energy recovery (R1),THS_T,Thousand tonnes,IT,Italy,2008,,4341,,,,,
dataflow,ESTAT:ENV_WASMUN(1.0),Municipal waste by waste management operations,A,Annual,RCV_E,Recovery - energy recovery (R1),THS_T,Thousand tonnes,IT,Italy,2009,,4744,,,,,
dataflow,ESTAT:ENV_WASMUN(1.0),Municipal waste by waste management operations,A,Annual,RCV_E,Recovery - energy recovery (R1),THS_T,Thousand tonnes,IT,Italy,2010,,5387,,,,,
dataflow,ESTAT:ENV_WASMUN(1.0),Municipal waste by waste management operations,A,Annual,RCV_E,Recovery - energy recovery (R1),THS_T,Thousand tonnes,IT,Italy,2011,,5552,,,,,
dataflow,ESTAT:ENV_WASMUN(1.0),Municipal waste by waste management operations,A,Annual,RCV_E,Recovery - energy recovery (R1),THS_T,Thousand tonnes,IT,Italy,2012,,5529,,,,,
dataflow,ESTAT:ENV_WASMUN(1.0),Municipal waste by waste management operations,A,Annual,RCV_E,Recovery - energy recovery (R1),THS_T,Thousand tonnes,IT,Italy,2013,,5970,,,,,
dataflow,ESTAT:ENV_WASMUN(1.0),Municipal waste by waste management operations,A,Annual,RCV_E,Recovery - energy recovery (R1),THS_T,Thousand tonnes,IT,Italy,2014,,5868,,,,,
dataflow,ESTAT:ENV_WASMUN(1.0),Municipal waste by waste management operations,A,Annual,RCV_E,Recovery - energy recovery (R1),THS_T,Thousand tonnes,IT,Italy,2015,,2969,,b,break in time series,,
dataflow,ESTAT:ENV_WASMUN(1.0),Municipal waste by waste management operations,A,Annual,RCV_E,Recovery - energy recovery (R1),THS_T,Thousand tonnes,IT,Italy,2016,,3866,,,,,
dataflow,ESTAT:ENV_WASMUN(1.0),Municipal waste by waste management operations,A,Annual,RCV_E,Recovery - energy recovery (R1),THS_T,Thousand tonnes,IT,Italy,2017,,5378,,,,,
dataflow,ESTAT:ENV_WASMUN(1.0),Municipal waste by waste management operations,A,Annual,RCV_E,Recovery - energy recovery (R1),THS_T,Thousand tonnes,IT,Italy,2018,,5576,,,,,
dataflow,ESTAT:ENV_WASMUN(1.0),Municipal waste by waste management operations,A,Annual,RCV_E,Recovery - energy recovery (R1),THS_T,Thousand tonnes,IT,Italy,2019,,5711,,,,,
dataflow,ESTAT:ENV_WASMUN(1.0),Municipal waste by waste management operations,A,Annual,RCV_E,Recovery - energy recovery (R1),THS_T,Thousand tonnes,IT,Italy,2020,,5457,,,,,
dataflow,ESTAT:ENV_WASMUN(1.0),Municipal waste by waste management operations,A,Annual,RCV_E,Recovery - energy recovery (R1),THS_T,Thousand tonnes,IT,Italy,2021,,5409,,,,,
dataflow,ESTAT:ENV_WASMUN(1.0),Municipal waste by waste management operations,A,Annual,RCV_E,Recovery - energy recovery (R1),THS_T,Thousand tonnes,IT,Italy,2022,,5118,,,,,
dataflow,ESTAT:ENV_WASMUN(1.0),Municipal waste by waste management operations,A,Annual,RCV_E,Recovery - energy recovery (R1),THS_T,Thousand tonnes,LT,Lithuania,1995,,0,,,,,
dataflow,ESTAT:ENV_WASMUN(1.0),Municipal waste by waste management operations,A,Annual,RCV_E,Recovery - energy recovery (R1),THS_T,Thousand tonnes,LT,Lithuania,1996,,0,,,,,
dataflow,ESTAT:ENV_WASMUN(1.0),Municipal waste by waste management operations,A,Annual,RCV_E,Recovery - energy recovery (R1),THS_T,Thousand tonnes,LT,Lithuania,1997,,0,,,,,
dataflow,ESTAT:ENV_WASMUN(1.0),Municipal waste by waste management operations,A,Annual,RCV_E,Recovery - energy recovery (R1),THS_T,Thousand tonnes,LT,Lithuania,1998,,0,,,,,
dataflow,ESTAT:ENV_WASMUN(1.0),Municipal waste by waste management operations,A,Annual,RCV_E,Recovery - energy recovery (R1),THS_T,Thousand tonnes,LT,Lithuania,1999,,0,,,,,
dataflow,ESTAT:ENV_WASMUN(1.0),Municipal waste by waste management operations,A,Annual,RCV_E,Recovery - energy recovery (R1),THS_T,Thousand tonnes,LT,Lithuania,2000,,0,,,,,
dataflow,ESTAT:ENV_WASMUN(1.0),Municipal waste by waste management operations,A,Annual,RCV_E,Recovery - energy recovery (R1),THS_T,Thousand tonnes,LT,Lithuania,2001,,0,,,,,
dataflow,ESTAT:ENV_WASMUN(1.0),Municipal waste by waste management operations,A,Annual,RCV_E,Recovery - energy recovery (R1),THS_T,Thousand tonnes,LT,Lithuania,2002,,0,,,,,
dataflow,ESTAT:ENV_WASMUN(1.0),Municipal waste by waste management operations,A,Annual,RCV_E,Recovery - energy recovery (R1),THS_T,Thousand tonnes,LT,Lithuania,2003,,0,,,,,
dataflow,ESTAT:ENV_WASMUN(1.0),Municipal waste by waste management operations,A,Annual,RCV_E,Recovery - energy recovery (R1),THS_T,Thousand tonnes,LT,Lithuania,2004,,0,,,,,
dataflow,ESTAT:ENV_WASMUN(1.0),Municipal waste by waste management operations,A,Annual,RCV_E,Recovery - energy recovery (R1),THS_T,Thousand tonnes,LT,Lithuania,2005,,0,,,,,
dataflow,ESTAT:ENV_WASMUN(1.0),Municipal waste by waste management operations,A,Annual,RCV_E,Recovery - energy recovery (R1),THS_T,Thousand tonnes,LT,Lithuania,2006,,0,,,,,
dataflow,ESTAT:ENV_WASMUN(1.0),Municipal waste by waste management operations,A,Annual,RCV_E,Recovery - energy recovery (R1),THS_T,Thousand tonnes,LT,Lithuania,2007,,0,,,,,
dataflow,ESTAT:ENV_WASMUN(1.0),Municipal waste by waste management operations,A,Annual,RCV_E,Recovery - energy recovery (R1),THS_T,Thousand tonnes,LT,Lithuania,2008,,0,,,,,
dataflow,ESTAT:ENV_WASMUN(1.0),Municipal waste by waste management operations,A,Annual,RCV_E,Recovery - energy recovery (R1),THS_T,Thousand tonnes,LT,Lithuania,2009,,0,,,,,
dataflow,ESTAT:ENV_WASMUN(1.0),Municipal waste by waste management operations,A,Annual,RCV_E,Recovery - energy recovery (R1),THS_T,Thousand tonnes,LT,Lithuania,2010,,1,,,,,
dataflow,ESTAT:ENV_WASMUN(1.0),Municipal waste by waste management operations,A,Annual,RCV_E,Recovery - energy recovery (R1),THS_T,Thousand tonnes,LT,Lithuania,2011,,6,,,,,
dataflow,ESTAT:ENV_WASMUN(1.0),Municipal waste by waste management operations,A,Annual,RCV_E,Recovery - energy recovery (R1),THS_T,Thousand tonnes,LT,Lithuania,2012,,0,,,,,
dataflow,ESTAT:ENV_WASMUN(1.0),Municipal waste by waste management operations,A,Annual,RCV_E,Recovery - energy recovery (R1),THS_T,Thousand tonnes,LT,Lithuania,2013,,91,,,,,
dataflow,ESTAT:ENV_WASMUN(1.0),Municipal waste by waste management operations,A,Annual,RCV_E,Recovery - energy recovery (R1),THS_T,Thousand tonnes,LT,Lithuania,2014,,113,,,,,
dataflow,ESTAT:ENV_WASMUN(1.0),Municipal waste by waste management operations,A,Annual,RCV_E,Recovery - energy recovery (R1),THS_T,Thousand tonnes,LT,Lithuania,2015,,150,,,,,
dataflow,ESTAT:ENV_WASMUN(1.0),Municipal waste by waste management operations,A,Annual,RCV_E,Recovery - energy recovery (R1),THS_T,Thousand tonnes,LT,Lithuania,2016,,221,,,,,
dataflow,ESTAT:ENV_WASMUN(1.0),Municipal waste by waste management operations,A,Annual,RCV_E,Recovery - energy recovery (R1),THS_T,Thousand tonnes,LT,Lithuania,2017,,236,,,,,
dataflow,ESTAT:ENV_WASMUN(1.0),Municipal waste by waste management operations,A,Annual,RCV_E,Recovery - energy recovery (R1),THS_T,Thousand tonnes,LT,Lithuania,2018,,163,,,,,
dataflow,ESTAT:ENV_WASMUN(1.0),Municipal waste by waste management operations,A,Annual,RCV_E,Recovery - energy recovery (R1),THS_T,Thousand tonnes,LT,Lithuania,2019,,194,,,,,
dataflow,ESTAT:ENV_WASMUN(1.0),Municipal waste by waste management operations,A,Annual,RCV_E,Recovery - energy recovery (R1),THS_T,Thousand tonnes,LT,Lithuania,2020,,349,,,,,
dataflow,ESTAT:ENV_WASMUN(1.0),Municipal waste by waste management operations,A,Annual,RCV_E,Recovery - energy recovery (R1),THS_T,Thousand tonnes,LT,Lithuania,2021,,473,,,,,
dataflow,ESTAT:ENV_WASMUN(1.0),Municipal waste by waste management operations,A,Annual,RCV_E,Recovery - energy recovery (R1),THS_T,Thousand tonnes,LT,Lithuania,2022,,500,,,,,
dataflow,ESTAT:ENV_WASMUN(1.0),Municipal waste by waste management operations,A,Annual,RCV_E,Recovery - energy recovery (R1),THS_T,Thousand tonnes,LT,Lithuania,2023,,516,,,,,
dataflow,ESTAT:ENV_WASMUN(1.0),Municipal waste by waste management operations,A,Annual,RCV_E,Recovery - energy recovery (R1),THS_T,Thousand tonnes,LU,Luxembourg,1995,,127,,,,,
dataflow,ESTAT:ENV_WASMUN(1.0),Municipal waste by waste management operations,A,Annual,RCV_E,Recovery - energy recovery (R1),THS_T,Thousand tonnes,LU,Luxembourg,1996,,126,,,,,
dataflow,ESTAT:ENV_WASMUN(1.0),Municipal waste by waste management operations,A,Annual,RCV_E,Recovery - energy recovery (R1),THS_T,Thousand tonnes,LU,Luxembourg,1997,,125,,,,,
dataflow,ESTAT:ENV_WASMUN(1.0),Municipal waste by waste management operations,A,Annual,RCV_E,Recovery - energy recovery (R1),THS_T,Thousand tonnes,LU,Luxembourg,1998,,122,,,,,
dataflow,ESTAT:ENV_WASMUN(1.0),Municipal waste by waste management operations,A,Annual,RCV_E,Recovery - energy recovery (R1),THS_T,Thousand tonnes,LU,Luxembourg,1999,,133,,,,,
dataflow,ESTAT:ENV_WASMUN(1.0),Municipal waste by waste management operations,A,Annual,RCV_E,Recovery - energy recovery (R1),THS_T,Thousand tonnes,LU,Luxembourg,2000,,123,,,,,
dataflow,ESTAT:ENV_WASMUN(1.0),Municipal waste by waste management operations,A,Annual,RCV_E,Recovery - energy recovery (R1),THS_T,Thousand tonnes,LU,Luxembourg,2001,,121,,,,,
dataflow,ESTAT:ENV_WASMUN(1.0),Municipal waste by waste management operations,A,Annual,RCV_E,Recovery - energy recovery (R1),THS_T,Thousand tonnes,LU,Luxembourg,2002,,122,,,,,
dataflow,ESTAT:ENV_WASMUN(1.0),Municipal waste by waste management operations,A,Annual,RCV_E,Recovery - energy recovery (R1),THS_T,Thousand tonnes,LU,Luxembourg,2003,,120,,,,,
dataflow,ESTAT:ENV_WASMUN(1.0),Municipal waste by waste management operations,A,Annual,RCV_E,Recovery - energy recovery (R1),THS_T,Thousand tonnes,LU,Luxembourg,2004,,130,,,,,
dataflow,ESTAT:ENV_WASMUN(1.0),Municipal waste by waste management operations,A,Annual,RCV_E,Recovery - energy recovery (R1),THS_T,Thousand tonnes,LU,Luxembourg,2005,,118,,,,,
dataflow,ESTAT:ENV_WASMUN(1.0),Municipal waste by waste management operations,A,Annual,RCV_E,Recovery - energy recovery (R1),THS_T,Thousand tonnes,LU,Luxembourg,2006,,125,,,,,
dataflow,ESTAT:ENV_WASMUN(1.0),Municipal waste by waste management operations,A,Annual,RCV_E,Recovery - energy recovery (R1),THS_T,Thousand tonnes,LU,Luxembourg,2007,,128,,,,,
dataflow,ESTAT:ENV_WASMUN(1.0),Municipal waste by waste management operations,A,Annual,RCV_E,Recovery - energy recovery (R1),THS_T,Thousand tonnes,LU,Luxembourg,2008,,131,,,,,
dataflow,ESTAT:ENV_WASMUN(1.0),Municipal waste by waste management operations,A,Annual,RCV_E,Recovery - energy recovery (R1),THS_T,Thousand tonnes,LU,Luxembourg,2009,,131,,,,,
dataflow,ESTAT:ENV_WASMUN(1.0),Municipal waste by waste management operations,A,Annual,RCV_E,Recovery - energy recovery (R1),THS_T,Thousand tonnes,LU,Luxembourg,2010,,130,,,,,
dataflow,ESTAT:ENV_WASMUN(1.0),Municipal waste by waste management operations,A,Annual,RCV_E,Recovery - energy recovery (R1),THS_T,Thousand tonnes,LU,Luxembourg,2011,,135,,,,,
dataflow,ESTAT:ENV_WASMUN(1.0),Municipal waste by waste management operations,A,Annual,RCV_E,Recovery - energy recovery (R1),THS_T,Thousand tonnes,LU,Luxembourg,2012,,132,,,,,
dataflow,ESTAT:ENV_WASMUN(1.0),Municipal waste by waste management operations,A,Annual,RCV_E,Recovery - energy recovery (R1),THS_T,Thousand tonnes,LU,Luxembourg,2013,,132,,,,,
dataflow,ESTAT:ENV_WASMUN(1.0),Municipal waste by waste management operations,A,Annual,RCV_E,Recovery - energy recovery (R1),THS_T,Thousand tonnes,LU,Luxembourg,2014,,132,,,,,
dataflow,ESTAT:ENV_WASMUN(1.0),Municipal waste by waste management operations,A,Annual,RCV_E,Recovery - energy recovery (R1),THS_T,Thousand tonnes,LU,Luxembourg,2015,,156,,,,,
dataflow,ESTAT:ENV_WASMUN(1.0),Municipal waste by waste management operations,A,Annual,RCV_E,Recovery - energy recovery (R1),THS_T,Thousand tonnes,LU,Luxembourg,2016,,221,,b,break in time series,,
dataflow,ESTAT:ENV_WASMUN(1.0),Municipal waste by waste management operations,A,Annual,RCV_E,Recovery - energy recovery (R1),THS_T,Thousand tonnes,LU,Luxembourg,2017,,222,,,,,
dataflow,ESTAT:ENV_WASMUN(1.0),Municipal waste by waste management operations,A,Annual,RCV_E,Recovery - energy recovery (R1),THS_T,Thousand tonnes,LU,Luxembourg,2018,,228,,,,,
dataflow,ESTAT:ENV_WASMUN(1.0),Municipal waste by waste management operations,A,Annual,RCV_E,Recovery - energy recovery (R1),THS_T,Thousand tonnes,LU,Luxembourg,2019,,229,,e,estimated,,
dataflow,ESTAT:ENV_WASMUN(1.0),Municipal waste by waste management operations,A,Annual,RCV_E,Recovery - energy recovery (R1),THS_T,Thousand tonnes,LU,Luxembourg,2020,,215,,,,,
dataflow,ESTAT:ENV_WASMUN(1.0),Municipal waste by waste management operations,A,Annual,RCV_E,Recovery - energy recovery (R1),THS_T,Thousand tonnes,LU,Luxembourg,2021,,207,,,,,
dataflow,ESTAT:ENV_WASMUN(1.0),Municipal waste by waste management operations,A,Annual,RCV_E,Recovery - energy recovery (R1),THS_T,Thousand tonnes,LU,Luxembourg,2022,,195,,,,,
dataflow,ESTAT:ENV_WASMUN(1.0),Municipal waste by waste management operations,A,Annual,RCV_E,Recovery - energy recovery (R1),THS_T,Thousand tonnes,LU,Luxembourg,2023,,194,,,,,
dataflow,ESTAT:ENV_WASMUN(1.0),Municipal waste by waste management operations,A,Annual,RCV_E,Recovery - energy recovery (R1),THS_T,Thousand tonnes,LV,Latvia,1995,,0,,,,,
dataflow,ESTAT:ENV_WASMUN(1.0),Municipal waste by waste management operations,A,Annual,RCV_E,Recovery - energy recovery (R1),THS_T,Thousand tonnes,LV,Latvia,1996,,0,,,,,
dataflow,ESTAT:ENV_WASMUN(1.0),Municipal waste by waste management operations,A,Annual,RCV_E,Recovery - energy recovery (R1),THS_T,Thousand tonnes,LV,Latvia,1997,,0,,,,,
dataflow,ESTAT:ENV_WASMUN(1.0),Municipal waste by waste management operations,A,Annual,RCV_E,Recovery - energy recovery (R1),THS_T,Thousand tonnes,LV,Latvia,1998,,0,,,,,
dataflow,ESTAT:ENV_WASMUN(1.0),Municipal waste by waste management operations,A,Annual,RCV_E,Recovery - energy recovery (R1),THS_T,Thousand tonnes,LV,Latvia,1999,,0,,,,,
dataflow,ESTAT:ENV_WASMUN(1.0),Municipal waste by waste management operations,A,Annual,RCV_E,Recovery - energy recovery (R1),THS_T,Thousand tonnes,LV,Latvia,2000,,0,,,,,
dataflow,ESTAT:ENV_WASMUN(1.0),Municipal waste by waste management operations,A,Annual,RCV_E,Recovery - energy recovery (R1),THS_T,Thousand tonnes,LV,Latvia,2001,,9,,,,,
dataflow,ESTAT:ENV_WASMUN(1.0),Municipal waste by waste management operations,A,Annual,RCV_E,Recovery - energy recovery (R1),THS_T,Thousand tonnes,LV,Latvia,2002,,13,,,,,
dataflow,ESTAT:ENV_WASMUN(1.0),Municipal waste by waste management operations,A,Annual,RCV_E,Recovery - energy recovery (R1),THS_T,Thousand tonnes,LV,Latvia,2003,,11,,,,,
dataflow,ESTAT:ENV_WASMUN(1.0),Municipal waste by waste management operations,A,Annual,RCV_E,Recovery - energy recovery (R1),THS_T,Thousand tonnes,LV,Latvia,2004,,14,,,,,
dataflow,ESTAT:ENV_WASMUN(1.0),Municipal waste by waste management operations,A,Annual,RCV_E,Recovery - energy recovery (R1),THS_T,Thousand tonnes,LV,Latvia,2005,,7,,,,,
dataflow,ESTAT:ENV_WASMUN(1.0),Municipal waste by waste management operations,A,Annual,RCV_E,Recovery - energy recovery (R1),THS_T,Thousand tonnes,LV,Latvia,2006,,5,,,,,
dataflow,ESTAT:ENV_WASMUN(1.0),Municipal waste by waste management operations,A,Annual,RCV_E,Recovery - energy recovery (R1),THS_T,Thousand tonnes,LV,Latvia,2007,,3,,,,,
dataflow,ESTAT:ENV_WASMUN(1.0),Municipal waste by waste management operations,A,Annual,RCV_E,Recovery - energy recovery (R1),THS_T,Thousand tonnes,LV,Latvia,2008,,3,,,,,
dataflow,ESTAT:ENV_WASMUN(1.0),Municipal waste by waste management operations,A,Annual,RCV_E,Recovery - energy recovery (R1),THS_T,Thousand tonnes,LV,Latvia,2009,,1,,,,,
dataflow,ESTAT:ENV_WASMUN(1.0),Municipal waste by waste management operations,A,Annual,RCV_E,Recovery - energy recovery (R1),THS_T,Thousand tonnes,LV,Latvia,2010,,0,,,,,
dataflow,ESTAT:ENV_WASMUN(1.0),Municipal waste by waste management operations,A,Annual,RCV_E,Recovery - energy recovery (R1),THS_T,Thousand tonnes,LV,Latvia,2011,,0,,,,,
dataflow,ESTAT:ENV_WASMUN(1.0),Municipal waste by waste management operations,A,Annual,RCV_E,Recovery - energy recovery (R1),THS_T,Thousand tonnes,LV,Latvia,2012,,3,,,,,
dataflow,ESTAT:ENV_WASMUN(1.0),Municipal waste by waste management operations,A,Annual,RCV_E,Recovery - energy recovery (R1),THS_T,Thousand tonnes,LV,Latvia,2013,,12,,,,,
dataflow,ESTAT:ENV_WASMUN(1.0),Municipal waste by waste management operations,A,Annual,RCV_E,Recovery - energy recovery (R1),THS_T,Thousand tonnes,LV,Latvia,2014,,11,,,,,
dataflow,ESTAT:ENV_WASMUN(1.0),Municipal waste by waste management operations,A,Annual,RCV_E,Recovery - energy recovery (R1),THS_T,Thousand tonnes,LV,Latvia,2015,,15,,,,,
dataflow,ESTAT:ENV_WASMUN(1.0),Municipal waste by waste management operations,A,Annual,RCV_E,Recovery - energy recovery (R1),THS_T,Thousand tonnes,LV,Latvia,2016,,19,,,,,
dataflow,ESTAT:ENV_WASMUN(1.0),Municipal waste by waste management operations,A,Annual,RCV_E,Recovery - energy recovery (R1),THS_T,Thousand tonnes,LV,Latvia,2017,,21,,,,,
dataflow,ESTAT:ENV_WASMUN(1.0),Municipal waste by waste management operations,A,Annual,RCV_E,Recovery - energy recovery (R1),THS_T,Thousand tonnes,LV,Latvia,2018,,15,,,,,
dataflow,ESTAT:ENV_WASMUN(1.0),Municipal waste by waste management operations,A,Annual,RCV_E,Recovery - energy recovery (R1),THS_T,Thousand tonnes,LV,Latvia,2019,,28,,,,,
dataflow,ESTAT:ENV_WASMUN(1.0),Municipal waste by waste management operations,A,Annual,RCV_E,Recovery - energy recovery (R1),THS_T,Thousand tonnes,LV,Latvia,2020,,24,,,,,
dataflow,ESTAT:ENV_WASMUN(1.0),Municipal waste by waste management operations,A,Annual,RCV_E,Recovery - energy recovery (R1),THS_T,Thousand tonnes,LV,Latvia,2021,,30,,,,,
dataflow,ESTAT:ENV_WASMUN(1.0),Municipal waste by waste management operations,A,Annual,RCV_E,Recovery - energy recovery (R1),THS_T,Thousand tonnes,LV,Latvia,2022,,26,,,,,
dataflow,ESTAT:ENV_WASMUN(1.0),Municipal waste by waste management operations,A,Annual,RCV_E,Recovery - energy recovery (R1),THS_T,Thousand tonnes,ME,Montenegro,2012,,0,,e,estimated,,
dataflow,ESTAT:ENV_WASMUN(1.0),Municipal waste by waste management operations,A,Annual,RCV_E,Recovery - energy recovery (R1),THS_T,Thousand tonnes,ME,Montenegro,2013,,0,,e,estimated,,
dataflow,ESTAT:ENV_WASMUN(1.0),Municipal waste by waste management operations,A,Annual,RCV_E,Recovery - energy recovery (R1),THS_T,Thousand tonnes,ME,Montenegro,2014,,0,,e,estimated,,
dataflow,ESTAT:ENV_WASMUN(1.0),Municipal waste by waste management operations,A,Annual,RCV_E,Recovery - energy recovery (R1),THS_T,Thousand tonnes,ME,Montenegro,2015,,0,,e,estimated,,
dataflow,ESTAT:ENV_WASMUN(1.0),Municipal waste by waste management operations,A,Annual,RCV_E,Recovery - energy recovery (R1),THS_T,Thousand tonnes,ME,Montenegro,2016,,0,,e,estimated,,
dataflow,ESTAT:ENV_WASMUN(1.0),Municipal waste by waste management operations,A,Annual,RCV_E,Recovery - energy recovery (R1),THS_T,Thousand tonnes,ME,Montenegro,2017,,0,,e,estimated,,
dataflow,ESTAT:ENV_WASMUN(1.0),Municipal waste by waste management operations,A,Annual,RCV_E,Recovery - energy recovery (R1),THS_T,Thousand tonnes,ME,Montenegro,2018,,0,,e,estimated,,
dataflow,ESTAT:ENV_WASMUN(1.0),Municipal waste by waste management operations,A,Annual,RCV_E,Recovery - energy recovery (R1),THS_T,Thousand tonnes,ME,Montenegro,2019,,0,,e,estimated,,
dataflow,ESTAT:ENV_WASMUN(1.0),Municipal waste by waste management operations,A,Annual,RCV_E,Recovery - energy recovery (R1),THS_T,Thousand tonnes,ME,Montenegro,2020,,0,,e,estimated,,
dataflow,ESTAT:ENV_WASMUN(1.0),Municipal waste by waste management operations,A,Annual,RCV_E,Recovery - energy recovery (R1),THS_T,Thousand tonnes,ME,Montenegro,2021,,0,,e,estimated,,
dataflow,ESTAT:ENV_WASMUN(1.0),Municipal waste by waste management operations,A,Annual,RCV_E,Recovery - energy recovery (R1),THS_T,Thousand tonnes,ME,Montenegro,2022,,0,,e,estimated,,
dataflow,ESTAT:ENV_WASMUN(1.0),Municipal waste by waste management operations,A,Annual,RCV_E,Recovery - energy recovery (R1),THS_T,Thousand tonnes,ME,Montenegro,2023,,0,,e,estimated,,
dataflow,ESTAT:ENV_WASMUN(1.0),Municipal waste by waste management operations,A,Annual,RCV_E,Recovery - energy recovery (R1),THS_T,Thousand tonnes,MK,North Macedonia,2008,,0,,,,,
dataflow,ESTAT:ENV_WASMUN(1.0),Municipal waste by waste management operations,A,Annual,RCV_E,Recovery - energy recovery (R1),THS_T,Thousand tonnes,MK,North Macedonia,2011,,0,,,,,
dataflow,ESTAT:ENV_WASMUN(1.0),Municipal waste by waste management operations,A,Annual,RCV_E,Recovery - energy recovery (R1),THS_T,Thousand tonnes,MK,North Macedonia,2022,,0,,,,,
dataflow,ESTAT:ENV_WASMUN(1.0),Municipal waste by waste management operations,A,Annual,RCV_E,Recovery - energy recovery (R1),THS_T,Thousand tonnes,MT,Malta,1995,,0,,,,,
dataflow,ESTAT:ENV_WASMUN(1.0),Municipal waste by waste management operations,A,Annual,RCV_E,Recovery - energy recovery (R1),THS_T,Thousand tonnes,MT,Malta,1996,,0,,,,,
dataflow,ESTAT:ENV_WASMUN(1.0),Municipal waste by waste management operations,A,Annual,RCV_E,Recovery - energy recovery (R1),THS_T,Thousand tonnes,MT,Malta,1997,,0,,,,,
dataflow,ESTAT:ENV_WASMUN(1.0),Municipal waste by waste management operations,A,Annual,RCV_E,Recovery - energy recovery (R1),THS_T,Thousand tonnes,MT,Malta,1998,,0,,,,,
dataflow,ESTAT:ENV_WASMUN(1.0),Municipal waste by waste management operations,A,Annual,RCV_E,Recovery - energy recovery (R1),THS_T,Thousand tonnes,MT,Malta,1999,,0,,,,,
dataflow,ESTAT:ENV_WASMUN(1.0),Municipal waste by waste management operations,A,Annual,RCV_E,Recovery - energy recovery (R1),THS_T,Thousand tonnes,MT,Malta,2000,,0,,,,,
dataflow,ESTAT:ENV_WASMUN(1.0),Municipal waste by waste management operations,A,Annual,RCV_E,Recovery - energy recovery (R1),THS_T,Thousand tonnes,MT,Malta,2001,,0,,,,,
dataflow,ESTAT:ENV_WASMUN(1.0),Municipal waste by waste management operations,A,Annual,RCV_E,Recovery - energy recovery (R1),THS_T,Thousand tonnes,MT,Malta,2002,,0,,,,,
dataflow,ESTAT:ENV_WASMUN(1.0),Municipal waste by waste management operations,A,Annual,RCV_E,Recovery - energy recovery (R1),THS_T,Thousand tonnes,MT,Malta,2003,,0,,,,,
dataflow,ESTAT:ENV_WASMUN(1.0),Municipal waste by waste management operations,A,Annual,RCV_E,Recovery - energy recovery (R1),THS_T,Thousand tonnes,MT,Malta,2004,,0,,,,,
dataflow,ESTAT:ENV_WASMUN(1.0),Municipal waste by waste management operations,A,Annual,RCV_E,Recovery - energy recovery (R1),THS_T,Thousand tonnes,MT,Malta,2005,,0,,,,,
dataflow,ESTAT:ENV_WASMUN(1.0),Municipal waste by waste management operations,A,Annual,RCV_E,Recovery - energy recovery (R1),THS_T,Thousand tonnes,MT,Malta,2006,,0,,,,,
dataflow,ESTAT:ENV_WASMUN(1.0),Municipal waste by waste management operations,A,Annual,RCV_E,Recovery - energy recovery (R1),THS_T,Thousand tonnes,MT,Malta,2007,,0,,,,,
dataflow,ESTAT:ENV_WASMUN(1.0),Municipal waste by waste management operations,A,Annual,RCV_E,Recovery - energy recovery (R1),THS_T,Thousand tonnes,MT,Malta,2008,,0,,,,,
dataflow,ESTAT:ENV_WASMUN(1.0),Municipal waste by waste management operations,A,Annual,RCV_E,Recovery - energy recovery (R1),THS_T,Thousand tonnes,MT,Malta,2009,,0,,,,,
dataflow,ESTAT:ENV_WASMUN(1.0),Municipal waste by waste management operations,A,Annual,RCV_E,Recovery - energy recovery (R1),THS_T,Thousand tonnes,MT,Malta,2010,,0,,,,,
dataflow,ESTAT:ENV_WASMUN(1.0),Municipal waste by waste management operations,A,Annual,RCV_E,Recovery - energy recovery (R1),THS_T,Thousand tonnes,MT,Malta,2011,,3,,,,,
dataflow,ESTAT:ENV_WASMUN(1.0),Municipal waste by waste management operations,A,Annual,RCV_E,Recovery - energy recovery (R1),THS_T,Thousand tonnes,MT,Malta,2012,,1,,,,,
dataflow,ESTAT:ENV_WASMUN(1.0),Municipal waste by waste management operations,A,Annual,RCV_E,Recovery - energy recovery (R1),THS_T,Thousand tonnes,MT,Malta,2013,,1,,,,,
dataflow,ESTAT:ENV_WASMUN(1.0),Municipal waste by waste management operations,A,Annual,RCV_E,Recovery - energy recovery (R1),THS_T,Thousand tonnes,MT,Malta,2014,,1,,,,,
dataflow,ESTAT:ENV_WASMUN(1.0),Municipal waste by waste management operations,A,Annual,RCV_E,Recovery - energy recovery (R1),THS_T,Thousand tonnes,MT,Malta,2015,,1,,,,,
dataflow,ESTAT:ENV_WASMUN(1.0),Municipal waste by waste management operations,A,Annual,RCV_E,Recovery - energy recovery (R1),THS_T,Thousand tonnes,MT,Malta,2016,,1,,,,,
dataflow,ESTAT:ENV_WASMUN(1.0),Municipal waste by waste management operations,A,Annual,RCV_E,Recovery - energy recovery (R1),THS_T,Thousand tonnes,MT,Malta,2017,,0,,,,,
dataflow,ESTAT:ENV_WASMUN(1.0),Municipal waste by waste management operations,A,Annual,RCV_E,Recovery - energy recovery (R1),THS_T,Thousand tonnes,MT,Malta,2018,,0,,,,,
dataflow,ESTAT:ENV_WASMUN(1.0),Municipal waste by waste management operations,A,Annual,RCV_E,Recovery - energy recovery (R1),THS_T,Thousand tonnes,MT,Malta,2019,,0,,,,,
dataflow,ESTAT:ENV_WASMUN(1.0),Municipal waste by waste management operations,A,Annual,RCV_E,Recovery - energy recovery (R1),THS_T,Thousand tonnes,MT,Malta,2020,,0,,,,,
dataflow,ESTAT:ENV_WASMUN(1.0),Municipal waste by waste management operations,A,Annual,RCV_E,Recovery - energy recovery (R1),THS_T,Thousand tonnes,MT,Malta,2021,,13,,,,,
dataflow,ESTAT:ENV_WASMUN(1.0),Municipal waste by waste management operations,A,Annual,RCV_E,Recovery - energy recovery (R1),THS_T,Thousand tonnes,MT,Malta,2022,,4,,,,,
dataflow,ESTAT:ENV_WASMUN(1.0),Municipal waste by waste management operations,A,Annual,RCV_E,Recovery - energy recovery (R1),THS_T,Thousand tonnes,MT,Malta,2023,,9,,,,,
dataflow,ESTAT:ENV_WASMUN(1.0),Municipal waste by waste management operations,A,Annual,RCV_E,Recovery - energy recovery (R1),THS_T,Thousand tonnes,NL,Netherlands,2008,,870,,b,break in time series,,
dataflow,ESTAT:ENV_WASMUN(1.0),Municipal waste by waste management operations,A,Annual,RCV_E,Recovery - energy recovery (R1),THS_T,Thousand tonnes,NL,Netherlands,2009,,850,,,,,
dataflow,ESTAT:ENV_WASMUN(1.0),Municipal waste by waste management operations,A,Annual,RCV_E,Recovery - energy recovery (R1),THS_T,Thousand tonnes,NL,Netherlands,2010,,2841,,,,,
dataflow,ESTAT:ENV_WASMUN(1.0),Municipal waste by waste management operations,A,Annual,RCV_E,Recovery - energy recovery (R1),THS_T,Thousand tonnes,NL,Netherlands,2011,,3956,,,,,
dataflow,ESTAT:ENV_WASMUN(1.0),Municipal waste by waste management operations,A,Annual,RCV_E,Recovery - energy recovery (R1),THS_T,Thousand tonnes,NL,Netherlands,2012,,4405,,,,,
dataflow,ESTAT:ENV_WASMUN(1.0),Municipal waste by waste management operations,A,Annual,RCV_E,Recovery - energy recovery (R1),THS_T,Thousand tonnes,NL,Netherlands,2013,,4200,,,,,
dataflow,ESTAT:ENV_WASMUN(1.0),Municipal waste by waste management operations,A,Annual,RCV_E,Recovery - energy recovery (R1),THS_T,Thousand tonnes,NL,Netherlands,2014,,4141,,,,,
dataflow,ESTAT:ENV_WASMUN(1.0),Municipal waste by waste management operations,A,Annual,RCV_E,Recovery - energy recovery (R1),THS_T,Thousand tonnes,NL,Netherlands,2015,,4057,,,,,
dataflow,ESTAT:ENV_WASMUN(1.0),Municipal waste by waste management operations,A,Annual,RCV_E,Recovery - energy recovery (R1),THS_T,Thousand tonnes,NL,Netherlands,2016,,3901,,,,,
dataflow,ESTAT:ENV_WASMUN(1.0),Municipal waste by waste management operations,A,Annual,RCV_E,Recovery - energy recovery (R1),THS_T,Thousand tonnes,NL,Netherlands,2017,,3775,,,,,
dataflow,ESTAT:ENV_WASMUN(1.0),Municipal waste by waste management operations,A,Annual,RCV_E,Recovery - energy recovery (R1),THS_T,Thousand tonnes,NL,Netherlands,2018,,3668,,,,,
dataflow,ESTAT:ENV_WASMUN(1.0),Municipal waste by waste management operations,A,Annual,RCV_E,Recovery - energy recovery (R1),THS_T,Thousand tonnes,NL,Netherlands,2019,,3577,,,,,
dataflow,ESTAT:ENV_WASMUN(1.0),Municipal waste by waste management operations,A,Annual,RCV_E,Recovery - energy recovery (R1),THS_T,Thousand tonnes,NL,Netherlands,2020,,3793,,,,,
dataflow,ESTAT:ENV_WASMUN(1.0),Municipal waste by waste management operations,A,Annual,RCV_E,Recovery - energy recovery (R1),THS_T,Thousand tonnes,NL,Netherlands,2021,,3598,,,,,
dataflow,ESTAT:ENV_WASMUN(1.0),Municipal waste by waste management operations,A,Annual,RCV_E,Recovery - energy recovery (R1),THS_T,Thousand tonnes,NL,Netherlands,2022,,3349,,p,provisional,,
dataflow,ESTAT:ENV_WASMUN(1.0),Municipal waste by waste management operations,A,Annual,RCV_E,Recovery - energy recovery (R1),THS_T,Thousand tonnes,NL,Netherlands,2023,,3290,,,,,
dataflow,ESTAT:ENV_WASMUN(1.0),Municipal waste by waste management operations,A,Annual,RCV_E,Recovery - energy recovery (R1),THS_T,Thousand tonnes,NO,Norway,1995,,314,,,,,
dataflow,ESTAT:ENV_WASMUN(1.0),Municipal waste by waste management operations,A,Annual,RCV_E,Recovery - energy recovery (R1),THS_T,Thousand tonnes,NO,Norway,1996,,353,,,,,
dataflow,ESTAT:ENV_WASMUN(1.0),Municipal waste by waste management operations,A,Annual,RCV_E,Recovery - energy recovery (R1),THS_T,Thousand tonnes,NO,Norway,1997,,367,,,,,
dataflow,ESTAT:ENV_WASMUN(1.0),Municipal waste by waste management operations,A,Annual,RCV_E,Recovery - energy recovery (R1),THS_T,Thousand tonnes,NO,Norway,1998,,374,,,,,
dataflow,ESTAT:ENV_WASMUN(1.0),Municipal waste by waste management operations,A,Annual,RCV_E,Recovery - energy recovery (R1),THS_T,Thousand tonnes,NO,Norway,1999,,410,,,,,
dataflow,ESTAT:ENV_WASMUN(1.0),Municipal waste by waste management operations,A,Annual,RCV_E,Recovery - energy recovery (R1),THS_T,Thousand tonnes,NO,Norway,2000,,405,,,,,
dataflow,ESTAT:ENV_WASMUN(1.0),Municipal waste by waste management operations,A,Annual,RCV_E,Recovery - energy recovery (R1),THS_T,Thousand tonnes,NO,Norway,2001,,481,,b,break in time series,,
dataflow,ESTAT:ENV_WASMUN(1.0),Municipal waste by waste management operations,A,Annual,RCV_E,Recovery - energy recovery (R1),THS_T,Thousand tonnes,NO,Norway,2002,,543,,,,,
dataflow,ESTAT:ENV_WASMUN(1.0),Municipal waste by waste management operations,A,Annual,RCV_E,Recovery - energy recovery (R1),THS_T,Thousand tonnes,NO,Norway,2003,,598,,,,,
dataflow,ESTAT:ENV_WASMUN(1.0),Municipal waste by waste management operations,A,Annual,RCV_E,Recovery - energy recovery (R1),THS_T,Thousand tonnes,NO,Norway,2004,,587,,,,,
dataflow,ESTAT:ENV_WASMUN(1.0),Municipal waste by waste management operations,A,Annual,RCV_E,Recovery - energy recovery (R1),THS_T,Thousand tonnes,NO,Norway,2005,,656,,,,,
dataflow,ESTAT:ENV_WASMUN(1.0),Municipal waste by waste management operations,A,Annual,RCV_E,Recovery - energy recovery (R1),THS_T,Thousand tonnes,NO,Norway,2006,,675,,,,,
dataflow,ESTAT:ENV_WASMUN(1.0),Municipal waste by waste management operations,A,Annual,RCV_E,Recovery - energy recovery (R1),THS_T,Thousand tonnes,NO,Norway,2007,,866,,,,,
dataflow,ESTAT:ENV_WASMUN(1.0),Municipal waste by waste management operations,A,Annual,RCV_E,Recovery - energy recovery (R1),THS_T,Thousand tonnes,NO,Norway,2008,,873,,,,,
dataflow,ESTAT:ENV_WASMUN(1.0),Municipal waste by waste management operations,A,Annual,RCV_E,Recovery - energy recovery (R1),THS_T,Thousand tonnes,NO,Norway,2009,,941,,,,,
dataflow,ESTAT:ENV_WASMUN(1.0),Municipal waste by waste management operations,A,Annual,RCV_E,Recovery - energy recovery (R1),THS_T,Thousand tonnes,NO,Norway,2010,,1154,,,,,
dataflow,ESTAT:ENV_WASMUN(1.0),Municipal waste by waste management operations,A,Annual,RCV_E,Recovery - energy recovery (R1),THS_T,Thousand tonnes,NO,Norway,2011,,1341,,,,,
dataflow,ESTAT:ENV_WASMUN(1.0),Municipal waste by waste management operations,A,Annual,RCV_E,Recovery - energy recovery (R1),THS_T,Thousand tonnes,NO,Norway,2012,,1346,,,,,
dataflow,ESTAT:ENV_WASMUN(1.0),Municipal waste by waste management operations,A,Annual,RCV_E,Recovery - energy recovery (R1),THS_T,Thousand tonnes,NO,Norway,2013,,1446,,,,,
dataflow,ESTAT:ENV_WASMUN(1.0),Municipal waste by waste management operations,A,Annual,RCV_E,Recovery - energy recovery (R1),THS_T,Thousand tonnes,NO,Norway,2014,,1148,,b,break in time series,,
dataflow,ESTAT:ENV_WASMUN(1.0),Municipal waste by waste management operations,A,Annual,RCV_E,Recovery - energy recovery (R1),THS_T,Thousand tonnes,NO,Norway,2015,,1145,,,,,
dataflow,ESTAT:ENV_WASMUN(1.0),Municipal waste by waste management operations,A,Annual,RCV_E,Recovery - energy recovery (R1),THS_T,Thousand tonnes,NO,Norway,2016,,2113,,b,break in time series,,
dataflow,ESTAT:ENV_WASMUN(1.0),Municipal waste by waste management operations,A,Annual,RCV_E,Recovery - energy recovery (R1),THS_T,Thousand tonnes,NO,Norway,2017,,2088,,,,,
dataflow,ESTAT:ENV_WASMUN(1.0),Municipal waste by waste management operations,A,Annual,RCV_E,Recovery - energy recovery (R1),THS_T,Thousand tonnes,NO,Norway,2018,,2006,,,,,
dataflow,ESTAT:ENV_WASMUN(1.0),Municipal waste by waste management operations,A,Annual,RCV_E,Recovery - energy recovery (R1),THS_T,Thousand tonnes,NO,Norway,2019,,2053,,,,,
dataflow,ESTAT:ENV_WASMUN(1.0),Municipal waste by waste management operations,A,Annual,RCV_E,Recovery - energy recovery (R1),THS_T,Thousand tonnes,NO,Norway,2020,,1814,,b,break in time series,,
dataflow,ESTAT:ENV_WASMUN(1.0),Municipal waste by waste management operations,A,Annual,RCV_E,Recovery - energy recovery (R1),THS_T,Thousand tonnes,NO,Norway,2021,,2160,,,,,
dataflow,ESTAT:ENV_WASMUN(1.0),Municipal waste by waste management operations,A,Annual,RCV_E,Recovery - energy recovery (R1),THS_T,Thousand tonnes,NO,Norway,2022,,2146,,,,,
dataflow,ESTAT:ENV_WASMUN(1.0),Municipal waste by waste management operations,A,Annual,RCV_E,Recovery - energy recovery (R1),THS_T,Thousand tonnes,NO,Norway,2023,,1873,,,,,
dataflow,ESTAT:ENV_WASMUN(1.0),Municipal waste by waste management operations,A,Annual,RCV_E,Recovery - energy recovery (R1),THS_T,Thousand tonnes,PL,Poland,1995,,0,,,,,
dataflow,ESTAT:ENV_WASMUN(1.0),Municipal waste by waste management operations,A,Annual,RCV_E,Recovery - energy recovery (R1),THS_T,Thousand tonnes,PL,Poland,1996,,0,,,,,
dataflow,ESTAT:ENV_WASMUN(1.0),Municipal waste by waste management operations,A,Annual,RCV_E,Recovery - energy recovery (R1),THS_T,Thousand tonnes,PL,Poland,1997,,0,,,,,
dataflow,ESTAT:ENV_WASMUN(1.0),Municipal waste by waste management operations,A,Annual,RCV_E,Recovery - energy recovery (R1),THS_T,Thousand tonnes,PL,Poland,1998,,0,,,,,
dataflow,ESTAT:ENV_WASMUN(1.0),Municipal waste by waste management operations,A,Annual,RCV_E,Recovery - energy recovery (R1),THS_T,Thousand tonnes,PL,Poland,1999,,0,,,,,
dataflow,ESTAT:ENV_WASMUN(1.0),Municipal waste by waste management operations,A,Annual,RCV_E,Recovery - energy recovery (R1),THS_T,Thousand tonnes,PL,Poland,2000,,0,,,,,
dataflow,ESTAT:ENV_WASMUN(1.0),Municipal waste by waste management operations,A,Annual,RCV_E,Recovery - energy recovery (R1),THS_T,Thousand tonnes,PL,Poland,2001,,0,,,,,
dataflow,ESTAT:ENV_WASMUN(1.0),Municipal waste by waste management operations,A,Annual,RCV_E,Recovery - energy recovery (R1),THS_T,Thousand tonnes,PL,Poland,2002,,0,,,,,
dataflow,ESTAT:ENV_WASMUN(1.0),Municipal waste by waste management operations,A,Annual,RCV_E,Recovery - energy recovery (R1),THS_T,Thousand tonnes,PL,Poland,2003,,0,,,,,
dataflow,ESTAT:ENV_WASMUN(1.0),Municipal waste by waste management operations,A,Annual,RCV_E,Recovery - energy recovery (R1),THS_T,Thousand tonnes,PL,Poland,2004,,0,,,,,
dataflow,ESTAT:ENV_WASMUN(1.0),Municipal waste by waste management operations,A,Annual,RCV_E,Recovery - energy recovery (R1),THS_T,Thousand tonnes,PL,Poland,2005,,0,,,,,
dataflow,ESTAT:ENV_WASMUN(1.0),Municipal waste by waste management operations,A,Annual,RCV_E,Recovery - energy recovery (R1),THS_T,Thousand tonnes,PL,Poland,2006,,0,,,,,
dataflow,ESTAT:ENV_WASMUN(1.0),Municipal waste by waste management operations,A,Annual,RCV_E,Recovery - energy recovery (R1),THS_T,Thousand tonnes,PL,Poland,2007,,0,,,,,
dataflow,ESTAT:ENV_WASMUN(1.0),Municipal waste by waste management operations,A,Annual,RCV_E,Recovery - energy recovery (R1),THS_T,Thousand tonnes,PL,Poland,2008,,0,,,,,
dataflow,ESTAT:ENV_WASMUN(1.0),Municipal waste by waste management operations,A,Annual,RCV_E,Recovery - energy recovery (R1),THS_T,Thousand tonnes,PL,Poland,2009,,0,,,,,
dataflow,ESTAT:ENV_WASMUN(1.0),Municipal waste by waste management operations,A,Annual,RCV_E,Recovery - energy recovery (R1),THS_T,Thousand tonnes,PL,Poland,2010,,0,,,,,
dataflow,ESTAT:ENV_WASMUN(1.0),Municipal waste by waste management operations,A,Annual,RCV_E,Recovery - energy recovery (R1),THS_T,Thousand tonnes,PL,Poland,2011,,0,,,,,
dataflow,ESTAT:ENV_WASMUN(1.0),Municipal waste by waste management operations,A,Annual,RCV_E,Recovery - energy recovery (R1),THS_T,Thousand tonnes,PL,Poland,2012,,0,,,,,
dataflow,ESTAT:ENV_WASMUN(1.0),Municipal waste by waste management operations,A,Annual,RCV_E,Recovery - energy recovery (R1),THS_T,Thousand tonnes,PL,Poland,2013,,563,,be,"break in time series, estimated",,
dataflow,ESTAT:ENV_WASMUN(1.0),Municipal waste by waste management operations,A,Annual,RCV_E,Recovery - energy recovery (R1),THS_T,Thousand tonnes,PL,Poland,2014,,1162,,be,"break in time series, estimated",,
dataflow,ESTAT:ENV_WASMUN(1.0),Municipal waste by waste management operations,A,Annual,RCV_E,Recovery - energy recovery (R1),THS_T,Thousand tonnes,PL,Poland,2015,,1318,,e,estimated,,
dataflow,ESTAT:ENV_WASMUN(1.0),Municipal waste by waste management operations,A,Annual,RCV_E,Recovery - energy recovery (R1),THS_T,Thousand tonnes,PL,Poland,2016,,2114,,e,estimated,,
dataflow,ESTAT:ENV_WASMUN(1.0),Municipal waste by waste management operations,A,Annual,RCV_E,Recovery - energy recovery (R1),THS_T,Thousand tonnes,PL,Poland,2017,,2724,,e,estimated,,
dataflow,ESTAT:ENV_WASMUN(1.0),Municipal waste by waste management operations,A,Annual,RCV_E,Recovery - energy recovery (R1),THS_T,Thousand tonnes,PL,Poland,2018,,2822,,e,estimated,,
dataflow,ESTAT:ENV_WASMUN(1.0),Municipal waste by waste management operations,A,Annual,RCV_E,Recovery - energy recovery (R1),THS_T,Thousand tonnes,PL,Poland,2019,,2742,,e,estimated,,
dataflow,ESTAT:ENV_WASMUN(1.0),Municipal waste by waste management operations,A,Annual,RCV_E,Recovery - energy recovery (R1),THS_T,Thousand tonnes,PL,Poland,2020,,2656,,,,,
dataflow,ESTAT:ENV_WASMUN(1.0),Municipal waste by waste management operations,A,Annual,RCV_E,Recovery - energy recovery (R1),THS_T,Thousand tonnes,PL,Poland,2021,,2702,,,,,
dataflow,ESTAT:ENV_WASMUN(1.0),Municipal waste by waste management operations,A,Annual,RCV_E,Recovery - energy recovery (R1),THS_T,Thousand tonnes,PL,Poland,2022,,2714,,,,,
dataflow,ESTAT:ENV_WASMUN(1.0),Municipal waste by waste management operations,A,Annual,RCV_E,Recovery - energy recovery (R1),THS_T,Thousand tonnes,PL,Poland,2023,,2686,,,,,
dataflow,ESTAT:ENV_WASMUN(1.0),Municipal waste by waste management operations,A,Annual,RCV_E,Recovery - energy recovery (R1),THS_T,Thousand tonnes,PT,Portugal,1995,,4,,,,,
dataflow,ESTAT:ENV_WASMUN(1.0),Municipal waste by waste management operations,A,Annual,RCV_E,Recovery - energy recovery (R1),THS_T,Thousand tonnes,PT,Portugal,1996,,6,,,,,
dataflow,ESTAT:ENV_WASMUN(1.0),Municipal waste by waste management operations,A,Annual,RCV_E,Recovery - energy recovery (R1),THS_T,Thousand tonnes,PT,Portugal,1997,,7,,,,,
dataflow,ESTAT:ENV_WASMUN(1.0),Municipal waste by waste management operations,A,Annual,RCV_E,Recovery - energy recovery (R1),THS_T,Thousand tonnes,PT,Portugal,1998,,4,,,,,
dataflow,ESTAT:ENV_WASMUN(1.0),Municipal waste by waste management operations,A,Annual,RCV_E,Recovery - energy recovery (R1),THS_T,Thousand tonnes,PT,Portugal,1999,,3,,,,,
dataflow,ESTAT:ENV_WASMUN(1.0),Municipal waste by waste management operations,A,Annual,RCV_E,Recovery - energy recovery (R1),THS_T,Thousand tonnes,PT,Portugal,2000,,985,,,,,
dataflow,ESTAT:ENV_WASMUN(1.0),Municipal waste by waste management operations,A,Annual,RCV_E,Recovery - energy recovery (R1),THS_T,Thousand tonnes,PT,Portugal,2001,,973,,,,,
dataflow,ESTAT:ENV_WASMUN(1.0),Municipal waste by waste management operations,A,Annual,RCV_E,Recovery - energy recovery (R1),THS_T,Thousand tonnes,PT,Portugal,2002,,944,,b,break in time series,,
dataflow,ESTAT:ENV_WASMUN(1.0),Municipal waste by waste management operations,A,Annual,RCV_E,Recovery - energy recovery (R1),THS_T,Thousand tonnes,PT,Portugal,2003,,1002,,,,,
dataflow,ESTAT:ENV_WASMUN(1.0),Municipal waste by waste management operations,A,Annual,RCV_E,Recovery - energy recovery (R1),THS_T,Thousand tonnes,PT,Portugal,2004,,993,,,,,
dataflow,ESTAT:ENV_WASMUN(1.0),Municipal waste by waste management operations,A,Annual,RCV_E,Recovery - energy recovery (R1),THS_T,Thousand tonnes,PT,Portugal,2005,,1057,,,,,
dataflow,ESTAT:ENV_WASMUN(1.0),Municipal waste by waste management operations,A,Annual,RCV_E,Recovery - energy recovery (R1),THS_T,Thousand tonnes,PT,Portugal,2006,,978,,,,,
dataflow,ESTAT:ENV_WASMUN(1.0),Municipal waste by waste management operations,A,Annual,RCV_E,Recovery - energy recovery (R1),THS_T,Thousand tonnes,PT,Portugal,2007,,948,,b,break in time series,,
dataflow,ESTAT:ENV_WASMUN(1.0),Municipal waste by waste management operations,A,Annual,RCV_E,Recovery - energy recovery (R1),THS_T,Thousand tonnes,PT,Portugal,2008,,993,,,,,
dataflow,ESTAT:ENV_WASMUN(1.0),Municipal waste by waste management operations,A,Annual,RCV_E,Recovery - energy recovery (R1),THS_T,Thousand tonnes,PT,Portugal,2009,,1083,,,,,
dataflow,ESTAT:ENV_WASMUN(1.0),Municipal waste by waste management operations,A,Annual,RCV_E,Recovery - energy recovery (R1),THS_T,Thousand tonnes,PT,Portugal,2010,,1058,,,,,
dataflow,ESTAT:ENV_WASMUN(1.0),Municipal waste by waste management operations,A,Annual,RCV_E,Recovery - energy recovery (R1),THS_T,Thousand tonnes,PT,Portugal,2011,,1088,,,,,
dataflow,ESTAT:ENV_WASMUN(1.0),Municipal waste by waste management operations,A,Annual,RCV_E,Recovery - energy recovery (R1),THS_T,Thousand tonnes,PT,Portugal,2012,,930,,,,,
dataflow,ESTAT:ENV_WASMUN(1.0),Municipal waste by waste management operations,A,Annual,RCV_E,Recovery - energy recovery (R1),THS_T,Thousand tonnes,PT,Portugal,2013,,1091,,,,,
dataflow,ESTAT:ENV_WASMUN(1.0),Municipal waste by waste management operations,A,Annual,RCV_E,Recovery - energy recovery (R1),THS_T,Thousand tonnes,PT,Portugal,2014,,974,,,,,
dataflow,ESTAT:ENV_WASMUN(1.0),Municipal waste by waste management operations,A,Annual,RCV_E,Recovery - energy recovery (R1),THS_T,Thousand tonnes,PT,Portugal,2015,,941,,,,,
dataflow,ESTAT:ENV_WASMUN(1.0),Municipal waste by waste management operations,A,Annual,RCV_E,Recovery - energy recovery (R1),THS_T,Thousand tonnes,PT,Portugal,2016,,950,,,,,
dataflow,ESTAT:ENV_WASMUN(1.0),Municipal waste by waste management operations,A,Annual,RCV_E,Recovery - energy recovery (R1),THS_T,Thousand tonnes,PT,Portugal,2017,,989,,,,,
dataflow,ESTAT:ENV_WASMUN(1.0),Municipal waste by waste management operations,A,Annual,RCV_E,Recovery - energy recovery (R1),THS_T,Thousand tonnes,PT,Portugal,2018,,946,,,,,
dataflow,ESTAT:ENV_WASMUN(1.0),Municipal waste by waste management operations,A,Annual,RCV_E,Recovery - energy recovery (R1),THS_T,Thousand tonnes,PT,Portugal,2019,,996,,,,,
dataflow,ESTAT:ENV_WASMUN(1.0),Municipal waste by waste management operations,A,Annual,RCV_E,Recovery - energy recovery (R1),THS_T,Thousand tonnes,PT,Portugal,2020,,1129,,,,,
dataflow,ESTAT:ENV_WASMUN(1.0),Municipal waste by waste management operations,A,Annual,RCV_E,Recovery - energy recovery (R1),THS_T,Thousand tonnes,PT,Portugal,2021,,1248,,,,,
dataflow,ESTAT:ENV_WASMUN(1.0),Municipal waste by waste management operations,A,Annual,RCV_E,Recovery - energy recovery (R1),THS_T,Thousand tonnes,PT,Portugal,2022,,1078,,,,,
dataflow,ESTAT:ENV_WASMUN(1.0),Municipal waste by waste management operations,A,Annual,RCV_E,Recovery - energy recovery (R1),THS_T,Thousand tonnes,PT,Portugal,2023,,976,,,,,
dataflow,ESTAT:ENV_WASMUN(1.0),Municipal waste by waste management operations,A,Annual,RCV_E,Recovery - energy recovery (R1),THS_T,Thousand tonnes,RO,Romania,1995,,0,,,,,
dataflow,ESTAT:ENV_WASMUN(1.0),Municipal waste by waste management operations,A,Annual,RCV_E,Recovery - energy recovery (R1),THS_T,Thousand tonnes,RO,Romania,1996,,0,,,,,
dataflow,ESTAT:ENV_WASMUN(1.0),Municipal waste by waste management operations,A,Annual,RCV_E,Recovery - energy recovery (R1),THS_T,Thousand tonnes,RO,Romania,1997,,0,,,,,
dataflow,ESTAT:ENV_WASMUN(1.0),Municipal waste by waste management operations,A,Annual,RCV_E,Recovery - energy recovery (R1),THS_T,Thousand tonnes,RO,Romania,1998,,0,,,,,
dataflow,ESTAT:ENV_WASMUN(1.0),Municipal waste by waste management operations,A,Annual,RCV_E,Recovery - energy recovery (R1),THS_T,Thousand tonnes,RO,Romania,1999,,0,,,,,
dataflow,ESTAT:ENV_WASMUN(1.0),Municipal waste by waste management operations,A,Annual,RCV_E,Recovery - energy recovery (R1),THS_T,Thousand tonnes,RO,Romania,2000,,0,,,,,
dataflow,ESTAT:ENV_WASMUN(1.0),Municipal waste by waste management operations,A,Annual,RCV_E,Recovery - energy recovery (R1),THS_T,Thousand tonnes,RO,Romania,2001,,0,,,,,
dataflow,ESTAT:ENV_WASMUN(1.0),Municipal waste by waste management operations,A,Annual,RCV_E,Recovery - energy recovery (R1),THS_T,Thousand tonnes,RO,Romania,2002,,0,,,,,
dataflow,ESTAT:ENV_WASMUN(1.0),Municipal waste by waste management operations,A,Annual,RCV_E,Recovery - energy recovery (R1),THS_T,Thousand tonnes,RO,Romania,2003,,0,,,,,
dataflow,ESTAT:ENV_WASMUN(1.0),Municipal waste by waste management operations,A,Annual,RCV_E,Recovery - energy recovery (R1),THS_T,Thousand tonnes,RO,Romania,2004,,0,,,,,
dataflow,ESTAT:ENV_WASMUN(1.0),Municipal waste by waste management operations,A,Annual,RCV_E,Recovery - energy recovery (R1),THS_T,Thousand tonnes,RO,Romania,2005,,0,,,,,
dataflow,ESTAT:ENV_WASMUN(1.0),Municipal waste by waste management operations,A,Annual,RCV_E,Recovery - energy recovery (R1),THS_T,Thousand tonnes,RO,Romania,2006,,0,,,,,
dataflow,ESTAT:ENV_WASMUN(1.0),Municipal waste by waste management operations,A,Annual,RCV_E,Recovery - energy recovery (R1),THS_T,Thousand tonnes,RO,Romania,2007,,0,,,,,
dataflow,ESTAT:ENV_WASMUN(1.0),Municipal waste by waste management operations,A,Annual,RCV_E,Recovery - energy recovery (R1),THS_T,Thousand tonnes,RO,Romania,2008,,0,,,,,
dataflow,ESTAT:ENV_WASMUN(1.0),Municipal waste by waste management operations,A,Annual,RCV_E,Recovery - energy recovery (R1),THS_T,Thousand tonnes,RO,Romania,2009,,0,,,,,
dataflow,ESTAT:ENV_WASMUN(1.0),Municipal waste by waste management operations,A,Annual,RCV_E,Recovery - energy recovery (R1),THS_T,Thousand tonnes,RO,Romania,2010,,21,,b,break in time series,,
dataflow,ESTAT:ENV_WASMUN(1.0),Municipal waste by waste management operations,A,Annual,RCV_E,Recovery - energy recovery (R1),THS_T,Thousand tonnes,RO,Romania,2011,,47,,,,,
dataflow,ESTAT:ENV_WASMUN(1.0),Municipal waste by waste management operations,A,Annual,RCV_E,Recovery - energy recovery (R1),THS_T,Thousand tonnes,RO,Romania,2012,,89,,,,,
dataflow,ESTAT:ENV_WASMUN(1.0),Municipal waste by waste management operations,A,Annual,RCV_E,Recovery - energy recovery (R1),THS_T,Thousand tonnes,RO,Romania,2013,,97,,,,,
dataflow,ESTAT:ENV_WASMUN(1.0),Municipal waste by waste management operations,A,Annual,RCV_E,Recovery - energy recovery (R1),THS_T,Thousand tonnes,RO,Romania,2014,,133,,,,,
dataflow,ESTAT:ENV_WASMUN(1.0),Municipal waste by waste management operations,A,Annual,RCV_E,Recovery - energy recovery (R1),THS_T,Thousand tonnes,RO,Romania,2015,,116,,,,,
dataflow,ESTAT:ENV_WASMUN(1.0),Municipal waste by waste management operations,A,Annual,RCV_E,Recovery - energy recovery (R1),THS_T,Thousand tonnes,RO,Romania,2016,,220,,,,,
dataflow,ESTAT:ENV_WASMUN(1.0),Municipal waste by waste management operations,A,Annual,RCV_E,Recovery - energy recovery (R1),THS_T,Thousand tonnes,RO,Romania,2017,,227,,,,,
dataflow,ESTAT:ENV_WASMUN(1.0),Municipal waste by waste management operations,A,Annual,RCV_E,Recovery - energy recovery (R1),THS_T,Thousand tonnes,RO,Romania,2018,,241,,,,,
dataflow,ESTAT:ENV_WASMUN(1.0),Municipal waste by waste management operations,A,Annual,RCV_E,Recovery - energy recovery (R1),THS_T,Thousand tonnes,RO,Romania,2019,,251,,,,,
dataflow,ESTAT:ENV_WASMUN(1.0),Municipal waste by waste management operations,A,Annual,RCV_E,Recovery - energy recovery (R1),THS_T,Thousand tonnes,RO,Romania,2020,,298,,,,,
dataflow,ESTAT:ENV_WASMUN(1.0),Municipal waste by waste management operations,A,Annual,RCV_E,Recovery - energy recovery (R1),THS_T,Thousand tonnes,RO,Romania,2021,,335,,,,,
dataflow,ESTAT:ENV_WASMUN(1.0),Municipal waste by waste management operations,A,Annual,RCV_E,Recovery - energy recovery (R1),THS_T,Thousand tonnes,RO,Romania,2022,,389,,,,,
dataflow,ESTAT:ENV_WASMUN(1.0),Municipal waste by waste management operations,A,Annual,RCV_E,Recovery - energy recovery (R1),THS_T,Thousand tonnes,RS,Serbia,2006,,0,,,,,
dataflow,ESTAT:ENV_WASMUN(1.0),Municipal waste by waste management operations,A,Annual,RCV_E,Recovery - energy recovery (R1),THS_T,Thousand tonnes,RS,Serbia,2007,,0,,,,,
dataflow,ESTAT:ENV_WASMUN(1.0),Municipal waste by waste management operations,A,Annual,RCV_E,Recovery - energy recovery (R1),THS_T,Thousand tonnes,RS,Serbia,2008,,0,,,,,
dataflow,ESTAT:ENV_WASMUN(1.0),Municipal waste by waste management operations,A,Annual,RCV_E,Recovery - energy recovery (R1),THS_T,Thousand tonnes,RS,Serbia,2009,,0,,,,,
dataflow,ESTAT:ENV_WASMUN(1.0),Municipal waste by waste management operations,A,Annual,RCV_E,Recovery - energy recovery (R1),THS_T,Thousand tonnes,RS,Serbia,2010,,0,,,,,
dataflow,ESTAT:ENV_WASMUN(1.0),Municipal waste by waste management operations,A,Annual,RCV_E,Recovery - energy recovery (R1),THS_T,Thousand tonnes,RS,Serbia,2011,,0,,,,,
dataflow,ESTAT:ENV_WASMUN(1.0),Municipal waste by waste management operations,A,Annual,RCV_E,Recovery - energy recovery (R1),THS_T,Thousand tonnes,RS,Serbia,2012,,0,,,,,
dataflow,ESTAT:ENV_WASMUN(1.0),Municipal waste by waste management operations,A,Annual,RCV_E,Recovery - energy recovery (R1),THS_T,Thousand tonnes,RS,Serbia,2013,,0,,,,,
dataflow,ESTAT:ENV_WASMUN(1.0),Municipal waste by waste management operations,A,Annual,RCV_E,Recovery - energy recovery (R1),THS_T,Thousand tonnes,RS,Serbia,2014,,0,,,,,
dataflow,ESTAT:ENV_WASMUN(1.0),Municipal waste by waste management operations,A,Annual,RCV_E,Recovery - energy recovery (R1),THS_T,Thousand tonnes,RS,Serbia,2015,,0,,,,,
dataflow,ESTAT:ENV_WASMUN(1.0),Municipal waste by waste management operations,A,Annual,RCV_E,Recovery - energy recovery (R1),THS_T,Thousand tonnes,RS,Serbia,2016,,0,,,,,
dataflow,ESTAT:ENV_WASMUN(1.0),Municipal waste by waste management operations,A,Annual,RCV_E,Recovery - energy recovery (R1),THS_T,Thousand tonnes,RS,Serbia,2017,,0,,,,,
dataflow,ESTAT:ENV_WASMUN(1.0),Municipal waste by waste management operations,A,Annual,RCV_E,Recovery - energy recovery (R1),THS_T,Thousand tonnes,RS,Serbia,2018,,0,,,,,
dataflow,ESTAT:ENV_WASMUN(1.0),Municipal waste by waste management operations,A,Annual,RCV_E,Recovery - energy recovery (R1),THS_T,Thousand tonnes,RS,Serbia,2020,,6,,,,,
dataflow,ESTAT:ENV_WASMUN(1.0),Municipal waste by waste management operations,A,Annual,RCV_E,Recovery - energy recovery (R1),THS_T,Thousand tonnes,RS,Serbia,2021,,13,,,,,
dataflow,ESTAT:ENV_WASMUN(1.0),Municipal waste by waste management operations,A,Annual,RCV_E,Recovery - energy recovery (R1),THS_T,Thousand tonnes,RS,Serbia,2022,,11,,,,,
dataflow,ESTAT:ENV_WASMUN(1.0),Municipal waste by waste management operations,A,Annual,RCV_E,Recovery - energy recovery (R1),THS_T,Thousand tonnes,RS,Serbia,2023,,11,,,,,
dataflow,ESTAT:ENV_WASMUN(1.0),Municipal waste by waste management operations,A,Annual,RCV_E,Recovery - energy recovery (R1),THS_T,Thousand tonnes,SE,Sweden,1995,,1310,,,,,
dataflow,ESTAT:ENV_WASMUN(1.0),Municipal waste by waste management operations,A,Annual,RCV_E,Recovery - energy recovery (R1),THS_T,Thousand tonnes,SE,Sweden,1996,,1298,,,,,
dataflow,ESTAT:ENV_WASMUN(1.0),Municipal waste by waste management operations,A,Annual,RCV_E,Recovery - energy recovery (R1),THS_T,Thousand tonnes,SE,Sweden,1997,,1330,,,,,
dataflow,ESTAT:ENV_WASMUN(1.0),Municipal waste by waste management operations,A,Annual,RCV_E,Recovery - energy recovery (R1),THS_T,Thousand tonnes,SE,Sweden,1998,,1464,,,,,
dataflow,ESTAT:ENV_WASMUN(1.0),Municipal waste by waste management operations,A,Annual,RCV_E,Recovery - energy recovery (R1),THS_T,Thousand tonnes,SE,Sweden,1999,,1440,,,,,
dataflow,ESTAT:ENV_WASMUN(1.0),Municipal waste by waste management operations,A,Annual,RCV_E,Recovery - energy recovery (R1),THS_T,Thousand tonnes,SE,Sweden,2000,,1457,,,,,
dataflow,ESTAT:ENV_WASMUN(1.0),Municipal waste by waste management operations,A,Annual,RCV_E,Recovery - energy recovery (R1),THS_T,Thousand tonnes,SE,Sweden,2001,,1504,,,,,
dataflow,ESTAT:ENV_WASMUN(1.0),Municipal waste by waste management operations,A,Annual,RCV_E,Recovery - energy recovery (R1),THS_T,Thousand tonnes,SE,Sweden,2002,,1675,,,,,
dataflow,ESTAT:ENV_WASMUN(1.0),Municipal waste by waste management operations,A,Annual,RCV_E,Recovery - energy recovery (R1),THS_T,Thousand tonnes,SE,Sweden,2003,,1868,,,,,
dataflow,ESTAT:ENV_WASMUN(1.0),Municipal waste by waste management operations,A,Annual,RCV_E,Recovery - energy recovery (R1),THS_T,Thousand tonnes,SE,Sweden,2004,,1944,,,,,
dataflow,ESTAT:ENV_WASMUN(1.0),Municipal waste by waste management operations,A,Annual,RCV_E,Recovery - energy recovery (R1),THS_T,Thousand tonnes,SE,Sweden,2005,,2182,,,,,
dataflow,ESTAT:ENV_WASMUN(1.0),Municipal waste by waste management operations,A,Annual,RCV_E,Recovery - energy recovery (R1),THS_T,Thousand tonnes,SE,Sweden,2006,,2108,,,,,
dataflow,ESTAT:ENV_WASMUN(1.0),Municipal waste by waste management operations,A,Annual,RCV_E,Recovery - energy recovery (R1),THS_T,Thousand tonnes,SE,Sweden,2007,,2191,,,,,
dataflow,ESTAT:ENV_WASMUN(1.0),Municipal waste by waste management operations,A,Annual,RCV_E,Recovery - energy recovery (R1),THS_T,Thousand tonnes,SE,Sweden,2008,,2293,,,,,
dataflow,ESTAT:ENV_WASMUN(1.0),Municipal waste by waste management operations,A,Annual,RCV_E,Recovery - energy recovery (R1),THS_T,Thousand tonnes,SE,Sweden,2009,,2173,,,,,
dataflow,ESTAT:ENV_WASMUN(1.0),Municipal waste by waste management operations,A,Annual,RCV_E,Recovery - energy recovery (R1),THS_T,Thousand tonnes,SE,Sweden,2010,,2124,,,,,
dataflow,ESTAT:ENV_WASMUN(1.0),Municipal waste by waste management operations,A,Annual,RCV_E,Recovery - energy recovery (R1),THS_T,Thousand tonnes,SE,Sweden,2011,,2236,,,,,
dataflow,ESTAT:ENV_WASMUN(1.0),Municipal waste by waste management operations,A,Annual,RCV_E,Recovery - energy recovery (R1),THS_T,Thousand tonnes,SE,Sweden,2012,,2271,,,,,
dataflow,ESTAT:ENV_WASMUN(1.0),Municipal waste by waste management operations,A,Annual,RCV_E,Recovery - energy recovery (R1),THS_T,Thousand tonnes,SE,Sweden,2013,,2236,,,,,
dataflow,ESTAT:ENV_WASMUN(1.0),Municipal waste by waste management operations,A,Annual,RCV_E,Recovery - energy recovery (R1),THS_T,Thousand tonnes,SE,Sweden,2014,,2149,,,,,
dataflow,ESTAT:ENV_WASMUN(1.0),Municipal waste by waste management operations,A,Annual,RCV_E,Recovery - energy recovery (R1),THS_T,Thousand tonnes,SE,Sweden,2015,,2284,,,,,
dataflow,ESTAT:ENV_WASMUN(1.0),Municipal waste by waste management operations,A,Annual,RCV_E,Recovery - energy recovery (R1),THS_T,Thousand tonnes,SE,Sweden,2016,,2263,,,,,
dataflow,ESTAT:ENV_WASMUN(1.0),Municipal waste by waste management operations,A,Annual,RCV_E,Recovery - energy recovery (R1),THS_T,Thousand tonnes,SE,Sweden,2017,,2400,,,,,
dataflow,ESTAT:ENV_WASMUN(1.0),Municipal waste by waste management operations,A,Annual,RCV_E,Recovery - energy recovery (R1),THS_T,Thousand tonnes,SE,Sweden,2018,,2362,,,,,
dataflow,ESTAT:ENV_WASMUN(1.0),Municipal waste by waste management operations,A,Annual,RCV_E,Recovery - energy recovery (R1),THS_T,Thousand tonnes,SE,Sweden,2019,,2427,,,,,
dataflow,ESTAT:ENV_WASMUN(1.0),Municipal waste by waste management operations,A,Annual,RCV_E,Recovery - energy recovery (R1),THS_T,Thousand tonnes,SE,Sweden,2020,,2680,,b,break in time series,,
dataflow,ESTAT:ENV_WASMUN(1.0),Municipal waste by waste management operations,A,Annual,RCV_E,Recovery - energy recovery (R1),THS_T,Thousand tonnes,SE,Sweden,2021,,2599,,,,,
dataflow,ESTAT:ENV_WASMUN(1.0),Municipal waste by waste management operations,A,Annual,RCV_E,Recovery - energy recovery (R1),THS_T,Thousand tonnes,SE,Sweden,2022,,2439,,,,,
dataflow,ESTAT:ENV_WASMUN(1.0),Municipal waste by waste management operations,A,Annual,RCV_E,Recovery - energy recovery (R1),THS_T,Thousand tonnes,SE,Sweden,2023,,2423,,,,,
dataflow,ESTAT:ENV_WASMUN(1.0),Municipal waste by waste management operations,A,Annual,RCV_E,Recovery - energy recovery (R1),THS_T,Thousand tonnes,SI,Slovenia,1995,,0,,,,,
dataflow,ESTAT:ENV_WASMUN(1.0),Municipal waste by waste management operations,A,Annual,RCV_E,Recovery - energy recovery (R1),THS_T,Thousand tonnes,SI,Slovenia,1996,,0,,,,,
dataflow,ESTAT:ENV_WASMUN(1.0),Municipal waste by waste management operations,A,Annual,RCV_E,Recovery - energy recovery (R1),THS_T,Thousand tonnes,SI,Slovenia,1997,,0,,,,,
dataflow,ESTAT:ENV_WASMUN(1.0),Municipal waste by waste management operations,A,Annual,RCV_E,Recovery - energy recovery (R1),THS_T,Thousand tonnes,SI,Slovenia,1998,,0,,,,,
dataflow,ESTAT:ENV_WASMUN(1.0),Municipal waste by waste management operations,A,Annual,RCV_E,Recovery - energy recovery (R1),THS_T,Thousand tonnes,SI,Slovenia,1999,,0,,,,,
dataflow,ESTAT:ENV_WASMUN(1.0),Municipal waste by waste management operations,A,Annual,RCV_E,Recovery - energy recovery (R1),THS_T,Thousand tonnes,SI,Slovenia,2000,,0,,,,,
dataflow,ESTAT:ENV_WASMUN(1.0),Municipal waste by waste management operations,A,Annual,RCV_E,Recovery - energy recovery (R1),THS_T,Thousand tonnes,SI,Slovenia,2001,,0,,,,,
dataflow,ESTAT:ENV_WASMUN(1.0),Municipal waste by waste management operations,A,Annual,RCV_E,Recovery - energy recovery (R1),THS_T,Thousand tonnes,SI,Slovenia,2002,,5,,,,,
dataflow,ESTAT:ENV_WASMUN(1.0),Municipal waste by waste management operations,A,Annual,RCV_E,Recovery - energy recovery (R1),THS_T,Thousand tonnes,SI,Slovenia,2003,,5,,,,,
dataflow,ESTAT:ENV_WASMUN(1.0),Municipal waste by waste management operations,A,Annual,RCV_E,Recovery - energy recovery (R1),THS_T,Thousand tonnes,SI,Slovenia,2004,,15,,,,,
dataflow,ESTAT:ENV_WASMUN(1.0),Municipal waste by waste management operations,A,Annual,RCV_E,Recovery - energy recovery (R1),THS_T,Thousand tonnes,SI,Slovenia,2005,,1,,,,,
dataflow,ESTAT:ENV_WASMUN(1.0),Municipal waste by waste management operations,A,Annual,RCV_E,Recovery - energy recovery (R1),THS_T,Thousand tonnes,SI,Slovenia,2006,,1,,,,,
dataflow,ESTAT:ENV_WASMUN(1.0),Municipal waste by waste management operations,A,Annual,RCV_E,Recovery - energy recovery (R1),THS_T,Thousand tonnes,SI,Slovenia,2007,,0,,,,,
dataflow,ESTAT:ENV_WASMUN(1.0),Municipal waste by waste management operations,A,Annual,RCV_E,Recovery - energy recovery (R1),THS_T,Thousand tonnes,SI,Slovenia,2008,,13,,,,,
dataflow,ESTAT:ENV_WASMUN(1.0),Municipal waste by waste management operations,A,Annual,RCV_E,Recovery - energy recovery (R1),THS_T,Thousand tonnes,SI,Slovenia,2009,,14,,,,,
dataflow,ESTAT:ENV_WASMUN(1.0),Municipal waste by waste management operations,A,Annual,RCV_E,Recovery - energy recovery (R1),THS_T,Thousand tonnes,SI,Slovenia,2010,,8,,,,,
dataflow,ESTAT:ENV_WASMUN(1.0),Municipal waste by waste management operations,A,Annual,RCV_E,Recovery - energy recovery (R1),THS_T,Thousand tonnes,SI,Slovenia,2011,,11,,,,,
dataflow,ESTAT:ENV_WASMUN(1.0),Municipal waste by waste management operations,A,Annual,RCV_E,Recovery - energy recovery (R1),THS_T,Thousand tonnes,SI,Slovenia,2012,,9,,,,,
dataflow,ESTAT:ENV_WASMUN(1.0),Municipal waste by waste management operations,A,Annual,RCV_E,Recovery - energy recovery (R1),THS_T,Thousand tonnes,SI,Slovenia,2013,,3,,,,,
dataflow,ESTAT:ENV_WASMUN(1.0),Municipal waste by waste management operations,A,Annual,RCV_E,Recovery - energy recovery (R1),THS_T,Thousand tonnes,SI,Slovenia,2014,,2,,,,,
dataflow,ESTAT:ENV_WASMUN(1.0),Municipal waste by waste management operations,A,Annual,RCV_E,Recovery - energy recovery (R1),THS_T,Thousand tonnes,SI,Slovenia,2015,,158,,be,"break in time series, estimated",,
dataflow,ESTAT:ENV_WASMUN(1.0),Municipal waste by waste management operations,A,Annual,RCV_E,Recovery - energy recovery (R1),THS_T,Thousand tonnes,SI,Slovenia,2016,,169,,e,estimated,,
dataflow,ESTAT:ENV_WASMUN(1.0),Municipal waste by waste management operations,A,Annual,RCV_E,Recovery - energy recovery (R1),THS_T,Thousand tonnes,SI,Slovenia,2017,,74,,e,estimated,,
dataflow,ESTAT:ENV_WASMUN(1.0),Municipal waste by waste management operations,A,Annual,RCV_E,Recovery - energy recovery (R1),THS_T,Thousand tonnes,SI,Slovenia,2018,,98,,e,estimated,,
dataflow,ESTAT:ENV_WASMUN(1.0),Municipal waste by waste management operations,A,Annual,RCV_E,Recovery - energy recovery (R1),THS_T,Thousand tonnes,SI,Slovenia,2019,,136,,e,estimated,,
dataflow,ESTAT:ENV_WASMUN(1.0),Municipal waste by waste management operations,A,Annual,RCV_E,Recovery - energy recovery (R1),THS_T,Thousand tonnes,SI,Slovenia,2020,,113,,e,estimated,,
dataflow,ESTAT:ENV_WASMUN(1.0),Municipal waste by waste management operations,A,Annual,RCV_E,Recovery - energy recovery (R1),THS_T,Thousand tonnes,SI,Slovenia,2021,,97,,,,,
dataflow,ESTAT:ENV_WASMUN(1.0),Municipal waste by waste management operations,A,Annual,RCV_E,Recovery - energy recovery (R1),THS_T,Thousand tonnes,SI,Slovenia,2022,,106,,,,,
dataflow,ESTAT:ENV_WASMUN(1.0),Municipal waste by waste management operations,A,Annual,RCV_E,Recovery - energy recovery (R1),THS_T,Thousand tonnes,SI,Slovenia,2023,,126,,,,,
dataflow,ESTAT:ENV_WASMUN(1.0),Municipal waste by waste management operations,A,Annual,RCV_E,Recovery - energy recovery (R1),THS_T,Thousand tonnes,SK,Slovakia,1995,,145,,,,,
dataflow,ESTAT:ENV_WASMUN(1.0),Municipal waste by waste management operations,A,Annual,RCV_E,Recovery - energy recovery (R1),THS_T,Thousand tonnes,SK,Slovakia,1996,,144,,,,,
dataflow,ESTAT:ENV_WASMUN(1.0),Municipal waste by waste management operations,A,Annual,RCV_E,Recovery - energy recovery (R1),THS_T,Thousand tonnes,SK,Slovakia,1997,,154,,e,estimated,,
dataflow,ESTAT:ENV_WASMUN(1.0),Municipal waste by waste management operations,A,Annual,RCV_E,Recovery - energy recovery (R1),THS_T,Thousand tonnes,SK,Slovakia,1998,,174,,,,,
dataflow,ESTAT:ENV_WASMUN(1.0),Municipal waste by waste management operations,A,Annual,RCV_E,Recovery - energy recovery (R1),THS_T,Thousand tonnes,SK,Slovakia,1999,,170,,,,,
dataflow,ESTAT:ENV_WASMUN(1.0),Municipal waste by waste management operations,A,Annual,RCV_E,Recovery - energy recovery (R1),THS_T,Thousand tonnes,SK,Slovakia,2000,,204,,,,,
dataflow,ESTAT:ENV_WASMUN(1.0),Municipal waste by waste management operations,A,Annual,RCV_E,Recovery - energy recovery (R1),THS_T,Thousand tonnes,SK,Slovakia,2001,,129,,,,,
dataflow,ESTAT:ENV_WASMUN(1.0),Municipal waste by waste management operations,A,Annual,RCV_E,Recovery - energy recovery (R1),THS_T,Thousand tonnes,SK,Slovakia,2002,,91,,,,,
dataflow,ESTAT:ENV_WASMUN(1.0),Municipal waste by waste management operations,A,Annual,RCV_E,Recovery - energy recovery (R1),THS_T,Thousand tonnes,SK,Slovakia,2003,,96,,,,,
dataflow,ESTAT:ENV_WASMUN(1.0),Municipal waste by waste management operations,A,Annual,RCV_E,Recovery - energy recovery (R1),THS_T,Thousand tonnes,SK,Slovakia,2004,,116,,,,,
dataflow,ESTAT:ENV_WASMUN(1.0),Municipal waste by waste management operations,A,Annual,RCV_E,Recovery - energy recovery (R1),THS_T,Thousand tonnes,SK,Slovakia,2005,,2,,b,break in time series,,
dataflow,ESTAT:ENV_WASMUN(1.0),Municipal waste by waste management operations,A,Annual,RCV_E,Recovery - energy recovery (R1),THS_T,Thousand tonnes,SK,Slovakia,2006,,0,,b,break in time series,,
dataflow,ESTAT:ENV_WASMUN(1.0),Municipal waste by waste management operations,A,Annual,RCV_E,Recovery - energy recovery (R1),THS_T,Thousand tonnes,SK,Slovakia,2007,,116,,,,,
dataflow,ESTAT:ENV_WASMUN(1.0),Municipal waste by waste management operations,A,Annual,RCV_E,Recovery - energy recovery (R1),THS_T,Thousand tonnes,SK,Slovakia,2008,,157,,,,,
dataflow,ESTAT:ENV_WASMUN(1.0),Municipal waste by waste management operations,A,Annual,RCV_E,Recovery - energy recovery (R1),THS_T,Thousand tonnes,SK,Slovakia,2009,,180,,,,,
dataflow,ESTAT:ENV_WASMUN(1.0),Municipal waste by waste management operations,A,Annual,RCV_E,Recovery - energy recovery (R1),THS_T,Thousand tonnes,SK,Slovakia,2010,,171,,,,,
dataflow,ESTAT:ENV_WASMUN(1.0),Municipal waste by waste management operations,A,Annual,RCV_E,Recovery - energy recovery (R1),THS_T,Thousand tonnes,SK,Slovakia,2011,,182,,,,,
dataflow,ESTAT:ENV_WASMUN(1.0),Municipal waste by waste management operations,A,Annual,RCV_E,Recovery - energy recovery (R1),THS_T,Thousand tonnes,SK,Slovakia,2012,,164,,,,,
dataflow,ESTAT:ENV_WASMUN(1.0),Municipal waste by waste management operations,A,Annual,RCV_E,Recovery - energy recovery (R1),THS_T,Thousand tonnes,SK,Slovakia,2013,,174,,,,,
dataflow,ESTAT:ENV_WASMUN(1.0),Municipal waste by waste management operations,A,Annual,RCV_E,Recovery - energy recovery (R1),THS_T,Thousand tonnes,SK,Slovakia,2014,,186,,,,,
dataflow,ESTAT:ENV_WASMUN(1.0),Municipal waste by waste management operations,A,Annual,RCV_E,Recovery - energy recovery (R1),THS_T,Thousand tonnes,SK,Slovakia,2015,,191,,,,,
dataflow,ESTAT:ENV_WASMUN(1.0),Municipal waste by waste management operations,A,Annual,RCV_E,Recovery - energy recovery (R1),THS_T,Thousand tonnes,SK,Slovakia,2016,,197,,,,,
dataflow,ESTAT:ENV_WASMUN(1.0),Municipal waste by waste management operations,A,Annual,RCV_E,Recovery - energy recovery (R1),THS_T,Thousand tonnes,SK,Slovakia,2017,,197,,,,,
dataflow,ESTAT:ENV_WASMUN(1.0),Municipal waste by waste management operations,A,Annual,RCV_E,Recovery - energy recovery (R1),THS_T,Thousand tonnes,SK,Slovakia,2018,,157,,,,,
dataflow,ESTAT:ENV_WASMUN(1.0),Municipal waste by waste management operations,A,Annual,RCV_E,Recovery - energy recovery (R1),THS_T,Thousand tonnes,SK,Slovakia,2019,,125,,,,,
dataflow,ESTAT:ENV_WASMUN(1.0),Municipal waste by waste management operations,A,Annual,RCV_E,Recovery - energy recovery (R1),THS_T,Thousand tonnes,SK,Slovakia,2020,,193,,,,,
dataflow,ESTAT:ENV_WASMUN(1.0),Municipal waste by waste management operations,A,Annual,RCV_E,Recovery - energy recovery (R1),THS_T,Thousand tonnes,SK,Slovakia,2021,,219,,,,,
dataflow,ESTAT:ENV_WASMUN(1.0),Municipal waste by waste management operations,A,Annual,RCV_E,Recovery - energy recovery (R1),THS_T,Thousand tonnes,SK,Slovakia,2022,,203,,,,,
dataflow,ESTAT:ENV_WASMUN(1.0),Municipal waste by waste management operations,A,Annual,RCV_E,Recovery - energy recovery (R1),THS_T,Thousand tonnes,SK,Slovakia,2023,,198,,,,,
dataflow,ESTAT:ENV_WASMUN(1.0),Municipal waste by waste management operations,A,Annual,RCV_E,Recovery - energy recovery (R1),THS_T,Thousand tonnes,TR,Türkiye,1995,,0,,,,,
dataflow,ESTAT:ENV_WASMUN(1.0),Municipal waste by waste management operations,A,Annual,RCV_E,Recovery - energy recovery (R1),THS_T,Thousand tonnes,TR,Türkiye,1996,,0,,,,,
dataflow,ESTAT:ENV_WASMUN(1.0),Municipal waste by waste management operations,A,Annual,RCV_E,Recovery - energy recovery (R1),THS_T,Thousand tonnes,TR,Türkiye,1997,,0,,,,,
dataflow,ESTAT:ENV_WASMUN(1.0),Municipal waste by waste management operations,A,Annual,RCV_E,Recovery - energy recovery (R1),THS_T,Thousand tonnes,TR,Türkiye,1998,,0,,,,,
dataflow,ESTAT:ENV_WASMUN(1.0),Municipal waste by waste management operations,A,Annual,RCV_E,Recovery - energy recovery (R1),THS_T,Thousand tonnes,TR,Türkiye,1999,,0,,,,,
dataflow,ESTAT:ENV_WASMUN(1.0),Municipal waste by waste management operations,A,Annual,RCV_E,Recovery - energy recovery (R1),THS_T,Thousand tonnes,TR,Türkiye,2000,,0,,,,,
dataflow,ESTAT:ENV_WASMUN(1.0),Municipal waste by waste management operations,A,Annual,RCV_E,Recovery - energy recovery (R1),THS_T,Thousand tonnes,TR,Türkiye,2001,,0,,,,,
dataflow,ESTAT:ENV_WASMUN(1.0),Municipal waste by waste management operations,A,Annual,RCV_E,Recovery - energy recovery (R1),THS_T,Thousand tonnes,TR,Türkiye,2002,,0,,,,,
dataflow,ESTAT:ENV_WASMUN(1.0),Municipal waste by waste management operations,A,Annual,RCV_E,Recovery - energy recovery (R1),THS_T,Thousand tonnes,TR,Türkiye,2003,,0,,,,,
dataflow,ESTAT:ENV_WASMUN(1.0),Municipal waste by waste management operations,A,Annual,RCV_E,Recovery - energy recovery (R1),THS_T,Thousand tonnes,TR,Türkiye,2004,,0,,,,,
dataflow,ESTAT:ENV_WASMUN(1.0),Municipal waste by waste management operations,A,Annual,RCV_E,Recovery - energy recovery (R1),THS_T,Thousand tonnes,TR,Türkiye,2005,,0,,,,,
dataflow,ESTAT:ENV_WASMUN(1.0),Municipal waste by waste management operations,A,Annual,RCV_E,Recovery - energy recovery (R1),THS_T,Thousand tonnes,TR,Türkiye,2006,,0,,,,,
dataflow,ESTAT:ENV_WASMUN(1.0),Municipal waste by waste management operations,A,Annual,RCV_E,Recovery - energy recovery (R1),THS_T,Thousand tonnes,TR,Türkiye,2007,,0,,,,,
dataflow,ESTAT:ENV_WASMUN(1.0),Municipal waste by waste management operations,A,Annual,RCV_E,Recovery - energy recovery (R1),THS_T,Thousand tonnes,TR,Türkiye,2008,,0,,,,,
dataflow,ESTAT:ENV_WASMUN(1.0),Municipal waste by waste management operations,A,Annual,RCV_E,Recovery - energy recovery (R1),THS_T,Thousand tonnes,TR,Türkiye,2009,,0,,,,,
dataflow,ESTAT:ENV_WASMUN(1.0),Municipal waste by waste management operations,A,Annual,RCV_E,Recovery - energy recovery (R1),THS_T,Thousand tonnes,TR,Türkiye,2010,,0,,,,,
dataflow,ESTAT:ENV_WASMUN(1.0),Municipal waste by waste management operations,A,Annual,RCV_E,Recovery - energy recovery (R1),THS_T,Thousand tonnes,TR,Türkiye,2011,,0,,,,,
dataflow,ESTAT:ENV_WASMUN(1.0),Municipal waste by waste management operations,A,Annual,RCV_E,Recovery - energy recovery (R1),THS_T,Thousand tonnes,TR,Türkiye,2012,,0,,,,,
dataflow,ESTAT:ENV_WASMUN(1.0),Municipal waste by waste management operations,A,Annual,RCV_E,Recovery - energy recovery (R1),THS_T,Thousand tonnes,TR,Türkiye,2013,,0,,,,,
dataflow,ESTAT:ENV_WASMUN(1.0),Municipal waste by waste management operations,A,Annual,RCV_E,Recovery - energy recovery (R1),THS_T,Thousand tonnes,TR,Türkiye,2014,,0,,,,,
dataflow,ESTAT:ENV_WASMUN(1.0),Municipal waste by waste management operations,A,Annual,RCV_E,Recovery - energy recovery (R1),THS_T,Thousand tonnes,TR,Türkiye,2015,,0,,,,,
dataflow,ESTAT:ENV_WASMUN(1.0),Municipal waste by waste management operations,A,Annual,RCV_E,Recovery - energy recovery (R1),THS_T,Thousand tonnes,TR,Türkiye,2016,,0,,,,,
dataflow,ESTAT:ENV_WASMUN(1.0),Municipal waste by waste management operations,A,Annual,RCV_E,Recovery - energy recovery (R1),THS_T,Thousand tonnes,TR,Türkiye,2017,,0,,,,,
dataflow,ESTAT:ENV_WASMUN(1.0),Municipal waste by waste management operations,A,Annual,RCV_E,Recovery - energy recovery (R1),THS_T,Thousand tonnes,TR,Türkiye,2018,,0,,,,,
dataflow,ESTAT:ENV_WASMUN(1.0),Municipal waste by waste management operations,A,Annual,RCV_E,Recovery - energy recovery (R1),THS_T,Thousand tonnes,TR,Türkiye,2019,,0,,,,,
dataflow,ESTAT:ENV_WASMUN(1.0),Municipal waste by waste management operations,A,Annual,RCV_E,Recovery - energy recovery (R1),THS_T,Thousand tonnes,TR,Türkiye,2020,,0,,,,,
dataflow,ESTAT:ENV_WASMUN(1.0),Municipal waste by waste management operations,A,Annual,RCV_E,Recovery - energy recovery (R1),THS_T,Thousand tonnes,TR,Türkiye,2021,,0,,,,,
dataflow,ESTAT:ENV_WASMUN(1.0),Municipal waste by waste management operations,A,Annual,RCV_E,Recovery - energy recovery (R1),THS_T,Thousand tonnes,XK,Kosovo*,2020,,0,,,,,
dataflow,ESTAT:ENV_WASMUN(1.0),Municipal waste by waste management operations,A,Annual,RCV_E,Recovery - energy recovery (R1),THS_T,Thousand tonnes,XK,Kosovo*,2021,,0,,,,,
dataflow,ESTAT:ENV_WASMUN(1.0),Municipal waste by waste management operations,A,Annual,RCV_E,Recovery - energy recovery (R1),THS_T,Thousand tonnes,XK,Kosovo*,2022,,0,,,,,
dataflow,ESTAT:ENV_WASMUN(1.0),Municipal waste by waste management operations,A,Annual,RCY,Recycling,KG_HAB,Kilograms per capita,AL,Albania,2020,,67,,,,,
dataflow,ESTAT:ENV_WASMUN(1.0),Municipal waste by waste management operations,A,Annual,RCY,Recycling,KG_HAB,Kilograms per capita,AL,Albania,2021,,58,,,,,
dataflow,ESTAT:ENV_WASMUN(1.0),Municipal waste by waste management operations,A,Annual,RCY,Recycling,KG_HAB,Kilograms per capita,AL,Albania,2022,,56,,,,,
dataflow,ESTAT:ENV_WASMUN(1.0),Municipal waste by waste management operations,A,Annual,RCY,Recycling,KG_HAB,Kilograms per capita,AT,Austria,1995,,221,,,,,
dataflow,ESTAT:ENV_WASMUN(1.0),Municipal waste by waste management operations,A,Annual,RCY,Recycling,KG_HAB,Kilograms per capita,AT,Austria,1996,,321,,b,break in time series,,
dataflow,ESTAT:ENV_WASMUN(1.0),Municipal waste by waste management operations,A,Annual,RCY,Recycling,KG_HAB,Kilograms per capita,AT,Austria,1997,,338,,,,,
dataflow,ESTAT:ENV_WASMUN(1.0),Municipal waste by waste management operations,A,Annual,RCY,Recycling,KG_HAB,Kilograms per capita,AT,Austria,1998,,342,,,,,
dataflow,ESTAT:ENV_WASMUN(1.0),Municipal waste by waste management operations,A,Annual,RCY,Recycling,KG_HAB,Kilograms per capita,AT,Austria,1999,,357,,,,,
dataflow,ESTAT:ENV_WASMUN(1.0),Municipal waste by waste management operations,A,Annual,RCY,Recycling,KG_HAB,Kilograms per capita,AT,Austria,2000,,368,,,,,
dataflow,ESTAT:ENV_WASMUN(1.0),Municipal waste by waste management operations,A,Annual,RCY,Recycling,KG_HAB,Kilograms per capita,AT,Austria,2001,,371,,e,estimated,,
dataflow,ESTAT:ENV_WASMUN(1.0),Municipal waste by waste management operations,A,Annual,RCY,Recycling,KG_HAB,Kilograms per capita,AT,Austria,2002,,380,,e,estimated,,
dataflow,ESTAT:ENV_WASMUN(1.0),Municipal waste by waste management operations,A,Annual,RCY,Recycling,KG_HAB,Kilograms per capita,AT,Austria,2003,,390,,e,estimated,,
dataflow,ESTAT:ENV_WASMUN(1.0),Municipal waste by waste management operations,A,Annual,RCY,Recycling,KG_HAB,Kilograms per capita,AT,Austria,2004,,329,,,,,
dataflow,ESTAT:ENV_WASMUN(1.0),Municipal waste by waste management operations,A,Annual,RCY,Recycling,KG_HAB,Kilograms per capita,AT,Austria,2005,,335,,e,estimated,,
dataflow,ESTAT:ENV_WASMUN(1.0),Municipal waste by waste management operations,A,Annual,RCY,Recycling,KG_HAB,Kilograms per capita,AT,Austria,2006,,353,,,,,
dataflow,ESTAT:ENV_WASMUN(1.0),Municipal waste by waste management operations,A,Annual,RCY,Recycling,KG_HAB,Kilograms per capita,AT,Austria,2007,,359,,,,,
dataflow,ESTAT:ENV_WASMUN(1.0),Municipal waste by waste management operations,A,Annual,RCY,Recycling,KG_HAB,Kilograms per capita,AT,Austria,2008,,380,,,,,
dataflow,ESTAT:ENV_WASMUN(1.0),Municipal waste by waste management operations,A,Annual,RCY,Recycling,KG_HAB,Kilograms per capita,AT,Austria,2009,,365,,,,,
dataflow,ESTAT:ENV_WASMUN(1.0),Municipal waste by waste management operations,A,Annual,RCY,Recycling,KG_HAB,Kilograms per capita,AT,Austria,2010,,334,,,,,
dataflow,ESTAT:ENV_WASMUN(1.0),Municipal waste by waste management operations,A,Annual,RCY,Recycling,KG_HAB,Kilograms per capita,AT,Austria,2011,,325,,,,,
dataflow,ESTAT:ENV_WASMUN(1.0),Municipal waste by waste management operations,A,Annual,RCY,Recycling,KG_HAB,Kilograms per capita,AT,Austria,2012,,334,,,,,
dataflow,ESTAT:ENV_WASMUN(1.0),Municipal waste by waste management operations,A,Annual,RCY,Recycling,KG_HAB,Kilograms per capita,AT,Austria,2013,,334,,,,,
dataflow,ESTAT:ENV_WASMUN(1.0),Municipal waste by waste management operations,A,Annual,RCY,Recycling,KG_HAB,Kilograms per capita,AT,Austria,2014,,319,,,,,
dataflow,ESTAT:ENV_WASMUN(1.0),Municipal waste by waste management operations,A,Annual,RCY,Recycling,KG_HAB,Kilograms per capita,AT,Austria,2015,,318,,,,,
dataflow,ESTAT:ENV_WASMUN(1.0),Municipal waste by waste management operations,A,Annual,RCY,Recycling,KG_HAB,Kilograms per capita,AT,Austria,2016,,325,,,,,
dataflow,ESTAT:ENV_WASMUN(1.0),Municipal waste by waste management operations,A,Annual,RCY,Recycling,KG_HAB,Kilograms per capita,AT,Austria,2017,,329,,,,,
dataflow,ESTAT:ENV_WASMUN(1.0),Municipal waste by waste management operations,A,Annual,RCY,Recycling,KG_HAB,Kilograms per capita,AT,Austria,2018,,334,,,,,
dataflow,ESTAT:ENV_WASMUN(1.0),Municipal waste by waste management operations,A,Annual,RCY,Recycling,KG_HAB,Kilograms per capita,AT,Austria,2019,,342,,,,,
dataflow,ESTAT:ENV_WASMUN(1.0),Municipal waste by waste management operations,A,Annual,RCY,Recycling,KG_HAB,Kilograms per capita,AT,Austria,2020,,519,,b,break in time series,,
dataflow,ESTAT:ENV_WASMUN(1.0),Municipal waste by waste management operations,A,Annual,RCY,Recycling,KG_HAB,Kilograms per capita,AT,Austria,2021,,521,,,,,
dataflow,ESTAT:ENV_WASMUN(1.0),Municipal waste by waste management operations,A,Annual,RCY,Recycling,KG_HAB,Kilograms per capita,AT,Austria,2022,,503,,,,,
dataflow,ESTAT:ENV_WASMUN(1.0),Municipal waste by waste management operations,A,Annual,RCY,Recycling,KG_HAB,Kilograms per capita,BA,Bosnia and Herzegovina,2008,,0,,,,,
dataflow,ESTAT:ENV_WASMUN(1.0),Municipal waste by waste management operations,A,Annual,RCY,Recycling,KG_HAB,Kilograms per capita,BA,Bosnia and Herzegovina,2009,,0,,,,,
dataflow,ESTAT:ENV_WASMUN(1.0),Municipal waste by waste management operations,A,Annual,RCY,Recycling,KG_HAB,Kilograms per capita,BA,Bosnia and Herzegovina,2010,,0,,,,,
dataflow,ESTAT:ENV_WASMUN(1.0),Municipal waste by waste management operations,A,Annual,RCY,Recycling,KG_HAB,Kilograms per capita,BA,Bosnia and Herzegovina,2011,,0,,,,,
dataflow,ESTAT:ENV_WASMUN(1.0),Municipal waste by waste management operations,A,Annual,RCY,Recycling,KG_HAB,Kilograms per capita,BA,Bosnia and Herzegovina,2012,,0,,,,,
dataflow,ESTAT:ENV_WASMUN(1.0),Municipal waste by waste management operations,A,Annual,RCY,Recycling,KG_HAB,Kilograms per capita,BA,Bosnia and Herzegovina,2013,,0,,,,,
dataflow,ESTAT:ENV_WASMUN(1.0),Municipal waste by waste management operations,A,Annual,RCY,Recycling,KG_HAB,Kilograms per capita,BA,Bosnia and Herzegovina,2014,,0,,,,,
dataflow,ESTAT:ENV_WASMUN(1.0),Municipal waste by waste management operations,A,Annual,RCY,Recycling,KG_HAB,Kilograms per capita,BA,Bosnia and Herzegovina,2015,,0,,,,,
dataflow,ESTAT:ENV_WASMUN(1.0),Municipal waste by waste management operations,A,Annual,RCY,Recycling,KG_HAB,Kilograms per capita,BA,Bosnia and Herzegovina,2016,,0,,,,,
dataflow,ESTAT:ENV_WASMUN(1.0),Municipal waste by waste management operations,A,Annual,RCY,Recycling,KG_HAB,Kilograms per capita,BA,Bosnia and Herzegovina,2017,,0,,,,,
dataflow,ESTAT:ENV_WASMUN(1.0),Municipal waste by waste management operations,A,Annual,RCY,Recycling,KG_HAB,Kilograms per capita,BA,Bosnia and Herzegovina,2022,,3,,,,,
dataflow,ESTAT:ENV_WASMUN(1.0),Municipal waste by waste management operations,A,Annual,RCY,Recycling,KG_HAB,Kilograms per capita,BE,Belgium,1995,,87,,,,,
dataflow,ESTAT:ENV_WASMUN(1.0),Municipal waste by waste management operations,A,Annual,RCY,Recycling,KG_HAB,Kilograms per capita,BE,Belgium,1996,,113,,,,,
dataflow,ESTAT:ENV_WASMUN(1.0),Municipal waste by waste management operations,A,Annual,RCY,Recycling,KG_HAB,Kilograms per capita,BE,Belgium,1997,,157,,,,,
dataflow,ESTAT:ENV_WASMUN(1.0),Municipal waste by waste management operations,A,Annual,RCY,Recycling,KG_HAB,Kilograms per capita,BE,Belgium,1998,,189,,,,,
dataflow,ESTAT:ENV_WASMUN(1.0),Municipal waste by waste management operations,A,Annual,RCY,Recycling,KG_HAB,Kilograms per capita,BE,Belgium,1999,,212,,,,,
dataflow,ESTAT:ENV_WASMUN(1.0),Municipal waste by waste management operations,A,Annual,RCY,Recycling,KG_HAB,Kilograms per capita,BE,Belgium,2000,,234,,,,,
dataflow,ESTAT:ENV_WASMUN(1.0),Municipal waste by waste management operations,A,Annual,RCY,Recycling,KG_HAB,Kilograms per capita,BE,Belgium,2001,,235,,,,,
dataflow,ESTAT:ENV_WASMUN(1.0),Municipal waste by waste management operations,A,Annual,RCY,Recycling,KG_HAB,Kilograms per capita,BE,Belgium,2002,,248,,,,,
dataflow,ESTAT:ENV_WASMUN(1.0),Municipal waste by waste management operations,A,Annual,RCY,Recycling,KG_HAB,Kilograms per capita,BE,Belgium,2003,,246,,,,,
dataflow,ESTAT:ENV_WASMUN(1.0),Municipal waste by waste management operations,A,Annual,RCY,Recycling,KG_HAB,Kilograms per capita,BE,Belgium,2004,,260,,,,,
dataflow,ESTAT:ENV_WASMUN(1.0),Municipal waste by waste management operations,A,Annual,RCY,Recycling,KG_HAB,Kilograms per capita,BE,Belgium,2005,,268,,,,,
dataflow,ESTAT:ENV_WASMUN(1.0),Municipal waste by waste management operations,A,Annual,RCY,Recycling,KG_HAB,Kilograms per capita,BE,Belgium,2006,,272,,,,,
dataflow,ESTAT:ENV_WASMUN(1.0),Municipal waste by waste management operations,A,Annual,RCY,Recycling,KG_HAB,Kilograms per capita,BE,Belgium,2007,,280,,,,,
dataflow,ESTAT:ENV_WASMUN(1.0),Municipal waste by waste management operations,A,Annual,RCY,Recycling,KG_HAB,Kilograms per capita,BE,Belgium,2008,,253,,,,,
dataflow,ESTAT:ENV_WASMUN(1.0),Municipal waste by waste management operations,A,Annual,RCY,Recycling,KG_HAB,Kilograms per capita,BE,Belgium,2009,,252,,,,,
dataflow,ESTAT:ENV_WASMUN(1.0),Municipal waste by waste management operations,A,Annual,RCY,Recycling,KG_HAB,Kilograms per capita,BE,Belgium,2010,,250,,,,,
dataflow,ESTAT:ENV_WASMUN(1.0),Municipal waste by waste management operations,A,Annual,RCY,Recycling,KG_HAB,Kilograms per capita,BE,Belgium,2011,,247,,,,,
dataflow,ESTAT:ENV_WASMUN(1.0),Municipal waste by waste management operations,A,Annual,RCY,Recycling,KG_HAB,Kilograms per capita,BE,Belgium,2012,,237,,,,,
dataflow,ESTAT:ENV_WASMUN(1.0),Municipal waste by waste management operations,A,Annual,RCY,Recycling,KG_HAB,Kilograms per capita,BE,Belgium,2013,,230,,,,,
dataflow,ESTAT:ENV_WASMUN(1.0),Municipal waste by waste management operations,A,Annual,RCY,Recycling,KG_HAB,Kilograms per capita,BE,Belgium,2014,,228,,,,,
dataflow,ESTAT:ENV_WASMUN(1.0),Municipal waste by waste management operations,A,Annual,RCY,Recycling,KG_HAB,Kilograms per capita,BE,Belgium,2015,,220,,,,,
dataflow,ESTAT:ENV_WASMUN(1.0),Municipal waste by waste management operations,A,Annual,RCY,Recycling,KG_HAB,Kilograms per capita,BE,Belgium,2016,,224,,,,,
dataflow,ESTAT:ENV_WASMUN(1.0),Municipal waste by waste management operations,A,Annual,RCY,Recycling,KG_HAB,Kilograms per capita,BE,Belgium,2017,,221,,,,,
dataflow,ESTAT:ENV_WASMUN(1.0),Municipal waste by waste management operations,A,Annual,RCY,Recycling,KG_HAB,Kilograms per capita,BE,Belgium,2018,,222,,,,,
dataflow,ESTAT:ENV_WASMUN(1.0),Municipal waste by waste management operations,A,Annual,RCY,Recycling,KG_HAB,Kilograms per capita,BE,Belgium,2019,,227,,,,,
dataflow,ESTAT:ENV_WASMUN(1.0),Municipal waste by waste management operations,A,Annual,RCY,Recycling,KG_HAB,Kilograms per capita,BE,Belgium,2020,,374,,,,,
dataflow,ESTAT:ENV_WASMUN(1.0),Municipal waste by waste management operations,A,Annual,RCY,Recycling,KG_HAB,Kilograms per capita,BE,Belgium,2021,,420,,,,,
dataflow,ESTAT:ENV_WASMUN(1.0),Municipal waste by waste management operations,A,Annual,RCY,Recycling,KG_HAB,Kilograms per capita,BE,Belgium,2022,,377,,,,,
dataflow,ESTAT:ENV_WASMUN(1.0),Municipal waste by waste management operations,A,Annual,RCY,Recycling,KG_HAB,Kilograms per capita,BE,Belgium,2023,,378,,,,,
dataflow,ESTAT:ENV_WASMUN(1.0),Municipal waste by waste management operations,A,Annual,RCY,Recycling,KG_HAB,Kilograms per capita,BG,Bulgaria,1995,,0,,,,,
dataflow,ESTAT:ENV_WASMUN(1.0),Municipal waste by waste management operations,A,Annual,RCY,Recycling,KG_HAB,Kilograms per capita,BG,Bulgaria,1996,,0,,,,,
dataflow,ESTAT:ENV_WASMUN(1.0),Municipal waste by waste management operations,A,Annual,RCY,Recycling,KG_HAB,Kilograms per capita,BG,Bulgaria,1997,,0,,,,,
dataflow,ESTAT:ENV_WASMUN(1.0),Municipal waste by waste management operations,A,Annual,RCY,Recycling,KG_HAB,Kilograms per capita,BG,Bulgaria,1998,,94,,e,estimated,,
dataflow,ESTAT:ENV_WASMUN(1.0),Municipal waste by waste management operations,A,Annual,RCY,Recycling,KG_HAB,Kilograms per capita,BG,Bulgaria,1999,,94,,e,estimated,,
dataflow,ESTAT:ENV_WASMUN(1.0),Municipal waste by waste management operations,A,Annual,RCY,Recycling,KG_HAB,Kilograms per capita,BG,Bulgaria,2000,,95,,e,estimated,,
dataflow,ESTAT:ENV_WASMUN(1.0),Municipal waste by waste management operations,A,Annual,RCY,Recycling,KG_HAB,Kilograms per capita,BG,Bulgaria,2001,,96,,e,estimated,,
dataflow,ESTAT:ENV_WASMUN(1.0),Municipal waste by waste management operations,A,Annual,RCY,Recycling,KG_HAB,Kilograms per capita,BG,Bulgaria,2002,,98,,e,estimated,,
dataflow,ESTAT:ENV_WASMUN(1.0),Municipal waste by waste management operations,A,Annual,RCY,Recycling,KG_HAB,Kilograms per capita,BG,Bulgaria,2003,,100,,e,estimated,,
dataflow,ESTAT:ENV_WASMUN(1.0),Municipal waste by waste management operations,A,Annual,RCY,Recycling,KG_HAB,Kilograms per capita,BG,Bulgaria,2004,,103,,e,estimated,,
dataflow,ESTAT:ENV_WASMUN(1.0),Municipal waste by waste management operations,A,Annual,RCY,Recycling,KG_HAB,Kilograms per capita,BG,Bulgaria,2005,,107,,e,estimated,,
dataflow,ESTAT:ENV_WASMUN(1.0),Municipal waste by waste management operations,A,Annual,RCY,Recycling,KG_HAB,Kilograms per capita,BG,Bulgaria,2006,,110,,e,estimated,,
dataflow,ESTAT:ENV_WASMUN(1.0),Municipal waste by waste management operations,A,Annual,RCY,Recycling,KG_HAB,Kilograms per capita,BG,Bulgaria,2007,,114,,e,estimated,,
dataflow,ESTAT:ENV_WASMUN(1.0),Municipal waste by waste management operations,A,Annual,RCY,Recycling,KG_HAB,Kilograms per capita,BG,Bulgaria,2008,,116,,e,estimated,,
dataflow,ESTAT:ENV_WASMUN(1.0),Municipal waste by waste management operations,A,Annual,RCY,Recycling,KG_HAB,Kilograms per capita,BG,Bulgaria,2009,,119,,e,estimated,,
dataflow,ESTAT:ENV_WASMUN(1.0),Municipal waste by waste management operations,A,Annual,RCY,Recycling,KG_HAB,Kilograms per capita,BG,Bulgaria,2010,,136,,,,,
dataflow,ESTAT:ENV_WASMUN(1.0),Municipal waste by waste management operations,A,Annual,RCY,Recycling,KG_HAB,Kilograms per capita,BG,Bulgaria,2011,,133,,,,,
dataflow,ESTAT:ENV_WASMUN(1.0),Municipal waste by waste management operations,A,Annual,RCY,Recycling,KG_HAB,Kilograms per capita,BG,Bulgaria,2012,,115,,,,,
dataflow,ESTAT:ENV_WASMUN(1.0),Municipal waste by waste management operations,A,Annual,RCY,Recycling,KG_HAB,Kilograms per capita,BG,Bulgaria,2013,,125,,,,,
dataflow,ESTAT:ENV_WASMUN(1.0),Municipal waste by waste management operations,A,Annual,RCY,Recycling,KG_HAB,Kilograms per capita,BG,Bulgaria,2014,,104,,,,,
dataflow,ESTAT:ENV_WASMUN(1.0),Municipal waste by waste management operations,A,Annual,RCY,Recycling,KG_HAB,Kilograms per capita,BG,Bulgaria,2015,,127,,,,,
dataflow,ESTAT:ENV_WASMUN(1.0),Municipal waste by waste management operations,A,Annual,RCY,Recycling,KG_HAB,Kilograms per capita,BG,Bulgaria,2016,,133,,,,,
dataflow,ESTAT:ENV_WASMUN(1.0),Municipal waste by waste management operations,A,Annual,RCY,Recycling,KG_HAB,Kilograms per capita,BG,Bulgaria,2017,,157,,,,,
dataflow,ESTAT:ENV_WASMUN(1.0),Municipal waste by waste management operations,A,Annual,RCY,Recycling,KG_HAB,Kilograms per capita,BG,Bulgaria,2018,,134,,,,,
dataflow,ESTAT:ENV_WASMUN(1.0),Municipal waste by waste management operations,A,Annual,RCY,Recycling,KG_HAB,Kilograms per capita,BG,Bulgaria,2019,,161,,i,value imputed by Eurostat or other receiving agencies,,
dataflow,ESTAT:ENV_WASMUN(1.0),Municipal waste by waste management operations,A,Annual,RCY,Recycling,KG_HAB,Kilograms per capita,BG,Bulgaria,2020,,152,,,,,
dataflow,ESTAT:ENV_WASMUN(1.0),Municipal waste by waste management operations,A,Annual,RCY,Recycling,KG_HAB,Kilograms per capita,BG,Bulgaria,2021,,132,,,,,
dataflow,ESTAT:ENV_WASMUN(1.0),Municipal waste by waste management operations,A,Annual,RCY,Recycling,KG_HAB,Kilograms per capita,BG,Bulgaria,2022,,120,,,,,
dataflow,ESTAT:ENV_WASMUN(1.0),Municipal waste by waste management operations,A,Annual,RCY,Recycling,KG_HAB,Kilograms per capita,CH,Switzerland,1995,,233,,,,,
dataflow,ESTAT:ENV_WASMUN(1.0),Municipal waste by waste management operations,A,Annual,RCY,Recycling,KG_HAB,Kilograms per capita,CH,Switzerland,1996,,250,,,,,
dataflow,ESTAT:ENV_WASMUN(1.0),Municipal waste by waste management operations,A,Annual,RCY,Recycling,KG_HAB,Kilograms per capita,CH,Switzerland,1997,,257,,,,,
dataflow,ESTAT:ENV_WASMUN(1.0),Municipal waste by waste management operations,A,Annual,RCY,Recycling,KG_HAB,Kilograms per capita,CH,Switzerland,1998,,268,,,,,
dataflow,ESTAT:ENV_WASMUN(1.0),Municipal waste by waste management operations,A,Annual,RCY,Recycling,KG_HAB,Kilograms per capita,CH,Switzerland,1999,,274,,,,,
dataflow,ESTAT:ENV_WASMUN(1.0),Municipal waste by waste management operations,A,Annual,RCY,Recycling,KG_HAB,Kilograms per capita,CH,Switzerland,2000,,298,,,,,
dataflow,ESTAT:ENV_WASMUN(1.0),Municipal waste by waste management operations,A,Annual,RCY,Recycling,KG_HAB,Kilograms per capita,CH,Switzerland,2001,,309,,,,,
dataflow,ESTAT:ENV_WASMUN(1.0),Municipal waste by waste management operations,A,Annual,RCY,Recycling,KG_HAB,Kilograms per capita,CH,Switzerland,2002,,317,,,,,
dataflow,ESTAT:ENV_WASMUN(1.0),Municipal waste by waste management operations,A,Annual,RCY,Recycling,KG_HAB,Kilograms per capita,CH,Switzerland,2003,,318,,,,,
dataflow,ESTAT:ENV_WASMUN(1.0),Municipal waste by waste management operations,A,Annual,RCY,Recycling,KG_HAB,Kilograms per capita,CH,Switzerland,2004,,323,,,,,
dataflow,ESTAT:ENV_WASMUN(1.0),Municipal waste by waste management operations,A,Annual,RCY,Recycling,KG_HAB,Kilograms per capita,CH,Switzerland,2005,,336,,,,,
dataflow,ESTAT:ENV_WASMUN(1.0),Municipal waste by waste management operations,A,Annual,RCY,Recycling,KG_HAB,Kilograms per capita,CH,Switzerland,2006,,357,,,,,
dataflow,ESTAT:ENV_WASMUN(1.0),Municipal waste by waste management operations,A,Annual,RCY,Recycling,KG_HAB,Kilograms per capita,CH,Switzerland,2007,,369,,,,,
dataflow,ESTAT:ENV_WASMUN(1.0),Municipal waste by waste management operations,A,Annual,RCY,Recycling,KG_HAB,Kilograms per capita,CH,Switzerland,2008,,369,,,,,
dataflow,ESTAT:ENV_WASMUN(1.0),Municipal waste by waste management operations,A,Annual,RCY,Recycling,KG_HAB,Kilograms per capita,CH,Switzerland,2009,,362,,,,,
dataflow,ESTAT:ENV_WASMUN(1.0),Municipal waste by waste management operations,A,Annual,RCY,Recycling,KG_HAB,Kilograms per capita,CH,Switzerland,2010,,359,,,,,
dataflow,ESTAT:ENV_WASMUN(1.0),Municipal waste by waste management operations,A,Annual,RCY,Recycling,KG_HAB,Kilograms per capita,CH,Switzerland,2011,,347,,,,,
dataflow,ESTAT:ENV_WASMUN(1.0),Municipal waste by waste management operations,A,Annual,RCY,Recycling,KG_HAB,Kilograms per capita,CH,Switzerland,2012,,349,,e,estimated,,
dataflow,ESTAT:ENV_WASMUN(1.0),Municipal waste by waste management operations,A,Annual,RCY,Recycling,KG_HAB,Kilograms per capita,CH,Switzerland,2013,,360,,e,estimated,,
dataflow,ESTAT:ENV_WASMUN(1.0),Municipal waste by waste management operations,A,Annual,RCY,Recycling,KG_HAB,Kilograms per capita,CH,Switzerland,2014,,393,,be,"break in time series, estimated",,
dataflow,ESTAT:ENV_WASMUN(1.0),Municipal waste by waste management operations,A,Annual,RCY,Recycling,KG_HAB,Kilograms per capita,CH,Switzerland,2015,,384,,e,estimated,,
dataflow,ESTAT:ENV_WASMUN(1.0),Municipal waste by waste management operations,A,Annual,RCY,Recycling,KG_HAB,Kilograms per capita,CH,Switzerland,2016,,379,,e,estimated,,
dataflow,ESTAT:ENV_WASMUN(1.0),Municipal waste by waste management operations,A,Annual,RCY,Recycling,KG_HAB,Kilograms per capita,CH,Switzerland,2017,,372,,e,estimated,,
dataflow,ESTAT:ENV_WASMUN(1.0),Municipal waste by waste management operations,A,Annual,RCY,Recycling,KG_HAB,Kilograms per capita,CH,Switzerland,2018,,371,,e,estimated,,
dataflow,ESTAT:ENV_WASMUN(1.0),Municipal waste by waste management operations,A,Annual,RCY,Recycling,KG_HAB,Kilograms per capita,CH,Switzerland,2019,,376,,e,estimated,,
dataflow,ESTAT:ENV_WASMUN(1.0),Municipal waste by waste management operations,A,Annual,RCY,Recycling,KG_HAB,Kilograms per capita,CH,Switzerland,2020,,373,,,,,
dataflow,ESTAT:ENV_WASMUN(1.0),Municipal waste by waste management operations,A,Annual,RCY,Recycling,KG_HAB,Kilograms per capita,CH,Switzerland,2021,,368,,,,,
dataflow,ESTAT:ENV_WASMUN(1.0),Municipal waste by waste management operations,A,Annual,RCY,Recycling,KG_HAB,Kilograms per capita,CH,Switzerland,2022,,353,,,,,
dataflow,ESTAT:ENV_WASMUN(1.0),Municipal waste by waste management operations,A,Annual,RCY,Recycling,KG_HAB,Kilograms per capita,CY,Cyprus,1995,,0,,,,,
dataflow,ESTAT:ENV_WASMUN(1.0),Municipal waste by waste management operations,A,Annual,RCY,Recycling,KG_HAB,Kilograms per capita,CY,Cyprus,1996,,17,,,,,
dataflow,ESTAT:ENV_WASMUN(1.0),Municipal waste by waste management operations,A,Annual,RCY,Recycling,KG_HAB,Kilograms per capita,CY,Cyprus,1997,,19,,,,,
dataflow,ESTAT:ENV_WASMUN(1.0),Municipal waste by waste management operations,A,Annual,RCY,Recycling,KG_HAB,Kilograms per capita,CY,Cyprus,1998,,18,,,,,
dataflow,ESTAT:ENV_WASMUN(1.0),Municipal waste by waste management operations,A,Annual,RCY,Recycling,KG_HAB,Kilograms per capita,CY,Cyprus,1999,,19,,,,,
dataflow,ESTAT:ENV_WASMUN(1.0),Municipal waste by waste management operations,A,Annual,RCY,Recycling,KG_HAB,Kilograms per capita,CY,Cyprus,2000,,19,,,,,
dataflow,ESTAT:ENV_WASMUN(1.0),Municipal waste by waste management operations,A,Annual,RCY,Recycling,KG_HAB,Kilograms per capita,CY,Cyprus,2001,,20,,,,,
dataflow,ESTAT:ENV_WASMUN(1.0),Municipal waste by waste management operations,A,Annual,RCY,Recycling,KG_HAB,Kilograms per capita,CY,Cyprus,2002,,21,,,,,
dataflow,ESTAT:ENV_WASMUN(1.0),Municipal waste by waste management operations,A,Annual,RCY,Recycling,KG_HAB,Kilograms per capita,CY,Cyprus,2003,,21,,,,,
dataflow,ESTAT:ENV_WASMUN(1.0),Municipal waste by waste management operations,A,Annual,RCY,Recycling,KG_HAB,Kilograms per capita,CY,Cyprus,2004,,23,,,,,
dataflow,ESTAT:ENV_WASMUN(1.0),Municipal waste by waste management operations,A,Annual,RCY,Recycling,KG_HAB,Kilograms per capita,CY,Cyprus,2005,,25,,,,,
dataflow,ESTAT:ENV_WASMUN(1.0),Municipal waste by waste management operations,A,Annual,RCY,Recycling,KG_HAB,Kilograms per capita,CY,Cyprus,2006,,30,,b,break in time series,,
dataflow,ESTAT:ENV_WASMUN(1.0),Municipal waste by waste management operations,A,Annual,RCY,Recycling,KG_HAB,Kilograms per capita,CY,Cyprus,2007,,36,,,,,
dataflow,ESTAT:ENV_WASMUN(1.0),Municipal waste by waste management operations,A,Annual,RCY,Recycling,KG_HAB,Kilograms per capita,CY,Cyprus,2008,,54,,,,,
dataflow,ESTAT:ENV_WASMUN(1.0),Municipal waste by waste management operations,A,Annual,RCY,Recycling,KG_HAB,Kilograms per capita,CY,Cyprus,2009,,61,,,,,
dataflow,ESTAT:ENV_WASMUN(1.0),Municipal waste by waste management operations,A,Annual,RCY,Recycling,KG_HAB,Kilograms per capita,CY,Cyprus,2010,,79,,,,,
dataflow,ESTAT:ENV_WASMUN(1.0),Municipal waste by waste management operations,A,Annual,RCY,Recycling,KG_HAB,Kilograms per capita,CY,Cyprus,2011,,77,,,,,
dataflow,ESTAT:ENV_WASMUN(1.0),Municipal waste by waste management operations,A,Annual,RCY,Recycling,KG_HAB,Kilograms per capita,CY,Cyprus,2012,,86,,,,,
dataflow,ESTAT:ENV_WASMUN(1.0),Municipal waste by waste management operations,A,Annual,RCY,Recycling,KG_HAB,Kilograms per capita,CY,Cyprus,2013,,88,,,,,
dataflow,ESTAT:ENV_WASMUN(1.0),Municipal waste by waste management operations,A,Annual,RCY,Recycling,KG_HAB,Kilograms per capita,CY,Cyprus,2014,,92,,,,,
dataflow,ESTAT:ENV_WASMUN(1.0),Municipal waste by waste management operations,A,Annual,RCY,Recycling,KG_HAB,Kilograms per capita,CY,Cyprus,2015,,106,,,,,
dataflow,ESTAT:ENV_WASMUN(1.0),Municipal waste by waste management operations,A,Annual,RCY,Recycling,KG_HAB,Kilograms per capita,CY,Cyprus,2016,,106,,,,,
dataflow,ESTAT:ENV_WASMUN(1.0),Municipal waste by waste management operations,A,Annual,RCY,Recycling,KG_HAB,Kilograms per capita,CY,Cyprus,2017,,106,,,,,
dataflow,ESTAT:ENV_WASMUN(1.0),Municipal waste by waste management operations,A,Annual,RCY,Recycling,KG_HAB,Kilograms per capita,CY,Cyprus,2018,,112,,,,,
dataflow,ESTAT:ENV_WASMUN(1.0),Municipal waste by waste management operations,A,Annual,RCY,Recycling,KG_HAB,Kilograms per capita,CY,Cyprus,2019,,113,,,,,
dataflow,ESTAT:ENV_WASMUN(1.0),Municipal waste by waste management operations,A,Annual,RCY,Recycling,KG_HAB,Kilograms per capita,CY,Cyprus,2020,,107,,,,,
dataflow,ESTAT:ENV_WASMUN(1.0),Municipal waste by waste management operations,A,Annual,RCY,Recycling,KG_HAB,Kilograms per capita,CY,Cyprus,2021,,91,,,,,
dataflow,ESTAT:ENV_WASMUN(1.0),Municipal waste by waste management operations,A,Annual,RCY,Recycling,KG_HAB,Kilograms per capita,CY,Cyprus,2022,,100,,,,,
dataflow,ESTAT:ENV_WASMUN(1.0),Municipal waste by waste management operations,A,Annual,RCY,Recycling,KG_HAB,Kilograms per capita,CY,Cyprus,2023,,107,,p,provisional,,
dataflow,ESTAT:ENV_WASMUN(1.0),Municipal waste by waste management operations,A,Annual,RCY,Recycling,KG_HAB,Kilograms per capita,CZ,Czechia,1995,,0,,,,,
dataflow,ESTAT:ENV_WASMUN(1.0),Municipal waste by waste management operations,A,Annual,RCY,Recycling,KG_HAB,Kilograms per capita,CZ,Czechia,1996,,0,,,,,
dataflow,ESTAT:ENV_WASMUN(1.0),Municipal waste by waste management operations,A,Annual,RCY,Recycling,KG_HAB,Kilograms per capita,CZ,Czechia,1997,,0,,,,,
dataflow,ESTAT:ENV_WASMUN(1.0),Municipal waste by waste management operations,A,Annual,RCY,Recycling,KG_HAB,Kilograms per capita,CZ,Czechia,1998,,2,,,,,
dataflow,ESTAT:ENV_WASMUN(1.0),Municipal waste by waste management operations,A,Annual,RCY,Recycling,KG_HAB,Kilograms per capita,CZ,Czechia,1999,,3,,,,,
dataflow,ESTAT:ENV_WASMUN(1.0),Municipal waste by waste management operations,A,Annual,RCY,Recycling,KG_HAB,Kilograms per capita,CZ,Czechia,2000,,3,,,,,
dataflow,ESTAT:ENV_WASMUN(1.0),Municipal waste by waste management operations,A,Annual,RCY,Recycling,KG_HAB,Kilograms per capita,CZ,Czechia,2001,,2,,,,,
dataflow,ESTAT:ENV_WASMUN(1.0),Municipal waste by waste management operations,A,Annual,RCY,Recycling,KG_HAB,Kilograms per capita,CZ,Czechia,2002,,3,,,,,
dataflow,ESTAT:ENV_WASMUN(1.0),Municipal waste by waste management operations,A,Annual,RCY,Recycling,KG_HAB,Kilograms per capita,CZ,Czechia,2003,,3,,,,,
dataflow,ESTAT:ENV_WASMUN(1.0),Municipal waste by waste management operations,A,Annual,RCY,Recycling,KG_HAB,Kilograms per capita,CZ,Czechia,2004,,15,,be,"break in time series, estimated",,
dataflow,ESTAT:ENV_WASMUN(1.0),Municipal waste by waste management operations,A,Annual,RCY,Recycling,KG_HAB,Kilograms per capita,CZ,Czechia,2005,,18,,e,estimated,,
dataflow,ESTAT:ENV_WASMUN(1.0),Municipal waste by waste management operations,A,Annual,RCY,Recycling,KG_HAB,Kilograms per capita,CZ,Czechia,2006,,22,,e,estimated,,
dataflow,ESTAT:ENV_WASMUN(1.0),Municipal waste by waste management operations,A,Annual,RCY,Recycling,KG_HAB,Kilograms per capita,CZ,Czechia,2007,,30,,e,estimated,,
dataflow,ESTAT:ENV_WASMUN(1.0),Municipal waste by waste management operations,A,Annual,RCY,Recycling,KG_HAB,Kilograms per capita,CZ,Czechia,2008,,32,,e,estimated,,
dataflow,ESTAT:ENV_WASMUN(1.0),Municipal waste by waste management operations,A,Annual,RCY,Recycling,KG_HAB,Kilograms per capita,CZ,Czechia,2009,,39,,e,estimated,,
dataflow,ESTAT:ENV_WASMUN(1.0),Municipal waste by waste management operations,A,Annual,RCY,Recycling,KG_HAB,Kilograms per capita,CZ,Czechia,2010,,50,,e,estimated,,
dataflow,ESTAT:ENV_WASMUN(1.0),Municipal waste by waste management operations,A,Annual,RCY,Recycling,KG_HAB,Kilograms per capita,CZ,Czechia,2011,,54,,e,estimated,,
dataflow,ESTAT:ENV_WASMUN(1.0),Municipal waste by waste management operations,A,Annual,RCY,Recycling,KG_HAB,Kilograms per capita,CZ,Czechia,2012,,71,,e,estimated,,
dataflow,ESTAT:ENV_WASMUN(1.0),Municipal waste by waste management operations,A,Annual,RCY,Recycling,KG_HAB,Kilograms per capita,CZ,Czechia,2013,,74,,e,estimated,,
dataflow,ESTAT:ENV_WASMUN(1.0),Municipal waste by waste management operations,A,Annual,RCY,Recycling,KG_HAB,Kilograms per capita,CZ,Czechia,2014,,79,,e,estimated,,
dataflow,ESTAT:ENV_WASMUN(1.0),Municipal waste by waste management operations,A,Annual,RCY,Recycling,KG_HAB,Kilograms per capita,CZ,Czechia,2015,,94,,e,estimated,,
dataflow,ESTAT:ENV_WASMUN(1.0),Municipal waste by waste management operations,A,Annual,RCY,Recycling,KG_HAB,Kilograms per capita,CZ,Czechia,2016,,114,,e,estimated,,
dataflow,ESTAT:ENV_WASMUN(1.0),Municipal waste by waste management operations,A,Annual,RCY,Recycling,KG_HAB,Kilograms per capita,CZ,Czechia,2017,,157,,b,break in time series,,
dataflow,ESTAT:ENV_WASMUN(1.0),Municipal waste by waste management operations,A,Annual,RCY,Recycling,KG_HAB,Kilograms per capita,CZ,Czechia,2018,,159,,,,,
dataflow,ESTAT:ENV_WASMUN(1.0),Municipal waste by waste management operations,A,Annual,RCY,Recycling,KG_HAB,Kilograms per capita,CZ,Czechia,2019,,167,,,,,
dataflow,ESTAT:ENV_WASMUN(1.0),Municipal waste by waste management operations,A,Annual,RCY,Recycling,KG_HAB,Kilograms per capita,CZ,Czechia,2020,,220,,,,,
dataflow,ESTAT:ENV_WASMUN(1.0),Municipal waste by waste management operations,A,Annual,RCY,Recycling,KG_HAB,Kilograms per capita,CZ,Czechia,2021,,247,,,,,
dataflow,ESTAT:ENV_WASMUN(1.0),Municipal waste by waste management operations,A,Annual,RCY,Recycling,KG_HAB,Kilograms per capita,DE,Germany,1995,,246,,i,value imputed by Eurostat or other receiving agencies,,
dataflow,ESTAT:ENV_WASMUN(1.0),Municipal waste by waste management operations,A,Annual,RCY,Recycling,KG_HAB,Kilograms per capita,DE,Germany,1996,,271,,i,value imputed by Eurostat or other receiving agencies,,
dataflow,ESTAT:ENV_WASMUN(1.0),Municipal waste by waste management operations,A,Annual,RCY,Recycling,KG_HAB,Kilograms per capita,DE,Germany,1997,,290,,i,value imputed by Eurostat or other receiving agencies,,
dataflow,ESTAT:ENV_WASMUN(1.0),Municipal waste by waste management operations,A,Annual,RCY,Recycling,KG_HAB,Kilograms per capita,DE,Germany,1998,,295,,i,value imputed by Eurostat or other receiving agencies,,
dataflow,ESTAT:ENV_WASMUN(1.0),Municipal waste by waste management operations,A,Annual,RCY,Recycling,KG_HAB,Kilograms per capita,DE,Germany,1999,,326,,i,value imputed by Eurostat or other receiving agencies,,
dataflow,ESTAT:ENV_WASMUN(1.0),Municipal waste by waste management operations,A,Annual,RCY,Recycling,KG_HAB,Kilograms per capita,DE,Germany,2000,,337,,i,value imputed by Eurostat or other receiving agencies,,
dataflow,ESTAT:ENV_WASMUN(1.0),Municipal waste by waste management operations,A,Annual,RCY,Recycling,KG_HAB,Kilograms per capita,DE,Germany,2001,,331,,i,value imputed by Eurostat or other receiving agencies,,
dataflow,ESTAT:ENV_WASMUN(1.0),Municipal waste by waste management operations,A,Annual,RCY,Recycling,KG_HAB,Kilograms per capita,DE,Germany,2002,,359,,,,,
dataflow,ESTAT:ENV_WASMUN(1.0),Municipal waste by waste management operations,A,Annual,RCY,Recycling,KG_HAB,Kilograms per capita,DE,Germany,2003,,347,,,,,
dataflow,ESTAT:ENV_WASMUN(1.0),Municipal waste by waste management operations,A,Annual,RCY,Recycling,KG_HAB,Kilograms per capita,DE,Germany,2004,,331,,,,,
dataflow,ESTAT:ENV_WASMUN(1.0),Municipal waste by waste management operations,A,Annual,RCY,Recycling,KG_HAB,Kilograms per capita,DE,Germany,2005,,344,,,,,
dataflow,ESTAT:ENV_WASMUN(1.0),Municipal waste by waste management operations,A,Annual,RCY,Recycling,KG_HAB,Kilograms per capita,DE,Germany,2006,,350,,,,,
dataflow,ESTAT:ENV_WASMUN(1.0),Municipal waste by waste management operations,A,Annual,RCY,Recycling,KG_HAB,Kilograms per capita,DE,Germany,2007,,368,,,,,
dataflow,ESTAT:ENV_WASMUN(1.0),Municipal waste by waste management operations,A,Annual,RCY,Recycling,KG_HAB,Kilograms per capita,DE,Germany,2008,,376,,,,,
dataflow,ESTAT:ENV_WASMUN(1.0),Municipal waste by waste management operations,A,Annual,RCY,Recycling,KG_HAB,Kilograms per capita,DE,Germany,2009,,374,,,,,
dataflow,ESTAT:ENV_WASMUN(1.0),Municipal waste by waste management operations,A,Annual,RCY,Recycling,KG_HAB,Kilograms per capita,DE,Germany,2010,,376,,,,,
dataflow,ESTAT:ENV_WASMUN(1.0),Municipal waste by waste management operations,A,Annual,RCY,Recycling,KG_HAB,Kilograms per capita,DE,Germany,2011,,394,,,,,
dataflow,ESTAT:ENV_WASMUN(1.0),Municipal waste by waste management operations,A,Annual,RCY,Recycling,KG_HAB,Kilograms per capita,DE,Germany,2012,,404,,,,,
dataflow,ESTAT:ENV_WASMUN(1.0),Municipal waste by waste management operations,A,Annual,RCY,Recycling,KG_HAB,Kilograms per capita,DE,Germany,2013,,392,,,,,
dataflow,ESTAT:ENV_WASMUN(1.0),Municipal waste by waste management operations,A,Annual,RCY,Recycling,KG_HAB,Kilograms per capita,DE,Germany,2014,,414,,,,,
dataflow,ESTAT:ENV_WASMUN(1.0),Municipal waste by waste management operations,A,Annual,RCY,Recycling,KG_HAB,Kilograms per capita,DE,Germany,2015,,422,,,,,
dataflow,ESTAT:ENV_WASMUN(1.0),Municipal waste by waste management operations,A,Annual,RCY,Recycling,KG_HAB,Kilograms per capita,DE,Germany,2016,,425,,,,,
dataflow,ESTAT:ENV_WASMUN(1.0),Municipal waste by waste management operations,A,Annual,RCY,Recycling,KG_HAB,Kilograms per capita,DE,Germany,2017,,421,,,,,
dataflow,ESTAT:ENV_WASMUN(1.0),Municipal waste by waste management operations,A,Annual,RCY,Recycling,KG_HAB,Kilograms per capita,DE,Germany,2018,,407,,,,,
dataflow,ESTAT:ENV_WASMUN(1.0),Municipal waste by waste management operations,A,Annual,RCY,Recycling,KG_HAB,Kilograms per capita,DE,Germany,2019,,406,,e,estimated,,
dataflow,ESTAT:ENV_WASMUN(1.0),Municipal waste by waste management operations,A,Annual,RCY,Recycling,KG_HAB,Kilograms per capita,DE,Germany,2020,,451,,,,,
dataflow,ESTAT:ENV_WASMUN(1.0),Municipal waste by waste management operations,A,Annual,RCY,Recycling,KG_HAB,Kilograms per capita,DE,Germany,2021,,451,,,,,
dataflow,ESTAT:ENV_WASMUN(1.0),Municipal waste by waste management operations,A,Annual,RCY,Recycling,KG_HAB,Kilograms per capita,DE,Germany,2022,,420,,,,,
dataflow,ESTAT:ENV_WASMUN(1.0),Municipal waste by waste management operations,A,Annual,RCY,Recycling,KG_HAB,Kilograms per capita,DE,Germany,2023,,410,,e,estimated,,
dataflow,ESTAT:ENV_WASMUN(1.0),Municipal waste by waste management operations,A,Annual,RCY,Recycling,KG_HAB,Kilograms per capita,DK,Denmark,1995,,131,,be,"break in time series, estimated",,
dataflow,ESTAT:ENV_WASMUN(1.0),Municipal waste by waste management operations,A,Annual,RCY,Recycling,KG_HAB,Kilograms per capita,DK,Denmark,1996,,229,,,,,
dataflow,ESTAT:ENV_WASMUN(1.0),Municipal waste by waste management operations,A,Annual,RCY,Recycling,KG_HAB,Kilograms per capita,DK,Denmark,1997,,208,,,,,
dataflow,ESTAT:ENV_WASMUN(1.0),Municipal waste by waste management operations,A,Annual,RCY,Recycling,KG_HAB,Kilograms per capita,DK,Denmark,1998,,213,,,,,
dataflow,ESTAT:ENV_WASMUN(1.0),Municipal waste by waste management operations,A,Annual,RCY,Recycling,KG_HAB,Kilograms per capita,DK,Denmark,1999,,244,,,,,
dataflow,ESTAT:ENV_WASMUN(1.0),Municipal waste by waste management operations,A,Annual,RCY,Recycling,KG_HAB,Kilograms per capita,DK,Denmark,2000,,246,,,,,
dataflow,ESTAT:ENV_WASMUN(1.0),Municipal waste by waste management operations,A,Annual,RCY,Recycling,KG_HAB,Kilograms per capita,DK,Denmark,2001,,237,,,,,
dataflow,ESTAT:ENV_WASMUN(1.0),Municipal waste by waste management operations,A,Annual,RCY,Recycling,KG_HAB,Kilograms per capita,DK,Denmark,2002,,250,,,,,
dataflow,ESTAT:ENV_WASMUN(1.0),Municipal waste by waste management operations,A,Annual,RCY,Recycling,KG_HAB,Kilograms per capita,DK,Denmark,2003,,274,,,,,
dataflow,ESTAT:ENV_WASMUN(1.0),Municipal waste by waste management operations,A,Annual,RCY,Recycling,KG_HAB,Kilograms per capita,DK,Denmark,2004,,285,,,,,
dataflow,ESTAT:ENV_WASMUN(1.0),Municipal waste by waste management operations,A,Annual,RCY,Recycling,KG_HAB,Kilograms per capita,DK,Denmark,2005,,302,,,,,
dataflow,ESTAT:ENV_WASMUN(1.0),Municipal waste by waste management operations,A,Annual,RCY,Recycling,KG_HAB,Kilograms per capita,DK,Denmark,2006,,309,,,,,
dataflow,ESTAT:ENV_WASMUN(1.0),Municipal waste by waste management operations,A,Annual,RCY,Recycling,KG_HAB,Kilograms per capita,DK,Denmark,2007,,349,,,,,
dataflow,ESTAT:ENV_WASMUN(1.0),Municipal waste by waste management operations,A,Annual,RCY,Recycling,KG_HAB,Kilograms per capita,DK,Denmark,2008,,398,,,,,
dataflow,ESTAT:ENV_WASMUN(1.0),Municipal waste by waste management operations,A,Annual,RCY,Recycling,KG_HAB,Kilograms per capita,DK,Denmark,2009,,371,,e,estimated,,
dataflow,ESTAT:ENV_WASMUN(1.0),Municipal waste by waste management operations,A,Annual,RCY,Recycling,KG_HAB,Kilograms per capita,DK,Denmark,2011,,365,,b,break in time series,,
dataflow,ESTAT:ENV_WASMUN(1.0),Municipal waste by waste management operations,A,Annual,RCY,Recycling,KG_HAB,Kilograms per capita,DK,Denmark,2012,,342,,,,,
dataflow,ESTAT:ENV_WASMUN(1.0),Municipal waste by waste management operations,A,Annual,RCY,Recycling,KG_HAB,Kilograms per capita,DK,Denmark,2013,,352,,,,,
dataflow,ESTAT:ENV_WASMUN(1.0),Municipal waste by waste management operations,A,Annual,RCY,Recycling,KG_HAB,Kilograms per capita,DK,Denmark,2014,,367,,,,,
dataflow,ESTAT:ENV_WASMUN(1.0),Municipal waste by waste management operations,A,Annual,RCY,Recycling,KG_HAB,Kilograms per capita,DK,Denmark,2015,,390,,,,,
dataflow,ESTAT:ENV_WASMUN(1.0),Municipal waste by waste management operations,A,Annual,RCY,Recycling,KG_HAB,Kilograms per capita,DK,Denmark,2016,,402,,,,,
dataflow,ESTAT:ENV_WASMUN(1.0),Municipal waste by waste management operations,A,Annual,RCY,Recycling,KG_HAB,Kilograms per capita,DK,Denmark,2017,,390,,,,,
dataflow,ESTAT:ENV_WASMUN(1.0),Municipal waste by waste management operations,A,Annual,RCY,Recycling,KG_HAB,Kilograms per capita,DK,Denmark,2018,,406,,,,,
dataflow,ESTAT:ENV_WASMUN(1.0),Municipal waste by waste management operations,A,Annual,RCY,Recycling,KG_HAB,Kilograms per capita,DK,Denmark,2019,,435,,,,,
dataflow,ESTAT:ENV_WASMUN(1.0),Municipal waste by waste management operations,A,Annual,RCY,Recycling,KG_HAB,Kilograms per capita,DK,Denmark,2020,,366,,,,,
dataflow,ESTAT:ENV_WASMUN(1.0),Municipal waste by waste management operations,A,Annual,RCY,Recycling,KG_HAB,Kilograms per capita,DK,Denmark,2021,,443,,,,,
dataflow,ESTAT:ENV_WASMUN(1.0),Municipal waste by waste management operations,A,Annual,RCY,Recycling,KG_HAB,Kilograms per capita,DK,Denmark,2022,,366,,,,,
dataflow,ESTAT:ENV_WASMUN(1.0),Municipal waste by waste management operations,A,Annual,RCY,Recycling,KG_HAB,Kilograms per capita,EE,Estonia,1995,,2,,,,,
dataflow,ESTAT:ENV_WASMUN(1.0),Municipal waste by waste management operations,A,Annual,RCY,Recycling,KG_HAB,Kilograms per capita,EE,Estonia,1996,,1,,,,,
dataflow,ESTAT:ENV_WASMUN(1.0),Municipal waste by waste management operations,A,Annual,RCY,Recycling,KG_HAB,Kilograms per capita,EE,Estonia,1997,,1,,,,,
dataflow,ESTAT:ENV_WASMUN(1.0),Municipal waste by waste management operations,A,Annual,RCY,Recycling,KG_HAB,Kilograms per capita,EE,Estonia,1998,,1,,,,,
dataflow,ESTAT:ENV_WASMUN(1.0),Municipal waste by waste management operations,A,Annual,RCY,Recycling,KG_HAB,Kilograms per capita,EE,Estonia,1999,,0,,,,,
dataflow,ESTAT:ENV_WASMUN(1.0),Municipal waste by waste management operations,A,Annual,RCY,Recycling,KG_HAB,Kilograms per capita,EE,Estonia,2000,,10,,,,,
dataflow,ESTAT:ENV_WASMUN(1.0),Municipal waste by waste management operations,A,Annual,RCY,Recycling,KG_HAB,Kilograms per capita,EE,Estonia,2001,,19,,,,,
dataflow,ESTAT:ENV_WASMUN(1.0),Municipal waste by waste management operations,A,Annual,RCY,Recycling,KG_HAB,Kilograms per capita,EE,Estonia,2002,,11,,,,,
dataflow,ESTAT:ENV_WASMUN(1.0),Municipal waste by waste management operations,A,Annual,RCY,Recycling,KG_HAB,Kilograms per capita,EE,Estonia,2003,,62,,,,,
dataflow,ESTAT:ENV_WASMUN(1.0),Municipal waste by waste management operations,A,Annual,RCY,Recycling,KG_HAB,Kilograms per capita,EE,Estonia,2004,,110,,,,,
dataflow,ESTAT:ENV_WASMUN(1.0),Municipal waste by waste management operations,A,Annual,RCY,Recycling,KG_HAB,Kilograms per capita,EE,Estonia,2005,,98,,,,,
dataflow,ESTAT:ENV_WASMUN(1.0),Municipal waste by waste management operations,A,Annual,RCY,Recycling,KG_HAB,Kilograms per capita,EE,Estonia,2006,,69,,,,,
dataflow,ESTAT:ENV_WASMUN(1.0),Municipal waste by waste management operations,A,Annual,RCY,Recycling,KG_HAB,Kilograms per capita,EE,Estonia,2007,,104,,,,,
dataflow,ESTAT:ENV_WASMUN(1.0),Municipal waste by waste management operations,A,Annual,RCY,Recycling,KG_HAB,Kilograms per capita,EE,Estonia,2008,,79,,b,break in time series,,
dataflow,ESTAT:ENV_WASMUN(1.0),Municipal waste by waste management operations,A,Annual,RCY,Recycling,KG_HAB,Kilograms per capita,EE,Estonia,2009,,71,,,,,
dataflow,ESTAT:ENV_WASMUN(1.0),Municipal waste by waste management operations,A,Annual,RCY,Recycling,KG_HAB,Kilograms per capita,EE,Estonia,2010,,55,,,,,
dataflow,ESTAT:ENV_WASMUN(1.0),Municipal waste by waste management operations,A,Annual,RCY,Recycling,KG_HAB,Kilograms per capita,EE,Estonia,2011,,70,,,,,
dataflow,ESTAT:ENV_WASMUN(1.0),Municipal waste by waste management operations,A,Annual,RCY,Recycling,KG_HAB,Kilograms per capita,EE,Estonia,2012,,54,,,,,
dataflow,ESTAT:ENV_WASMUN(1.0),Municipal waste by waste management operations,A,Annual,RCY,Recycling,KG_HAB,Kilograms per capita,EE,Estonia,2013,,52,,,,,
dataflow,ESTAT:ENV_WASMUN(1.0),Municipal waste by waste management operations,A,Annual,RCY,Recycling,KG_HAB,Kilograms per capita,EE,Estonia,2014,,111,,,,,
dataflow,ESTAT:ENV_WASMUN(1.0),Municipal waste by waste management operations,A,Annual,RCY,Recycling,KG_HAB,Kilograms per capita,EE,Estonia,2015,,102,,,,,
dataflow,ESTAT:ENV_WASMUN(1.0),Municipal waste by waste management operations,A,Annual,RCY,Recycling,KG_HAB,Kilograms per capita,EE,Estonia,2016,,105,,,,,
dataflow,ESTAT:ENV_WASMUN(1.0),Municipal waste by waste management operations,A,Annual,RCY,Recycling,KG_HAB,Kilograms per capita,EE,Estonia,2017,,110,,,,,
dataflow,ESTAT:ENV_WASMUN(1.0),Municipal waste by waste management operations,A,Annual,RCY,Recycling,KG_HAB,Kilograms per capita,EE,Estonia,2018,,114,,,,,
dataflow,ESTAT:ENV_WASMUN(1.0),Municipal waste by waste management operations,A,Annual,RCY,Recycling,KG_HAB,Kilograms per capita,EE,Estonia,2019,,114,,,,,
dataflow,ESTAT:ENV_WASMUN(1.0),Municipal waste by waste management operations,A,Annual,RCY,Recycling,KG_HAB,Kilograms per capita,EE,Estonia,2020,,111,,,,,
dataflow,ESTAT:ENV_WASMUN(1.0),Municipal waste by waste management operations,A,Annual,RCY,Recycling,KG_HAB,Kilograms per capita,EE,Estonia,2021,,120,,,,,
dataflow,ESTAT:ENV_WASMUN(1.0),Municipal waste by waste management operations,A,Annual,RCY,Recycling,KG_HAB,Kilograms per capita,EE,Estonia,2022,,123,,,,,
dataflow,ESTAT:ENV_WASMUN(1.0),Municipal waste by waste management operations,A,Annual,RCY,Recycling,KG_HAB,Kilograms per capita,EE,Estonia,2023,,177,,,,,
dataflow,ESTAT:ENV_WASMUN(1.0),Municipal waste by waste management operations,A,Annual,RCY,Recycling,KG_HAB,Kilograms per capita,EL,Greece,1997,,34,,,,,
dataflow,ESTAT:ENV_WASMUN(1.0),Municipal waste by waste management operations,A,Annual,RCY,Recycling,KG_HAB,Kilograms per capita,EL,Greece,1998,,34,,,,,
dataflow,ESTAT:ENV_WASMUN(1.0),Municipal waste by waste management operations,A,Annual,RCY,Recycling,KG_HAB,Kilograms per capita,EL,Greece,1999,,35,,,,,
dataflow,ESTAT:ENV_WASMUN(1.0),Municipal waste by waste management operations,A,Annual,RCY,Recycling,KG_HAB,Kilograms per capita,EL,Greece,2000,,36,,,,,
dataflow,ESTAT:ENV_WASMUN(1.0),Municipal waste by waste management operations,A,Annual,RCY,Recycling,KG_HAB,Kilograms per capita,EL,Greece,2001,,37,,,,,
dataflow,ESTAT:ENV_WASMUN(1.0),Municipal waste by waste management operations,A,Annual,RCY,Recycling,KG_HAB,Kilograms per capita,EL,Greece,2002,,37,,,,,
dataflow,ESTAT:ENV_WASMUN(1.0),Municipal waste by waste management operations,A,Annual,RCY,Recycling,KG_HAB,Kilograms per capita,EL,Greece,2003,,35,,,,,
dataflow,ESTAT:ENV_WASMUN(1.0),Municipal waste by waste management operations,A,Annual,RCY,Recycling,KG_HAB,Kilograms per capita,EL,Greece,2004,,44,,,,,
dataflow,ESTAT:ENV_WASMUN(1.0),Municipal waste by waste management operations,A,Annual,RCY,Recycling,KG_HAB,Kilograms per capita,EL,Greece,2005,,52,,,,,
dataflow,ESTAT:ENV_WASMUN(1.0),Municipal waste by waste management operations,A,Annual,RCY,Recycling,KG_HAB,Kilograms per capita,EL,Greece,2006,,57,,,,,
dataflow,ESTAT:ENV_WASMUN(1.0),Municipal waste by waste management operations,A,Annual,RCY,Recycling,KG_HAB,Kilograms per capita,EL,Greece,2007,,91,,,,,
dataflow,ESTAT:ENV_WASMUN(1.0),Municipal waste by waste management operations,A,Annual,RCY,Recycling,KG_HAB,Kilograms per capita,EL,Greece,2008,,81,,,,,
dataflow,ESTAT:ENV_WASMUN(1.0),Municipal waste by waste management operations,A,Annual,RCY,Recycling,KG_HAB,Kilograms per capita,EL,Greece,2009,,88,,,,,
dataflow,ESTAT:ENV_WASMUN(1.0),Municipal waste by waste management operations,A,Annual,RCY,Recycling,KG_HAB,Kilograms per capita,EL,Greece,2010,,91,,,,,
dataflow,ESTAT:ENV_WASMUN(1.0),Municipal waste by waste management operations,A,Annual,RCY,Recycling,KG_HAB,Kilograms per capita,EL,Greece,2011,,89,,,,,
dataflow,ESTAT:ENV_WASMUN(1.0),Municipal waste by waste management operations,A,Annual,RCY,Recycling,KG_HAB,Kilograms per capita,EL,Greece,2012,,84,,,,,
dataflow,ESTAT:ENV_WASMUN(1.0),Municipal waste by waste management operations,A,Annual,RCY,Recycling,KG_HAB,Kilograms per capita,EL,Greece,2013,,76,,,,,
dataflow,ESTAT:ENV_WASMUN(1.0),Municipal waste by waste management operations,A,Annual,RCY,Recycling,KG_HAB,Kilograms per capita,EL,Greece,2014,,75,,,,,
dataflow,ESTAT:ENV_WASMUN(1.0),Municipal waste by waste management operations,A,Annual,RCY,Recycling,KG_HAB,Kilograms per capita,EL,Greece,2015,,77,,,,,
dataflow,ESTAT:ENV_WASMUN(1.0),Municipal waste by waste management operations,A,Annual,RCY,Recycling,KG_HAB,Kilograms per capita,EL,Greece,2016,,86,,,,,
dataflow,ESTAT:ENV_WASMUN(1.0),Municipal waste by waste management operations,A,Annual,RCY,Recycling,KG_HAB,Kilograms per capita,EL,Greece,2017,,95,,,,,
dataflow,ESTAT:ENV_WASMUN(1.0),Municipal waste by waste management operations,A,Annual,RCY,Recycling,KG_HAB,Kilograms per capita,EL,Greece,2018,,103,,,,,
dataflow,ESTAT:ENV_WASMUN(1.0),Municipal waste by waste management operations,A,Annual,RCY,Recycling,KG_HAB,Kilograms per capita,EL,Greece,2019,,110,,,,,
dataflow,ESTAT:ENV_WASMUN(1.0),Municipal waste by waste management operations,A,Annual,RCY,Recycling,KG_HAB,Kilograms per capita,EL,Greece,2020,,90,,,,,
dataflow,ESTAT:ENV_WASMUN(1.0),Municipal waste by waste management operations,A,Annual,RCY,Recycling,KG_HAB,Kilograms per capita,EL,Greece,2021,,89,,,,,
dataflow,ESTAT:ENV_WASMUN(1.0),Municipal waste by waste management operations,A,Annual,RCY,Recycling,KG_HAB,Kilograms per capita,EL,Greece,2022,,90,,,,,
dataflow,ESTAT:ENV_WASMUN(1.0),Municipal waste by waste management operations,A,Annual,RCY,Recycling,KG_HAB,Kilograms per capita,ES,Spain,1995,,36,,,,,
dataflow,ESTAT:ENV_WASMUN(1.0),Municipal waste by waste management operations,A,Annual,RCY,Recycling,KG_HAB,Kilograms per capita,ES,Spain,1996,,41,,,,,
dataflow,ESTAT:ENV_WASMUN(1.0),Municipal waste by waste management operations,A,Annual,RCY,Recycling,KG_HAB,Kilograms per capita,ES,Spain,1997,,46,,,,,
dataflow,ESTAT:ENV_WASMUN(1.0),Municipal waste by waste management operations,A,Annual,RCY,Recycling,KG_HAB,Kilograms per capita,ES,Spain,1998,,51,,,,,
dataflow,ESTAT:ENV_WASMUN(1.0),Municipal waste by waste management operations,A,Annual,RCY,Recycling,KG_HAB,Kilograms per capita,ES,Spain,1999,,86,,,,,
dataflow,ESTAT:ENV_WASMUN(1.0),Municipal waste by waste management operations,A,Annual,RCY,Recycling,KG_HAB,Kilograms per capita,ES,Spain,2000,,120,,,,,
dataflow,ESTAT:ENV_WASMUN(1.0),Municipal waste by waste management operations,A,Annual,RCY,Recycling,KG_HAB,Kilograms per capita,ES,Spain,2001,,140,,,,,
dataflow,ESTAT:ENV_WASMUN(1.0),Municipal waste by waste management operations,A,Annual,RCY,Recycling,KG_HAB,Kilograms per capita,ES,Spain,2002,,186,,,,,
dataflow,ESTAT:ENV_WASMUN(1.0),Municipal waste by waste management operations,A,Annual,RCY,Recycling,KG_HAB,Kilograms per capita,ES,Spain,2003,,186,,,,,
dataflow,ESTAT:ENV_WASMUN(1.0),Municipal waste by waste management operations,A,Annual,RCY,Recycling,KG_HAB,Kilograms per capita,ES,Spain,2004,,185,,,,,
dataflow,ESTAT:ENV_WASMUN(1.0),Municipal waste by waste management operations,A,Annual,RCY,Recycling,KG_HAB,Kilograms per capita,ES,Spain,2005,,185,,,,,
dataflow,ESTAT:ENV_WASMUN(1.0),Municipal waste by waste management operations,A,Annual,RCY,Recycling,KG_HAB,Kilograms per capita,ES,Spain,2006,,184,,,,,
dataflow,ESTAT:ENV_WASMUN(1.0),Municipal waste by waste management operations,A,Annual,RCY,Recycling,KG_HAB,Kilograms per capita,ES,Spain,2007,,177,,,,,
dataflow,ESTAT:ENV_WASMUN(1.0),Municipal waste by waste management operations,A,Annual,RCY,Recycling,KG_HAB,Kilograms per capita,ES,Spain,2008,,219,,,,,
dataflow,ESTAT:ENV_WASMUN(1.0),Municipal waste by waste management operations,A,Annual,RCY,Recycling,KG_HAB,Kilograms per capita,ES,Spain,2009,,180,,,,,
dataflow,ESTAT:ENV_WASMUN(1.0),Municipal waste by waste management operations,A,Annual,RCY,Recycling,KG_HAB,Kilograms per capita,ES,Spain,2010,,149,,,,,
dataflow,ESTAT:ENV_WASMUN(1.0),Municipal waste by waste management operations,A,Annual,RCY,Recycling,KG_HAB,Kilograms per capita,ES,Spain,2011,,130,,,,,
dataflow,ESTAT:ENV_WASMUN(1.0),Municipal waste by waste management operations,A,Annual,RCY,Recycling,KG_HAB,Kilograms per capita,ES,Spain,2012,,139,,,,,
dataflow,ESTAT:ENV_WASMUN(1.0),Municipal waste by waste management operations,A,Annual,RCY,Recycling,KG_HAB,Kilograms per capita,ES,Spain,2013,,148,,,,,
dataflow,ESTAT:ENV_WASMUN(1.0),Municipal waste by waste management operations,A,Annual,RCY,Recycling,KG_HAB,Kilograms per capita,ES,Spain,2014,,138,,,,,
dataflow,ESTAT:ENV_WASMUN(1.0),Municipal waste by waste management operations,A,Annual,RCY,Recycling,KG_HAB,Kilograms per capita,ES,Spain,2015,,137,,,,,
dataflow,ESTAT:ENV_WASMUN(1.0),Municipal waste by waste management operations,A,Annual,RCY,Recycling,KG_HAB,Kilograms per capita,ES,Spain,2016,,157,,,,,
dataflow,ESTAT:ENV_WASMUN(1.0),Municipal waste by waste management operations,A,Annual,RCY,Recycling,KG_HAB,Kilograms per capita,ES,Spain,2017,,171,,,,,
dataflow,ESTAT:ENV_WASMUN(1.0),Municipal waste by waste management operations,A,Annual,RCY,Recycling,KG_HAB,Kilograms per capita,ES,Spain,2018,,165,,,,,
dataflow,ESTAT:ENV_WASMUN(1.0),Municipal waste by waste management operations,A,Annual,RCY,Recycling,KG_HAB,Kilograms per capita,ES,Spain,2019,,179,,,,,
dataflow,ESTAT:ENV_WASMUN(1.0),Municipal waste by waste management operations,A,Annual,RCY,Recycling,KG_HAB,Kilograms per capita,ES,Spain,2020,,187,,,,,
dataflow,ESTAT:ENV_WASMUN(1.0),Municipal waste by waste management operations,A,Annual,RCY,Recycling,KG_HAB,Kilograms per capita,ES,Spain,2021,,211,,,,,
dataflow,ESTAT:ENV_WASMUN(1.0),Municipal waste by waste management operations,A,Annual,RCY,Recycling,KG_HAB,Kilograms per capita,ES,Spain,2022,,207,,p,provisional,,
dataflow,ESTAT:ENV_WASMUN(1.0),Municipal waste by waste management operations,A,Annual,RCY,Recycling,KG_HAB,Kilograms per capita,ES,Spain,2023,,193,,e,estimated,,
dataflow,ESTAT:ENV_WASMUN(1.0),Municipal waste by waste management operations,A,Annual,RCY,Recycling,KG_HAB,Kilograms per capita,EU27_2020,European Union - 27 countries (from 2020),1995,,88,,i,value imputed by Eurostat or other receiving agencies,,
dataflow,ESTAT:ENV_WASMUN(1.0),Municipal waste by waste management operations,A,Annual,RCY,Recycling,KG_HAB,Kilograms per capita,EU27_2020,European Union - 27 countries (from 2020),1996,,100,,i,value imputed by Eurostat or other receiving agencies,,
dataflow,ESTAT:ENV_WASMUN(1.0),Municipal waste by waste management operations,A,Annual,RCY,Recycling,KG_HAB,Kilograms per capita,EU27_2020,European Union - 27 countries (from 2020),1997,,110,,i,value imputed by Eurostat or other receiving agencies,,
dataflow,ESTAT:ENV_WASMUN(1.0),Municipal waste by waste management operations,A,Annual,RCY,Recycling,KG_HAB,Kilograms per capita,EU27_2020,European Union - 27 countries (from 2020),1998,,117,,i,value imputed by Eurostat or other receiving agencies,,
dataflow,ESTAT:ENV_WASMUN(1.0),Municipal waste by waste management operations,A,Annual,RCY,Recycling,KG_HAB,Kilograms per capita,EU27_2020,European Union - 27 countries (from 2020),1999,,130,,i,value imputed by Eurostat or other receiving agencies,,
dataflow,ESTAT:ENV_WASMUN(1.0),Municipal waste by waste management operations,A,Annual,RCY,Recycling,KG_HAB,Kilograms per capita,EU27_2020,European Union - 27 countries (from 2020),2000,,140,,i,value imputed by Eurostat or other receiving agencies,,
dataflow,ESTAT:ENV_WASMUN(1.0),Municipal waste by waste management operations,A,Annual,RCY,Recycling,KG_HAB,Kilograms per capita,EU27_2020,European Union - 27 countries (from 2020),2001,,146,,i,value imputed by Eurostat or other receiving agencies,,
dataflow,ESTAT:ENV_WASMUN(1.0),Municipal waste by waste management operations,A,Annual,RCY,Recycling,KG_HAB,Kilograms per capita,EU27_2020,European Union - 27 countries (from 2020),2002,,157,,,,,
dataflow,ESTAT:ENV_WASMUN(1.0),Municipal waste by waste management operations,A,Annual,RCY,Recycling,KG_HAB,Kilograms per capita,EU27_2020,European Union - 27 countries (from 2020),2003,,156,,,,,
dataflow,ESTAT:ENV_WASMUN(1.0),Municipal waste by waste management operations,A,Annual,RCY,Recycling,KG_HAB,Kilograms per capita,EU27_2020,European Union - 27 countries (from 2020),2004,,159,,i,value imputed by Eurostat or other receiving agencies,,
dataflow,ESTAT:ENV_WASMUN(1.0),Municipal waste by waste management operations,A,Annual,RCY,Recycling,KG_HAB,Kilograms per capita,EU27_2020,European Union - 27 countries (from 2020),2005,,164,,i,value imputed by Eurostat or other receiving agencies,,
dataflow,ESTAT:ENV_WASMUN(1.0),Municipal waste by waste management operations,A,Annual,RCY,Recycling,KG_HAB,Kilograms per capita,EU27_2020,European Union - 27 countries (from 2020),2006,,170,,i,value imputed by Eurostat or other receiving agencies,,
dataflow,ESTAT:ENV_WASMUN(1.0),Municipal waste by waste management operations,A,Annual,RCY,Recycling,KG_HAB,Kilograms per capita,EU27_2020,European Union - 27 countries (from 2020),2007,,182,,,,,
dataflow,ESTAT:ENV_WASMUN(1.0),Municipal waste by waste management operations,A,Annual,RCY,Recycling,KG_HAB,Kilograms per capita,EU27_2020,European Union - 27 countries (from 2020),2008,,189,,,,,
dataflow,ESTAT:ENV_WASMUN(1.0),Municipal waste by waste management operations,A,Annual,RCY,Recycling,KG_HAB,Kilograms per capita,EU27_2020,European Union - 27 countries (from 2020),2009,,190,,,,,
dataflow,ESTAT:ENV_WASMUN(1.0),Municipal waste by waste management operations,A,Annual,RCY,Recycling,KG_HAB,Kilograms per capita,EU27_2020,European Union - 27 countries (from 2020),2010,,191,,,,,
dataflow,ESTAT:ENV_WASMUN(1.0),Municipal waste by waste management operations,A,Annual,RCY,Recycling,KG_HAB,Kilograms per capita,EU27_2020,European Union - 27 countries (from 2020),2011,,194,,,,,
dataflow,ESTAT:ENV_WASMUN(1.0),Municipal waste by waste management operations,A,Annual,RCY,Recycling,KG_HAB,Kilograms per capita,EU27_2020,European Union - 27 countries (from 2020),2012,,199,,,,,
dataflow,ESTAT:ENV_WASMUN(1.0),Municipal waste by waste management operations,A,Annual,RCY,Recycling,KG_HAB,Kilograms per capita,EU27_2020,European Union - 27 countries (from 2020),2013,,199,,,,,
dataflow,ESTAT:ENV_WASMUN(1.0),Municipal waste by waste management operations,A,Annual,RCY,Recycling,KG_HAB,Kilograms per capita,EU27_2020,European Union - 27 countries (from 2020),2014,,208,,,,,
dataflow,ESTAT:ENV_WASMUN(1.0),Municipal waste by waste management operations,A,Annual,RCY,Recycling,KG_HAB,Kilograms per capita,EU27_2020,European Union - 27 countries (from 2020),2015,,216,,,,,
dataflow,ESTAT:ENV_WASMUN(1.0),Municipal waste by waste management operations,A,Annual,RCY,Recycling,KG_HAB,Kilograms per capita,EU27_2020,European Union - 27 countries (from 2020),2016,,227,,,,,
dataflow,ESTAT:ENV_WASMUN(1.0),Municipal waste by waste management operations,A,Annual,RCY,Recycling,KG_HAB,Kilograms per capita,EU27_2020,European Union - 27 countries (from 2020),2017,,231,,,,,
dataflow,ESTAT:ENV_WASMUN(1.0),Municipal waste by waste management operations,A,Annual,RCY,Recycling,KG_HAB,Kilograms per capita,EU27_2020,European Union - 27 countries (from 2020),2018,,232,,,,,
dataflow,ESTAT:ENV_WASMUN(1.0),Municipal waste by waste management operations,A,Annual,RCY,Recycling,KG_HAB,Kilograms per capita,EU27_2020,European Union - 27 countries (from 2020),2019,,238,,i,value imputed by Eurostat or other receiving agencies,,
dataflow,ESTAT:ENV_WASMUN(1.0),Municipal waste by waste management operations,A,Annual,RCY,Recycling,KG_HAB,Kilograms per capita,EU27_2020,European Union - 27 countries (from 2020),2020,,255,,,,,
dataflow,ESTAT:ENV_WASMUN(1.0),Municipal waste by waste management operations,A,Annual,RCY,Recycling,KG_HAB,Kilograms per capita,EU27_2020,European Union - 27 countries (from 2020),2021,,266,,i,value imputed by Eurostat or other receiving agencies,,
dataflow,ESTAT:ENV_WASMUN(1.0),Municipal waste by waste management operations,A,Annual,RCY,Recycling,KG_HAB,Kilograms per capita,EU27_2020,European Union - 27 countries (from 2020),2022,,253,,i,value imputed by Eurostat or other receiving agencies,,
dataflow,ESTAT:ENV_WASMUN(1.0),Municipal waste by waste management operations,A,Annual,RCY,Recycling,KG_HAB,Kilograms per capita,EU27_2020,European Union - 27 countries (from 2020),2023,,246,,i,value imputed by Eurostat or other receiving agencies,,
dataflow,ESTAT:ENV_WASMUN(1.0),Municipal waste by waste management operations,A,Annual,RCY,Recycling,KG_HAB,Kilograms per capita,FI,Finland,1995,,139,,,,,
dataflow,ESTAT:ENV_WASMUN(1.0),Municipal waste by waste management operations,A,Annual,RCY,Recycling,KG_HAB,Kilograms per capita,FI,Finland,1996,,138,,,,,
dataflow,ESTAT:ENV_WASMUN(1.0),Municipal waste by waste management operations,A,Annual,RCY,Recycling,KG_HAB,Kilograms per capita,FI,Finland,1997,,150,,,,,
dataflow,ESTAT:ENV_WASMUN(1.0),Municipal waste by waste management operations,A,Annual,RCY,Recycling,KG_HAB,Kilograms per capita,FI,Finland,1998,,157,,,,,
dataflow,ESTAT:ENV_WASMUN(1.0),Municipal waste by waste management operations,A,Annual,RCY,Recycling,KG_HAB,Kilograms per capita,FI,Finland,1999,,163,,,,,
dataflow,ESTAT:ENV_WASMUN(1.0),Municipal waste by waste management operations,A,Annual,RCY,Recycling,KG_HAB,Kilograms per capita,FI,Finland,2000,,169,,,,,
dataflow,ESTAT:ENV_WASMUN(1.0),Municipal waste by waste management operations,A,Annual,RCY,Recycling,KG_HAB,Kilograms per capita,FI,Finland,2001,,156,,,,,
dataflow,ESTAT:ENV_WASMUN(1.0),Municipal waste by waste management operations,A,Annual,RCY,Recycling,KG_HAB,Kilograms per capita,FI,Finland,2002,,154,,,,,
dataflow,ESTAT:ENV_WASMUN(1.0),Municipal waste by waste management operations,A,Annual,RCY,Recycling,KG_HAB,Kilograms per capita,FI,Finland,2003,,157,,,,,
dataflow,ESTAT:ENV_WASMUN(1.0),Municipal waste by waste management operations,A,Annual,RCY,Recycling,KG_HAB,Kilograms per capita,FI,Finland,2004,,158,,,,,
dataflow,ESTAT:ENV_WASMUN(1.0),Municipal waste by waste management operations,A,Annual,RCY,Recycling,KG_HAB,Kilograms per capita,FI,Finland,2005,,160,,,,,
dataflow,ESTAT:ENV_WASMUN(1.0),Municipal waste by waste management operations,A,Annual,RCY,Recycling,KG_HAB,Kilograms per capita,FI,Finland,2006,,166,,,,,
dataflow,ESTAT:ENV_WASMUN(1.0),Municipal waste by waste management operations,A,Annual,RCY,Recycling,KG_HAB,Kilograms per capita,FI,Finland,2007,,180,,,,,
dataflow,ESTAT:ENV_WASMUN(1.0),Municipal waste by waste management operations,A,Annual,RCY,Recycling,KG_HAB,Kilograms per capita,FI,Finland,2008,,179,,,,,
dataflow,ESTAT:ENV_WASMUN(1.0),Municipal waste by waste management operations,A,Annual,RCY,Recycling,KG_HAB,Kilograms per capita,FI,Finland,2009,,172,,,,,
dataflow,ESTAT:ENV_WASMUN(1.0),Municipal waste by waste management operations,A,Annual,RCY,Recycling,KG_HAB,Kilograms per capita,FI,Finland,2010,,154,,,,,
dataflow,ESTAT:ENV_WASMUN(1.0),Municipal waste by waste management operations,A,Annual,RCY,Recycling,KG_HAB,Kilograms per capita,FI,Finland,2011,,176,,,,,
dataflow,ESTAT:ENV_WASMUN(1.0),Municipal waste by waste management operations,A,Annual,RCY,Recycling,KG_HAB,Kilograms per capita,FI,Finland,2012,,168,,,,,
dataflow,ESTAT:ENV_WASMUN(1.0),Municipal waste by waste management operations,A,Annual,RCY,Recycling,KG_HAB,Kilograms per capita,FI,Finland,2013,,160,,,,,
dataflow,ESTAT:ENV_WASMUN(1.0),Municipal waste by waste management operations,A,Annual,RCY,Recycling,KG_HAB,Kilograms per capita,FI,Finland,2014,,157,,,,,
dataflow,ESTAT:ENV_WASMUN(1.0),Municipal waste by waste management operations,A,Annual,RCY,Recycling,KG_HAB,Kilograms per capita,FI,Finland,2015,,203,,b,break in time series,,
dataflow,ESTAT:ENV_WASMUN(1.0),Municipal waste by waste management operations,A,Annual,RCY,Recycling,KG_HAB,Kilograms per capita,FI,Finland,2016,,212,,,,,
dataflow,ESTAT:ENV_WASMUN(1.0),Municipal waste by waste management operations,A,Annual,RCY,Recycling,KG_HAB,Kilograms per capita,FI,Finland,2017,,207,,,,,
dataflow,ESTAT:ENV_WASMUN(1.0),Municipal waste by waste management operations,A,Annual,RCY,Recycling,KG_HAB,Kilograms per capita,FI,Finland,2018,,233,,,,,
dataflow,ESTAT:ENV_WASMUN(1.0),Municipal waste by waste management operations,A,Annual,RCY,Recycling,KG_HAB,Kilograms per capita,FI,Finland,2019,,246,,,,,
dataflow,ESTAT:ENV_WASMUN(1.0),Municipal waste by waste management operations,A,Annual,RCY,Recycling,KG_HAB,Kilograms per capita,FI,Finland,2020,,257,,,,,
dataflow,ESTAT:ENV_WASMUN(1.0),Municipal waste by waste management operations,A,Annual,RCY,Recycling,KG_HAB,Kilograms per capita,FI,Finland,2021,,246,,,,,
dataflow,ESTAT:ENV_WASMUN(1.0),Municipal waste by waste management operations,A,Annual,RCY,Recycling,KG_HAB,Kilograms per capita,FI,Finland,2022,,228,,,,,
dataflow,ESTAT:ENV_WASMUN(1.0),Municipal waste by waste management operations,A,Annual,RCY,Recycling,KG_HAB,Kilograms per capita,FI,Finland,2023,,209,,,,,
dataflow,ESTAT:ENV_WASMUN(1.0),Municipal waste by waste management operations,A,Annual,RCY,Recycling,KG_HAB,Kilograms per capita,FR,France,1995,,84,,,,,
dataflow,ESTAT:ENV_WASMUN(1.0),Municipal waste by waste management operations,A,Annual,RCY,Recycling,KG_HAB,Kilograms per capita,FR,France,1996,,91,,,,,
dataflow,ESTAT:ENV_WASMUN(1.0),Municipal waste by waste management operations,A,Annual,RCY,Recycling,KG_HAB,Kilograms per capita,FR,France,1997,,99,,,,,
dataflow,ESTAT:ENV_WASMUN(1.0),Municipal waste by waste management operations,A,Annual,RCY,Recycling,KG_HAB,Kilograms per capita,FR,France,1998,,110,,,,,
dataflow,ESTAT:ENV_WASMUN(1.0),Municipal waste by waste management operations,A,Annual,RCY,Recycling,KG_HAB,Kilograms per capita,FR,France,1999,,116,,,,,
dataflow,ESTAT:ENV_WASMUN(1.0),Municipal waste by waste management operations,A,Annual,RCY,Recycling,KG_HAB,Kilograms per capita,FR,France,2000,,126,,,,,
dataflow,ESTAT:ENV_WASMUN(1.0),Municipal waste by waste management operations,A,Annual,RCY,Recycling,KG_HAB,Kilograms per capita,FR,France,2001,,137,,,,,
dataflow,ESTAT:ENV_WASMUN(1.0),Municipal waste by waste management operations,A,Annual,RCY,Recycling,KG_HAB,Kilograms per capita,FR,France,2002,,145,,,,,
dataflow,ESTAT:ENV_WASMUN(1.0),Municipal waste by waste management operations,A,Annual,RCY,Recycling,KG_HAB,Kilograms per capita,FR,France,2003,,142,,,,,
dataflow,ESTAT:ENV_WASMUN(1.0),Municipal waste by waste management operations,A,Annual,RCY,Recycling,KG_HAB,Kilograms per capita,FR,France,2004,,150,,,,,
dataflow,ESTAT:ENV_WASMUN(1.0),Municipal waste by waste management operations,A,Annual,RCY,Recycling,KG_HAB,Kilograms per capita,FR,France,2005,,154,,,,,
dataflow,ESTAT:ENV_WASMUN(1.0),Municipal waste by waste management operations,A,Annual,RCY,Recycling,KG_HAB,Kilograms per capita,FR,France,2006,,164,,e,estimated,,
dataflow,ESTAT:ENV_WASMUN(1.0),Municipal waste by waste management operations,A,Annual,RCY,Recycling,KG_HAB,Kilograms per capita,FR,France,2007,,175,,,,,
dataflow,ESTAT:ENV_WASMUN(1.0),Municipal waste by waste management operations,A,Annual,RCY,Recycling,KG_HAB,Kilograms per capita,FR,France,2008,,182,,e,estimated,,
dataflow,ESTAT:ENV_WASMUN(1.0),Municipal waste by waste management operations,A,Annual,RCY,Recycling,KG_HAB,Kilograms per capita,FR,France,2009,,188,,,,,
dataflow,ESTAT:ENV_WASMUN(1.0),Municipal waste by waste management operations,A,Annual,RCY,Recycling,KG_HAB,Kilograms per capita,FR,France,2010,,192,,e,estimated,,
dataflow,ESTAT:ENV_WASMUN(1.0),Municipal waste by waste management operations,A,Annual,RCY,Recycling,KG_HAB,Kilograms per capita,FR,France,2011,,196,,,,,
dataflow,ESTAT:ENV_WASMUN(1.0),Municipal waste by waste management operations,A,Annual,RCY,Recycling,KG_HAB,Kilograms per capita,FR,France,2012,,199,,e,estimated,,
dataflow,ESTAT:ENV_WASMUN(1.0),Municipal waste by waste management operations,A,Annual,RCY,Recycling,KG_HAB,Kilograms per capita,FR,France,2013,,201,,,,,
dataflow,ESTAT:ENV_WASMUN(1.0),Municipal waste by waste management operations,A,Annual,RCY,Recycling,KG_HAB,Kilograms per capita,FR,France,2014,,205,,e,estimated,,
dataflow,ESTAT:ENV_WASMUN(1.0),Municipal waste by waste management operations,A,Annual,RCY,Recycling,KG_HAB,Kilograms per capita,FR,France,2015,,210,,,,,
dataflow,ESTAT:ENV_WASMUN(1.0),Municipal waste by waste management operations,A,Annual,RCY,Recycling,KG_HAB,Kilograms per capita,FR,France,2016,,220,,e,estimated,,
dataflow,ESTAT:ENV_WASMUN(1.0),Municipal waste by waste management operations,A,Annual,RCY,Recycling,KG_HAB,Kilograms per capita,FR,France,2017,,224,,e,estimated,,
dataflow,ESTAT:ENV_WASMUN(1.0),Municipal waste by waste management operations,A,Annual,RCY,Recycling,KG_HAB,Kilograms per capita,FR,France,2018,,227,,e,estimated,,
dataflow,ESTAT:ENV_WASMUN(1.0),Municipal waste by waste management operations,A,Annual,RCY,Recycling,KG_HAB,Kilograms per capita,FR,France,2019,,228,,e,estimated,,
dataflow,ESTAT:ENV_WASMUN(1.0),Municipal waste by waste management operations,A,Annual,RCY,Recycling,KG_HAB,Kilograms per capita,FR,France,2020,,225,,e,estimated,,
dataflow,ESTAT:ENV_WASMUN(1.0),Municipal waste by waste management operations,A,Annual,RCY,Recycling,KG_HAB,Kilograms per capita,FR,France,2021,,247,,,,,
dataflow,ESTAT:ENV_WASMUN(1.0),Municipal waste by waste management operations,A,Annual,RCY,Recycling,KG_HAB,Kilograms per capita,FR,France,2022,,221,,ep,"estimated, provisional",,
dataflow,ESTAT:ENV_WASMUN(1.0),Municipal waste by waste management operations,A,Annual,RCY,Recycling,KG_HAB,Kilograms per capita,FR,France,2023,,224,,ep,"estimated, provisional",,
dataflow,ESTAT:ENV_WASMUN(1.0),Municipal waste by waste management operations,A,Annual,RCY,Recycling,KG_HAB,Kilograms per capita,HR,Croatia,2007,,13,,,,,
dataflow,ESTAT:ENV_WASMUN(1.0),Municipal waste by waste management operations,A,Annual,RCY,Recycling,KG_HAB,Kilograms per capita,HR,Croatia,2008,,11,,,,,
dataflow,ESTAT:ENV_WASMUN(1.0),Municipal waste by waste management operations,A,Annual,RCY,Recycling,KG_HAB,Kilograms per capita,HR,Croatia,2009,,9,,,,,
dataflow,ESTAT:ENV_WASMUN(1.0),Municipal waste by waste management operations,A,Annual,RCY,Recycling,KG_HAB,Kilograms per capita,HR,Croatia,2010,,16,,,,,
dataflow,ESTAT:ENV_WASMUN(1.0),Municipal waste by waste management operations,A,Annual,RCY,Recycling,KG_HAB,Kilograms per capita,HR,Croatia,2011,,32,,,,,
dataflow,ESTAT:ENV_WASMUN(1.0),Municipal waste by waste management operations,A,Annual,RCY,Recycling,KG_HAB,Kilograms per capita,HR,Croatia,2012,,57,,,,,
dataflow,ESTAT:ENV_WASMUN(1.0),Municipal waste by waste management operations,A,Annual,RCY,Recycling,KG_HAB,Kilograms per capita,HR,Croatia,2013,,61,,,,,
dataflow,ESTAT:ENV_WASMUN(1.0),Municipal waste by waste management operations,A,Annual,RCY,Recycling,KG_HAB,Kilograms per capita,HR,Croatia,2014,,64,,,,,
dataflow,ESTAT:ENV_WASMUN(1.0),Municipal waste by waste management operations,A,Annual,RCY,Recycling,KG_HAB,Kilograms per capita,HR,Croatia,2015,,72,,,,,
dataflow,ESTAT:ENV_WASMUN(1.0),Municipal waste by waste management operations,A,Annual,RCY,Recycling,KG_HAB,Kilograms per capita,HR,Croatia,2016,,86,,,,,
dataflow,ESTAT:ENV_WASMUN(1.0),Municipal waste by waste management operations,A,Annual,RCY,Recycling,KG_HAB,Kilograms per capita,HR,Croatia,2017,,100,,,,,
dataflow,ESTAT:ENV_WASMUN(1.0),Municipal waste by waste management operations,A,Annual,RCY,Recycling,KG_HAB,Kilograms per capita,HR,Croatia,2018,,112,,,,,
dataflow,ESTAT:ENV_WASMUN(1.0),Municipal waste by waste management operations,A,Annual,RCY,Recycling,KG_HAB,Kilograms per capita,HR,Croatia,2019,,138,,,,,
dataflow,ESTAT:ENV_WASMUN(1.0),Municipal waste by waste management operations,A,Annual,RCY,Recycling,KG_HAB,Kilograms per capita,HR,Croatia,2020,,127,,,,,
dataflow,ESTAT:ENV_WASMUN(1.0),Municipal waste by waste management operations,A,Annual,RCY,Recycling,KG_HAB,Kilograms per capita,HR,Croatia,2021,,143,,,,,
dataflow,ESTAT:ENV_WASMUN(1.0),Municipal waste by waste management operations,A,Annual,RCY,Recycling,KG_HAB,Kilograms per capita,HR,Croatia,2022,,164,,,,,
dataflow,ESTAT:ENV_WASMUN(1.0),Municipal waste by waste management operations,A,Annual,RCY,Recycling,KG_HAB,Kilograms per capita,HR,Croatia,2023,,171,,,,,
dataflow,ESTAT:ENV_WASMUN(1.0),Municipal waste by waste management operations,A,Annual,RCY,Recycling,KG_HAB,Kilograms per capita,HU,Hungary,1995,,7,,,,,
dataflow,ESTAT:ENV_WASMUN(1.0),Municipal waste by waste management operations,A,Annual,RCY,Recycling,KG_HAB,Kilograms per capita,HU,Hungary,1996,,8,,,,,
dataflow,ESTAT:ENV_WASMUN(1.0),Municipal waste by waste management operations,A,Annual,RCY,Recycling,KG_HAB,Kilograms per capita,HU,Hungary,1997,,8,,,,,
dataflow,ESTAT:ENV_WASMUN(1.0),Municipal waste by waste management operations,A,Annual,RCY,Recycling,KG_HAB,Kilograms per capita,HU,Hungary,1998,,8,,,,,
dataflow,ESTAT:ENV_WASMUN(1.0),Municipal waste by waste management operations,A,Annual,RCY,Recycling,KG_HAB,Kilograms per capita,HU,Hungary,1999,,8,,,,,
dataflow,ESTAT:ENV_WASMUN(1.0),Municipal waste by waste management operations,A,Annual,RCY,Recycling,KG_HAB,Kilograms per capita,HU,Hungary,2000,,7,,,,,
dataflow,ESTAT:ENV_WASMUN(1.0),Municipal waste by waste management operations,A,Annual,RCY,Recycling,KG_HAB,Kilograms per capita,HU,Hungary,2001,,7,,,,,
dataflow,ESTAT:ENV_WASMUN(1.0),Municipal waste by waste management operations,A,Annual,RCY,Recycling,KG_HAB,Kilograms per capita,HU,Hungary,2002,,11,,,,,
dataflow,ESTAT:ENV_WASMUN(1.0),Municipal waste by waste management operations,A,Annual,RCY,Recycling,KG_HAB,Kilograms per capita,HU,Hungary,2003,,16,,,,,
dataflow,ESTAT:ENV_WASMUN(1.0),Municipal waste by waste management operations,A,Annual,RCY,Recycling,KG_HAB,Kilograms per capita,HU,Hungary,2004,,53,,b,break in time series,,
dataflow,ESTAT:ENV_WASMUN(1.0),Municipal waste by waste management operations,A,Annual,RCY,Recycling,KG_HAB,Kilograms per capita,HU,Hungary,2005,,44,,,,,
dataflow,ESTAT:ENV_WASMUN(1.0),Municipal waste by waste management operations,A,Annual,RCY,Recycling,KG_HAB,Kilograms per capita,HU,Hungary,2006,,49,,,,,
dataflow,ESTAT:ENV_WASMUN(1.0),Municipal waste by waste management operations,A,Annual,RCY,Recycling,KG_HAB,Kilograms per capita,HU,Hungary,2007,,55,,,,,
dataflow,ESTAT:ENV_WASMUN(1.0),Municipal waste by waste management operations,A,Annual,RCY,Recycling,KG_HAB,Kilograms per capita,HU,Hungary,2008,,69,,,,,
dataflow,ESTAT:ENV_WASMUN(1.0),Municipal waste by waste management operations,A,Annual,RCY,Recycling,KG_HAB,Kilograms per capita,HU,Hungary,2009,,66,,,,,
dataflow,ESTAT:ENV_WASMUN(1.0),Municipal waste by waste management operations,A,Annual,RCY,Recycling,KG_HAB,Kilograms per capita,HU,Hungary,2010,,79,,,,,
dataflow,ESTAT:ENV_WASMUN(1.0),Municipal waste by waste management operations,A,Annual,RCY,Recycling,KG_HAB,Kilograms per capita,HU,Hungary,2011,,84,,,,,
dataflow,ESTAT:ENV_WASMUN(1.0),Municipal waste by waste management operations,A,Annual,RCY,Recycling,KG_HAB,Kilograms per capita,HU,Hungary,2012,,102,,,,,
dataflow,ESTAT:ENV_WASMUN(1.0),Municipal waste by waste management operations,A,Annual,RCY,Recycling,KG_HAB,Kilograms per capita,HU,Hungary,2013,,100,,,,,
dataflow,ESTAT:ENV_WASMUN(1.0),Municipal waste by waste management operations,A,Annual,RCY,Recycling,KG_HAB,Kilograms per capita,HU,Hungary,2014,,118,,,,,
dataflow,ESTAT:ENV_WASMUN(1.0),Municipal waste by waste management operations,A,Annual,RCY,Recycling,KG_HAB,Kilograms per capita,HU,Hungary,2015,,122,,,,,
dataflow,ESTAT:ENV_WASMUN(1.0),Municipal waste by waste management operations,A,Annual,RCY,Recycling,KG_HAB,Kilograms per capita,HU,Hungary,2016,,132,,,,,
dataflow,ESTAT:ENV_WASMUN(1.0),Municipal waste by waste management operations,A,Annual,RCY,Recycling,KG_HAB,Kilograms per capita,HU,Hungary,2017,,136,,,,,
dataflow,ESTAT:ENV_WASMUN(1.0),Municipal waste by waste management operations,A,Annual,RCY,Recycling,KG_HAB,Kilograms per capita,HU,Hungary,2018,,144,,,,,
dataflow,ESTAT:ENV_WASMUN(1.0),Municipal waste by waste management operations,A,Annual,RCY,Recycling,KG_HAB,Kilograms per capita,HU,Hungary,2019,,140,,,,,
dataflow,ESTAT:ENV_WASMUN(1.0),Municipal waste by waste management operations,A,Annual,RCY,Recycling,KG_HAB,Kilograms per capita,HU,Hungary,2020,,130,,,,,
dataflow,ESTAT:ENV_WASMUN(1.0),Municipal waste by waste management operations,A,Annual,RCY,Recycling,KG_HAB,Kilograms per capita,HU,Hungary,2021,,146,,,,,
dataflow,ESTAT:ENV_WASMUN(1.0),Municipal waste by waste management operations,A,Annual,RCY,Recycling,KG_HAB,Kilograms per capita,HU,Hungary,2022,,134,,,,,
dataflow,ESTAT:ENV_WASMUN(1.0),Municipal waste by waste management operations,A,Annual,RCY,Recycling,KG_HAB,Kilograms per capita,HU,Hungary,2023,,143,,,,,
dataflow,ESTAT:ENV_WASMUN(1.0),Municipal waste by waste management operations,A,Annual,RCY,Recycling,KG_HAB,Kilograms per capita,IE,Ireland,1998,,45,,,,,
dataflow,ESTAT:ENV_WASMUN(1.0),Municipal waste by waste management operations,A,Annual,RCY,Recycling,KG_HAB,Kilograms per capita,IE,Ireland,2000,,71,,,,,
dataflow,ESTAT:ENV_WASMUN(1.0),Municipal waste by waste management operations,A,Annual,RCY,Recycling,KG_HAB,Kilograms per capita,IE,Ireland,2001,,79,,,,,
dataflow,ESTAT:ENV_WASMUN(1.0),Municipal waste by waste management operations,A,Annual,RCY,Recycling,KG_HAB,Kilograms per capita,IE,Ireland,2002,,126,,,,,
dataflow,ESTAT:ENV_WASMUN(1.0),Municipal waste by waste management operations,A,Annual,RCY,Recycling,KG_HAB,Kilograms per capita,IE,Ireland,2003,,173,,,,,
dataflow,ESTAT:ENV_WASMUN(1.0),Municipal waste by waste management operations,A,Annual,RCY,Recycling,KG_HAB,Kilograms per capita,IE,Ireland,2004,,217,,,,,
dataflow,ESTAT:ENV_WASMUN(1.0),Municipal waste by waste management operations,A,Annual,RCY,Recycling,KG_HAB,Kilograms per capita,IE,Ireland,2005,,227,,,,,
dataflow,ESTAT:ENV_WASMUN(1.0),Municipal waste by waste management operations,A,Annual,RCY,Recycling,KG_HAB,Kilograms per capita,IE,Ireland,2006,,262,,,,,
dataflow,ESTAT:ENV_WASMUN(1.0),Municipal waste by waste management operations,A,Annual,RCY,Recycling,KG_HAB,Kilograms per capita,IE,Ireland,2007,,264,,,,,
dataflow,ESTAT:ENV_WASMUN(1.0),Municipal waste by waste management operations,A,Annual,RCY,Recycling,KG_HAB,Kilograms per capita,IE,Ireland,2008,,241,,,,,
dataflow,ESTAT:ENV_WASMUN(1.0),Municipal waste by waste management operations,A,Annual,RCY,Recycling,KG_HAB,Kilograms per capita,IE,Ireland,2009,,218,,,,,
dataflow,ESTAT:ENV_WASMUN(1.0),Municipal waste by waste management operations,A,Annual,RCY,Recycling,KG_HAB,Kilograms per capita,IE,Ireland,2010,,223,,,,,
dataflow,ESTAT:ENV_WASMUN(1.0),Municipal waste by waste management operations,A,Annual,RCY,Recycling,KG_HAB,Kilograms per capita,IE,Ireland,2011,,222,,,,,
dataflow,ESTAT:ENV_WASMUN(1.0),Municipal waste by waste management operations,A,Annual,RCY,Recycling,KG_HAB,Kilograms per capita,IE,Ireland,2012,,214,,,,,
dataflow,ESTAT:ENV_WASMUN(1.0),Municipal waste by waste management operations,A,Annual,RCY,Recycling,KG_HAB,Kilograms per capita,IE,Ireland,2014,,224,,,,,
dataflow,ESTAT:ENV_WASMUN(1.0),Municipal waste by waste management operations,A,Annual,RCY,Recycling,KG_HAB,Kilograms per capita,IE,Ireland,2016,,236,,,,,
dataflow,ESTAT:ENV_WASMUN(1.0),Municipal waste by waste management operations,A,Annual,RCY,Recycling,KG_HAB,Kilograms per capita,IE,Ireland,2017,,232,,,,,
dataflow,ESTAT:ENV_WASMUN(1.0),Municipal waste by waste management operations,A,Annual,RCY,Recycling,KG_HAB,Kilograms per capita,IE,Ireland,2018,,224,,,,,
dataflow,ESTAT:ENV_WASMUN(1.0),Municipal waste by waste management operations,A,Annual,RCY,Recycling,KG_HAB,Kilograms per capita,IE,Ireland,2019,,232,,b,break in time series,,
dataflow,ESTAT:ENV_WASMUN(1.0),Municipal waste by waste management operations,A,Annual,RCY,Recycling,KG_HAB,Kilograms per capita,IE,Ireland,2020,,260,,,,,
dataflow,ESTAT:ENV_WASMUN(1.0),Municipal waste by waste management operations,A,Annual,RCY,Recycling,KG_HAB,Kilograms per capita,IS,Iceland,1995,,34,,,,,
dataflow,ESTAT:ENV_WASMUN(1.0),Municipal waste by waste management operations,A,Annual,RCY,Recycling,KG_HAB,Kilograms per capita,IS,Iceland,1996,,41,,,,,
dataflow,ESTAT:ENV_WASMUN(1.0),Municipal waste by waste management operations,A,Annual,RCY,Recycling,KG_HAB,Kilograms per capita,IS,Iceland,1997,,37,,,,,
dataflow,ESTAT:ENV_WASMUN(1.0),Municipal waste by waste management operations,A,Annual,RCY,Recycling,KG_HAB,Kilograms per capita,IS,Iceland,1998,,47,,,,,
dataflow,ESTAT:ENV_WASMUN(1.0),Municipal waste by waste management operations,A,Annual,RCY,Recycling,KG_HAB,Kilograms per capita,IS,Iceland,1999,,58,,,,,
dataflow,ESTAT:ENV_WASMUN(1.0),Municipal waste by waste management operations,A,Annual,RCY,Recycling,KG_HAB,Kilograms per capita,IS,Iceland,2000,,71,,,,,
dataflow,ESTAT:ENV_WASMUN(1.0),Municipal waste by waste management operations,A,Annual,RCY,Recycling,KG_HAB,Kilograms per capita,IS,Iceland,2001,,74,,,,,
dataflow,ESTAT:ENV_WASMUN(1.0),Municipal waste by waste management operations,A,Annual,RCY,Recycling,KG_HAB,Kilograms per capita,IS,Iceland,2002,,77,,,,,
dataflow,ESTAT:ENV_WASMUN(1.0),Municipal waste by waste management operations,A,Annual,RCY,Recycling,KG_HAB,Kilograms per capita,IS,Iceland,2003,,79,,,,,
dataflow,ESTAT:ENV_WASMUN(1.0),Municipal waste by waste management operations,A,Annual,RCY,Recycling,KG_HAB,Kilograms per capita,IS,Iceland,2008,,126,,,,,
dataflow,ESTAT:ENV_WASMUN(1.0),Municipal waste by waste management operations,A,Annual,RCY,Recycling,KG_HAB,Kilograms per capita,IS,Iceland,2009,,85,,,,,
dataflow,ESTAT:ENV_WASMUN(1.0),Municipal waste by waste management operations,A,Annual,RCY,Recycling,KG_HAB,Kilograms per capita,IS,Iceland,2010,,101,,,,,
dataflow,ESTAT:ENV_WASMUN(1.0),Municipal waste by waste management operations,A,Annual,RCY,Recycling,KG_HAB,Kilograms per capita,IS,Iceland,2011,,125,,,,,
dataflow,ESTAT:ENV_WASMUN(1.0),Municipal waste by waste management operations,A,Annual,RCY,Recycling,KG_HAB,Kilograms per capita,IS,Iceland,2012,,143,,,,,
dataflow,ESTAT:ENV_WASMUN(1.0),Municipal waste by waste management operations,A,Annual,RCY,Recycling,KG_HAB,Kilograms per capita,IS,Iceland,2013,,154,,,,,
dataflow,ESTAT:ENV_WASMUN(1.0),Municipal waste by waste management operations,A,Annual,RCY,Recycling,KG_HAB,Kilograms per capita,IS,Iceland,2014,,159,,,,,
dataflow,ESTAT:ENV_WASMUN(1.0),Municipal waste by waste management operations,A,Annual,RCY,Recycling,KG_HAB,Kilograms per capita,IS,Iceland,2015,,166,,,,,
dataflow,ESTAT:ENV_WASMUN(1.0),Municipal waste by waste management operations,A,Annual,RCY,Recycling,KG_HAB,Kilograms per capita,IS,Iceland,2016,,217,,,,,
dataflow,ESTAT:ENV_WASMUN(1.0),Municipal waste by waste management operations,A,Annual,RCY,Recycling,KG_HAB,Kilograms per capita,IS,Iceland,2017,,168,,,,,
dataflow,ESTAT:ENV_WASMUN(1.0),Municipal waste by waste management operations,A,Annual,RCY,Recycling,KG_HAB,Kilograms per capita,IS,Iceland,2018,,193,,,,,
dataflow,ESTAT:ENV_WASMUN(1.0),Municipal waste by waste management operations,A,Annual,RCY,Recycling,KG_HAB,Kilograms per capita,IS,Iceland,2020,,162,,,,,
dataflow,ESTAT:ENV_WASMUN(1.0),Municipal waste by waste management operations,A,Annual,RCY,Recycling,KG_HAB,Kilograms per capita,IS,Iceland,2021,,175,,,,,
dataflow,ESTAT:ENV_WASMUN(1.0),Municipal waste by waste management operations,A,Annual,RCY,Recycling,KG_HAB,Kilograms per capita,IS,Iceland,2022,,138,,,,,
dataflow,ESTAT:ENV_WASMUN(1.0),Municipal waste by waste management operations,A,Annual,RCY,Recycling,KG_HAB,Kilograms per capita,IT,Italy,1995,,22,,,,,
dataflow,ESTAT:ENV_WASMUN(1.0),Municipal waste by waste management operations,A,Annual,RCY,Recycling,KG_HAB,Kilograms per capita,IT,Italy,1996,,29,,,,,
dataflow,ESTAT:ENV_WASMUN(1.0),Municipal waste by waste management operations,A,Annual,RCY,Recycling,KG_HAB,Kilograms per capita,IT,Italy,1997,,44,,,,,
dataflow,ESTAT:ENV_WASMUN(1.0),Municipal waste by waste management operations,A,Annual,RCY,Recycling,KG_HAB,Kilograms per capita,IT,Italy,1998,,52,,,,,
dataflow,ESTAT:ENV_WASMUN(1.0),Municipal waste by waste management operations,A,Annual,RCY,Recycling,KG_HAB,Kilograms per capita,IT,Italy,1999,,60,,,,,
dataflow,ESTAT:ENV_WASMUN(1.0),Municipal waste by waste management operations,A,Annual,RCY,Recycling,KG_HAB,Kilograms per capita,IT,Italy,2000,,72,,,,,
dataflow,ESTAT:ENV_WASMUN(1.0),Municipal waste by waste management operations,A,Annual,RCY,Recycling,KG_HAB,Kilograms per capita,IT,Italy,2001,,92,,,,,
dataflow,ESTAT:ENV_WASMUN(1.0),Municipal waste by waste management operations,A,Annual,RCY,Recycling,KG_HAB,Kilograms per capita,IT,Italy,2002,,77,,,,,
dataflow,ESTAT:ENV_WASMUN(1.0),Municipal waste by waste management operations,A,Annual,RCY,Recycling,KG_HAB,Kilograms per capita,IT,Italy,2003,,85,,,,,
dataflow,ESTAT:ENV_WASMUN(1.0),Municipal waste by waste management operations,A,Annual,RCY,Recycling,KG_HAB,Kilograms per capita,IT,Italy,2004,,95,,,,,
dataflow,ESTAT:ENV_WASMUN(1.0),Municipal waste by waste management operations,A,Annual,RCY,Recycling,KG_HAB,Kilograms per capita,IT,Italy,2005,,101,,,,,
dataflow,ESTAT:ENV_WASMUN(1.0),Municipal waste by waste management operations,A,Annual,RCY,Recycling,KG_HAB,Kilograms per capita,IT,Italy,2006,,107,,,,,
dataflow,ESTAT:ENV_WASMUN(1.0),Municipal waste by waste management operations,A,Annual,RCY,Recycling,KG_HAB,Kilograms per capita,IT,Italy,2007,,138,,b,break in time series,,
dataflow,ESTAT:ENV_WASMUN(1.0),Municipal waste by waste management operations,A,Annual,RCY,Recycling,KG_HAB,Kilograms per capita,IT,Italy,2008,,131,,,,,
dataflow,ESTAT:ENV_WASMUN(1.0),Municipal waste by waste management operations,A,Annual,RCY,Recycling,KG_HAB,Kilograms per capita,IT,Italy,2009,,160,,,,,
dataflow,ESTAT:ENV_WASMUN(1.0),Municipal waste by waste management operations,A,Annual,RCY,Recycling,KG_HAB,Kilograms per capita,IT,Italy,2010,,168,,,,,
dataflow,ESTAT:ENV_WASMUN(1.0),Municipal waste by waste management operations,A,Annual,RCY,Recycling,KG_HAB,Kilograms per capita,IT,Italy,2011,,185,,,,,
dataflow,ESTAT:ENV_WASMUN(1.0),Municipal waste by waste management operations,A,Annual,RCY,Recycling,KG_HAB,Kilograms per capita,IT,Italy,2012,,191,,,,,
dataflow,ESTAT:ENV_WASMUN(1.0),Municipal waste by waste management operations,A,Annual,RCY,Recycling,KG_HAB,Kilograms per capita,IT,Italy,2013,,193,,,,,
dataflow,ESTAT:ENV_WASMUN(1.0),Municipal waste by waste management operations,A,Annual,RCY,Recycling,KG_HAB,Kilograms per capita,IT,Italy,2014,,205,,,,,
dataflow,ESTAT:ENV_WASMUN(1.0),Municipal waste by waste management operations,A,Annual,RCY,Recycling,KG_HAB,Kilograms per capita,IT,Italy,2015,,217,,b,break in time series,,
dataflow,ESTAT:ENV_WASMUN(1.0),Municipal waste by waste management operations,A,Annual,RCY,Recycling,KG_HAB,Kilograms per capita,IT,Italy,2016,,230,,,,,
dataflow,ESTAT:ENV_WASMUN(1.0),Municipal waste by waste management operations,A,Annual,RCY,Recycling,KG_HAB,Kilograms per capita,IT,Italy,2017,,235,,,,,
dataflow,ESTAT:ENV_WASMUN(1.0),Municipal waste by waste management operations,A,Annual,RCY,Recycling,KG_HAB,Kilograms per capita,IT,Italy,2018,,250,,,,,
dataflow,ESTAT:ENV_WASMUN(1.0),Municipal waste by waste management operations,A,Annual,RCY,Recycling,KG_HAB,Kilograms per capita,IT,Italy,2019,,258,,,,,
dataflow,ESTAT:ENV_WASMUN(1.0),Municipal waste by waste management operations,A,Annual,RCY,Recycling,KG_HAB,Kilograms per capita,IT,Italy,2020,,250,,,,,
dataflow,ESTAT:ENV_WASMUN(1.0),Municipal waste by waste management operations,A,Annual,RCY,Recycling,KG_HAB,Kilograms per capita,IT,Italy,2021,,257,,,,,
dataflow,ESTAT:ENV_WASMUN(1.0),Municipal waste by waste management operations,A,Annual,RCY,Recycling,KG_HAB,Kilograms per capita,IT,Italy,2022,,259,,,,,
dataflow,ESTAT:ENV_WASMUN(1.0),Municipal waste by waste management operations,A,Annual,RCY,Recycling,KG_HAB,Kilograms per capita,LT,Lithuania,1995,,0,,,,,
dataflow,ESTAT:ENV_WASMUN(1.0),Municipal waste by waste management operations,A,Annual,RCY,Recycling,KG_HAB,Kilograms per capita,LT,Lithuania,1996,,0,,,,,
dataflow,ESTAT:ENV_WASMUN(1.0),Municipal waste by waste management operations,A,Annual,RCY,Recycling,KG_HAB,Kilograms per capita,LT,Lithuania,1997,,0,,,,,
dataflow,ESTAT:ENV_WASMUN(1.0),Municipal waste by waste management operations,A,Annual,RCY,Recycling,KG_HAB,Kilograms per capita,LT,Lithuania,1998,,0,,,,,
dataflow,ESTAT:ENV_WASMUN(1.0),Municipal waste by waste management operations,A,Annual,RCY,Recycling,KG_HAB,Kilograms per capita,LT,Lithuania,1999,,0,,,,,
dataflow,ESTAT:ENV_WASMUN(1.0),Municipal waste by waste management operations,A,Annual,RCY,Recycling,KG_HAB,Kilograms per capita,LT,Lithuania,2000,,0,,,,,
dataflow,ESTAT:ENV_WASMUN(1.0),Municipal waste by waste management operations,A,Annual,RCY,Recycling,KG_HAB,Kilograms per capita,LT,Lithuania,2001,,0,,,,,
dataflow,ESTAT:ENV_WASMUN(1.0),Municipal waste by waste management operations,A,Annual,RCY,Recycling,KG_HAB,Kilograms per capita,LT,Lithuania,2002,,0,,,,,
dataflow,ESTAT:ENV_WASMUN(1.0),Municipal waste by waste management operations,A,Annual,RCY,Recycling,KG_HAB,Kilograms per capita,LT,Lithuania,2003,,0,,,,,
dataflow,ESTAT:ENV_WASMUN(1.0),Municipal waste by waste management operations,A,Annual,RCY,Recycling,KG_HAB,Kilograms per capita,LT,Lithuania,2004,,7,,i,value imputed by Eurostat or other receiving agencies,,
dataflow,ESTAT:ENV_WASMUN(1.0),Municipal waste by waste management operations,A,Annual,RCY,Recycling,KG_HAB,Kilograms per capita,LT,Lithuania,2005,,7,,i,value imputed by Eurostat or other receiving agencies,,
dataflow,ESTAT:ENV_WASMUN(1.0),Municipal waste by waste management operations,A,Annual,RCY,Recycling,KG_HAB,Kilograms per capita,LT,Lithuania,2006,,8,,i,value imputed by Eurostat or other receiving agencies,,
dataflow,ESTAT:ENV_WASMUN(1.0),Municipal waste by waste management operations,A,Annual,RCY,Recycling,KG_HAB,Kilograms per capita,LT,Lithuania,2007,,31,,,,,
dataflow,ESTAT:ENV_WASMUN(1.0),Municipal waste by waste management operations,A,Annual,RCY,Recycling,KG_HAB,Kilograms per capita,LT,Lithuania,2008,,36,,b,break in time series,,
dataflow,ESTAT:ENV_WASMUN(1.0),Municipal waste by waste management operations,A,Annual,RCY,Recycling,KG_HAB,Kilograms per capita,LT,Lithuania,2009,,32,,,,,
dataflow,ESTAT:ENV_WASMUN(1.0),Municipal waste by waste management operations,A,Annual,RCY,Recycling,KG_HAB,Kilograms per capita,LT,Lithuania,2010,,20,,,,,
dataflow,ESTAT:ENV_WASMUN(1.0),Municipal waste by waste management operations,A,Annual,RCY,Recycling,KG_HAB,Kilograms per capita,LT,Lithuania,2011,,88,,,,,
dataflow,ESTAT:ENV_WASMUN(1.0),Municipal waste by waste management operations,A,Annual,RCY,Recycling,KG_HAB,Kilograms per capita,LT,Lithuania,2012,,104,,,,,
dataflow,ESTAT:ENV_WASMUN(1.0),Municipal waste by waste management operations,A,Annual,RCY,Recycling,KG_HAB,Kilograms per capita,LT,Lithuania,2013,,120,,,,,
dataflow,ESTAT:ENV_WASMUN(1.0),Municipal waste by waste management operations,A,Annual,RCY,Recycling,KG_HAB,Kilograms per capita,LT,Lithuania,2014,,132,,,,,
dataflow,ESTAT:ENV_WASMUN(1.0),Municipal waste by waste management operations,A,Annual,RCY,Recycling,KG_HAB,Kilograms per capita,LT,Lithuania,2015,,148,,,,,
dataflow,ESTAT:ENV_WASMUN(1.0),Municipal waste by waste management operations,A,Annual,RCY,Recycling,KG_HAB,Kilograms per capita,LT,Lithuania,2016,,212,,b,break in time series,,
dataflow,ESTAT:ENV_WASMUN(1.0),Municipal waste by waste management operations,A,Annual,RCY,Recycling,KG_HAB,Kilograms per capita,LT,Lithuania,2017,,218,,,,,
dataflow,ESTAT:ENV_WASMUN(1.0),Municipal waste by waste management operations,A,Annual,RCY,Recycling,KG_HAB,Kilograms per capita,LT,Lithuania,2018,,243,,,,,
dataflow,ESTAT:ENV_WASMUN(1.0),Municipal waste by waste management operations,A,Annual,RCY,Recycling,KG_HAB,Kilograms per capita,LT,Lithuania,2019,,233,,,,,
dataflow,ESTAT:ENV_WASMUN(1.0),Municipal waste by waste management operations,A,Annual,RCY,Recycling,KG_HAB,Kilograms per capita,LT,Lithuania,2020,,217,,,,,
dataflow,ESTAT:ENV_WASMUN(1.0),Municipal waste by waste management operations,A,Annual,RCY,Recycling,KG_HAB,Kilograms per capita,LT,Lithuania,2021,,212,,,,,
dataflow,ESTAT:ENV_WASMUN(1.0),Municipal waste by waste management operations,A,Annual,RCY,Recycling,KG_HAB,Kilograms per capita,LT,Lithuania,2022,,225,,,,,
dataflow,ESTAT:ENV_WASMUN(1.0),Municipal waste by waste management operations,A,Annual,RCY,Recycling,KG_HAB,Kilograms per capita,LT,Lithuania,2023,,220,,,,,
dataflow,ESTAT:ENV_WASMUN(1.0),Municipal waste by waste management operations,A,Annual,RCY,Recycling,KG_HAB,Kilograms per capita,LU,Luxembourg,1995,,118,,,,,
dataflow,ESTAT:ENV_WASMUN(1.0),Municipal waste by waste management operations,A,Annual,RCY,Recycling,KG_HAB,Kilograms per capita,LU,Luxembourg,1996,,118,,,,,
dataflow,ESTAT:ENV_WASMUN(1.0),Municipal waste by waste management operations,A,Annual,RCY,Recycling,KG_HAB,Kilograms per capita,LU,Luxembourg,1997,,162,,,,,
dataflow,ESTAT:ENV_WASMUN(1.0),Municipal waste by waste management operations,A,Annual,RCY,Recycling,KG_HAB,Kilograms per capita,LU,Luxembourg,1998,,194,,,,,
dataflow,ESTAT:ENV_WASMUN(1.0),Municipal waste by waste management operations,A,Annual,RCY,Recycling,KG_HAB,Kilograms per capita,LU,Luxembourg,1999,,198,,,,,
dataflow,ESTAT:ENV_WASMUN(1.0),Municipal waste by waste management operations,A,Annual,RCY,Recycling,KG_HAB,Kilograms per capita,LU,Luxembourg,2000,,234,,,,,
dataflow,ESTAT:ENV_WASMUN(1.0),Municipal waste by waste management operations,A,Annual,RCY,Recycling,KG_HAB,Kilograms per capita,LU,Luxembourg,2001,,241,,,,,
dataflow,ESTAT:ENV_WASMUN(1.0),Municipal waste by waste management operations,A,Annual,RCY,Recycling,KG_HAB,Kilograms per capita,LU,Luxembourg,2002,,250,,,,,
dataflow,ESTAT:ENV_WASMUN(1.0),Municipal waste by waste management operations,A,Annual,RCY,Recycling,KG_HAB,Kilograms per capita,LU,Luxembourg,2003,,286,,,,,
dataflow,ESTAT:ENV_WASMUN(1.0),Municipal waste by waste management operations,A,Annual,RCY,Recycling,KG_HAB,Kilograms per capita,LU,Luxembourg,2004,,281,,,,,
dataflow,ESTAT:ENV_WASMUN(1.0),Municipal waste by waste management operations,A,Annual,RCY,Recycling,KG_HAB,Kilograms per capita,LU,Luxembourg,2005,,293,,,,,
dataflow,ESTAT:ENV_WASMUN(1.0),Municipal waste by waste management operations,A,Annual,RCY,Recycling,KG_HAB,Kilograms per capita,LU,Luxembourg,2006,,299,,,,,
dataflow,ESTAT:ENV_WASMUN(1.0),Municipal waste by waste management operations,A,Annual,RCY,Recycling,KG_HAB,Kilograms per capita,LU,Luxembourg,2007,,313,,,,,
dataflow,ESTAT:ENV_WASMUN(1.0),Municipal waste by waste management operations,A,Annual,RCY,Recycling,KG_HAB,Kilograms per capita,LU,Luxembourg,2008,,320,,,,,
dataflow,ESTAT:ENV_WASMUN(1.0),Municipal waste by waste management operations,A,Annual,RCY,Recycling,KG_HAB,Kilograms per capita,LU,Luxembourg,2009,,315,,,,,
dataflow,ESTAT:ENV_WASMUN(1.0),Municipal waste by waste management operations,A,Annual,RCY,Recycling,KG_HAB,Kilograms per capita,LU,Luxembourg,2010,,315,,,,,
dataflow,ESTAT:ENV_WASMUN(1.0),Municipal waste by waste management operations,A,Annual,RCY,Recycling,KG_HAB,Kilograms per capita,LU,Luxembourg,2011,,308,,,,,
dataflow,ESTAT:ENV_WASMUN(1.0),Municipal waste by waste management operations,A,Annual,RCY,Recycling,KG_HAB,Kilograms per capita,LU,Luxembourg,2012,,310,,,,,
dataflow,ESTAT:ENV_WASMUN(1.0),Municipal waste by waste management operations,A,Annual,RCY,Recycling,KG_HAB,Kilograms per capita,LU,Luxembourg,2013,,285,,,,,
dataflow,ESTAT:ENV_WASMUN(1.0),Municipal waste by waste management operations,A,Annual,RCY,Recycling,KG_HAB,Kilograms per capita,LU,Luxembourg,2014,,299,,,,,
dataflow,ESTAT:ENV_WASMUN(1.0),Municipal waste by waste management operations,A,Annual,RCY,Recycling,KG_HAB,Kilograms per capita,LU,Luxembourg,2015,,288,,,,,
dataflow,ESTAT:ENV_WASMUN(1.0),Municipal waste by waste management operations,A,Annual,RCY,Recycling,KG_HAB,Kilograms per capita,LU,Luxembourg,2016,,401,,b,break in time series,,
dataflow,ESTAT:ENV_WASMUN(1.0),Municipal waste by waste management operations,A,Annual,RCY,Recycling,KG_HAB,Kilograms per capita,LU,Luxembourg,2017,,390,,,,,
dataflow,ESTAT:ENV_WASMUN(1.0),Municipal waste by waste management operations,A,Annual,RCY,Recycling,KG_HAB,Kilograms per capita,LU,Luxembourg,2018,,393,,,,,
dataflow,ESTAT:ENV_WASMUN(1.0),Municipal waste by waste management operations,A,Annual,RCY,Recycling,KG_HAB,Kilograms per capita,LU,Luxembourg,2019,,387,,e,estimated,,
dataflow,ESTAT:ENV_WASMUN(1.0),Municipal waste by waste management operations,A,Annual,RCY,Recycling,KG_HAB,Kilograms per capita,LU,Luxembourg,2020,,418,,,,,
dataflow,ESTAT:ENV_WASMUN(1.0),Municipal waste by waste management operations,A,Annual,RCY,Recycling,KG_HAB,Kilograms per capita,LU,Luxembourg,2021,,438,,,,,
dataflow,ESTAT:ENV_WASMUN(1.0),Municipal waste by waste management operations,A,Annual,RCY,Recycling,KG_HAB,Kilograms per capita,LU,Luxembourg,2022,,402,,,,,
dataflow,ESTAT:ENV_WASMUN(1.0),Municipal waste by waste management operations,A,Annual,RCY,Recycling,KG_HAB,Kilograms per capita,LU,Luxembourg,2023,,401,,,,,
dataflow,ESTAT:ENV_WASMUN(1.0),Municipal waste by waste management operations,A,Annual,RCY,Recycling,KG_HAB,Kilograms per capita,LV,Latvia,1995,,0,,e,estimated,,
dataflow,ESTAT:ENV_WASMUN(1.0),Municipal waste by waste management operations,A,Annual,RCY,Recycling,KG_HAB,Kilograms per capita,LV,Latvia,1996,,0,,e,estimated,,
dataflow,ESTAT:ENV_WASMUN(1.0),Municipal waste by waste management operations,A,Annual,RCY,Recycling,KG_HAB,Kilograms per capita,LV,Latvia,1997,,0,,e,estimated,,
dataflow,ESTAT:ENV_WASMUN(1.0),Municipal waste by waste management operations,A,Annual,RCY,Recycling,KG_HAB,Kilograms per capita,LV,Latvia,1998,,0,,e,estimated,,
dataflow,ESTAT:ENV_WASMUN(1.0),Municipal waste by waste management operations,A,Annual,RCY,Recycling,KG_HAB,Kilograms per capita,LV,Latvia,1999,,0,,e,estimated,,
dataflow,ESTAT:ENV_WASMUN(1.0),Municipal waste by waste management operations,A,Annual,RCY,Recycling,KG_HAB,Kilograms per capita,LV,Latvia,2000,,0,,e,estimated,,
dataflow,ESTAT:ENV_WASMUN(1.0),Municipal waste by waste management operations,A,Annual,RCY,Recycling,KG_HAB,Kilograms per capita,LV,Latvia,2001,,1,,,,,
dataflow,ESTAT:ENV_WASMUN(1.0),Municipal waste by waste management operations,A,Annual,RCY,Recycling,KG_HAB,Kilograms per capita,LV,Latvia,2002,,1,,,,,
dataflow,ESTAT:ENV_WASMUN(1.0),Municipal waste by waste management operations,A,Annual,RCY,Recycling,KG_HAB,Kilograms per capita,LV,Latvia,2003,,7,,,,,
dataflow,ESTAT:ENV_WASMUN(1.0),Municipal waste by waste management operations,A,Annual,RCY,Recycling,KG_HAB,Kilograms per capita,LV,Latvia,2004,,14,,,,,
dataflow,ESTAT:ENV_WASMUN(1.0),Municipal waste by waste management operations,A,Annual,RCY,Recycling,KG_HAB,Kilograms per capita,LV,Latvia,2005,,12,,,,,
dataflow,ESTAT:ENV_WASMUN(1.0),Municipal waste by waste management operations,A,Annual,RCY,Recycling,KG_HAB,Kilograms per capita,LV,Latvia,2006,,15,,,,,
dataflow,ESTAT:ENV_WASMUN(1.0),Municipal waste by waste management operations,A,Annual,RCY,Recycling,KG_HAB,Kilograms per capita,LV,Latvia,2007,,20,,,,,
dataflow,ESTAT:ENV_WASMUN(1.0),Municipal waste by waste management operations,A,Annual,RCY,Recycling,KG_HAB,Kilograms per capita,LV,Latvia,2008,,22,,,,,
dataflow,ESTAT:ENV_WASMUN(1.0),Municipal waste by waste management operations,A,Annual,RCY,Recycling,KG_HAB,Kilograms per capita,LV,Latvia,2009,,27,,,,,
dataflow,ESTAT:ENV_WASMUN(1.0),Municipal waste by waste management operations,A,Annual,RCY,Recycling,KG_HAB,Kilograms per capita,LV,Latvia,2010,,30,,,,,
dataflow,ESTAT:ENV_WASMUN(1.0),Municipal waste by waste management operations,A,Annual,RCY,Recycling,KG_HAB,Kilograms per capita,LV,Latvia,2011,,34,,,,,
dataflow,ESTAT:ENV_WASMUN(1.0),Municipal waste by waste management operations,A,Annual,RCY,Recycling,KG_HAB,Kilograms per capita,LV,Latvia,2012,,47,,,,,
dataflow,ESTAT:ENV_WASMUN(1.0),Municipal waste by waste management operations,A,Annual,RCY,Recycling,KG_HAB,Kilograms per capita,LV,Latvia,2013,,90,,,,,
dataflow,ESTAT:ENV_WASMUN(1.0),Municipal waste by waste management operations,A,Annual,RCY,Recycling,KG_HAB,Kilograms per capita,LV,Latvia,2014,,98,,,,,
dataflow,ESTAT:ENV_WASMUN(1.0),Municipal waste by waste management operations,A,Annual,RCY,Recycling,KG_HAB,Kilograms per capita,LV,Latvia,2015,,116,,,,,
dataflow,ESTAT:ENV_WASMUN(1.0),Municipal waste by waste management operations,A,Annual,RCY,Recycling,KG_HAB,Kilograms per capita,LV,Latvia,2016,,103,,,,,
dataflow,ESTAT:ENV_WASMUN(1.0),Municipal waste by waste management operations,A,Annual,RCY,Recycling,KG_HAB,Kilograms per capita,LV,Latvia,2017,,102,,,,,
dataflow,ESTAT:ENV_WASMUN(1.0),Municipal waste by waste management operations,A,Annual,RCY,Recycling,KG_HAB,Kilograms per capita,LV,Latvia,2018,,103,,,,,
dataflow,ESTAT:ENV_WASMUN(1.0),Municipal waste by waste management operations,A,Annual,RCY,Recycling,KG_HAB,Kilograms per capita,LV,Latvia,2019,,180,,,,,
dataflow,ESTAT:ENV_WASMUN(1.0),Municipal waste by waste management operations,A,Annual,RCY,Recycling,KG_HAB,Kilograms per capita,LV,Latvia,2020,,190,,,,,
dataflow,ESTAT:ENV_WASMUN(1.0),Municipal waste by waste management operations,A,Annual,RCY,Recycling,KG_HAB,Kilograms per capita,LV,Latvia,2021,,203,,,,,
dataflow,ESTAT:ENV_WASMUN(1.0),Municipal waste by waste management operations,A,Annual,RCY,Recycling,KG_HAB,Kilograms per capita,LV,Latvia,2022,,236,,,,,
dataflow,ESTAT:ENV_WASMUN(1.0),Municipal waste by waste management operations,A,Annual,RCY,Recycling,KG_HAB,Kilograms per capita,ME,Montenegro,2018,,19,,e,estimated,,
dataflow,ESTAT:ENV_WASMUN(1.0),Municipal waste by waste management operations,A,Annual,RCY,Recycling,KG_HAB,Kilograms per capita,ME,Montenegro,2019,,29,,e,estimated,,
dataflow,ESTAT:ENV_WASMUN(1.0),Municipal waste by waste management operations,A,Annual,RCY,Recycling,KG_HAB,Kilograms per capita,ME,Montenegro,2020,,22,,e,estimated,,
dataflow,ESTAT:ENV_WASMUN(1.0),Municipal waste by waste management operations,A,Annual,RCY,Recycling,KG_HAB,Kilograms per capita,ME,Montenegro,2021,,24,,e,estimated,,
dataflow,ESTAT:ENV_WASMUN(1.0),Municipal waste by waste management operations,A,Annual,RCY,Recycling,KG_HAB,Kilograms per capita,ME,Montenegro,2022,,23,,,,,
dataflow,ESTAT:ENV_WASMUN(1.0),Municipal waste by waste management operations,A,Annual,RCY,Recycling,KG_HAB,Kilograms per capita,ME,Montenegro,2023,,21,,,,,
dataflow,ESTAT:ENV_WASMUN(1.0),Municipal waste by waste management operations,A,Annual,RCY,Recycling,KG_HAB,Kilograms per capita,MK,North Macedonia,2008,,0,,,,,
dataflow,ESTAT:ENV_WASMUN(1.0),Municipal waste by waste management operations,A,Annual,RCY,Recycling,KG_HAB,Kilograms per capita,MK,North Macedonia,2011,,0,,,,,
dataflow,ESTAT:ENV_WASMUN(1.0),Municipal waste by waste management operations,A,Annual,RCY,Recycling,KG_HAB,Kilograms per capita,MK,North Macedonia,2022,,0,,,,,
dataflow,ESTAT:ENV_WASMUN(1.0),Municipal waste by waste management operations,A,Annual,RCY,Recycling,KG_HAB,Kilograms per capita,MT,Malta,1995,,52,,e,estimated,,
dataflow,ESTAT:ENV_WASMUN(1.0),Municipal waste by waste management operations,A,Annual,RCY,Recycling,KG_HAB,Kilograms per capita,MT,Malta,1996,,50,,e,estimated,,
dataflow,ESTAT:ENV_WASMUN(1.0),Municipal waste by waste management operations,A,Annual,RCY,Recycling,KG_HAB,Kilograms per capita,MT,Malta,1997,,48,,e,estimated,,
dataflow,ESTAT:ENV_WASMUN(1.0),Municipal waste by waste management operations,A,Annual,RCY,Recycling,KG_HAB,Kilograms per capita,MT,Malta,1998,,46,,e,estimated,,
dataflow,ESTAT:ENV_WASMUN(1.0),Municipal waste by waste management operations,A,Annual,RCY,Recycling,KG_HAB,Kilograms per capita,MT,Malta,1999,,35,,,,,
dataflow,ESTAT:ENV_WASMUN(1.0),Municipal waste by waste management operations,A,Annual,RCY,Recycling,KG_HAB,Kilograms per capita,MT,Malta,2000,,52,,,,,
dataflow,ESTAT:ENV_WASMUN(1.0),Municipal waste by waste management operations,A,Annual,RCY,Recycling,KG_HAB,Kilograms per capita,MT,Malta,2001,,48,,,,,
dataflow,ESTAT:ENV_WASMUN(1.0),Municipal waste by waste management operations,A,Annual,RCY,Recycling,KG_HAB,Kilograms per capita,MT,Malta,2002,,26,,,,,
dataflow,ESTAT:ENV_WASMUN(1.0),Municipal waste by waste management operations,A,Annual,RCY,Recycling,KG_HAB,Kilograms per capita,MT,Malta,2003,,39,,,,,
dataflow,ESTAT:ENV_WASMUN(1.0),Municipal waste by waste management operations,A,Annual,RCY,Recycling,KG_HAB,Kilograms per capita,MT,Malta,2004,,40,,,,,
dataflow,ESTAT:ENV_WASMUN(1.0),Municipal waste by waste management operations,A,Annual,RCY,Recycling,KG_HAB,Kilograms per capita,MT,Malta,2005,,57,,,,,
dataflow,ESTAT:ENV_WASMUN(1.0),Municipal waste by waste management operations,A,Annual,RCY,Recycling,KG_HAB,Kilograms per capita,MT,Malta,2006,,90,,,,,
dataflow,ESTAT:ENV_WASMUN(1.0),Municipal waste by waste management operations,A,Annual,RCY,Recycling,KG_HAB,Kilograms per capita,MT,Malta,2007,,31,,,,,
dataflow,ESTAT:ENV_WASMUN(1.0),Municipal waste by waste management operations,A,Annual,RCY,Recycling,KG_HAB,Kilograms per capita,MT,Malta,2008,,34,,,,,
dataflow,ESTAT:ENV_WASMUN(1.0),Municipal waste by waste management operations,A,Annual,RCY,Recycling,KG_HAB,Kilograms per capita,MT,Malta,2009,,46,,,,,
dataflow,ESTAT:ENV_WASMUN(1.0),Municipal waste by waste management operations,A,Annual,RCY,Recycling,KG_HAB,Kilograms per capita,MT,Malta,2010,,55,,,,,
dataflow,ESTAT:ENV_WASMUN(1.0),Municipal waste by waste management operations,A,Annual,RCY,Recycling,KG_HAB,Kilograms per capita,MT,Malta,2011,,96,,,,,
dataflow,ESTAT:ENV_WASMUN(1.0),Municipal waste by waste management operations,A,Annual,RCY,Recycling,KG_HAB,Kilograms per capita,MT,Malta,2012,,89,,,,,
dataflow,ESTAT:ENV_WASMUN(1.0),Municipal waste by waste management operations,A,Annual,RCY,Recycling,KG_HAB,Kilograms per capita,MT,Malta,2013,,76,,,,,
dataflow,ESTAT:ENV_WASMUN(1.0),Municipal waste by waste management operations,A,Annual,RCY,Recycling,KG_HAB,Kilograms per capita,MT,Malta,2014,,73,,,,,
dataflow,ESTAT:ENV_WASMUN(1.0),Municipal waste by waste management operations,A,Annual,RCY,Recycling,KG_HAB,Kilograms per capita,MT,Malta,2015,,70,,,,,
dataflow,ESTAT:ENV_WASMUN(1.0),Municipal waste by waste management operations,A,Annual,RCY,Recycling,KG_HAB,Kilograms per capita,MT,Malta,2016,,81,,,,,
dataflow,ESTAT:ENV_WASMUN(1.0),Municipal waste by waste management operations,A,Annual,RCY,Recycling,KG_HAB,Kilograms per capita,MT,Malta,2017,,77,,,,,
dataflow,ESTAT:ENV_WASMUN(1.0),Municipal waste by waste management operations,A,Annual,RCY,Recycling,KG_HAB,Kilograms per capita,MT,Malta,2018,,70,,,,,
dataflow,ESTAT:ENV_WASMUN(1.0),Municipal waste by waste management operations,A,Annual,RCY,Recycling,KG_HAB,Kilograms per capita,MT,Malta,2019,,63,,,,,
dataflow,ESTAT:ENV_WASMUN(1.0),Municipal waste by waste management operations,A,Annual,RCY,Recycling,KG_HAB,Kilograms per capita,MT,Malta,2020,,70,,,,,
dataflow,ESTAT:ENV_WASMUN(1.0),Municipal waste by waste management operations,A,Annual,RCY,Recycling,KG_HAB,Kilograms per capita,MT,Malta,2021,,82,,,,,
dataflow,ESTAT:ENV_WASMUN(1.0),Municipal waste by waste management operations,A,Annual,RCY,Recycling,KG_HAB,Kilograms per capita,MT,Malta,2022,,78,,,,,
dataflow,ESTAT:ENV_WASMUN(1.0),Municipal waste by waste management operations,A,Annual,RCY,Recycling,KG_HAB,Kilograms per capita,MT,Malta,2023,,104,,,,,
dataflow,ESTAT:ENV_WASMUN(1.0),Municipal waste by waste management operations,A,Annual,RCY,Recycling,KG_HAB,Kilograms per capita,NL,Netherlands,1995,,214,,,,,
dataflow,ESTAT:ENV_WASMUN(1.0),Municipal waste by waste management operations,A,Annual,RCY,Recycling,KG_HAB,Kilograms per capita,NL,Netherlands,1996,,229,,,,,
dataflow,ESTAT:ENV_WASMUN(1.0),Municipal waste by waste management operations,A,Annual,RCY,Recycling,KG_HAB,Kilograms per capita,NL,Netherlands,1997,,251,,,,,
dataflow,ESTAT:ENV_WASMUN(1.0),Municipal waste by waste management operations,A,Annual,RCY,Recycling,KG_HAB,Kilograms per capita,NL,Netherlands,1998,,253,,,,,
dataflow,ESTAT:ENV_WASMUN(1.0),Municipal waste by waste management operations,A,Annual,RCY,Recycling,KG_HAB,Kilograms per capita,NL,Netherlands,1999,,255,,,,,
dataflow,ESTAT:ENV_WASMUN(1.0),Municipal waste by waste management operations,A,Annual,RCY,Recycling,KG_HAB,Kilograms per capita,NL,Netherlands,2000,,264,,,,,
dataflow,ESTAT:ENV_WASMUN(1.0),Municipal waste by waste management operations,A,Annual,RCY,Recycling,KG_HAB,Kilograms per capita,NL,Netherlands,2001,,260,,,,,
dataflow,ESTAT:ENV_WASMUN(1.0),Municipal waste by waste management operations,A,Annual,RCY,Recycling,KG_HAB,Kilograms per capita,NL,Netherlands,2002,,272,,,,,
dataflow,ESTAT:ENV_WASMUN(1.0),Municipal waste by waste management operations,A,Annual,RCY,Recycling,KG_HAB,Kilograms per capita,NL,Netherlands,2003,,267,,,,,
dataflow,ESTAT:ENV_WASMUN(1.0),Municipal waste by waste management operations,A,Annual,RCY,Recycling,KG_HAB,Kilograms per capita,NL,Netherlands,2004,,281,,,,,
dataflow,ESTAT:ENV_WASMUN(1.0),Municipal waste by waste management operations,A,Annual,RCY,Recycling,KG_HAB,Kilograms per capita,NL,Netherlands,2005,,280,,,,,
dataflow,ESTAT:ENV_WASMUN(1.0),Municipal waste by waste management operations,A,Annual,RCY,Recycling,KG_HAB,Kilograms per capita,NL,Netherlands,2006,,279,,,,,
dataflow,ESTAT:ENV_WASMUN(1.0),Municipal waste by waste management operations,A,Annual,RCY,Recycling,KG_HAB,Kilograms per capita,NL,Netherlands,2007,,292,,,,,
dataflow,ESTAT:ENV_WASMUN(1.0),Municipal waste by waste management operations,A,Annual,RCY,Recycling,KG_HAB,Kilograms per capita,NL,Netherlands,2008,,291,,b,break in time series,,
dataflow,ESTAT:ENV_WASMUN(1.0),Municipal waste by waste management operations,A,Annual,RCY,Recycling,KG_HAB,Kilograms per capita,NL,Netherlands,2009,,289,,,,,
dataflow,ESTAT:ENV_WASMUN(1.0),Municipal waste by waste management operations,A,Annual,RCY,Recycling,KG_HAB,Kilograms per capita,NL,Netherlands,2010,,281,,,,,
dataflow,ESTAT:ENV_WASMUN(1.0),Municipal waste by waste management operations,A,Annual,RCY,Recycling,KG_HAB,Kilograms per capita,NL,Netherlands,2011,,279,,,,,
dataflow,ESTAT:ENV_WASMUN(1.0),Municipal waste by waste management operations,A,Annual,RCY,Recycling,KG_HAB,Kilograms per capita,NL,Netherlands,2012,,272,,,,,
dataflow,ESTAT:ENV_WASMUN(1.0),Municipal waste by waste management operations,A,Annual,RCY,Recycling,KG_HAB,Kilograms per capita,NL,Netherlands,2013,,262,,,,,
dataflow,ESTAT:ENV_WASMUN(1.0),Municipal waste by waste management operations,A,Annual,RCY,Recycling,KG_HAB,Kilograms per capita,NL,Netherlands,2014,,268,,,,,
dataflow,ESTAT:ENV_WASMUN(1.0),Municipal waste by waste management operations,A,Annual,RCY,Recycling,KG_HAB,Kilograms per capita,NL,Netherlands,2015,,271,,,,,
dataflow,ESTAT:ENV_WASMUN(1.0),Municipal waste by waste management operations,A,Annual,RCY,Recycling,KG_HAB,Kilograms per capita,NL,Netherlands,2016,,278,,,,,
dataflow,ESTAT:ENV_WASMUN(1.0),Municipal waste by waste management operations,A,Annual,RCY,Recycling,KG_HAB,Kilograms per capita,NL,Netherlands,2017,,280,,,,,
dataflow,ESTAT:ENV_WASMUN(1.0),Municipal waste by waste management operations,A,Annual,RCY,Recycling,KG_HAB,Kilograms per capita,NL,Netherlands,2018,,286,,,,,
dataflow,ESTAT:ENV_WASMUN(1.0),Municipal waste by waste management operations,A,Annual,RCY,Recycling,KG_HAB,Kilograms per capita,NL,Netherlands,2019,,289,,,,,
dataflow,ESTAT:ENV_WASMUN(1.0),Municipal waste by waste management operations,A,Annual,RCY,Recycling,KG_HAB,Kilograms per capita,NL,Netherlands,2020,,304,,,,,
dataflow,ESTAT:ENV_WASMUN(1.0),Municipal waste by waste management operations,A,Annual,RCY,Recycling,KG_HAB,Kilograms per capita,NL,Netherlands,2021,,297,,,,,
dataflow,ESTAT:ENV_WASMUN(1.0),Municipal waste by waste management operations,A,Annual,RCY,Recycling,KG_HAB,Kilograms per capita,NL,Netherlands,2022,,272,,p,provisional,,
dataflow,ESTAT:ENV_WASMUN(1.0),Municipal waste by waste management operations,A,Annual,RCY,Recycling,KG_HAB,Kilograms per capita,NL,Netherlands,2023,,273,,,,,
dataflow,ESTAT:ENV_WASMUN(1.0),Municipal waste by waste management operations,A,Annual,RCY,Recycling,KG_HAB,Kilograms per capita,NO,Norway,1995,,85,,,,,
dataflow,ESTAT:ENV_WASMUN(1.0),Municipal waste by waste management operations,A,Annual,RCY,Recycling,KG_HAB,Kilograms per capita,NO,Norway,1996,,125,,,,,
dataflow,ESTAT:ENV_WASMUN(1.0),Municipal waste by waste management operations,A,Annual,RCY,Recycling,KG_HAB,Kilograms per capita,NO,Norway,1997,,152,,,,,
dataflow,ESTAT:ENV_WASMUN(1.0),Municipal waste by waste management operations,A,Annual,RCY,Recycling,KG_HAB,Kilograms per capita,NO,Norway,1998,,144,,,,,
dataflow,ESTAT:ENV_WASMUN(1.0),Municipal waste by waste management operations,A,Annual,RCY,Recycling,KG_HAB,Kilograms per capita,NO,Norway,1999,,175,,,,,
dataflow,ESTAT:ENV_WASMUN(1.0),Municipal waste by waste management operations,A,Annual,RCY,Recycling,KG_HAB,Kilograms per capita,NO,Norway,2000,,188,,,,,
dataflow,ESTAT:ENV_WASMUN(1.0),Municipal waste by waste management operations,A,Annual,RCY,Recycling,KG_HAB,Kilograms per capita,NO,Norway,2001,,160,,b,break in time series,,
dataflow,ESTAT:ENV_WASMUN(1.0),Municipal waste by waste management operations,A,Annual,RCY,Recycling,KG_HAB,Kilograms per capita,NO,Norway,2002,,178,,,,,
dataflow,ESTAT:ENV_WASMUN(1.0),Municipal waste by waste management operations,A,Annual,RCY,Recycling,KG_HAB,Kilograms per capita,NO,Norway,2003,,184,,,,,
dataflow,ESTAT:ENV_WASMUN(1.0),Municipal waste by waste management operations,A,Annual,RCY,Recycling,KG_HAB,Kilograms per capita,NO,Norway,2004,,151,,,,,
dataflow,ESTAT:ENV_WASMUN(1.0),Municipal waste by waste management operations,A,Annual,RCY,Recycling,KG_HAB,Kilograms per capita,NO,Norway,2005,,167,,,,,
dataflow,ESTAT:ENV_WASMUN(1.0),Municipal waste by waste management operations,A,Annual,RCY,Recycling,KG_HAB,Kilograms per capita,NO,Norway,2006,,185,,,,,
dataflow,ESTAT:ENV_WASMUN(1.0),Municipal waste by waste management operations,A,Annual,RCY,Recycling,KG_HAB,Kilograms per capita,NO,Norway,2007,,209,,,,,
dataflow,ESTAT:ENV_WASMUN(1.0),Municipal waste by waste management operations,A,Annual,RCY,Recycling,KG_HAB,Kilograms per capita,NO,Norway,2008,,212,,,,,
dataflow,ESTAT:ENV_WASMUN(1.0),Municipal waste by waste management operations,A,Annual,RCY,Recycling,KG_HAB,Kilograms per capita,NO,Norway,2009,,202,,,,,
dataflow,ESTAT:ENV_WASMUN(1.0),Municipal waste by waste management operations,A,Annual,RCY,Recycling,KG_HAB,Kilograms per capita,NO,Norway,2010,,198,,,,,
dataflow,ESTAT:ENV_WASMUN(1.0),Municipal waste by waste management operations,A,Annual,RCY,Recycling,KG_HAB,Kilograms per capita,NO,Norway,2011,,194,,,,,
dataflow,ESTAT:ENV_WASMUN(1.0),Municipal waste by waste management operations,A,Annual,RCY,Recycling,KG_HAB,Kilograms per capita,NO,Norway,2012,,190,,,,,
dataflow,ESTAT:ENV_WASMUN(1.0),Municipal waste by waste management operations,A,Annual,RCY,Recycling,KG_HAB,Kilograms per capita,NO,Norway,2013,,194,,,,,
dataflow,ESTAT:ENV_WASMUN(1.0),Municipal waste by waste management operations,A,Annual,RCY,Recycling,KG_HAB,Kilograms per capita,NO,Norway,2014,,179,,b,break in time series,,
dataflow,ESTAT:ENV_WASMUN(1.0),Municipal waste by waste management operations,A,Annual,RCY,Recycling,KG_HAB,Kilograms per capita,NO,Norway,2015,,180,,,,,
dataflow,ESTAT:ENV_WASMUN(1.0),Municipal waste by waste management operations,A,Annual,RCY,Recycling,KG_HAB,Kilograms per capita,NO,Norway,2016,,288,,b,break in time series,,
dataflow,ESTAT:ENV_WASMUN(1.0),Municipal waste by waste management operations,A,Annual,RCY,Recycling,KG_HAB,Kilograms per capita,NO,Norway,2017,,290,,,,,
dataflow,ESTAT:ENV_WASMUN(1.0),Municipal waste by waste management operations,A,Annual,RCY,Recycling,KG_HAB,Kilograms per capita,NO,Norway,2018,,301,,,,,
dataflow,ESTAT:ENV_WASMUN(1.0),Municipal waste by waste management operations,A,Annual,RCY,Recycling,KG_HAB,Kilograms per capita,NO,Norway,2019,,317,,,,,
dataflow,ESTAT:ENV_WASMUN(1.0),Municipal waste by waste management operations,A,Annual,RCY,Recycling,KG_HAB,Kilograms per capita,NO,Norway,2020,,326,,b,break in time series,,
dataflow,ESTAT:ENV_WASMUN(1.0),Municipal waste by waste management operations,A,Annual,RCY,Recycling,KG_HAB,Kilograms per capita,NO,Norway,2021,,305,,,,,
dataflow,ESTAT:ENV_WASMUN(1.0),Municipal waste by waste management operations,A,Annual,RCY,Recycling,KG_HAB,Kilograms per capita,NO,Norway,2022,,316,,,,,
dataflow,ESTAT:ENV_WASMUN(1.0),Municipal waste by waste management operations,A,Annual,RCY,Recycling,KG_HAB,Kilograms per capita,NO,Norway,2023,,302,,,,,
dataflow,ESTAT:ENV_WASMUN(1.0),Municipal waste by waste management operations,A,Annual,RCY,Recycling,KG_HAB,Kilograms per capita,PL,Poland,1995,,5,,,,,
dataflow,ESTAT:ENV_WASMUN(1.0),Municipal waste by waste management operations,A,Annual,RCY,Recycling,KG_HAB,Kilograms per capita,PL,Poland,1996,,6,,,,,
dataflow,ESTAT:ENV_WASMUN(1.0),Municipal waste by waste management operations,A,Annual,RCY,Recycling,KG_HAB,Kilograms per capita,PL,Poland,1997,,10,,,,,
dataflow,ESTAT:ENV_WASMUN(1.0),Municipal waste by waste management operations,A,Annual,RCY,Recycling,KG_HAB,Kilograms per capita,PL,Poland,1998,,6,,,,,
dataflow,ESTAT:ENV_WASMUN(1.0),Municipal waste by waste management operations,A,Annual,RCY,Recycling,KG_HAB,Kilograms per capita,PL,Poland,1999,,6,,,,,
dataflow,ESTAT:ENV_WASMUN(1.0),Municipal waste by waste management operations,A,Annual,RCY,Recycling,KG_HAB,Kilograms per capita,PL,Poland,2000,,7,,,,,
dataflow,ESTAT:ENV_WASMUN(1.0),Municipal waste by waste management operations,A,Annual,RCY,Recycling,KG_HAB,Kilograms per capita,PL,Poland,2001,,12,,,,,
dataflow,ESTAT:ENV_WASMUN(1.0),Municipal waste by waste management operations,A,Annual,RCY,Recycling,KG_HAB,Kilograms per capita,PL,Poland,2002,,9,,,,,
dataflow,ESTAT:ENV_WASMUN(1.0),Municipal waste by waste management operations,A,Annual,RCY,Recycling,KG_HAB,Kilograms per capita,PL,Poland,2003,,7,,,,,
dataflow,ESTAT:ENV_WASMUN(1.0),Municipal waste by waste management operations,A,Annual,RCY,Recycling,KG_HAB,Kilograms per capita,PL,Poland,2004,,12,,,,,
dataflow,ESTAT:ENV_WASMUN(1.0),Municipal waste by waste management operations,A,Annual,RCY,Recycling,KG_HAB,Kilograms per capita,PL,Poland,2005,,18,,,,,
dataflow,ESTAT:ENV_WASMUN(1.0),Municipal waste by waste management operations,A,Annual,RCY,Recycling,KG_HAB,Kilograms per capita,PL,Poland,2006,,22,,,,,
dataflow,ESTAT:ENV_WASMUN(1.0),Municipal waste by waste management operations,A,Annual,RCY,Recycling,KG_HAB,Kilograms per capita,PL,Poland,2007,,25,,,,,
dataflow,ESTAT:ENV_WASMUN(1.0),Municipal waste by waste management operations,A,Annual,RCY,Recycling,KG_HAB,Kilograms per capita,PL,Poland,2008,,34,,,,,
dataflow,ESTAT:ENV_WASMUN(1.0),Municipal waste by waste management operations,A,Annual,RCY,Recycling,KG_HAB,Kilograms per capita,PL,Poland,2009,,42,,b,break in time series,,
dataflow,ESTAT:ENV_WASMUN(1.0),Municipal waste by waste management operations,A,Annual,RCY,Recycling,KG_HAB,Kilograms per capita,PL,Poland,2010,,52,,,,,
dataflow,ESTAT:ENV_WASMUN(1.0),Municipal waste by waste management operations,A,Annual,RCY,Recycling,KG_HAB,Kilograms per capita,PL,Poland,2011,,36,,,,,
dataflow,ESTAT:ENV_WASMUN(1.0),Municipal waste by waste management operations,A,Annual,RCY,Recycling,KG_HAB,Kilograms per capita,PL,Poland,2012,,38,,,,,
dataflow,ESTAT:ENV_WASMUN(1.0),Municipal waste by waste management operations,A,Annual,RCY,Recycling,KG_HAB,Kilograms per capita,PL,Poland,2013,,45,,,,,
dataflow,ESTAT:ENV_WASMUN(1.0),Municipal waste by waste management operations,A,Annual,RCY,Recycling,KG_HAB,Kilograms per capita,PL,Poland,2014,,72,,be,"break in time series, estimated",,
dataflow,ESTAT:ENV_WASMUN(1.0),Municipal waste by waste management operations,A,Annual,RCY,Recycling,KG_HAB,Kilograms per capita,PL,Poland,2015,,93,,e,estimated,,
dataflow,ESTAT:ENV_WASMUN(1.0),Municipal waste by waste management operations,A,Annual,RCY,Recycling,KG_HAB,Kilograms per capita,PL,Poland,2016,,107,,e,estimated,,
dataflow,ESTAT:ENV_WASMUN(1.0),Municipal waste by waste management operations,A,Annual,RCY,Recycling,KG_HAB,Kilograms per capita,PL,Poland,2017,,107,,e,estimated,,
dataflow,ESTAT:ENV_WASMUN(1.0),Municipal waste by waste management operations,A,Annual,RCY,Recycling,KG_HAB,Kilograms per capita,PL,Poland,2018,,113,,e,estimated,,
dataflow,ESTAT:ENV_WASMUN(1.0),Municipal waste by waste management operations,A,Annual,RCY,Recycling,KG_HAB,Kilograms per capita,PL,Poland,2019,,114,,e,estimated,,
dataflow,ESTAT:ENV_WASMUN(1.0),Municipal waste by waste management operations,A,Annual,RCY,Recycling,KG_HAB,Kilograms per capita,PL,Poland,2020,,135,,,,,
dataflow,ESTAT:ENV_WASMUN(1.0),Municipal waste by waste management operations,A,Annual,RCY,Recycling,KG_HAB,Kilograms per capita,PL,Poland,2021,,149,,,,,
dataflow,ESTAT:ENV_WASMUN(1.0),Municipal waste by waste management operations,A,Annual,RCY,Recycling,KG_HAB,Kilograms per capita,PL,Poland,2022,,149,,,,,
dataflow,ESTAT:ENV_WASMUN(1.0),Municipal waste by waste management operations,A,Annual,RCY,Recycling,KG_HAB,Kilograms per capita,PL,Poland,2023,,101,,b,break in time series,,
dataflow,ESTAT:ENV_WASMUN(1.0),Municipal waste by waste management operations,A,Annual,RCY,Recycling,KG_HAB,Kilograms per capita,PT,Portugal,1995,,34,,,,,
dataflow,ESTAT:ENV_WASMUN(1.0),Municipal waste by waste management operations,A,Annual,RCY,Recycling,KG_HAB,Kilograms per capita,PT,Portugal,1996,,36,,,,,
dataflow,ESTAT:ENV_WASMUN(1.0),Municipal waste by waste management operations,A,Annual,RCY,Recycling,KG_HAB,Kilograms per capita,PT,Portugal,1997,,40,,,,,
dataflow,ESTAT:ENV_WASMUN(1.0),Municipal waste by waste management operations,A,Annual,RCY,Recycling,KG_HAB,Kilograms per capita,PT,Portugal,1998,,43,,,,,
dataflow,ESTAT:ENV_WASMUN(1.0),Municipal waste by waste management operations,A,Annual,RCY,Recycling,KG_HAB,Kilograms per capita,PT,Portugal,1999,,46,,,,,
dataflow,ESTAT:ENV_WASMUN(1.0),Municipal waste by waste management operations,A,Annual,RCY,Recycling,KG_HAB,Kilograms per capita,PT,Portugal,2000,,48,,,,,
dataflow,ESTAT:ENV_WASMUN(1.0),Municipal waste by waste management operations,A,Annual,RCY,Recycling,KG_HAB,Kilograms per capita,PT,Portugal,2001,,54,,,,,
dataflow,ESTAT:ENV_WASMUN(1.0),Municipal waste by waste management operations,A,Annual,RCY,Recycling,KG_HAB,Kilograms per capita,PT,Portugal,2002,,33,,b,break in time series,,
dataflow,ESTAT:ENV_WASMUN(1.0),Municipal waste by waste management operations,A,Annual,RCY,Recycling,KG_HAB,Kilograms per capita,PT,Portugal,2003,,49,,,,,
dataflow,ESTAT:ENV_WASMUN(1.0),Municipal waste by waste management operations,A,Annual,RCY,Recycling,KG_HAB,Kilograms per capita,PT,Portugal,2004,,60,,,,,
dataflow,ESTAT:ENV_WASMUN(1.0),Municipal waste by waste management operations,A,Annual,RCY,Recycling,KG_HAB,Kilograms per capita,PT,Portugal,2005,,68,,,,,
dataflow,ESTAT:ENV_WASMUN(1.0),Municipal waste by waste management operations,A,Annual,RCY,Recycling,KG_HAB,Kilograms per capita,PT,Portugal,2006,,74,,,,,
dataflow,ESTAT:ENV_WASMUN(1.0),Municipal waste by waste management operations,A,Annual,RCY,Recycling,KG_HAB,Kilograms per capita,PT,Portugal,2007,,81,,b,break in time series,,
dataflow,ESTAT:ENV_WASMUN(1.0),Municipal waste by waste management operations,A,Annual,RCY,Recycling,KG_HAB,Kilograms per capita,PT,Portugal,2008,,90,,,,,
dataflow,ESTAT:ENV_WASMUN(1.0),Municipal waste by waste management operations,A,Annual,RCY,Recycling,KG_HAB,Kilograms per capita,PT,Portugal,2009,,101,,,,,
dataflow,ESTAT:ENV_WASMUN(1.0),Municipal waste by waste management operations,A,Annual,RCY,Recycling,KG_HAB,Kilograms per capita,PT,Portugal,2010,,96,,,,,
dataflow,ESTAT:ENV_WASMUN(1.0),Municipal waste by waste management operations,A,Annual,RCY,Recycling,KG_HAB,Kilograms per capita,PT,Portugal,2011,,99,,,,,
dataflow,ESTAT:ENV_WASMUN(1.0),Municipal waste by waste management operations,A,Annual,RCY,Recycling,KG_HAB,Kilograms per capita,PT,Portugal,2012,,118,,,,,
dataflow,ESTAT:ENV_WASMUN(1.0),Municipal waste by waste management operations,A,Annual,RCY,Recycling,KG_HAB,Kilograms per capita,PT,Portugal,2013,,113,,,,,
dataflow,ESTAT:ENV_WASMUN(1.0),Municipal waste by waste management operations,A,Annual,RCY,Recycling,KG_HAB,Kilograms per capita,PT,Portugal,2014,,137,,,,,
dataflow,ESTAT:ENV_WASMUN(1.0),Municipal waste by waste management operations,A,Annual,RCY,Recycling,KG_HAB,Kilograms per capita,PT,Portugal,2015,,137,,,,,
dataflow,ESTAT:ENV_WASMUN(1.0),Municipal waste by waste management operations,A,Annual,RCY,Recycling,KG_HAB,Kilograms per capita,PT,Portugal,2016,,146,,,,,
dataflow,ESTAT:ENV_WASMUN(1.0),Municipal waste by waste management operations,A,Annual,RCY,Recycling,KG_HAB,Kilograms per capita,PT,Portugal,2017,,141,,,,,
dataflow,ESTAT:ENV_WASMUN(1.0),Municipal waste by waste management operations,A,Annual,RCY,Recycling,KG_HAB,Kilograms per capita,PT,Portugal,2018,,147,,,,,
dataflow,ESTAT:ENV_WASMUN(1.0),Municipal waste by waste management operations,A,Annual,RCY,Recycling,KG_HAB,Kilograms per capita,PT,Portugal,2019,,147,,,,,
dataflow,ESTAT:ENV_WASMUN(1.0),Municipal waste by waste management operations,A,Annual,RCY,Recycling,KG_HAB,Kilograms per capita,PT,Portugal,2020,,136,,,,,
dataflow,ESTAT:ENV_WASMUN(1.0),Municipal waste by waste management operations,A,Annual,RCY,Recycling,KG_HAB,Kilograms per capita,PT,Portugal,2021,,155,,,,,
dataflow,ESTAT:ENV_WASMUN(1.0),Municipal waste by waste management operations,A,Annual,RCY,Recycling,KG_HAB,Kilograms per capita,PT,Portugal,2022,,153,,,,,
dataflow,ESTAT:ENV_WASMUN(1.0),Municipal waste by waste management operations,A,Annual,RCY,Recycling,KG_HAB,Kilograms per capita,PT,Portugal,2023,,154,,,,,
dataflow,ESTAT:ENV_WASMUN(1.0),Municipal waste by waste management operations,A,Annual,RCY,Recycling,KG_HAB,Kilograms per capita,RO,Romania,1995,,0,,,,,
dataflow,ESTAT:ENV_WASMUN(1.0),Municipal waste by waste management operations,A,Annual,RCY,Recycling,KG_HAB,Kilograms per capita,RO,Romania,1996,,0,,,,,
dataflow,ESTAT:ENV_WASMUN(1.0),Municipal waste by waste management operations,A,Annual,RCY,Recycling,KG_HAB,Kilograms per capita,RO,Romania,1997,,0,,,,,
dataflow,ESTAT:ENV_WASMUN(1.0),Municipal waste by waste management operations,A,Annual,RCY,Recycling,KG_HAB,Kilograms per capita,RO,Romania,1998,,0,,,,,
dataflow,ESTAT:ENV_WASMUN(1.0),Municipal waste by waste management operations,A,Annual,RCY,Recycling,KG_HAB,Kilograms per capita,RO,Romania,1999,,0,,,,,
dataflow,ESTAT:ENV_WASMUN(1.0),Municipal waste by waste management operations,A,Annual,RCY,Recycling,KG_HAB,Kilograms per capita,RO,Romania,2000,,0,,,,,
dataflow,ESTAT:ENV_WASMUN(1.0),Municipal waste by waste management operations,A,Annual,RCY,Recycling,KG_HAB,Kilograms per capita,RO,Romania,2001,,6,,,,,
dataflow,ESTAT:ENV_WASMUN(1.0),Municipal waste by waste management operations,A,Annual,RCY,Recycling,KG_HAB,Kilograms per capita,RO,Romania,2002,,8,,,,,
dataflow,ESTAT:ENV_WASMUN(1.0),Municipal waste by waste management operations,A,Annual,RCY,Recycling,KG_HAB,Kilograms per capita,RO,Romania,2003,,1,,b,break in time series,,
dataflow,ESTAT:ENV_WASMUN(1.0),Municipal waste by waste management operations,A,Annual,RCY,Recycling,KG_HAB,Kilograms per capita,RO,Romania,2004,,4,,,,,
dataflow,ESTAT:ENV_WASMUN(1.0),Municipal waste by waste management operations,A,Annual,RCY,Recycling,KG_HAB,Kilograms per capita,RO,Romania,2005,,7,,,,,
dataflow,ESTAT:ENV_WASMUN(1.0),Municipal waste by waste management operations,A,Annual,RCY,Recycling,KG_HAB,Kilograms per capita,RO,Romania,2006,,2,,,,,
dataflow,ESTAT:ENV_WASMUN(1.0),Municipal waste by waste management operations,A,Annual,RCY,Recycling,KG_HAB,Kilograms per capita,RO,Romania,2007,,2,,,,,
dataflow,ESTAT:ENV_WASMUN(1.0),Municipal waste by waste management operations,A,Annual,RCY,Recycling,KG_HAB,Kilograms per capita,RO,Romania,2008,,4,,,,,
dataflow,ESTAT:ENV_WASMUN(1.0),Municipal waste by waste management operations,A,Annual,RCY,Recycling,KG_HAB,Kilograms per capita,RO,Romania,2009,,4,,,,,
dataflow,ESTAT:ENV_WASMUN(1.0),Municipal waste by waste management operations,A,Annual,RCY,Recycling,KG_HAB,Kilograms per capita,RO,Romania,2010,,40,,b,break in time series,,
dataflow,ESTAT:ENV_WASMUN(1.0),Municipal waste by waste management operations,A,Annual,RCY,Recycling,KG_HAB,Kilograms per capita,RO,Romania,2011,,30,,,,,
dataflow,ESTAT:ENV_WASMUN(1.0),Municipal waste by waste management operations,A,Annual,RCY,Recycling,KG_HAB,Kilograms per capita,RO,Romania,2012,,37,,,,,
dataflow,ESTAT:ENV_WASMUN(1.0),Municipal waste by waste management operations,A,Annual,RCY,Recycling,KG_HAB,Kilograms per capita,RO,Romania,2013,,34,,,,,
dataflow,ESTAT:ENV_WASMUN(1.0),Municipal waste by waste management operations,A,Annual,RCY,Recycling,KG_HAB,Kilograms per capita,RO,Romania,2014,,33,,,,,
dataflow,ESTAT:ENV_WASMUN(1.0),Municipal waste by waste management operations,A,Annual,RCY,Recycling,KG_HAB,Kilograms per capita,RO,Romania,2015,,33,,,,,
dataflow,ESTAT:ENV_WASMUN(1.0),Municipal waste by waste management operations,A,Annual,RCY,Recycling,KG_HAB,Kilograms per capita,RO,Romania,2016,,35,,,,,
dataflow,ESTAT:ENV_WASMUN(1.0),Municipal waste by waste management operations,A,Annual,RCY,Recycling,KG_HAB,Kilograms per capita,RO,Romania,2017,,38,,,,,
dataflow,ESTAT:ENV_WASMUN(1.0),Municipal waste by waste management operations,A,Annual,RCY,Recycling,KG_HAB,Kilograms per capita,RO,Romania,2018,,30,,,,,
dataflow,ESTAT:ENV_WASMUN(1.0),Municipal waste by waste management operations,A,Annual,RCY,Recycling,KG_HAB,Kilograms per capita,RO,Romania,2019,,32,,,,,
dataflow,ESTAT:ENV_WASMUN(1.0),Municipal waste by waste management operations,A,Annual,RCY,Recycling,KG_HAB,Kilograms per capita,RO,Romania,2020,,34,,,,,
dataflow,ESTAT:ENV_WASMUN(1.0),Municipal waste by waste management operations,A,Annual,RCY,Recycling,KG_HAB,Kilograms per capita,RO,Romania,2021,,34,,,,,
dataflow,ESTAT:ENV_WASMUN(1.0),Municipal waste by waste management operations,A,Annual,RCY,Recycling,KG_HAB,Kilograms per capita,RO,Romania,2022,,37,,,,,
dataflow,ESTAT:ENV_WASMUN(1.0),Municipal waste by waste management operations,A,Annual,RCY,Recycling,KG_HAB,Kilograms per capita,RS,Serbia,2006,,0,,,,,
dataflow,ESTAT:ENV_WASMUN(1.0),Municipal waste by waste management operations,A,Annual,RCY,Recycling,KG_HAB,Kilograms per capita,RS,Serbia,2007,,0,,,,,
dataflow,ESTAT:ENV_WASMUN(1.0),Municipal waste by waste management operations,A,Annual,RCY,Recycling,KG_HAB,Kilograms per capita,RS,Serbia,2008,,0,,,,,
dataflow,ESTAT:ENV_WASMUN(1.0),Municipal waste by waste management operations,A,Annual,RCY,Recycling,KG_HAB,Kilograms per capita,RS,Serbia,2009,,0,,,,,
dataflow,ESTAT:ENV_WASMUN(1.0),Municipal waste by waste management operations,A,Annual,RCY,Recycling,KG_HAB,Kilograms per capita,RS,Serbia,2010,,0,,,,,
dataflow,ESTAT:ENV_WASMUN(1.0),Municipal waste by waste management operations,A,Annual,RCY,Recycling,KG_HAB,Kilograms per capita,RS,Serbia,2011,,0,,,,,
dataflow,ESTAT:ENV_WASMUN(1.0),Municipal waste by waste management operations,A,Annual,RCY,Recycling,KG_HAB,Kilograms per capita,RS,Serbia,2012,,0,,,,,
dataflow,ESTAT:ENV_WASMUN(1.0),Municipal waste by waste management operations,A,Annual,RCY,Recycling,KG_HAB,Kilograms per capita,RS,Serbia,2013,,3,,,,,
dataflow,ESTAT:ENV_WASMUN(1.0),Municipal waste by waste management operations,A,Annual,RCY,Recycling,KG_HAB,Kilograms per capita,RS,Serbia,2014,,2,,,,,
dataflow,ESTAT:ENV_WASMUN(1.0),Municipal waste by waste management operations,A,Annual,RCY,Recycling,KG_HAB,Kilograms per capita,RS,Serbia,2015,,2,,,,,
dataflow,ESTAT:ENV_WASMUN(1.0),Municipal waste by waste management operations,A,Annual,RCY,Recycling,KG_HAB,Kilograms per capita,RS,Serbia,2016,,1,,,,,
dataflow,ESTAT:ENV_WASMUN(1.0),Municipal waste by waste management operations,A,Annual,RCY,Recycling,KG_HAB,Kilograms per capita,RS,Serbia,2017,,1,,,,,
dataflow,ESTAT:ENV_WASMUN(1.0),Municipal waste by waste management operations,A,Annual,RCY,Recycling,KG_HAB,Kilograms per capita,RS,Serbia,2018,,1,,,,,
dataflow,ESTAT:ENV_WASMUN(1.0),Municipal waste by waste management operations,A,Annual,RCY,Recycling,KG_HAB,Kilograms per capita,RS,Serbia,2020,,66,,,,,
dataflow,ESTAT:ENV_WASMUN(1.0),Municipal waste by waste management operations,A,Annual,RCY,Recycling,KG_HAB,Kilograms per capita,RS,Serbia,2021,,74,,,,,
dataflow,ESTAT:ENV_WASMUN(1.0),Municipal waste by waste management operations,A,Annual,RCY,Recycling,KG_HAB,Kilograms per capita,RS,Serbia,2022,,84,,,,,
dataflow,ESTAT:ENV_WASMUN(1.0),Municipal waste by waste management operations,A,Annual,RCY,Recycling,KG_HAB,Kilograms per capita,RS,Serbia,2023,,71,,,,,
dataflow,ESTAT:ENV_WASMUN(1.0),Municipal waste by waste management operations,A,Annual,RCY,Recycling,KG_HAB,Kilograms per capita,SE,Sweden,1995,,101,,,,,
dataflow,ESTAT:ENV_WASMUN(1.0),Municipal waste by waste management operations,A,Annual,RCY,Recycling,KG_HAB,Kilograms per capita,SE,Sweden,1996,,119,,,,,
dataflow,ESTAT:ENV_WASMUN(1.0),Municipal waste by waste management operations,A,Annual,RCY,Recycling,KG_HAB,Kilograms per capita,SE,Sweden,1997,,135,,,,,
dataflow,ESTAT:ENV_WASMUN(1.0),Municipal waste by waste management operations,A,Annual,RCY,Recycling,KG_HAB,Kilograms per capita,SE,Sweden,1998,,153,,,,,
dataflow,ESTAT:ENV_WASMUN(1.0),Municipal waste by waste management operations,A,Annual,RCY,Recycling,KG_HAB,Kilograms per capita,SE,Sweden,1999,,160,,,,,
dataflow,ESTAT:ENV_WASMUN(1.0),Municipal waste by waste management operations,A,Annual,RCY,Recycling,KG_HAB,Kilograms per capita,SE,Sweden,2000,,164,,,,,
dataflow,ESTAT:ENV_WASMUN(1.0),Municipal waste by waste management operations,A,Annual,RCY,Recycling,KG_HAB,Kilograms per capita,SE,Sweden,2001,,171,,,,,
dataflow,ESTAT:ENV_WASMUN(1.0),Municipal waste by waste management operations,A,Annual,RCY,Recycling,KG_HAB,Kilograms per capita,SE,Sweden,2002,,185,,,,,
dataflow,ESTAT:ENV_WASMUN(1.0),Municipal waste by waste management operations,A,Annual,RCY,Recycling,KG_HAB,Kilograms per capita,SE,Sweden,2003,,192,,,,,
dataflow,ESTAT:ENV_WASMUN(1.0),Municipal waste by waste management operations,A,Annual,RCY,Recycling,KG_HAB,Kilograms per capita,SE,Sweden,2004,,202,,,,,
dataflow,ESTAT:ENV_WASMUN(1.0),Municipal waste by waste management operations,A,Annual,RCY,Recycling,KG_HAB,Kilograms per capita,SE,Sweden,2005,,214,,,,,
dataflow,ESTAT:ENV_WASMUN(1.0),Municipal waste by waste management operations,A,Annual,RCY,Recycling,KG_HAB,Kilograms per capita,SE,Sweden,2006,,234,,,,,
dataflow,ESTAT:ENV_WASMUN(1.0),Municipal waste by waste management operations,A,Annual,RCY,Recycling,KG_HAB,Kilograms per capita,SE,Sweden,2007,,228,,,,,
dataflow,ESTAT:ENV_WASMUN(1.0),Municipal waste by waste management operations,A,Annual,RCY,Recycling,KG_HAB,Kilograms per capita,SE,Sweden,2008,,222,,,,,
dataflow,ESTAT:ENV_WASMUN(1.0),Municipal waste by waste management operations,A,Annual,RCY,Recycling,KG_HAB,Kilograms per capita,SE,Sweden,2009,,232,,,,,
dataflow,ESTAT:ENV_WASMUN(1.0),Municipal waste by waste management operations,A,Annual,RCY,Recycling,KG_HAB,Kilograms per capita,SE,Sweden,2010,,211,,,,,
dataflow,ESTAT:ENV_WASMUN(1.0),Municipal waste by waste management operations,A,Annual,RCY,Recycling,KG_HAB,Kilograms per capita,SE,Sweden,2011,,213,,,,,
dataflow,ESTAT:ENV_WASMUN(1.0),Municipal waste by waste management operations,A,Annual,RCY,Recycling,KG_HAB,Kilograms per capita,SE,Sweden,2012,,213,,,,,
dataflow,ESTAT:ENV_WASMUN(1.0),Municipal waste by waste management operations,A,Annual,RCY,Recycling,KG_HAB,Kilograms per capita,SE,Sweden,2013,,220,,,,,
dataflow,ESTAT:ENV_WASMUN(1.0),Municipal waste by waste management operations,A,Annual,RCY,Recycling,KG_HAB,Kilograms per capita,SE,Sweden,2014,,219,,,,,
dataflow,ESTAT:ENV_WASMUN(1.0),Municipal waste by waste management operations,A,Annual,RCY,Recycling,KG_HAB,Kilograms per capita,SE,Sweden,2015,,215,,,,,
dataflow,ESTAT:ENV_WASMUN(1.0),Municipal waste by waste management operations,A,Annual,RCY,Recycling,KG_HAB,Kilograms per capita,SE,Sweden,2016,,217,,,,,
dataflow,ESTAT:ENV_WASMUN(1.0),Municipal waste by waste management operations,A,Annual,RCY,Recycling,KG_HAB,Kilograms per capita,SE,Sweden,2017,,212,,,,,
dataflow,ESTAT:ENV_WASMUN(1.0),Municipal waste by waste management operations,A,Annual,RCY,Recycling,KG_HAB,Kilograms per capita,SE,Sweden,2018,,199,,,,,
dataflow,ESTAT:ENV_WASMUN(1.0),Municipal waste by waste management operations,A,Annual,RCY,Recycling,KG_HAB,Kilograms per capita,SE,Sweden,2019,,209,,,,,
dataflow,ESTAT:ENV_WASMUN(1.0),Municipal waste by waste management operations,A,Annual,RCY,Recycling,KG_HAB,Kilograms per capita,SE,Sweden,2020,,165,,b,break in time series,,
dataflow,ESTAT:ENV_WASMUN(1.0),Municipal waste by waste management operations,A,Annual,RCY,Recycling,KG_HAB,Kilograms per capita,SE,Sweden,2021,,165,,,,,
dataflow,ESTAT:ENV_WASMUN(1.0),Municipal waste by waste management operations,A,Annual,RCY,Recycling,KG_HAB,Kilograms per capita,SE,Sweden,2022,,157,,,,,
dataflow,ESTAT:ENV_WASMUN(1.0),Municipal waste by waste management operations,A,Annual,RCY,Recycling,KG_HAB,Kilograms per capita,SE,Sweden,2023,,154,,,,,
dataflow,ESTAT:ENV_WASMUN(1.0),Municipal waste by waste management operations,A,Annual,RCY,Recycling,KG_HAB,Kilograms per capita,SI,Slovenia,1995,,12,,,,,
dataflow,ESTAT:ENV_WASMUN(1.0),Municipal waste by waste management operations,A,Annual,RCY,Recycling,KG_HAB,Kilograms per capita,SI,Slovenia,1996,,31,,i,value imputed by Eurostat or other receiving agencies,,
dataflow,ESTAT:ENV_WASMUN(1.0),Municipal waste by waste management operations,A,Annual,RCY,Recycling,KG_HAB,Kilograms per capita,SI,Slovenia,1997,,35,,i,value imputed by Eurostat or other receiving agencies,,
dataflow,ESTAT:ENV_WASMUN(1.0),Municipal waste by waste management operations,A,Annual,RCY,Recycling,KG_HAB,Kilograms per capita,SI,Slovenia,1998,,56,,,,,
dataflow,ESTAT:ENV_WASMUN(1.0),Municipal waste by waste management operations,A,Annual,RCY,Recycling,KG_HAB,Kilograms per capita,SI,Slovenia,1999,,35,,i,value imputed by Eurostat or other receiving agencies,,
dataflow,ESTAT:ENV_WASMUN(1.0),Municipal waste by waste management operations,A,Annual,RCY,Recycling,KG_HAB,Kilograms per capita,SI,Slovenia,2000,,31,,i,value imputed by Eurostat or other receiving agencies,,
dataflow,ESTAT:ENV_WASMUN(1.0),Municipal waste by waste management operations,A,Annual,RCY,Recycling,KG_HAB,Kilograms per capita,SI,Slovenia,2001,,13,,,,,
dataflow,ESTAT:ENV_WASMUN(1.0),Municipal waste by waste management operations,A,Annual,RCY,Recycling,KG_HAB,Kilograms per capita,SI,Slovenia,2002,,37,,,,,
dataflow,ESTAT:ENV_WASMUN(1.0),Municipal waste by waste management operations,A,Annual,RCY,Recycling,KG_HAB,Kilograms per capita,SI,Slovenia,2003,,53,,,,,
dataflow,ESTAT:ENV_WASMUN(1.0),Municipal waste by waste management operations,A,Annual,RCY,Recycling,KG_HAB,Kilograms per capita,SI,Slovenia,2004,,99,,,,,
dataflow,ESTAT:ENV_WASMUN(1.0),Municipal waste by waste management operations,A,Annual,RCY,Recycling,KG_HAB,Kilograms per capita,SI,Slovenia,2005,,92,,,,,
dataflow,ESTAT:ENV_WASMUN(1.0),Municipal waste by waste management operations,A,Annual,RCY,Recycling,KG_HAB,Kilograms per capita,SI,Slovenia,2006,,80,,,,,
dataflow,ESTAT:ENV_WASMUN(1.0),Municipal waste by waste management operations,A,Annual,RCY,Recycling,KG_HAB,Kilograms per capita,SI,Slovenia,2007,,115,,,,,
dataflow,ESTAT:ENV_WASMUN(1.0),Municipal waste by waste management operations,A,Annual,RCY,Recycling,KG_HAB,Kilograms per capita,SI,Slovenia,2008,,102,,,,,
dataflow,ESTAT:ENV_WASMUN(1.0),Municipal waste by waste management operations,A,Annual,RCY,Recycling,KG_HAB,Kilograms per capita,SI,Slovenia,2009,,102,,,,,
dataflow,ESTAT:ENV_WASMUN(1.0),Municipal waste by waste management operations,A,Annual,RCY,Recycling,KG_HAB,Kilograms per capita,SI,Slovenia,2010,,110,,,,,
dataflow,ESTAT:ENV_WASMUN(1.0),Municipal waste by waste management operations,A,Annual,RCY,Recycling,KG_HAB,Kilograms per capita,SI,Slovenia,2011,,148,,,,,
dataflow,ESTAT:ENV_WASMUN(1.0),Municipal waste by waste management operations,A,Annual,RCY,Recycling,KG_HAB,Kilograms per capita,SI,Slovenia,2012,,152,,,,,
dataflow,ESTAT:ENV_WASMUN(1.0),Municipal waste by waste management operations,A,Annual,RCY,Recycling,KG_HAB,Kilograms per capita,SI,Slovenia,2013,,144,,,,,
dataflow,ESTAT:ENV_WASMUN(1.0),Municipal waste by waste management operations,A,Annual,RCY,Recycling,KG_HAB,Kilograms per capita,SI,Slovenia,2014,,156,,,,,
dataflow,ESTAT:ENV_WASMUN(1.0),Municipal waste by waste management operations,A,Annual,RCY,Recycling,KG_HAB,Kilograms per capita,SI,Slovenia,2015,,243,,be,"break in time series, estimated",,
dataflow,ESTAT:ENV_WASMUN(1.0),Municipal waste by waste management operations,A,Annual,RCY,Recycling,KG_HAB,Kilograms per capita,SI,Slovenia,2016,,253,,e,estimated,,
dataflow,ESTAT:ENV_WASMUN(1.0),Municipal waste by waste management operations,A,Annual,RCY,Recycling,KG_HAB,Kilograms per capita,SI,Slovenia,2017,,272,,e,estimated,,
dataflow,ESTAT:ENV_WASMUN(1.0),Municipal waste by waste management operations,A,Annual,RCY,Recycling,KG_HAB,Kilograms per capita,SI,Slovenia,2018,,287,,,,,
dataflow,ESTAT:ENV_WASMUN(1.0),Municipal waste by waste management operations,A,Annual,RCY,Recycling,KG_HAB,Kilograms per capita,SI,Slovenia,2019,,299,,,,,
dataflow,ESTAT:ENV_WASMUN(1.0),Municipal waste by waste management operations,A,Annual,RCY,Recycling,KG_HAB,Kilograms per capita,SI,Slovenia,2020,,289,,,,,
dataflow,ESTAT:ENV_WASMUN(1.0),Municipal waste by waste management operations,A,Annual,RCY,Recycling,KG_HAB,Kilograms per capita,SI,Slovenia,2021,,311,,,,,
dataflow,ESTAT:ENV_WASMUN(1.0),Municipal waste by waste management operations,A,Annual,RCY,Recycling,KG_HAB,Kilograms per capita,SI,Slovenia,2022,,305,,,,,
dataflow,ESTAT:ENV_WASMUN(1.0),Municipal waste by waste management operations,A,Annual,RCY,Recycling,KG_HAB,Kilograms per capita,SI,Slovenia,2023,,309,,,,,
dataflow,ESTAT:ENV_WASMUN(1.0),Municipal waste by waste management operations,A,Annual,RCY,Recycling,KG_HAB,Kilograms per capita,SK,Slovakia,1995,,8,,i,value imputed by Eurostat or other receiving agencies,,
dataflow,ESTAT:ENV_WASMUN(1.0),Municipal waste by waste management operations,A,Annual,RCY,Recycling,KG_HAB,Kilograms per capita,SK,Slovakia,1996,,8,,i,value imputed by Eurostat or other receiving agencies,,
dataflow,ESTAT:ENV_WASMUN(1.0),Municipal waste by waste management operations,A,Annual,RCY,Recycling,KG_HAB,Kilograms per capita,SK,Slovakia,1997,,14,,e,estimated,,
dataflow,ESTAT:ENV_WASMUN(1.0),Municipal waste by waste management operations,A,Annual,RCY,Recycling,KG_HAB,Kilograms per capita,SK,Slovakia,1998,,12,,,,,
dataflow,ESTAT:ENV_WASMUN(1.0),Municipal waste by waste management operations,A,Annual,RCY,Recycling,KG_HAB,Kilograms per capita,SK,Slovakia,1999,,12,,,,,
dataflow,ESTAT:ENV_WASMUN(1.0),Municipal waste by waste management operations,A,Annual,RCY,Recycling,KG_HAB,Kilograms per capita,SK,Slovakia,2000,,13,,,,,
dataflow,ESTAT:ENV_WASMUN(1.0),Municipal waste by waste management operations,A,Annual,RCY,Recycling,KG_HAB,Kilograms per capita,SK,Slovakia,2001,,13,,,,,
dataflow,ESTAT:ENV_WASMUN(1.0),Municipal waste by waste management operations,A,Annual,RCY,Recycling,KG_HAB,Kilograms per capita,SK,Slovakia,2002,,13,,,,,
dataflow,ESTAT:ENV_WASMUN(1.0),Municipal waste by waste management operations,A,Annual,RCY,Recycling,KG_HAB,Kilograms per capita,SK,Slovakia,2003,,16,,,,,
dataflow,ESTAT:ENV_WASMUN(1.0),Municipal waste by waste management operations,A,Annual,RCY,Recycling,KG_HAB,Kilograms per capita,SK,Slovakia,2004,,16,,,,,
dataflow,ESTAT:ENV_WASMUN(1.0),Municipal waste by waste management operations,A,Annual,RCY,Recycling,KG_HAB,Kilograms per capita,SK,Slovakia,2005,,6,,b,break in time series,,
dataflow,ESTAT:ENV_WASMUN(1.0),Municipal waste by waste management operations,A,Annual,RCY,Recycling,KG_HAB,Kilograms per capita,SK,Slovakia,2006,,11,,,,,
dataflow,ESTAT:ENV_WASMUN(1.0),Municipal waste by waste management operations,A,Annual,RCY,Recycling,KG_HAB,Kilograms per capita,SK,Slovakia,2007,,19,,,,,
dataflow,ESTAT:ENV_WASMUN(1.0),Municipal waste by waste management operations,A,Annual,RCY,Recycling,KG_HAB,Kilograms per capita,SK,Slovakia,2008,,23,,,,,
dataflow,ESTAT:ENV_WASMUN(1.0),Municipal waste by waste management operations,A,Annual,RCY,Recycling,KG_HAB,Kilograms per capita,SK,Slovakia,2009,,25,,,,,
dataflow,ESTAT:ENV_WASMUN(1.0),Municipal waste by waste management operations,A,Annual,RCY,Recycling,KG_HAB,Kilograms per capita,SK,Slovakia,2010,,29,,,,,
dataflow,ESTAT:ENV_WASMUN(1.0),Municipal waste by waste management operations,A,Annual,RCY,Recycling,KG_HAB,Kilograms per capita,SK,Slovakia,2011,,34,,,,,
dataflow,ESTAT:ENV_WASMUN(1.0),Municipal waste by waste management operations,A,Annual,RCY,Recycling,KG_HAB,Kilograms per capita,SK,Slovakia,2012,,41,,,,,
dataflow,ESTAT:ENV_WASMUN(1.0),Municipal waste by waste management operations,A,Annual,RCY,Recycling,KG_HAB,Kilograms per capita,SK,Slovakia,2013,,33,,,,,
dataflow,ESTAT:ENV_WASMUN(1.0),Municipal waste by waste management operations,A,Annual,RCY,Recycling,KG_HAB,Kilograms per capita,SK,Slovakia,2014,,33,,,,,
dataflow,ESTAT:ENV_WASMUN(1.0),Municipal waste by waste management operations,A,Annual,RCY,Recycling,KG_HAB,Kilograms per capita,SK,Slovakia,2015,,49,,,,,
dataflow,ESTAT:ENV_WASMUN(1.0),Municipal waste by waste management operations,A,Annual,RCY,Recycling,KG_HAB,Kilograms per capita,SK,Slovakia,2016,,80,,,,,
dataflow,ESTAT:ENV_WASMUN(1.0),Municipal waste by waste management operations,A,Annual,RCY,Recycling,KG_HAB,Kilograms per capita,SK,Slovakia,2017,,113,,,,,
dataflow,ESTAT:ENV_WASMUN(1.0),Municipal waste by waste management operations,A,Annual,RCY,Recycling,KG_HAB,Kilograms per capita,SK,Slovakia,2018,,150,,,,,
dataflow,ESTAT:ENV_WASMUN(1.0),Municipal waste by waste management operations,A,Annual,RCY,Recycling,KG_HAB,Kilograms per capita,SK,Slovakia,2019,,162,,,,,
dataflow,ESTAT:ENV_WASMUN(1.0),Municipal waste by waste management operations,A,Annual,RCY,Recycling,KG_HAB,Kilograms per capita,SK,Slovakia,2020,,217,,,,,
dataflow,ESTAT:ENV_WASMUN(1.0),Municipal waste by waste management operations,A,Annual,RCY,Recycling,KG_HAB,Kilograms per capita,SK,Slovakia,2021,,243,,,,,
dataflow,ESTAT:ENV_WASMUN(1.0),Municipal waste by waste management operations,A,Annual,RCY,Recycling,KG_HAB,Kilograms per capita,SK,Slovakia,2022,,237,,,,,
dataflow,ESTAT:ENV_WASMUN(1.0),Municipal waste by waste management operations,A,Annual,RCY,Recycling,KG_HAB,Kilograms per capita,SK,Slovakia,2023,,237,,,,,
dataflow,ESTAT:ENV_WASMUN(1.0),Municipal waste by waste management operations,A,Annual,RCY,Recycling,KG_HAB,Kilograms per capita,TR,Türkiye,2016,,39,,b,break in time series,,
dataflow,ESTAT:ENV_WASMUN(1.0),Municipal waste by waste management operations,A,Annual,RCY,Recycling,KG_HAB,Kilograms per capita,TR,Türkiye,2017,,39,,e,estimated,,
dataflow,ESTAT:ENV_WASMUN(1.0),Municipal waste by waste management operations,A,Annual,RCY,Recycling,KG_HAB,Kilograms per capita,TR,Türkiye,2018,,49,,,,,
dataflow,ESTAT:ENV_WASMUN(1.0),Municipal waste by waste management operations,A,Annual,RCY,Recycling,KG_HAB,Kilograms per capita,TR,Türkiye,2019,,49,,e,estimated,,
dataflow,ESTAT:ENV_WASMUN(1.0),Municipal waste by waste management operations,A,Annual,RCY,Recycling,KG_HAB,Kilograms per capita,TR,Türkiye,2020,,51,,,,,
dataflow,ESTAT:ENV_WASMUN(1.0),Municipal waste by waste management operations,A,Annual,RCY,Recycling,KG_HAB,Kilograms per capita,TR,Türkiye,2021,,51,,e,estimated,,
dataflow,ESTAT:ENV_WASMUN(1.0),Municipal waste by waste management operations,A,Annual,RCY,Recycling,KG_HAB,Kilograms per capita,XK,Kosovo*,2020,,0,,,,,
dataflow,ESTAT:ENV_WASMUN(1.0),Municipal waste by waste management operations,A,Annual,RCY,Recycling,KG_HAB,Kilograms per capita,XK,Kosovo*,2021,,7,,,,,
dataflow,ESTAT:ENV_WASMUN(1.0),Municipal waste by waste management operations,A,Annual,RCY,Recycling,KG_HAB,Kilograms per capita,XK,Kosovo*,2022,,7,,,,,
dataflow,ESTAT:ENV_WASMUN(1.0),Municipal waste by waste management operations,A,Annual,RCY,Recycling,THS_T,Thousand tonnes,AL,Albania,2020,,190,,,,,
dataflow,ESTAT:ENV_WASMUN(1.0),Municipal waste by waste management operations,A,Annual,RCY,Recycling,THS_T,Thousand tonnes,AL,Albania,2021,,164,,,,,
dataflow,ESTAT:ENV_WASMUN(1.0),Municipal waste by waste management operations,A,Annual,RCY,Recycling,THS_T,Thousand tonnes,AL,Albania,2022,,155,,,,,
dataflow,ESTAT:ENV_WASMUN(1.0),Municipal waste by waste management operations,A,Annual,RCY,Recycling,THS_T,Thousand tonnes,AT,Austria,1995,,1756,,,,,
dataflow,ESTAT:ENV_WASMUN(1.0),Municipal waste by waste management operations,A,Annual,RCY,Recycling,THS_T,Thousand tonnes,AT,Austria,1996,,2553,,b,break in time series,,
dataflow,ESTAT:ENV_WASMUN(1.0),Municipal waste by waste management operations,A,Annual,RCY,Recycling,THS_T,Thousand tonnes,AT,Austria,1997,,2693,,,,,
dataflow,ESTAT:ENV_WASMUN(1.0),Municipal waste by waste management operations,A,Annual,RCY,Recycling,THS_T,Thousand tonnes,AT,Austria,1998,,2731,,,,,
dataflow,ESTAT:ENV_WASMUN(1.0),Municipal waste by waste management operations,A,Annual,RCY,Recycling,THS_T,Thousand tonnes,AT,Austria,1999,,2853,,,,,
dataflow,ESTAT:ENV_WASMUN(1.0),Municipal waste by waste management operations,A,Annual,RCY,Recycling,THS_T,Thousand tonnes,AT,Austria,2000,,2947,,,,,
dataflow,ESTAT:ENV_WASMUN(1.0),Municipal waste by waste management operations,A,Annual,RCY,Recycling,THS_T,Thousand tonnes,AT,Austria,2001,,2980,,e,estimated,,
dataflow,ESTAT:ENV_WASMUN(1.0),Municipal waste by waste management operations,A,Annual,RCY,Recycling,THS_T,Thousand tonnes,AT,Austria,2002,,3070,,e,estimated,,
dataflow,ESTAT:ENV_WASMUN(1.0),Municipal waste by waste management operations,A,Annual,RCY,Recycling,THS_T,Thousand tonnes,AT,Austria,2003,,3165,,e,estimated,,
dataflow,ESTAT:ENV_WASMUN(1.0),Municipal waste by waste management operations,A,Annual,RCY,Recycling,THS_T,Thousand tonnes,AT,Austria,2004,,2688,,,,,
dataflow,ESTAT:ENV_WASMUN(1.0),Municipal waste by waste management operations,A,Annual,RCY,Recycling,THS_T,Thousand tonnes,AT,Austria,2005,,2757,,e,estimated,,
dataflow,ESTAT:ENV_WASMUN(1.0),Municipal waste by waste management operations,A,Annual,RCY,Recycling,THS_T,Thousand tonnes,AT,Austria,2006,,2920,,,,,
dataflow,ESTAT:ENV_WASMUN(1.0),Municipal waste by waste management operations,A,Annual,RCY,Recycling,THS_T,Thousand tonnes,AT,Austria,2007,,2979,,,,,
dataflow,ESTAT:ENV_WASMUN(1.0),Municipal waste by waste management operations,A,Annual,RCY,Recycling,THS_T,Thousand tonnes,AT,Austria,2008,,3159,,,,,
dataflow,ESTAT:ENV_WASMUN(1.0),Municipal waste by waste management operations,A,Annual,RCY,Recycling,THS_T,Thousand tonnes,AT,Austria,2009,,3045,,,,,
dataflow,ESTAT:ENV_WASMUN(1.0),Municipal waste by waste management operations,A,Annual,RCY,Recycling,THS_T,Thousand tonnes,AT,Austria,2010,,2792,,,,,
dataflow,ESTAT:ENV_WASMUN(1.0),Municipal waste by waste management operations,A,Annual,RCY,Recycling,THS_T,Thousand tonnes,AT,Austria,2011,,2724,,,,,
dataflow,ESTAT:ENV_WASMUN(1.0),Municipal waste by waste management operations,A,Annual,RCY,Recycling,THS_T,Thousand tonnes,AT,Austria,2012,,2818,,,,,
dataflow,ESTAT:ENV_WASMUN(1.0),Municipal waste by waste management operations,A,Annual,RCY,Recycling,THS_T,Thousand tonnes,AT,Austria,2013,,2829,,,,,
dataflow,ESTAT:ENV_WASMUN(1.0),Municipal waste by waste management operations,A,Annual,RCY,Recycling,THS_T,Thousand tonnes,AT,Austria,2014,,2723,,,,,
dataflow,ESTAT:ENV_WASMUN(1.0),Municipal waste by waste management operations,A,Annual,RCY,Recycling,THS_T,Thousand tonnes,AT,Austria,2015,,2752,,,,,
dataflow,ESTAT:ENV_WASMUN(1.0),Municipal waste by waste management operations,A,Annual,RCY,Recycling,THS_T,Thousand tonnes,AT,Austria,2016,,2838,,,,,
dataflow,ESTAT:ENV_WASMUN(1.0),Municipal waste by waste management operations,A,Annual,RCY,Recycling,THS_T,Thousand tonnes,AT,Austria,2017,,2898,,,,,
dataflow,ESTAT:ENV_WASMUN(1.0),Municipal waste by waste management operations,A,Annual,RCY,Recycling,THS_T,Thousand tonnes,AT,Austria,2018,,2952,,,,,
dataflow,ESTAT:ENV_WASMUN(1.0),Municipal waste by waste management operations,A,Annual,RCY,Recycling,THS_T,Thousand tonnes,AT,Austria,2019,,3040,,,,,
dataflow,ESTAT:ENV_WASMUN(1.0),Municipal waste by waste management operations,A,Annual,RCY,Recycling,THS_T,Thousand tonnes,AT,Austria,2020,,4632,,b,break in time series,,
dataflow,ESTAT:ENV_WASMUN(1.0),Municipal waste by waste management operations,A,Annual,RCY,Recycling,THS_T,Thousand tonnes,AT,Austria,2021,,4670,,,,,
dataflow,ESTAT:ENV_WASMUN(1.0),Municipal waste by waste management operations,A,Annual,RCY,Recycling,THS_T,Thousand tonnes,AT,Austria,2022,,4544,,,,,
dataflow,ESTAT:ENV_WASMUN(1.0),Municipal waste by waste management operations,A,Annual,RCY,Recycling,THS_T,Thousand tonnes,BA,Bosnia and Herzegovina,2008,,0,,,,,
dataflow,ESTAT:ENV_WASMUN(1.0),Municipal waste by waste management operations,A,Annual,RCY,Recycling,THS_T,Thousand tonnes,BA,Bosnia and Herzegovina,2009,,0,,,,,
dataflow,ESTAT:ENV_WASMUN(1.0),Municipal waste by waste management operations,A,Annual,RCY,Recycling,THS_T,Thousand tonnes,BA,Bosnia and Herzegovina,2010,,0,,,,,
dataflow,ESTAT:ENV_WASMUN(1.0),Municipal waste by waste management operations,A,Annual,RCY,Recycling,THS_T,Thousand tonnes,BA,Bosnia and Herzegovina,2011,,0,,,,,
dataflow,ESTAT:ENV_WASMUN(1.0),Municipal waste by waste management operations,A,Annual,RCY,Recycling,THS_T,Thousand tonnes,BA,Bosnia and Herzegovina,2012,,0,,,,,
dataflow,ESTAT:ENV_WASMUN(1.0),Municipal waste by waste management operations,A,Annual,RCY,Recycling,THS_T,Thousand tonnes,BA,Bosnia and Herzegovina,2013,,0,,,,,
dataflow,ESTAT:ENV_WASMUN(1.0),Municipal waste by waste management operations,A,Annual,RCY,Recycling,THS_T,Thousand tonnes,BA,Bosnia and Herzegovina,2014,,0,,,,,
dataflow,ESTAT:ENV_WASMUN(1.0),Municipal waste by waste management operations,A,Annual,RCY,Recycling,THS_T,Thousand tonnes,BA,Bosnia and Herzegovina,2015,,0,,,,,
dataflow,ESTAT:ENV_WASMUN(1.0),Municipal waste by waste management operations,A,Annual,RCY,Recycling,THS_T,Thousand tonnes,BA,Bosnia and Herzegovina,2016,,0,,,,,
dataflow,ESTAT:ENV_WASMUN(1.0),Municipal waste by waste management operations,A,Annual,RCY,Recycling,THS_T,Thousand tonnes,BA,Bosnia and Herzegovina,2017,,0,,,,,
dataflow,ESTAT:ENV_WASMUN(1.0),Municipal waste by waste management operations,A,Annual,RCY,Recycling,THS_T,Thousand tonnes,BA,Bosnia and Herzegovina,2022,,9,,,,,
dataflow,ESTAT:ENV_WASMUN(1.0),Municipal waste by waste management operations,A,Annual,RCY,Recycling,THS_T,Thousand tonnes,BE,Belgium,1995,,883,,,,,
dataflow,ESTAT:ENV_WASMUN(1.0),Municipal waste by waste management operations,A,Annual,RCY,Recycling,THS_T,Thousand tonnes,BE,Belgium,1996,,1151,,,,,
dataflow,ESTAT:ENV_WASMUN(1.0),Municipal waste by waste management operations,A,Annual,RCY,Recycling,THS_T,Thousand tonnes,BE,Belgium,1997,,1599,,,,,
dataflow,ESTAT:ENV_WASMUN(1.0),Municipal waste by waste management operations,A,Annual,RCY,Recycling,THS_T,Thousand tonnes,BE,Belgium,1998,,1927,,,,,
dataflow,ESTAT:ENV_WASMUN(1.0),Municipal waste by waste management operations,A,Annual,RCY,Recycling,THS_T,Thousand tonnes,BE,Belgium,1999,,2168,,,,,
dataflow,ESTAT:ENV_WASMUN(1.0),Municipal waste by waste management operations,A,Annual,RCY,Recycling,THS_T,Thousand tonnes,BE,Belgium,2000,,2400,,,,,
dataflow,ESTAT:ENV_WASMUN(1.0),Municipal waste by waste management operations,A,Annual,RCY,Recycling,THS_T,Thousand tonnes,BE,Belgium,2001,,2421,,,,,
dataflow,ESTAT:ENV_WASMUN(1.0),Municipal waste by waste management operations,A,Annual,RCY,Recycling,THS_T,Thousand tonnes,BE,Belgium,2002,,2566,,,,,
dataflow,ESTAT:ENV_WASMUN(1.0),Municipal waste by waste management operations,A,Annual,RCY,Recycling,THS_T,Thousand tonnes,BE,Belgium,2003,,2553,,,,,
dataflow,ESTAT:ENV_WASMUN(1.0),Municipal waste by waste management operations,A,Annual,RCY,Recycling,THS_T,Thousand tonnes,BE,Belgium,2004,,2708,,,,,
dataflow,ESTAT:ENV_WASMUN(1.0),Municipal waste by waste management operations,A,Annual,RCY,Recycling,THS_T,Thousand tonnes,BE,Belgium,2005,,2810,,,,,
dataflow,ESTAT:ENV_WASMUN(1.0),Municipal waste by waste management operations,A,Annual,RCY,Recycling,THS_T,Thousand tonnes,BE,Belgium,2006,,2872,,,,,
dataflow,ESTAT:ENV_WASMUN(1.0),Municipal waste by waste management operations,A,Annual,RCY,Recycling,THS_T,Thousand tonnes,BE,Belgium,2007,,2977,,,,,
dataflow,ESTAT:ENV_WASMUN(1.0),Municipal waste by waste management operations,A,Annual,RCY,Recycling,THS_T,Thousand tonnes,BE,Belgium,2008,,2707,,,,,
dataflow,ESTAT:ENV_WASMUN(1.0),Municipal waste by waste management operations,A,Annual,RCY,Recycling,THS_T,Thousand tonnes,BE,Belgium,2009,,2719,,,,,
dataflow,ESTAT:ENV_WASMUN(1.0),Municipal waste by waste management operations,A,Annual,RCY,Recycling,THS_T,Thousand tonnes,BE,Belgium,2010,,2726,,,,,
dataflow,ESTAT:ENV_WASMUN(1.0),Municipal waste by waste management operations,A,Annual,RCY,Recycling,THS_T,Thousand tonnes,BE,Belgium,2011,,2732,,,,,
dataflow,ESTAT:ENV_WASMUN(1.0),Municipal waste by waste management operations,A,Annual,RCY,Recycling,THS_T,Thousand tonnes,BE,Belgium,2012,,2638,,,,,
dataflow,ESTAT:ENV_WASMUN(1.0),Municipal waste by waste management operations,A,Annual,RCY,Recycling,THS_T,Thousand tonnes,BE,Belgium,2013,,2570,,,,,
dataflow,ESTAT:ENV_WASMUN(1.0),Municipal waste by waste management operations,A,Annual,RCY,Recycling,THS_T,Thousand tonnes,BE,Belgium,2014,,2560,,,,,
dataflow,ESTAT:ENV_WASMUN(1.0),Municipal waste by waste management operations,A,Annual,RCY,Recycling,THS_T,Thousand tonnes,BE,Belgium,2015,,2484,,,,,
dataflow,ESTAT:ENV_WASMUN(1.0),Municipal waste by waste management operations,A,Annual,RCY,Recycling,THS_T,Thousand tonnes,BE,Belgium,2016,,2541,,,,,
dataflow,ESTAT:ENV_WASMUN(1.0),Municipal waste by waste management operations,A,Annual,RCY,Recycling,THS_T,Thousand tonnes,BE,Belgium,2017,,2517,,,,,
dataflow,ESTAT:ENV_WASMUN(1.0),Municipal waste by waste management operations,A,Annual,RCY,Recycling,THS_T,Thousand tonnes,BE,Belgium,2018,,2542,,,,,
dataflow,ESTAT:ENV_WASMUN(1.0),Municipal waste by waste management operations,A,Annual,RCY,Recycling,THS_T,Thousand tonnes,BE,Belgium,2019,,2613,,,,,
dataflow,ESTAT:ENV_WASMUN(1.0),Municipal waste by waste management operations,A,Annual,RCY,Recycling,THS_T,Thousand tonnes,BE,Belgium,2020,,4318,,,,,
dataflow,ESTAT:ENV_WASMUN(1.0),Municipal waste by waste management operations,A,Annual,RCY,Recycling,THS_T,Thousand tonnes,BE,Belgium,2021,,4861,,,,,
dataflow,ESTAT:ENV_WASMUN(1.0),Municipal waste by waste management operations,A,Annual,RCY,Recycling,THS_T,Thousand tonnes,BE,Belgium,2022,,4409,,,,,
dataflow,ESTAT:ENV_WASMUN(1.0),Municipal waste by waste management operations,A,Annual,RCY,Recycling,THS_T,Thousand tonnes,BE,Belgium,2023,,4455,,,,,
dataflow,ESTAT:ENV_WASMUN(1.0),Municipal waste by waste management operations,A,Annual,RCY,Recycling,THS_T,Thousand tonnes,BG,Bulgaria,1995,,0,,,,,
dataflow,ESTAT:ENV_WASMUN(1.0),Municipal waste by waste management operations,A,Annual,RCY,Recycling,THS_T,Thousand tonnes,BG,Bulgaria,1996,,0,,,,,
dataflow,ESTAT:ENV_WASMUN(1.0),Municipal waste by waste management operations,A,Annual,RCY,Recycling,THS_T,Thousand tonnes,BG,Bulgaria,1997,,0,,,,,
dataflow,ESTAT:ENV_WASMUN(1.0),Municipal waste by waste management operations,A,Annual,RCY,Recycling,THS_T,Thousand tonnes,BG,Bulgaria,1998,,776,,e,estimated,,
dataflow,ESTAT:ENV_WASMUN(1.0),Municipal waste by waste management operations,A,Annual,RCY,Recycling,THS_T,Thousand tonnes,BG,Bulgaria,1999,,769,,e,estimated,,
dataflow,ESTAT:ENV_WASMUN(1.0),Municipal waste by waste management operations,A,Annual,RCY,Recycling,THS_T,Thousand tonnes,BG,Bulgaria,2000,,775,,e,estimated,,
dataflow,ESTAT:ENV_WASMUN(1.0),Municipal waste by waste management operations,A,Annual,RCY,Recycling,THS_T,Thousand tonnes,BG,Bulgaria,2001,,770,,e,estimated,,
dataflow,ESTAT:ENV_WASMUN(1.0),Municipal waste by waste management operations,A,Annual,RCY,Recycling,THS_T,Thousand tonnes,BG,Bulgaria,2002,,770,,e,estimated,,
dataflow,ESTAT:ENV_WASMUN(1.0),Municipal waste by waste management operations,A,Annual,RCY,Recycling,THS_T,Thousand tonnes,BG,Bulgaria,2003,,774,,e,estimated,,
dataflow,ESTAT:ENV_WASMUN(1.0),Municipal waste by waste management operations,A,Annual,RCY,Recycling,THS_T,Thousand tonnes,BG,Bulgaria,2004,,793,,e,estimated,,
dataflow,ESTAT:ENV_WASMUN(1.0),Municipal waste by waste management operations,A,Annual,RCY,Recycling,THS_T,Thousand tonnes,BG,Bulgaria,2005,,822,,e,estimated,,
dataflow,ESTAT:ENV_WASMUN(1.0),Municipal waste by waste management operations,A,Annual,RCY,Recycling,THS_T,Thousand tonnes,BG,Bulgaria,2006,,839,,e,estimated,,
dataflow,ESTAT:ENV_WASMUN(1.0),Municipal waste by waste management operations,A,Annual,RCY,Recycling,THS_T,Thousand tonnes,BG,Bulgaria,2007,,858,,e,estimated,,
dataflow,ESTAT:ENV_WASMUN(1.0),Municipal waste by waste management operations,A,Annual,RCY,Recycling,THS_T,Thousand tonnes,BG,Bulgaria,2008,,871,,e,estimated,,
dataflow,ESTAT:ENV_WASMUN(1.0),Municipal waste by waste management operations,A,Annual,RCY,Recycling,THS_T,Thousand tonnes,BG,Bulgaria,2009,,887,,e,estimated,,
dataflow,ESTAT:ENV_WASMUN(1.0),Municipal waste by waste management operations,A,Annual,RCY,Recycling,THS_T,Thousand tonnes,BG,Bulgaria,2010,,1003,,,,,
dataflow,ESTAT:ENV_WASMUN(1.0),Municipal waste by waste management operations,A,Annual,RCY,Recycling,THS_T,Thousand tonnes,BG,Bulgaria,2011,,979,,,,,
dataflow,ESTAT:ENV_WASMUN(1.0),Municipal waste by waste management operations,A,Annual,RCY,Recycling,THS_T,Thousand tonnes,BG,Bulgaria,2012,,841,,,,,
dataflow,ESTAT:ENV_WASMUN(1.0),Municipal waste by waste management operations,A,Annual,RCY,Recycling,THS_T,Thousand tonnes,BG,Bulgaria,2013,,894,,,,,
dataflow,ESTAT:ENV_WASMUN(1.0),Municipal waste by waste management operations,A,Annual,RCY,Recycling,THS_T,Thousand tonnes,BG,Bulgaria,2014,,736,,,,,
dataflow,ESTAT:ENV_WASMUN(1.0),Municipal waste by waste management operations,A,Annual,RCY,Recycling,THS_T,Thousand tonnes,BG,Bulgaria,2015,,884,,,,,
dataflow,ESTAT:ENV_WASMUN(1.0),Municipal waste by waste management operations,A,Annual,RCY,Recycling,THS_T,Thousand tonnes,BG,Bulgaria,2016,,917,,,,,
dataflow,ESTAT:ENV_WASMUN(1.0),Municipal waste by waste management operations,A,Annual,RCY,Recycling,THS_T,Thousand tonnes,BG,Bulgaria,2017,,1065,,,,,
dataflow,ESTAT:ENV_WASMUN(1.0),Municipal waste by waste management operations,A,Annual,RCY,Recycling,THS_T,Thousand tonnes,BG,Bulgaria,2018,,901,,,,,
dataflow,ESTAT:ENV_WASMUN(1.0),Municipal waste by waste management operations,A,Annual,RCY,Recycling,THS_T,Thousand tonnes,BG,Bulgaria,2019,,1065,,i,value imputed by Eurostat or other receiving agencies,,
dataflow,ESTAT:ENV_WASMUN(1.0),Municipal waste by waste management operations,A,Annual,RCY,Recycling,THS_T,Thousand tonnes,BG,Bulgaria,2020,,997,,,,,
dataflow,ESTAT:ENV_WASMUN(1.0),Municipal waste by waste management operations,A,Annual,RCY,Recycling,THS_T,Thousand tonnes,BG,Bulgaria,2021,,861,,,,,
dataflow,ESTAT:ENV_WASMUN(1.0),Municipal waste by waste management operations,A,Annual,RCY,Recycling,THS_T,Thousand tonnes,BG,Bulgaria,2022,,777,,,,,
dataflow,ESTAT:ENV_WASMUN(1.0),Municipal waste by waste management operations,A,Annual,RCY,Recycling,THS_T,Thousand tonnes,CH,Switzerland,1995,,1640,,,,,
dataflow,ESTAT:ENV_WASMUN(1.0),Municipal waste by waste management operations,A,Annual,RCY,Recycling,THS_T,Thousand tonnes,CH,Switzerland,1996,,1765,,,,,
dataflow,ESTAT:ENV_WASMUN(1.0),Municipal waste by waste management operations,A,Annual,RCY,Recycling,THS_T,Thousand tonnes,CH,Switzerland,1997,,1824,,,,,
dataflow,ESTAT:ENV_WASMUN(1.0),Municipal waste by waste management operations,A,Annual,RCY,Recycling,THS_T,Thousand tonnes,CH,Switzerland,1998,,1909,,,,,
dataflow,ESTAT:ENV_WASMUN(1.0),Municipal waste by waste management operations,A,Annual,RCY,Recycling,THS_T,Thousand tonnes,CH,Switzerland,1999,,1955,,,,,
dataflow,ESTAT:ENV_WASMUN(1.0),Municipal waste by waste management operations,A,Annual,RCY,Recycling,THS_T,Thousand tonnes,CH,Switzerland,2000,,2141,,,,,
dataflow,ESTAT:ENV_WASMUN(1.0),Municipal waste by waste management operations,A,Annual,RCY,Recycling,THS_T,Thousand tonnes,CH,Switzerland,2001,,2234,,,,,
dataflow,ESTAT:ENV_WASMUN(1.0),Municipal waste by waste management operations,A,Annual,RCY,Recycling,THS_T,Thousand tonnes,CH,Switzerland,2002,,2306,,,,,
dataflow,ESTAT:ENV_WASMUN(1.0),Municipal waste by waste management operations,A,Annual,RCY,Recycling,THS_T,Thousand tonnes,CH,Switzerland,2003,,2336,,,,,
dataflow,ESTAT:ENV_WASMUN(1.0),Municipal waste by waste management operations,A,Annual,RCY,Recycling,THS_T,Thousand tonnes,CH,Switzerland,2004,,2386,,,,,
dataflow,ESTAT:ENV_WASMUN(1.0),Municipal waste by waste management operations,A,Annual,RCY,Recycling,THS_T,Thousand tonnes,CH,Switzerland,2005,,2500,,,,,
dataflow,ESTAT:ENV_WASMUN(1.0),Municipal waste by waste management operations,A,Annual,RCY,Recycling,THS_T,Thousand tonnes,CH,Switzerland,2006,,2670,,,,,
dataflow,ESTAT:ENV_WASMUN(1.0),Municipal waste by waste management operations,A,Annual,RCY,Recycling,THS_T,Thousand tonnes,CH,Switzerland,2007,,2785,,,,,
dataflow,ESTAT:ENV_WASMUN(1.0),Municipal waste by waste management operations,A,Annual,RCY,Recycling,THS_T,Thousand tonnes,CH,Switzerland,2008,,2823,,,,,
dataflow,ESTAT:ENV_WASMUN(1.0),Municipal waste by waste management operations,A,Annual,RCY,Recycling,THS_T,Thousand tonnes,CH,Switzerland,2009,,2801,,,,,
dataflow,ESTAT:ENV_WASMUN(1.0),Municipal waste by waste management operations,A,Annual,RCY,Recycling,THS_T,Thousand tonnes,CH,Switzerland,2010,,2808,,,,,
dataflow,ESTAT:ENV_WASMUN(1.0),Municipal waste by waste management operations,A,Annual,RCY,Recycling,THS_T,Thousand tonnes,CH,Switzerland,2011,,2746,,,,,
dataflow,ESTAT:ENV_WASMUN(1.0),Municipal waste by waste management operations,A,Annual,RCY,Recycling,THS_T,Thousand tonnes,CH,Switzerland,2012,,2790,,e,estimated,,
dataflow,ESTAT:ENV_WASMUN(1.0),Municipal waste by waste management operations,A,Annual,RCY,Recycling,THS_T,Thousand tonnes,CH,Switzerland,2013,,2910,,e,estimated,,
dataflow,ESTAT:ENV_WASMUN(1.0),Municipal waste by waste management operations,A,Annual,RCY,Recycling,THS_T,Thousand tonnes,CH,Switzerland,2014,,3216,,be,"break in time series, estimated",,
dataflow,ESTAT:ENV_WASMUN(1.0),Municipal waste by waste management operations,A,Annual,RCY,Recycling,THS_T,Thousand tonnes,CH,Switzerland,2015,,3180,,e,estimated,,
dataflow,ESTAT:ENV_WASMUN(1.0),Municipal waste by waste management operations,A,Annual,RCY,Recycling,THS_T,Thousand tonnes,CH,Switzerland,2016,,3174,,e,estimated,,
dataflow,ESTAT:ENV_WASMUN(1.0),Municipal waste by waste management operations,A,Annual,RCY,Recycling,THS_T,Thousand tonnes,CH,Switzerland,2017,,3146,,e,estimated,,
dataflow,ESTAT:ENV_WASMUN(1.0),Municipal waste by waste management operations,A,Annual,RCY,Recycling,THS_T,Thousand tonnes,CH,Switzerland,2018,,3156,,e,estimated,,
dataflow,ESTAT:ENV_WASMUN(1.0),Municipal waste by waste management operations,A,Annual,RCY,Recycling,THS_T,Thousand tonnes,CH,Switzerland,2019,,3222,,e,estimated,,
dataflow,ESTAT:ENV_WASMUN(1.0),Municipal waste by waste management operations,A,Annual,RCY,Recycling,THS_T,Thousand tonnes,CH,Switzerland,2020,,3221,,,,,
dataflow,ESTAT:ENV_WASMUN(1.0),Municipal waste by waste management operations,A,Annual,RCY,Recycling,THS_T,Thousand tonnes,CH,Switzerland,2021,,3204,,,,,
dataflow,ESTAT:ENV_WASMUN(1.0),Municipal waste by waste management operations,A,Annual,RCY,Recycling,THS_T,Thousand tonnes,CH,Switzerland,2022,,3100,,,,,
dataflow,ESTAT:ENV_WASMUN(1.0),Municipal waste by waste management operations,A,Annual,RCY,Recycling,THS_T,Thousand tonnes,CY,Cyprus,1995,,0,,,,,
dataflow,ESTAT:ENV_WASMUN(1.0),Municipal waste by waste management operations,A,Annual,RCY,Recycling,THS_T,Thousand tonnes,CY,Cyprus,1996,,11,,,,,
dataflow,ESTAT:ENV_WASMUN(1.0),Municipal waste by waste management operations,A,Annual,RCY,Recycling,THS_T,Thousand tonnes,CY,Cyprus,1997,,13,,,,,
dataflow,ESTAT:ENV_WASMUN(1.0),Municipal waste by waste management operations,A,Annual,RCY,Recycling,THS_T,Thousand tonnes,CY,Cyprus,1998,,12,,,,,
dataflow,ESTAT:ENV_WASMUN(1.0),Municipal waste by waste management operations,A,Annual,RCY,Recycling,THS_T,Thousand tonnes,CY,Cyprus,1999,,13,,,,,
dataflow,ESTAT:ENV_WASMUN(1.0),Municipal waste by waste management operations,A,Annual,RCY,Recycling,THS_T,Thousand tonnes,CY,Cyprus,2000,,13,,,,,
dataflow,ESTAT:ENV_WASMUN(1.0),Municipal waste by waste management operations,A,Annual,RCY,Recycling,THS_T,Thousand tonnes,CY,Cyprus,2001,,14,,,,,
dataflow,ESTAT:ENV_WASMUN(1.0),Municipal waste by waste management operations,A,Annual,RCY,Recycling,THS_T,Thousand tonnes,CY,Cyprus,2002,,15,,,,,
dataflow,ESTAT:ENV_WASMUN(1.0),Municipal waste by waste management operations,A,Annual,RCY,Recycling,THS_T,Thousand tonnes,CY,Cyprus,2003,,15,,,,,
dataflow,ESTAT:ENV_WASMUN(1.0),Municipal waste by waste management operations,A,Annual,RCY,Recycling,THS_T,Thousand tonnes,CY,Cyprus,2004,,16,,,,,
dataflow,ESTAT:ENV_WASMUN(1.0),Municipal waste by waste management operations,A,Annual,RCY,Recycling,THS_T,Thousand tonnes,CY,Cyprus,2005,,19,,,,,
dataflow,ESTAT:ENV_WASMUN(1.0),Municipal waste by waste management operations,A,Annual,RCY,Recycling,THS_T,Thousand tonnes,CY,Cyprus,2006,,23,,b,break in time series,,
dataflow,ESTAT:ENV_WASMUN(1.0),Municipal waste by waste management operations,A,Annual,RCY,Recycling,THS_T,Thousand tonnes,CY,Cyprus,2007,,28,,,,,
dataflow,ESTAT:ENV_WASMUN(1.0),Municipal waste by waste management operations,A,Annual,RCY,Recycling,THS_T,Thousand tonnes,CY,Cyprus,2008,,43,,,,,
dataflow,ESTAT:ENV_WASMUN(1.0),Municipal waste by waste management operations,A,Annual,RCY,Recycling,THS_T,Thousand tonnes,CY,Cyprus,2009,,49,,,,,
dataflow,ESTAT:ENV_WASMUN(1.0),Municipal waste by waste management operations,A,Annual,RCY,Recycling,THS_T,Thousand tonnes,CY,Cyprus,2010,,66,,,,,
dataflow,ESTAT:ENV_WASMUN(1.0),Municipal waste by waste management operations,A,Annual,RCY,Recycling,THS_T,Thousand tonnes,CY,Cyprus,2011,,66,,,,,
dataflow,ESTAT:ENV_WASMUN(1.0),Municipal waste by waste management operations,A,Annual,RCY,Recycling,THS_T,Thousand tonnes,CY,Cyprus,2012,,75,,,,,
dataflow,ESTAT:ENV_WASMUN(1.0),Municipal waste by waste management operations,A,Annual,RCY,Recycling,THS_T,Thousand tonnes,CY,Cyprus,2013,,76,,,,,
dataflow,ESTAT:ENV_WASMUN(1.0),Municipal waste by waste management operations,A,Annual,RCY,Recycling,THS_T,Thousand tonnes,CY,Cyprus,2014,,78,,,,,
dataflow,ESTAT:ENV_WASMUN(1.0),Municipal waste by waste management operations,A,Annual,RCY,Recycling,THS_T,Thousand tonnes,CY,Cyprus,2015,,90,,,,,
dataflow,ESTAT:ENV_WASMUN(1.0),Municipal waste by waste management operations,A,Annual,RCY,Recycling,THS_T,Thousand tonnes,CY,Cyprus,2016,,90,,,,,
dataflow,ESTAT:ENV_WASMUN(1.0),Municipal waste by waste management operations,A,Annual,RCY,Recycling,THS_T,Thousand tonnes,CY,Cyprus,2017,,91,,,,,
dataflow,ESTAT:ENV_WASMUN(1.0),Municipal waste by waste management operations,A,Annual,RCY,Recycling,THS_T,Thousand tonnes,CY,Cyprus,2018,,97,,,,,
dataflow,ESTAT:ENV_WASMUN(1.0),Municipal waste by waste management operations,A,Annual,RCY,Recycling,THS_T,Thousand tonnes,CY,Cyprus,2019,,99,,,,,
dataflow,ESTAT:ENV_WASMUN(1.0),Municipal waste by waste management operations,A,Annual,RCY,Recycling,THS_T,Thousand tonnes,CY,Cyprus,2020,,95,,,,,
dataflow,ESTAT:ENV_WASMUN(1.0),Municipal waste by waste management operations,A,Annual,RCY,Recycling,THS_T,Thousand tonnes,CY,Cyprus,2021,,82,,,,,
dataflow,ESTAT:ENV_WASMUN(1.0),Municipal waste by waste management operations,A,Annual,RCY,Recycling,THS_T,Thousand tonnes,CY,Cyprus,2022,,91,,,,,
dataflow,ESTAT:ENV_WASMUN(1.0),Municipal waste by waste management operations,A,Annual,RCY,Recycling,THS_T,Thousand tonnes,CY,Cyprus,2023,,100,,p,provisional,,
dataflow,ESTAT:ENV_WASMUN(1.0),Municipal waste by waste management operations,A,Annual,RCY,Recycling,THS_T,Thousand tonnes,CZ,Czechia,1995,,0,,,,,
dataflow,ESTAT:ENV_WASMUN(1.0),Municipal waste by waste management operations,A,Annual,RCY,Recycling,THS_T,Thousand tonnes,CZ,Czechia,1996,,0,,,,,
dataflow,ESTAT:ENV_WASMUN(1.0),Municipal waste by waste management operations,A,Annual,RCY,Recycling,THS_T,Thousand tonnes,CZ,Czechia,1997,,0,,,,,
dataflow,ESTAT:ENV_WASMUN(1.0),Municipal waste by waste management operations,A,Annual,RCY,Recycling,THS_T,Thousand tonnes,CZ,Czechia,1998,,17,,,,,
dataflow,ESTAT:ENV_WASMUN(1.0),Municipal waste by waste management operations,A,Annual,RCY,Recycling,THS_T,Thousand tonnes,CZ,Czechia,1999,,29,,,,,
dataflow,ESTAT:ENV_WASMUN(1.0),Municipal waste by waste management operations,A,Annual,RCY,Recycling,THS_T,Thousand tonnes,CZ,Czechia,2000,,30,,,,,
dataflow,ESTAT:ENV_WASMUN(1.0),Municipal waste by waste management operations,A,Annual,RCY,Recycling,THS_T,Thousand tonnes,CZ,Czechia,2001,,24,,,,,
dataflow,ESTAT:ENV_WASMUN(1.0),Municipal waste by waste management operations,A,Annual,RCY,Recycling,THS_T,Thousand tonnes,CZ,Czechia,2002,,26,,,,,
dataflow,ESTAT:ENV_WASMUN(1.0),Municipal waste by waste management operations,A,Annual,RCY,Recycling,THS_T,Thousand tonnes,CZ,Czechia,2003,,26,,,,,
dataflow,ESTAT:ENV_WASMUN(1.0),Municipal waste by waste management operations,A,Annual,RCY,Recycling,THS_T,Thousand tonnes,CZ,Czechia,2004,,155,,be,"break in time series, estimated",,
dataflow,ESTAT:ENV_WASMUN(1.0),Municipal waste by waste management operations,A,Annual,RCY,Recycling,THS_T,Thousand tonnes,CZ,Czechia,2005,,182,,e,estimated,,
dataflow,ESTAT:ENV_WASMUN(1.0),Municipal waste by waste management operations,A,Annual,RCY,Recycling,THS_T,Thousand tonnes,CZ,Czechia,2006,,224,,e,estimated,,
dataflow,ESTAT:ENV_WASMUN(1.0),Municipal waste by waste management operations,A,Annual,RCY,Recycling,THS_T,Thousand tonnes,CZ,Czechia,2007,,307,,e,estimated,,
dataflow,ESTAT:ENV_WASMUN(1.0),Municipal waste by waste management operations,A,Annual,RCY,Recycling,THS_T,Thousand tonnes,CZ,Czechia,2008,,330,,e,estimated,,
dataflow,ESTAT:ENV_WASMUN(1.0),Municipal waste by waste management operations,A,Annual,RCY,Recycling,THS_T,Thousand tonnes,CZ,Czechia,2009,,409,,e,estimated,,
dataflow,ESTAT:ENV_WASMUN(1.0),Municipal waste by waste management operations,A,Annual,RCY,Recycling,THS_T,Thousand tonnes,CZ,Czechia,2010,,527,,e,estimated,,
dataflow,ESTAT:ENV_WASMUN(1.0),Municipal waste by waste management operations,A,Annual,RCY,Recycling,THS_T,Thousand tonnes,CZ,Czechia,2011,,569,,e,estimated,,
dataflow,ESTAT:ENV_WASMUN(1.0),Municipal waste by waste management operations,A,Annual,RCY,Recycling,THS_T,Thousand tonnes,CZ,Czechia,2012,,750,,e,estimated,,
dataflow,ESTAT:ENV_WASMUN(1.0),Municipal waste by waste management operations,A,Annual,RCY,Recycling,THS_T,Thousand tonnes,CZ,Czechia,2013,,782,,e,estimated,,
dataflow,ESTAT:ENV_WASMUN(1.0),Municipal waste by waste management operations,A,Annual,RCY,Recycling,THS_T,Thousand tonnes,CZ,Czechia,2014,,829,,e,estimated,,
dataflow,ESTAT:ENV_WASMUN(1.0),Municipal waste by waste management operations,A,Annual,RCY,Recycling,THS_T,Thousand tonnes,CZ,Czechia,2015,,992,,e,estimated,,
dataflow,ESTAT:ENV_WASMUN(1.0),Municipal waste by waste management operations,A,Annual,RCY,Recycling,THS_T,Thousand tonnes,CZ,Czechia,2016,,1202,,e,estimated,,
dataflow,ESTAT:ENV_WASMUN(1.0),Municipal waste by waste management operations,A,Annual,RCY,Recycling,THS_T,Thousand tonnes,CZ,Czechia,2017,,1660,,b,break in time series,,
dataflow,ESTAT:ENV_WASMUN(1.0),Municipal waste by waste management operations,A,Annual,RCY,Recycling,THS_T,Thousand tonnes,CZ,Czechia,2018,,1691,,,,,
dataflow,ESTAT:ENV_WASMUN(1.0),Municipal waste by waste management operations,A,Annual,RCY,Recycling,THS_T,Thousand tonnes,CZ,Czechia,2019,,1777,,,,,
dataflow,ESTAT:ENV_WASMUN(1.0),Municipal waste by waste management operations,A,Annual,RCY,Recycling,THS_T,Thousand tonnes,CZ,Czechia,2020,,2354,,,,,
dataflow,ESTAT:ENV_WASMUN(1.0),Municipal waste by waste management operations,A,Annual,RCY,Recycling,THS_T,Thousand tonnes,CZ,Czechia,2021,,2597,,,,,
dataflow,ESTAT:ENV_WASMUN(1.0),Municipal waste by waste management operations,A,Annual,RCY,Recycling,THS_T,Thousand tonnes,DE,Germany,1995,,20062,,i,value imputed by Eurostat or other receiving agencies,,
dataflow,ESTAT:ENV_WASMUN(1.0),Municipal waste by waste management operations,A,Annual,RCY,Recycling,THS_T,Thousand tonnes,DE,Germany,1996,,22172,,i,value imputed by Eurostat or other receiving agencies,,
dataflow,ESTAT:ENV_WASMUN(1.0),Municipal waste by waste management operations,A,Annual,RCY,Recycling,THS_T,Thousand tonnes,DE,Germany,1997,,23801,,i,value imputed by Eurostat or other receiving agencies,,
dataflow,ESTAT:ENV_WASMUN(1.0),Municipal waste by waste management operations,A,Annual,RCY,Recycling,THS_T,Thousand tonnes,DE,Germany,1998,,24168,,i,value imputed by Eurostat or other receiving agencies,,
dataflow,ESTAT:ENV_WASMUN(1.0),Municipal waste by waste management operations,A,Annual,RCY,Recycling,THS_T,Thousand tonnes,DE,Germany,1999,,26781,,i,value imputed by Eurostat or other receiving agencies,,
dataflow,ESTAT:ENV_WASMUN(1.0),Municipal waste by waste management operations,A,Annual,RCY,Recycling,THS_T,Thousand tonnes,DE,Germany,2000,,27732,,i,value imputed by Eurostat or other receiving agencies,,
dataflow,ESTAT:ENV_WASMUN(1.0),Municipal waste by waste management operations,A,Annual,RCY,Recycling,THS_T,Thousand tonnes,DE,Germany,2001,,27236,,i,value imputed by Eurostat or other receiving agencies,,
dataflow,ESTAT:ENV_WASMUN(1.0),Municipal waste by waste management operations,A,Annual,RCY,Recycling,THS_T,Thousand tonnes,DE,Germany,2002,,29590,,,,,
dataflow,ESTAT:ENV_WASMUN(1.0),Municipal waste by waste management operations,A,Annual,RCY,Recycling,THS_T,Thousand tonnes,DE,Germany,2003,,28676,,,,,
dataflow,ESTAT:ENV_WASMUN(1.0),Municipal waste by waste management operations,A,Annual,RCY,Recycling,THS_T,Thousand tonnes,DE,Germany,2004,,27339,,,,,
dataflow,ESTAT:ENV_WASMUN(1.0),Municipal waste by waste management operations,A,Annual,RCY,Recycling,THS_T,Thousand tonnes,DE,Germany,2005,,28367,,,,,
dataflow,ESTAT:ENV_WASMUN(1.0),Municipal waste by waste management operations,A,Annual,RCY,Recycling,THS_T,Thousand tonnes,DE,Germany,2006,,28826,,,,,
dataflow,ESTAT:ENV_WASMUN(1.0),Municipal waste by waste management operations,A,Annual,RCY,Recycling,THS_T,Thousand tonnes,DE,Germany,2007,,30264,,,,,
dataflow,ESTAT:ENV_WASMUN(1.0),Municipal waste by waste management operations,A,Annual,RCY,Recycling,THS_T,Thousand tonnes,DE,Germany,2008,,30834,,,,,
dataflow,ESTAT:ENV_WASMUN(1.0),Municipal waste by waste management operations,A,Annual,RCY,Recycling,THS_T,Thousand tonnes,DE,Germany,2009,,30592,,,,,
dataflow,ESTAT:ENV_WASMUN(1.0),Municipal waste by waste management operations,A,Annual,RCY,Recycling,THS_T,Thousand tonnes,DE,Germany,2010,,30774,,,,,
dataflow,ESTAT:ENV_WASMUN(1.0),Municipal waste by waste management operations,A,Annual,RCY,Recycling,THS_T,Thousand tonnes,DE,Germany,2011,,31633,,,,,
dataflow,ESTAT:ENV_WASMUN(1.0),Municipal waste by waste management operations,A,Annual,RCY,Recycling,THS_T,Thousand tonnes,DE,Germany,2012,,32460,,,,,
dataflow,ESTAT:ENV_WASMUN(1.0),Municipal waste by waste management operations,A,Annual,RCY,Recycling,THS_T,Thousand tonnes,DE,Germany,2013,,31630,,,,,
dataflow,ESTAT:ENV_WASMUN(1.0),Municipal waste by waste management operations,A,Annual,RCY,Recycling,THS_T,Thousand tonnes,DE,Germany,2014,,33544,,,,,
dataflow,ESTAT:ENV_WASMUN(1.0),Municipal waste by waste management operations,A,Annual,RCY,Recycling,THS_T,Thousand tonnes,DE,Germany,2015,,34453,,,,,
dataflow,ESTAT:ENV_WASMUN(1.0),Municipal waste by waste management operations,A,Annual,RCY,Recycling,THS_T,Thousand tonnes,DE,Germany,2016,,34958,,,,,
dataflow,ESTAT:ENV_WASMUN(1.0),Municipal waste by waste management operations,A,Annual,RCY,Recycling,THS_T,Thousand tonnes,DE,Germany,2017,,34784,,,,,
dataflow,ESTAT:ENV_WASMUN(1.0),Municipal waste by waste management operations,A,Annual,RCY,Recycling,THS_T,Thousand tonnes,DE,Germany,2018,,33723,,,,,
dataflow,ESTAT:ENV_WASMUN(1.0),Municipal waste by waste management operations,A,Annual,RCY,Recycling,THS_T,Thousand tonnes,DE,Germany,2019,,33735,,e,estimated,,
dataflow,ESTAT:ENV_WASMUN(1.0),Municipal waste by waste management operations,A,Annual,RCY,Recycling,THS_T,Thousand tonnes,DE,Germany,2020,,37467,,,,,
dataflow,ESTAT:ENV_WASMUN(1.0),Municipal waste by waste management operations,A,Annual,RCY,Recycling,THS_T,Thousand tonnes,DE,Germany,2021,,37519,,,,,
dataflow,ESTAT:ENV_WASMUN(1.0),Municipal waste by waste management operations,A,Annual,RCY,Recycling,THS_T,Thousand tonnes,DE,Germany,2022,,35167,,,,,
dataflow,ESTAT:ENV_WASMUN(1.0),Municipal waste by waste management operations,A,Annual,RCY,Recycling,THS_T,Thousand tonnes,DE,Germany,2023,,34402,,e,estimated,,
dataflow,ESTAT:ENV_WASMUN(1.0),Municipal waste by waste management operations,A,Annual,RCY,Recycling,THS_T,Thousand tonnes,DK,Denmark,1995,,688,,be,"break in time series, estimated",,
dataflow,ESTAT:ENV_WASMUN(1.0),Municipal waste by waste management operations,A,Annual,RCY,Recycling,THS_T,Thousand tonnes,DK,Denmark,1996,,1205,,,,,
dataflow,ESTAT:ENV_WASMUN(1.0),Municipal waste by waste management operations,A,Annual,RCY,Recycling,THS_T,Thousand tonnes,DK,Denmark,1997,,1098,,,,,
dataflow,ESTAT:ENV_WASMUN(1.0),Municipal waste by waste management operations,A,Annual,RCY,Recycling,THS_T,Thousand tonnes,DK,Denmark,1998,,1130,,,,,
dataflow,ESTAT:ENV_WASMUN(1.0),Municipal waste by waste management operations,A,Annual,RCY,Recycling,THS_T,Thousand tonnes,DK,Denmark,1999,,1296,,,,,
dataflow,ESTAT:ENV_WASMUN(1.0),Municipal waste by waste management operations,A,Annual,RCY,Recycling,THS_T,Thousand tonnes,DK,Denmark,2000,,1315,,,,,
dataflow,ESTAT:ENV_WASMUN(1.0),Municipal waste by waste management operations,A,Annual,RCY,Recycling,THS_T,Thousand tonnes,DK,Denmark,2001,,1270,,,,,
dataflow,ESTAT:ENV_WASMUN(1.0),Municipal waste by waste management operations,A,Annual,RCY,Recycling,THS_T,Thousand tonnes,DK,Denmark,2002,,1342,,,,,
dataflow,ESTAT:ENV_WASMUN(1.0),Municipal waste by waste management operations,A,Annual,RCY,Recycling,THS_T,Thousand tonnes,DK,Denmark,2003,,1479,,,,,
dataflow,ESTAT:ENV_WASMUN(1.0),Municipal waste by waste management operations,A,Annual,RCY,Recycling,THS_T,Thousand tonnes,DK,Denmark,2004,,1542,,,,,
dataflow,ESTAT:ENV_WASMUN(1.0),Municipal waste by waste management operations,A,Annual,RCY,Recycling,THS_T,Thousand tonnes,DK,Denmark,2005,,1637,,,,,
dataflow,ESTAT:ENV_WASMUN(1.0),Municipal waste by waste management operations,A,Annual,RCY,Recycling,THS_T,Thousand tonnes,DK,Denmark,2006,,1680,,,,,
dataflow,ESTAT:ENV_WASMUN(1.0),Municipal waste by waste management operations,A,Annual,RCY,Recycling,THS_T,Thousand tonnes,DK,Denmark,2007,,1906,,,,,
dataflow,ESTAT:ENV_WASMUN(1.0),Municipal waste by waste management operations,A,Annual,RCY,Recycling,THS_T,Thousand tonnes,DK,Denmark,2008,,2186,,,,,
dataflow,ESTAT:ENV_WASMUN(1.0),Municipal waste by waste management operations,A,Annual,RCY,Recycling,THS_T,Thousand tonnes,DK,Denmark,2009,,2051,,e,estimated,,
dataflow,ESTAT:ENV_WASMUN(1.0),Municipal waste by waste management operations,A,Annual,RCY,Recycling,THS_T,Thousand tonnes,DK,Denmark,2011,,2036,,b,break in time series,,
dataflow,ESTAT:ENV_WASMUN(1.0),Municipal waste by waste management operations,A,Annual,RCY,Recycling,THS_T,Thousand tonnes,DK,Denmark,2012,,1914,,,,,
dataflow,ESTAT:ENV_WASMUN(1.0),Municipal waste by waste management operations,A,Annual,RCY,Recycling,THS_T,Thousand tonnes,DK,Denmark,2013,,1975,,,,,
dataflow,ESTAT:ENV_WASMUN(1.0),Municipal waste by waste management operations,A,Annual,RCY,Recycling,THS_T,Thousand tonnes,DK,Denmark,2014,,2069,,,,,
dataflow,ESTAT:ENV_WASMUN(1.0),Municipal waste by waste management operations,A,Annual,RCY,Recycling,THS_T,Thousand tonnes,DK,Denmark,2015,,2214,,,,,
dataflow,ESTAT:ENV_WASMUN(1.0),Municipal waste by waste management operations,A,Annual,RCY,Recycling,THS_T,Thousand tonnes,DK,Denmark,2016,,2300,,,,,
dataflow,ESTAT:ENV_WASMUN(1.0),Municipal waste by waste management operations,A,Annual,RCY,Recycling,THS_T,Thousand tonnes,DK,Denmark,2017,,2251,,,,,
dataflow,ESTAT:ENV_WASMUN(1.0),Municipal waste by waste management operations,A,Annual,RCY,Recycling,THS_T,Thousand tonnes,DK,Denmark,2018,,2352,,,,,
dataflow,ESTAT:ENV_WASMUN(1.0),Municipal waste by waste management operations,A,Annual,RCY,Recycling,THS_T,Thousand tonnes,DK,Denmark,2019,,2528,,,,,
dataflow,ESTAT:ENV_WASMUN(1.0),Municipal waste by waste management operations,A,Annual,RCY,Recycling,THS_T,Thousand tonnes,DK,Denmark,2020,,2135,,,,,
dataflow,ESTAT:ENV_WASMUN(1.0),Municipal waste by waste management operations,A,Annual,RCY,Recycling,THS_T,Thousand tonnes,DK,Denmark,2021,,2592,,,,,
dataflow,ESTAT:ENV_WASMUN(1.0),Municipal waste by waste management operations,A,Annual,RCY,Recycling,THS_T,Thousand tonnes,DK,Denmark,2022,,2162,,,,,
dataflow,ESTAT:ENV_WASMUN(1.0),Municipal waste by waste management operations,A,Annual,RCY,Recycling,THS_T,Thousand tonnes,EE,Estonia,1995,,3,,,,,
dataflow,ESTAT:ENV_WASMUN(1.0),Municipal waste by waste management operations,A,Annual,RCY,Recycling,THS_T,Thousand tonnes,EE,Estonia,1996,,1,,,,,
dataflow,ESTAT:ENV_WASMUN(1.0),Municipal waste by waste management operations,A,Annual,RCY,Recycling,THS_T,Thousand tonnes,EE,Estonia,1997,,1,,,,,
dataflow,ESTAT:ENV_WASMUN(1.0),Municipal waste by waste management operations,A,Annual,RCY,Recycling,THS_T,Thousand tonnes,EE,Estonia,1998,,1,,,,,
dataflow,ESTAT:ENV_WASMUN(1.0),Municipal waste by waste management operations,A,Annual,RCY,Recycling,THS_T,Thousand tonnes,EE,Estonia,1999,,0,,,,,
dataflow,ESTAT:ENV_WASMUN(1.0),Municipal waste by waste management operations,A,Annual,RCY,Recycling,THS_T,Thousand tonnes,EE,Estonia,2000,,14,,,,,
dataflow,ESTAT:ENV_WASMUN(1.0),Municipal waste by waste management operations,A,Annual,RCY,Recycling,THS_T,Thousand tonnes,EE,Estonia,2001,,26,,,,,
dataflow,ESTAT:ENV_WASMUN(1.0),Municipal waste by waste management operations,A,Annual,RCY,Recycling,THS_T,Thousand tonnes,EE,Estonia,2002,,15,,,,,
dataflow,ESTAT:ENV_WASMUN(1.0),Municipal waste by waste management operations,A,Annual,RCY,Recycling,THS_T,Thousand tonnes,EE,Estonia,2003,,85,,,,,
dataflow,ESTAT:ENV_WASMUN(1.0),Municipal waste by waste management operations,A,Annual,RCY,Recycling,THS_T,Thousand tonnes,EE,Estonia,2004,,150,,,,,
dataflow,ESTAT:ENV_WASMUN(1.0),Municipal waste by waste management operations,A,Annual,RCY,Recycling,THS_T,Thousand tonnes,EE,Estonia,2005,,133,,,,,
dataflow,ESTAT:ENV_WASMUN(1.0),Municipal waste by waste management operations,A,Annual,RCY,Recycling,THS_T,Thousand tonnes,EE,Estonia,2006,,93,,,,,
dataflow,ESTAT:ENV_WASMUN(1.0),Municipal waste by waste management operations,A,Annual,RCY,Recycling,THS_T,Thousand tonnes,EE,Estonia,2007,,139,,,,,
dataflow,ESTAT:ENV_WASMUN(1.0),Municipal waste by waste management operations,A,Annual,RCY,Recycling,THS_T,Thousand tonnes,EE,Estonia,2008,,106,,b,break in time series,,
dataflow,ESTAT:ENV_WASMUN(1.0),Municipal waste by waste management operations,A,Annual,RCY,Recycling,THS_T,Thousand tonnes,EE,Estonia,2009,,95,,,,,
dataflow,ESTAT:ENV_WASMUN(1.0),Municipal waste by waste management operations,A,Annual,RCY,Recycling,THS_T,Thousand tonnes,EE,Estonia,2010,,73,,,,,
dataflow,ESTAT:ENV_WASMUN(1.0),Municipal waste by waste management operations,A,Annual,RCY,Recycling,THS_T,Thousand tonnes,EE,Estonia,2011,,93,,,,,
dataflow,ESTAT:ENV_WASMUN(1.0),Municipal waste by waste management operations,A,Annual,RCY,Recycling,THS_T,Thousand tonnes,EE,Estonia,2012,,71,,,,,
dataflow,ESTAT:ENV_WASMUN(1.0),Municipal waste by waste management operations,A,Annual,RCY,Recycling,THS_T,Thousand tonnes,EE,Estonia,2013,,68,,,,,
dataflow,ESTAT:ENV_WASMUN(1.0),Municipal waste by waste management operations,A,Annual,RCY,Recycling,THS_T,Thousand tonnes,EE,Estonia,2014,,146,,,,,
dataflow,ESTAT:ENV_WASMUN(1.0),Municipal waste by waste management operations,A,Annual,RCY,Recycling,THS_T,Thousand tonnes,EE,Estonia,2015,,134,,,,,
dataflow,ESTAT:ENV_WASMUN(1.0),Municipal waste by waste management operations,A,Annual,RCY,Recycling,THS_T,Thousand tonnes,EE,Estonia,2016,,138,,,,,
dataflow,ESTAT:ENV_WASMUN(1.0),Municipal waste by waste management operations,A,Annual,RCY,Recycling,THS_T,Thousand tonnes,EE,Estonia,2017,,145,,,,,
dataflow,ESTAT:ENV_WASMUN(1.0),Municipal waste by waste management operations,A,Annual,RCY,Recycling,THS_T,Thousand tonnes,EE,Estonia,2018,,150,,,,,
dataflow,ESTAT:ENV_WASMUN(1.0),Municipal waste by waste management operations,A,Annual,RCY,Recycling,THS_T,Thousand tonnes,EE,Estonia,2019,,151,,,,,
dataflow,ESTAT:ENV_WASMUN(1.0),Municipal waste by waste management operations,A,Annual,RCY,Recycling,THS_T,Thousand tonnes,EE,Estonia,2020,,147,,,,,
dataflow,ESTAT:ENV_WASMUN(1.0),Municipal waste by waste management operations,A,Annual,RCY,Recycling,THS_T,Thousand tonnes,EE,Estonia,2021,,159,,,,,
dataflow,ESTAT:ENV_WASMUN(1.0),Municipal waste by waste management operations,A,Annual,RCY,Recycling,THS_T,Thousand tonnes,EE,Estonia,2022,,167,,,,,
dataflow,ESTAT:ENV_WASMUN(1.0),Municipal waste by waste management operations,A,Annual,RCY,Recycling,THS_T,Thousand tonnes,EE,Estonia,2023,,243,,,,,
dataflow,ESTAT:ENV_WASMUN(1.0),Municipal waste by waste management operations,A,Annual,RCY,Recycling,THS_T,Thousand tonnes,EL,Greece,1997,,360,,,,,
dataflow,ESTAT:ENV_WASMUN(1.0),Municipal waste by waste management operations,A,Annual,RCY,Recycling,THS_T,Thousand tonnes,EL,Greece,1998,,363,,,,,
dataflow,ESTAT:ENV_WASMUN(1.0),Municipal waste by waste management operations,A,Annual,RCY,Recycling,THS_T,Thousand tonnes,EL,Greece,1999,,378,,,,,
dataflow,ESTAT:ENV_WASMUN(1.0),Municipal waste by waste management operations,A,Annual,RCY,Recycling,THS_T,Thousand tonnes,EL,Greece,2000,,391,,,,,
dataflow,ESTAT:ENV_WASMUN(1.0),Municipal waste by waste management operations,A,Annual,RCY,Recycling,THS_T,Thousand tonnes,EL,Greece,2001,,402,,,,,
dataflow,ESTAT:ENV_WASMUN(1.0),Municipal waste by waste management operations,A,Annual,RCY,Recycling,THS_T,Thousand tonnes,EL,Greece,2002,,407,,,,,
dataflow,ESTAT:ENV_WASMUN(1.0),Municipal waste by waste management operations,A,Annual,RCY,Recycling,THS_T,Thousand tonnes,EL,Greece,2003,,382,,,,,
dataflow,ESTAT:ENV_WASMUN(1.0),Municipal waste by waste management operations,A,Annual,RCY,Recycling,THS_T,Thousand tonnes,EL,Greece,2004,,483,,,,,
dataflow,ESTAT:ENV_WASMUN(1.0),Municipal waste by waste management operations,A,Annual,RCY,Recycling,THS_T,Thousand tonnes,EL,Greece,2005,,573,,,,,
dataflow,ESTAT:ENV_WASMUN(1.0),Municipal waste by waste management operations,A,Annual,RCY,Recycling,THS_T,Thousand tonnes,EL,Greece,2006,,632,,,,,
dataflow,ESTAT:ENV_WASMUN(1.0),Municipal waste by waste management operations,A,Annual,RCY,Recycling,THS_T,Thousand tonnes,EL,Greece,2007,,1002,,,,,
dataflow,ESTAT:ENV_WASMUN(1.0),Municipal waste by waste management operations,A,Annual,RCY,Recycling,THS_T,Thousand tonnes,EL,Greece,2008,,897,,,,,
dataflow,ESTAT:ENV_WASMUN(1.0),Municipal waste by waste management operations,A,Annual,RCY,Recycling,THS_T,Thousand tonnes,EL,Greece,2009,,973,,,,,
dataflow,ESTAT:ENV_WASMUN(1.0),Municipal waste by waste management operations,A,Annual,RCY,Recycling,THS_T,Thousand tonnes,EL,Greece,2010,,1014,,,,,
dataflow,ESTAT:ENV_WASMUN(1.0),Municipal waste by waste management operations,A,Annual,RCY,Recycling,THS_T,Thousand tonnes,EL,Greece,2011,,992,,,,,
dataflow,ESTAT:ENV_WASMUN(1.0),Municipal waste by waste management operations,A,Annual,RCY,Recycling,THS_T,Thousand tonnes,EL,Greece,2012,,927,,,,,
dataflow,ESTAT:ENV_WASMUN(1.0),Municipal waste by waste management operations,A,Annual,RCY,Recycling,THS_T,Thousand tonnes,EL,Greece,2013,,834,,,,,
dataflow,ESTAT:ENV_WASMUN(1.0),Municipal waste by waste management operations,A,Annual,RCY,Recycling,THS_T,Thousand tonnes,EL,Greece,2014,,820,,,,,
dataflow,ESTAT:ENV_WASMUN(1.0),Municipal waste by waste management operations,A,Annual,RCY,Recycling,THS_T,Thousand tonnes,EL,Greece,2015,,833,,,,,
dataflow,ESTAT:ENV_WASMUN(1.0),Municipal waste by waste management operations,A,Annual,RCY,Recycling,THS_T,Thousand tonnes,EL,Greece,2016,,925,,,,,
dataflow,ESTAT:ENV_WASMUN(1.0),Municipal waste by waste management operations,A,Annual,RCY,Recycling,THS_T,Thousand tonnes,EL,Greece,2017,,1022,,,,,
dataflow,ESTAT:ENV_WASMUN(1.0),Municipal waste by waste management operations,A,Annual,RCY,Recycling,THS_T,Thousand tonnes,EL,Greece,2018,,1110,,,,,
dataflow,ESTAT:ENV_WASMUN(1.0),Municipal waste by waste management operations,A,Annual,RCY,Recycling,THS_T,Thousand tonnes,EL,Greece,2019,,1180,,,,,
dataflow,ESTAT:ENV_WASMUN(1.0),Municipal waste by waste management operations,A,Annual,RCY,Recycling,THS_T,Thousand tonnes,EL,Greece,2020,,963,,,,,
dataflow,ESTAT:ENV_WASMUN(1.0),Municipal waste by waste management operations,A,Annual,RCY,Recycling,THS_T,Thousand tonnes,EL,Greece,2021,,941,,,,,
dataflow,ESTAT:ENV_WASMUN(1.0),Municipal waste by waste management operations,A,Annual,RCY,Recycling,THS_T,Thousand tonnes,EL,Greece,2022,,937,,,,,
dataflow,ESTAT:ENV_WASMUN(1.0),Municipal waste by waste management operations,A,Annual,RCY,Recycling,THS_T,Thousand tonnes,ES,Spain,1995,,1415,,,,,
dataflow,ESTAT:ENV_WASMUN(1.0),Municipal waste by waste management operations,A,Annual,RCY,Recycling,THS_T,Thousand tonnes,ES,Spain,1996,,1640,,,,,
dataflow,ESTAT:ENV_WASMUN(1.0),Municipal waste by waste management operations,A,Annual,RCY,Recycling,THS_T,Thousand tonnes,ES,Spain,1997,,1860,,,,,
dataflow,ESTAT:ENV_WASMUN(1.0),Municipal waste by waste management operations,A,Annual,RCY,Recycling,THS_T,Thousand tonnes,ES,Spain,1998,,2067,,,,,
dataflow,ESTAT:ENV_WASMUN(1.0),Municipal waste by waste management operations,A,Annual,RCY,Recycling,THS_T,Thousand tonnes,ES,Spain,1999,,3475,,,,,
dataflow,ESTAT:ENV_WASMUN(1.0),Municipal waste by waste management operations,A,Annual,RCY,Recycling,THS_T,Thousand tonnes,ES,Spain,2000,,4884,,,,,
dataflow,ESTAT:ENV_WASMUN(1.0),Municipal waste by waste management operations,A,Annual,RCY,Recycling,THS_T,Thousand tonnes,ES,Spain,2001,,5702,,,,,
dataflow,ESTAT:ENV_WASMUN(1.0),Municipal waste by waste management operations,A,Annual,RCY,Recycling,THS_T,Thousand tonnes,ES,Spain,2002,,7725,,,,,
dataflow,ESTAT:ENV_WASMUN(1.0),Municipal waste by waste management operations,A,Annual,RCY,Recycling,THS_T,Thousand tonnes,ES,Spain,2003,,7835,,,,,
dataflow,ESTAT:ENV_WASMUN(1.0),Municipal waste by waste management operations,A,Annual,RCY,Recycling,THS_T,Thousand tonnes,ES,Spain,2004,,7950,,,,,
dataflow,ESTAT:ENV_WASMUN(1.0),Municipal waste by waste management operations,A,Annual,RCY,Recycling,THS_T,Thousand tonnes,ES,Spain,2005,,8055,,,,,
dataflow,ESTAT:ENV_WASMUN(1.0),Municipal waste by waste management operations,A,Annual,RCY,Recycling,THS_T,Thousand tonnes,ES,Spain,2006,,8169,,,,,
dataflow,ESTAT:ENV_WASMUN(1.0),Municipal waste by waste management operations,A,Annual,RCY,Recycling,THS_T,Thousand tonnes,ES,Spain,2007,,7994,,,,,
dataflow,ESTAT:ENV_WASMUN(1.0),Municipal waste by waste management operations,A,Annual,RCY,Recycling,THS_T,Thousand tonnes,ES,Spain,2008,,10056,,,,,
dataflow,ESTAT:ENV_WASMUN(1.0),Municipal waste by waste management operations,A,Annual,RCY,Recycling,THS_T,Thousand tonnes,ES,Spain,2009,,8327,,,,,
dataflow,ESTAT:ENV_WASMUN(1.0),Municipal waste by waste management operations,A,Annual,RCY,Recycling,THS_T,Thousand tonnes,ES,Spain,2010,,6942,,,,,
dataflow,ESTAT:ENV_WASMUN(1.0),Municipal waste by waste management operations,A,Annual,RCY,Recycling,THS_T,Thousand tonnes,ES,Spain,2011,,6054,,,,,
dataflow,ESTAT:ENV_WASMUN(1.0),Municipal waste by waste management operations,A,Annual,RCY,Recycling,THS_T,Thousand tonnes,ES,Spain,2012,,6522,,,,,
dataflow,ESTAT:ENV_WASMUN(1.0),Municipal waste by waste management operations,A,Annual,RCY,Recycling,THS_T,Thousand tonnes,ES,Spain,2013,,6891,,,,,
dataflow,ESTAT:ENV_WASMUN(1.0),Municipal waste by waste management operations,A,Annual,RCY,Recycling,THS_T,Thousand tonnes,ES,Spain,2014,,6420,,,,,
dataflow,ESTAT:ENV_WASMUN(1.0),Municipal waste by waste management operations,A,Annual,RCY,Recycling,THS_T,Thousand tonnes,ES,Spain,2015,,6344,,,,,
dataflow,ESTAT:ENV_WASMUN(1.0),Municipal waste by waste management operations,A,Annual,RCY,Recycling,THS_T,Thousand tonnes,ES,Spain,2016,,7295,,,,,
dataflow,ESTAT:ENV_WASMUN(1.0),Municipal waste by waste management operations,A,Annual,RCY,Recycling,THS_T,Thousand tonnes,ES,Spain,2017,,7951,,,,,
dataflow,ESTAT:ENV_WASMUN(1.0),Municipal waste by waste management operations,A,Annual,RCY,Recycling,THS_T,Thousand tonnes,ES,Spain,2018,,7732,,,,,
dataflow,ESTAT:ENV_WASMUN(1.0),Municipal waste by waste management operations,A,Annual,RCY,Recycling,THS_T,Thousand tonnes,ES,Spain,2019,,8451,,,,,
dataflow,ESTAT:ENV_WASMUN(1.0),Municipal waste by waste management operations,A,Annual,RCY,Recycling,THS_T,Thousand tonnes,ES,Spain,2020,,8858,,,,,
dataflow,ESTAT:ENV_WASMUN(1.0),Municipal waste by waste management operations,A,Annual,RCY,Recycling,THS_T,Thousand tonnes,ES,Spain,2021,,9992,,,,,
dataflow,ESTAT:ENV_WASMUN(1.0),Municipal waste by waste management operations,A,Annual,RCY,Recycling,THS_T,Thousand tonnes,ES,Spain,2022,,9885,,p,provisional,,
dataflow,ESTAT:ENV_WASMUN(1.0),Municipal waste by waste management operations,A,Annual,RCY,Recycling,THS_T,Thousand tonnes,ES,Spain,2023,,9323,,e,estimated,,
dataflow,ESTAT:ENV_WASMUN(1.0),Municipal waste by waste management operations,A,Annual,RCY,Recycling,THS_T,Thousand tonnes,EU27_2020,European Union - 27 countries (from 2020),1995,,37221,,i,value imputed by Eurostat or other receiving agencies,,
dataflow,ESTAT:ENV_WASMUN(1.0),Municipal waste by waste management operations,A,Annual,RCY,Recycling,THS_T,Thousand tonnes,EU27_2020,European Union - 27 countries (from 2020),1996,,42444,,i,value imputed by Eurostat or other receiving agencies,,
dataflow,ESTAT:ENV_WASMUN(1.0),Municipal waste by waste management operations,A,Annual,RCY,Recycling,THS_T,Thousand tonnes,EU27_2020,European Union - 27 countries (from 2020),1997,,46959,,i,value imputed by Eurostat or other receiving agencies,,
dataflow,ESTAT:ENV_WASMUN(1.0),Municipal waste by waste management operations,A,Annual,RCY,Recycling,THS_T,Thousand tonnes,EU27_2020,European Union - 27 countries (from 2020),1998,,50109,,i,value imputed by Eurostat or other receiving agencies,,
dataflow,ESTAT:ENV_WASMUN(1.0),Municipal waste by waste management operations,A,Annual,RCY,Recycling,THS_T,Thousand tonnes,EU27_2020,European Union - 27 countries (from 2020),1999,,55732,,i,value imputed by Eurostat or other receiving agencies,,
dataflow,ESTAT:ENV_WASMUN(1.0),Municipal waste by waste management operations,A,Annual,RCY,Recycling,THS_T,Thousand tonnes,EU27_2020,European Union - 27 countries (from 2020),2000,,60174,,i,value imputed by Eurostat or other receiving agencies,,
dataflow,ESTAT:ENV_WASMUN(1.0),Municipal waste by waste management operations,A,Annual,RCY,Recycling,THS_T,Thousand tonnes,EU27_2020,European Union - 27 countries (from 2020),2001,,62744,,i,value imputed by Eurostat or other receiving agencies,,
dataflow,ESTAT:ENV_WASMUN(1.0),Municipal waste by waste management operations,A,Annual,RCY,Recycling,THS_T,Thousand tonnes,EU27_2020,European Union - 27 countries (from 2020),2002,,67437,,,,,
dataflow,ESTAT:ENV_WASMUN(1.0),Municipal waste by waste management operations,A,Annual,RCY,Recycling,THS_T,Thousand tonnes,EU27_2020,European Union - 27 countries (from 2020),2003,,67560,,,,,
dataflow,ESTAT:ENV_WASMUN(1.0),Municipal waste by waste management operations,A,Annual,RCY,Recycling,THS_T,Thousand tonnes,EU27_2020,European Union - 27 countries (from 2020),2004,,68997,,i,value imputed by Eurostat or other receiving agencies,,
dataflow,ESTAT:ENV_WASMUN(1.0),Municipal waste by waste management operations,A,Annual,RCY,Recycling,THS_T,Thousand tonnes,EU27_2020,European Union - 27 countries (from 2020),2005,,71598,,i,value imputed by Eurostat or other receiving agencies,,
dataflow,ESTAT:ENV_WASMUN(1.0),Municipal waste by waste management operations,A,Annual,RCY,Recycling,THS_T,Thousand tonnes,EU27_2020,European Union - 27 countries (from 2020),2006,,74239,,i,value imputed by Eurostat or other receiving agencies,,
dataflow,ESTAT:ENV_WASMUN(1.0),Municipal waste by waste management operations,A,Annual,RCY,Recycling,THS_T,Thousand tonnes,EU27_2020,European Union - 27 countries (from 2020),2007,,79817,,,,,
dataflow,ESTAT:ENV_WASMUN(1.0),Municipal waste by waste management operations,A,Annual,RCY,Recycling,THS_T,Thousand tonnes,EU27_2020,European Union - 27 countries (from 2020),2008,,83147,,,,,
dataflow,ESTAT:ENV_WASMUN(1.0),Municipal waste by waste management operations,A,Annual,RCY,Recycling,THS_T,Thousand tonnes,EU27_2020,European Union - 27 countries (from 2020),2009,,83803,,,,,
dataflow,ESTAT:ENV_WASMUN(1.0),Municipal waste by waste management operations,A,Annual,RCY,Recycling,THS_T,Thousand tonnes,EU27_2020,European Union - 27 countries (from 2020),2010,,84317,,,,,
dataflow,ESTAT:ENV_WASMUN(1.0),Municipal waste by waste management operations,A,Annual,RCY,Recycling,THS_T,Thousand tonnes,EU27_2020,European Union - 27 countries (from 2020),2011,,85460,,,,,
dataflow,ESTAT:ENV_WASMUN(1.0),Municipal waste by waste management operations,A,Annual,RCY,Recycling,THS_T,Thousand tonnes,EU27_2020,European Union - 27 countries (from 2020),2012,,87856,,,,,
dataflow,ESTAT:ENV_WASMUN(1.0),Municipal waste by waste management operations,A,Annual,RCY,Recycling,THS_T,Thousand tonnes,EU27_2020,European Union - 27 countries (from 2020),2013,,87815,,,,,
dataflow,ESTAT:ENV_WASMUN(1.0),Municipal waste by waste management operations,A,Annual,RCY,Recycling,THS_T,Thousand tonnes,EU27_2020,European Union - 27 countries (from 2020),2014,,91948,,,,,
dataflow,ESTAT:ENV_WASMUN(1.0),Municipal waste by waste management operations,A,Annual,RCY,Recycling,THS_T,Thousand tonnes,EU27_2020,European Union - 27 countries (from 2020),2015,,95801,,,,,
dataflow,ESTAT:ENV_WASMUN(1.0),Municipal waste by waste management operations,A,Annual,RCY,Recycling,THS_T,Thousand tonnes,EU27_2020,European Union - 27 countries (from 2020),2016,,100801,,,,,
dataflow,ESTAT:ENV_WASMUN(1.0),Municipal waste by waste management operations,A,Annual,RCY,Recycling,THS_T,Thousand tonnes,EU27_2020,European Union - 27 countries (from 2020),2017,,102935,,,,,
dataflow,ESTAT:ENV_WASMUN(1.0),Municipal waste by waste management operations,A,Annual,RCY,Recycling,THS_T,Thousand tonnes,EU27_2020,European Union - 27 countries (from 2020),2018,,103610,,,,,
dataflow,ESTAT:ENV_WASMUN(1.0),Municipal waste by waste management operations,A,Annual,RCY,Recycling,THS_T,Thousand tonnes,EU27_2020,European Union - 27 countries (from 2020),2019,,106279,,i,value imputed by Eurostat or other receiving agencies,,
dataflow,ESTAT:ENV_WASMUN(1.0),Municipal waste by waste management operations,A,Annual,RCY,Recycling,THS_T,Thousand tonnes,EU27_2020,European Union - 27 countries (from 2020),2020,,113719,,,,,
dataflow,ESTAT:ENV_WASMUN(1.0),Municipal waste by waste management operations,A,Annual,RCY,Recycling,THS_T,Thousand tonnes,EU27_2020,European Union - 27 countries (from 2020),2021,,118810,,i,value imputed by Eurostat or other receiving agencies,,
dataflow,ESTAT:ENV_WASMUN(1.0),Municipal waste by waste management operations,A,Annual,RCY,Recycling,THS_T,Thousand tonnes,EU27_2020,European Union - 27 countries (from 2020),2022,,113100,,i,value imputed by Eurostat or other receiving agencies,,
dataflow,ESTAT:ENV_WASMUN(1.0),Municipal waste by waste management operations,A,Annual,RCY,Recycling,THS_T,Thousand tonnes,EU27_2020,European Union - 27 countries (from 2020),2023,,110518,,i,value imputed by Eurostat or other receiving agencies,,
dataflow,ESTAT:ENV_WASMUN(1.0),Municipal waste by waste management operations,A,Annual,RCY,Recycling,THS_T,Thousand tonnes,FI,Finland,1995,,709,,,,,
dataflow,ESTAT:ENV_WASMUN(1.0),Municipal waste by waste management operations,A,Annual,RCY,Recycling,THS_T,Thousand tonnes,FI,Finland,1996,,706,,,,,
dataflow,ESTAT:ENV_WASMUN(1.0),Municipal waste by waste management operations,A,Annual,RCY,Recycling,THS_T,Thousand tonnes,FI,Finland,1997,,773,,,,,
dataflow,ESTAT:ENV_WASMUN(1.0),Municipal waste by waste management operations,A,Annual,RCY,Recycling,THS_T,Thousand tonnes,FI,Finland,1998,,807,,,,,
dataflow,ESTAT:ENV_WASMUN(1.0),Municipal waste by waste management operations,A,Annual,RCY,Recycling,THS_T,Thousand tonnes,FI,Finland,1999,,840,,,,,
dataflow,ESTAT:ENV_WASMUN(1.0),Municipal waste by waste management operations,A,Annual,RCY,Recycling,THS_T,Thousand tonnes,FI,Finland,2000,,874,,,,,
dataflow,ESTAT:ENV_WASMUN(1.0),Municipal waste by waste management operations,A,Annual,RCY,Recycling,THS_T,Thousand tonnes,FI,Finland,2001,,811,,,,,
dataflow,ESTAT:ENV_WASMUN(1.0),Municipal waste by waste management operations,A,Annual,RCY,Recycling,THS_T,Thousand tonnes,FI,Finland,2002,,801,,,,,
dataflow,ESTAT:ENV_WASMUN(1.0),Municipal waste by waste management operations,A,Annual,RCY,Recycling,THS_T,Thousand tonnes,FI,Finland,2003,,816,,,,,
dataflow,ESTAT:ENV_WASMUN(1.0),Municipal waste by waste management operations,A,Annual,RCY,Recycling,THS_T,Thousand tonnes,FI,Finland,2004,,825,,,,,
dataflow,ESTAT:ENV_WASMUN(1.0),Municipal waste by waste management operations,A,Annual,RCY,Recycling,THS_T,Thousand tonnes,FI,Finland,2005,,842,,,,,
dataflow,ESTAT:ENV_WASMUN(1.0),Municipal waste by waste management operations,A,Annual,RCY,Recycling,THS_T,Thousand tonnes,FI,Finland,2006,,874,,,,,
dataflow,ESTAT:ENV_WASMUN(1.0),Municipal waste by waste management operations,A,Annual,RCY,Recycling,THS_T,Thousand tonnes,FI,Finland,2007,,953,,,,,
dataflow,ESTAT:ENV_WASMUN(1.0),Municipal waste by waste management operations,A,Annual,RCY,Recycling,THS_T,Thousand tonnes,FI,Finland,2008,,949,,,,,
dataflow,ESTAT:ENV_WASMUN(1.0),Municipal waste by waste management operations,A,Annual,RCY,Recycling,THS_T,Thousand tonnes,FI,Finland,2009,,920,,,,,
dataflow,ESTAT:ENV_WASMUN(1.0),Municipal waste by waste management operations,A,Annual,RCY,Recycling,THS_T,Thousand tonnes,FI,Finland,2010,,827,,,,,
dataflow,ESTAT:ENV_WASMUN(1.0),Municipal waste by waste management operations,A,Annual,RCY,Recycling,THS_T,Thousand tonnes,FI,Finland,2011,,947,,,,,
dataflow,ESTAT:ENV_WASMUN(1.0),Municipal waste by waste management operations,A,Annual,RCY,Recycling,THS_T,Thousand tonnes,FI,Finland,2012,,912,,,,,
dataflow,ESTAT:ENV_WASMUN(1.0),Municipal waste by waste management operations,A,Annual,RCY,Recycling,THS_T,Thousand tonnes,FI,Finland,2013,,872,,,,,
dataflow,ESTAT:ENV_WASMUN(1.0),Municipal waste by waste management operations,A,Annual,RCY,Recycling,THS_T,Thousand tonnes,FI,Finland,2014,,856,,,,,
dataflow,ESTAT:ENV_WASMUN(1.0),Municipal waste by waste management operations,A,Annual,RCY,Recycling,THS_T,Thousand tonnes,FI,Finland,2015,,1111,,b,break in time series,,
dataflow,ESTAT:ENV_WASMUN(1.0),Municipal waste by waste management operations,A,Annual,RCY,Recycling,THS_T,Thousand tonnes,FI,Finland,2016,,1164,,,,,
dataflow,ESTAT:ENV_WASMUN(1.0),Municipal waste by waste management operations,A,Annual,RCY,Recycling,THS_T,Thousand tonnes,FI,Finland,2017,,1140,,,,,
dataflow,ESTAT:ENV_WASMUN(1.0),Municipal waste by waste management operations,A,Annual,RCY,Recycling,THS_T,Thousand tonnes,FI,Finland,2018,,1286,,,,,
dataflow,ESTAT:ENV_WASMUN(1.0),Municipal waste by waste management operations,A,Annual,RCY,Recycling,THS_T,Thousand tonnes,FI,Finland,2019,,1357,,,,,
dataflow,ESTAT:ENV_WASMUN(1.0),Municipal waste by waste management operations,A,Annual,RCY,Recycling,THS_T,Thousand tonnes,FI,Finland,2020,,1419,,,,,
dataflow,ESTAT:ENV_WASMUN(1.0),Municipal waste by waste management operations,A,Annual,RCY,Recycling,THS_T,Thousand tonnes,FI,Finland,2021,,1361,,,,,
dataflow,ESTAT:ENV_WASMUN(1.0),Municipal waste by waste management operations,A,Annual,RCY,Recycling,THS_T,Thousand tonnes,FI,Finland,2022,,1266,,,,,
dataflow,ESTAT:ENV_WASMUN(1.0),Municipal waste by waste management operations,A,Annual,RCY,Recycling,THS_T,Thousand tonnes,FI,Finland,2023,,1170,,,,,
dataflow,ESTAT:ENV_WASMUN(1.0),Municipal waste by waste management operations,A,Annual,RCY,Recycling,THS_T,Thousand tonnes,FR,France,1995,,5012,,,,,
dataflow,ESTAT:ENV_WASMUN(1.0),Municipal waste by waste management operations,A,Annual,RCY,Recycling,THS_T,Thousand tonnes,FR,France,1996,,5405,,,,,
dataflow,ESTAT:ENV_WASMUN(1.0),Municipal waste by waste management operations,A,Annual,RCY,Recycling,THS_T,Thousand tonnes,FR,France,1997,,5934,,,,,
dataflow,ESTAT:ENV_WASMUN(1.0),Municipal waste by waste management operations,A,Annual,RCY,Recycling,THS_T,Thousand tonnes,FR,France,1998,,6627,,,,,
dataflow,ESTAT:ENV_WASMUN(1.0),Municipal waste by waste management operations,A,Annual,RCY,Recycling,THS_T,Thousand tonnes,FR,France,1999,,7002,,,,,
dataflow,ESTAT:ENV_WASMUN(1.0),Municipal waste by waste management operations,A,Annual,RCY,Recycling,THS_T,Thousand tonnes,FR,France,2000,,7666,,,,,
dataflow,ESTAT:ENV_WASMUN(1.0),Municipal waste by waste management operations,A,Annual,RCY,Recycling,THS_T,Thousand tonnes,FR,France,2001,,8404,,,,,
dataflow,ESTAT:ENV_WASMUN(1.0),Municipal waste by waste management operations,A,Annual,RCY,Recycling,THS_T,Thousand tonnes,FR,France,2002,,8923,,,,,
dataflow,ESTAT:ENV_WASMUN(1.0),Municipal waste by waste management operations,A,Annual,RCY,Recycling,THS_T,Thousand tonnes,FR,France,2003,,8794,,,,,
dataflow,ESTAT:ENV_WASMUN(1.0),Municipal waste by waste management operations,A,Annual,RCY,Recycling,THS_T,Thousand tonnes,FR,France,2004,,9393,,,,,
dataflow,ESTAT:ENV_WASMUN(1.0),Municipal waste by waste management operations,A,Annual,RCY,Recycling,THS_T,Thousand tonnes,FR,France,2005,,9674,,,,,
dataflow,ESTAT:ENV_WASMUN(1.0),Municipal waste by waste management operations,A,Annual,RCY,Recycling,THS_T,Thousand tonnes,FR,France,2006,,10418,,e,estimated,,
dataflow,ESTAT:ENV_WASMUN(1.0),Municipal waste by waste management operations,A,Annual,RCY,Recycling,THS_T,Thousand tonnes,FR,France,2007,,11163,,,,,
dataflow,ESTAT:ENV_WASMUN(1.0),Municipal waste by waste management operations,A,Annual,RCY,Recycling,THS_T,Thousand tonnes,FR,France,2008,,11657,,e,estimated,,
dataflow,ESTAT:ENV_WASMUN(1.0),Municipal waste by waste management operations,A,Annual,RCY,Recycling,THS_T,Thousand tonnes,FR,France,2009,,12150,,,,,
dataflow,ESTAT:ENV_WASMUN(1.0),Municipal waste by waste management operations,A,Annual,RCY,Recycling,THS_T,Thousand tonnes,FR,France,2010,,12473,,e,estimated,,
dataflow,ESTAT:ENV_WASMUN(1.0),Municipal waste by waste management operations,A,Annual,RCY,Recycling,THS_T,Thousand tonnes,FR,France,2011,,12794,,,,,
dataflow,ESTAT:ENV_WASMUN(1.0),Municipal waste by waste management operations,A,Annual,RCY,Recycling,THS_T,Thousand tonnes,FR,France,2012,,13012,,e,estimated,,
dataflow,ESTAT:ENV_WASMUN(1.0),Municipal waste by waste management operations,A,Annual,RCY,Recycling,THS_T,Thousand tonnes,FR,France,2013,,13230,,,,,
dataflow,ESTAT:ENV_WASMUN(1.0),Municipal waste by waste management operations,A,Annual,RCY,Recycling,THS_T,Thousand tonnes,FR,France,2014,,13612,,e,estimated,,
dataflow,ESTAT:ENV_WASMUN(1.0),Municipal waste by waste management operations,A,Annual,RCY,Recycling,THS_T,Thousand tonnes,FR,France,2015,,13994,,,,,
dataflow,ESTAT:ENV_WASMUN(1.0),Municipal waste by waste management operations,A,Annual,RCY,Recycling,THS_T,Thousand tonnes,FR,France,2016,,14661,,e,estimated,,
dataflow,ESTAT:ENV_WASMUN(1.0),Municipal waste by waste management operations,A,Annual,RCY,Recycling,THS_T,Thousand tonnes,FR,France,2017,,15005,,e,estimated,,
dataflow,ESTAT:ENV_WASMUN(1.0),Municipal waste by waste management operations,A,Annual,RCY,Recycling,THS_T,Thousand tonnes,FR,France,2018,,15227,,e,estimated,,
dataflow,ESTAT:ENV_WASMUN(1.0),Municipal waste by waste management operations,A,Annual,RCY,Recycling,THS_T,Thousand tonnes,FR,France,2019,,15354,,e,estimated,,
dataflow,ESTAT:ENV_WASMUN(1.0),Municipal waste by waste management operations,A,Annual,RCY,Recycling,THS_T,Thousand tonnes,FR,France,2020,,15178,,e,estimated,,
dataflow,ESTAT:ENV_WASMUN(1.0),Municipal waste by waste management operations,A,Annual,RCY,Recycling,THS_T,Thousand tonnes,FR,France,2021,,16746,,,,,
dataflow,ESTAT:ENV_WASMUN(1.0),Municipal waste by waste management operations,A,Annual,RCY,Recycling,THS_T,Thousand tonnes,FR,France,2022,,15015,,ep,"estimated, provisional",,
dataflow,ESTAT:ENV_WASMUN(1.0),Municipal waste by waste management operations,A,Annual,RCY,Recycling,THS_T,Thousand tonnes,FR,France,2023,,15280,,ep,"estimated, provisional",,
dataflow,ESTAT:ENV_WASMUN(1.0),Municipal waste by waste management operations,A,Annual,RCY,Recycling,THS_T,Thousand tonnes,HR,Croatia,2007,,55,,,,,
dataflow,ESTAT:ENV_WASMUN(1.0),Municipal waste by waste management operations,A,Annual,RCY,Recycling,THS_T,Thousand tonnes,HR,Croatia,2008,,49,,,,,
dataflow,ESTAT:ENV_WASMUN(1.0),Municipal waste by waste management operations,A,Annual,RCY,Recycling,THS_T,Thousand tonnes,HR,Croatia,2009,,41,,,,,
dataflow,ESTAT:ENV_WASMUN(1.0),Municipal waste by waste management operations,A,Annual,RCY,Recycling,THS_T,Thousand tonnes,HR,Croatia,2010,,67,,,,,
dataflow,ESTAT:ENV_WASMUN(1.0),Municipal waste by waste management operations,A,Annual,RCY,Recycling,THS_T,Thousand tonnes,HR,Croatia,2011,,137,,,,,
dataflow,ESTAT:ENV_WASMUN(1.0),Municipal waste by waste management operations,A,Annual,RCY,Recycling,THS_T,Thousand tonnes,HR,Croatia,2012,,245,,,,,
dataflow,ESTAT:ENV_WASMUN(1.0),Municipal waste by waste management operations,A,Annual,RCY,Recycling,THS_T,Thousand tonnes,HR,Croatia,2013,,257,,,,,
dataflow,ESTAT:ENV_WASMUN(1.0),Municipal waste by waste management operations,A,Annual,RCY,Recycling,THS_T,Thousand tonnes,HR,Croatia,2014,,269,,,,,
dataflow,ESTAT:ENV_WASMUN(1.0),Municipal waste by waste management operations,A,Annual,RCY,Recycling,THS_T,Thousand tonnes,HR,Croatia,2015,,298,,,,,
dataflow,ESTAT:ENV_WASMUN(1.0),Municipal waste by waste management operations,A,Annual,RCY,Recycling,THS_T,Thousand tonnes,HR,Croatia,2016,,353,,,,,
dataflow,ESTAT:ENV_WASMUN(1.0),Municipal waste by waste management operations,A,Annual,RCY,Recycling,THS_T,Thousand tonnes,HR,Croatia,2017,,405,,,,,
dataflow,ESTAT:ENV_WASMUN(1.0),Municipal waste by waste management operations,A,Annual,RCY,Recycling,THS_T,Thousand tonnes,HR,Croatia,2018,,447,,,,,
dataflow,ESTAT:ENV_WASMUN(1.0),Municipal waste by waste management operations,A,Annual,RCY,Recycling,THS_T,Thousand tonnes,HR,Croatia,2019,,547,,,,,
dataflow,ESTAT:ENV_WASMUN(1.0),Municipal waste by waste management operations,A,Annual,RCY,Recycling,THS_T,Thousand tonnes,HR,Croatia,2020,,499,,,,,
dataflow,ESTAT:ENV_WASMUN(1.0),Municipal waste by waste management operations,A,Annual,RCY,Recycling,THS_T,Thousand tonnes,HR,Croatia,2021,,555,,,,,
dataflow,ESTAT:ENV_WASMUN(1.0),Municipal waste by waste management operations,A,Annual,RCY,Recycling,THS_T,Thousand tonnes,HR,Croatia,2022,,631,,,,,
dataflow,ESTAT:ENV_WASMUN(1.0),Municipal waste by waste management operations,A,Annual,RCY,Recycling,THS_T,Thousand tonnes,HR,Croatia,2023,,660,,,,,
dataflow,ESTAT:ENV_WASMUN(1.0),Municipal waste by waste management operations,A,Annual,RCY,Recycling,THS_T,Thousand tonnes,HU,Hungary,1995,,76,,,,,
dataflow,ESTAT:ENV_WASMUN(1.0),Municipal waste by waste management operations,A,Annual,RCY,Recycling,THS_T,Thousand tonnes,HU,Hungary,1996,,78,,,,,
dataflow,ESTAT:ENV_WASMUN(1.0),Municipal waste by waste management operations,A,Annual,RCY,Recycling,THS_T,Thousand tonnes,HU,Hungary,1997,,81,,,,,
dataflow,ESTAT:ENV_WASMUN(1.0),Municipal waste by waste management operations,A,Annual,RCY,Recycling,THS_T,Thousand tonnes,HU,Hungary,1998,,80,,,,,
dataflow,ESTAT:ENV_WASMUN(1.0),Municipal waste by waste management operations,A,Annual,RCY,Recycling,THS_T,Thousand tonnes,HU,Hungary,1999,,79,,,,,
dataflow,ESTAT:ENV_WASMUN(1.0),Municipal waste by waste management operations,A,Annual,RCY,Recycling,THS_T,Thousand tonnes,HU,Hungary,2000,,73,,,,,
dataflow,ESTAT:ENV_WASMUN(1.0),Municipal waste by waste management operations,A,Annual,RCY,Recycling,THS_T,Thousand tonnes,HU,Hungary,2001,,74,,,,,
dataflow,ESTAT:ENV_WASMUN(1.0),Municipal waste by waste management operations,A,Annual,RCY,Recycling,THS_T,Thousand tonnes,HU,Hungary,2002,,114,,,,,
dataflow,ESTAT:ENV_WASMUN(1.0),Municipal waste by waste management operations,A,Annual,RCY,Recycling,THS_T,Thousand tonnes,HU,Hungary,2003,,164,,,,,
dataflow,ESTAT:ENV_WASMUN(1.0),Municipal waste by waste management operations,A,Annual,RCY,Recycling,THS_T,Thousand tonnes,HU,Hungary,2004,,540,,b,break in time series,,
dataflow,ESTAT:ENV_WASMUN(1.0),Municipal waste by waste management operations,A,Annual,RCY,Recycling,THS_T,Thousand tonnes,HU,Hungary,2005,,444,,,,,
dataflow,ESTAT:ENV_WASMUN(1.0),Municipal waste by waste management operations,A,Annual,RCY,Recycling,THS_T,Thousand tonnes,HU,Hungary,2006,,490,,,,,
dataflow,ESTAT:ENV_WASMUN(1.0),Municipal waste by waste management operations,A,Annual,RCY,Recycling,THS_T,Thousand tonnes,HU,Hungary,2007,,554,,,,,
dataflow,ESTAT:ENV_WASMUN(1.0),Municipal waste by waste management operations,A,Annual,RCY,Recycling,THS_T,Thousand tonnes,HU,Hungary,2008,,692,,,,,
dataflow,ESTAT:ENV_WASMUN(1.0),Municipal waste by waste management operations,A,Annual,RCY,Recycling,THS_T,Thousand tonnes,HU,Hungary,2009,,666,,,,,
dataflow,ESTAT:ENV_WASMUN(1.0),Municipal waste by waste management operations,A,Annual,RCY,Recycling,THS_T,Thousand tonnes,HU,Hungary,2010,,789,,,,,
dataflow,ESTAT:ENV_WASMUN(1.0),Municipal waste by waste management operations,A,Annual,RCY,Recycling,THS_T,Thousand tonnes,HU,Hungary,2011,,838,,,,,
dataflow,ESTAT:ENV_WASMUN(1.0),Municipal waste by waste management operations,A,Annual,RCY,Recycling,THS_T,Thousand tonnes,HU,Hungary,2012,,1015,,,,,
dataflow,ESTAT:ENV_WASMUN(1.0),Municipal waste by waste management operations,A,Annual,RCY,Recycling,THS_T,Thousand tonnes,HU,Hungary,2013,,987,,,,,
dataflow,ESTAT:ENV_WASMUN(1.0),Municipal waste by waste management operations,A,Annual,RCY,Recycling,THS_T,Thousand tonnes,HU,Hungary,2014,,1159,,,,,
dataflow,ESTAT:ENV_WASMUN(1.0),Municipal waste by waste management operations,A,Annual,RCY,Recycling,THS_T,Thousand tonnes,HU,Hungary,2015,,1194,,,,,
dataflow,ESTAT:ENV_WASMUN(1.0),Municipal waste by waste management operations,A,Annual,RCY,Recycling,THS_T,Thousand tonnes,HU,Hungary,2016,,1292,,,,,
dataflow,ESTAT:ENV_WASMUN(1.0),Municipal waste by waste management operations,A,Annual,RCY,Recycling,THS_T,Thousand tonnes,HU,Hungary,2017,,1319,,,,,
dataflow,ESTAT:ENV_WASMUN(1.0),Municipal waste by waste management operations,A,Annual,RCY,Recycling,THS_T,Thousand tonnes,HU,Hungary,2018,,1394,,,,,
dataflow,ESTAT:ENV_WASMUN(1.0),Municipal waste by waste management operations,A,Annual,RCY,Recycling,THS_T,Thousand tonnes,HU,Hungary,2019,,1358,,,,,
dataflow,ESTAT:ENV_WASMUN(1.0),Municipal waste by waste management operations,A,Annual,RCY,Recycling,THS_T,Thousand tonnes,HU,Hungary,2020,,1257,,,,,
dataflow,ESTAT:ENV_WASMUN(1.0),Municipal waste by waste management operations,A,Annual,RCY,Recycling,THS_T,Thousand tonnes,HU,Hungary,2021,,1411,,,,,
dataflow,ESTAT:ENV_WASMUN(1.0),Municipal waste by waste management operations,A,Annual,RCY,Recycling,THS_T,Thousand tonnes,HU,Hungary,2022,,1283,,,,,
dataflow,ESTAT:ENV_WASMUN(1.0),Municipal waste by waste management operations,A,Annual,RCY,Recycling,THS_T,Thousand tonnes,HU,Hungary,2023,,1375,,,,,
dataflow,ESTAT:ENV_WASMUN(1.0),Municipal waste by waste management operations,A,Annual,RCY,Recycling,THS_T,Thousand tonnes,IE,Ireland,1998,,167,,,,,
dataflow,ESTAT:ENV_WASMUN(1.0),Municipal waste by waste management operations,A,Annual,RCY,Recycling,THS_T,Thousand tonnes,IE,Ireland,2000,,271,,,,,
dataflow,ESTAT:ENV_WASMUN(1.0),Municipal waste by waste management operations,A,Annual,RCY,Recycling,THS_T,Thousand tonnes,IE,Ireland,2001,,306,,,,,
dataflow,ESTAT:ENV_WASMUN(1.0),Municipal waste by waste management operations,A,Annual,RCY,Recycling,THS_T,Thousand tonnes,IE,Ireland,2002,,497,,,,,
dataflow,ESTAT:ENV_WASMUN(1.0),Municipal waste by waste management operations,A,Annual,RCY,Recycling,THS_T,Thousand tonnes,IE,Ireland,2003,,690,,,,,
dataflow,ESTAT:ENV_WASMUN(1.0),Municipal waste by waste management operations,A,Annual,RCY,Recycling,THS_T,Thousand tonnes,IE,Ireland,2004,,885,,,,,
dataflow,ESTAT:ENV_WASMUN(1.0),Municipal waste by waste management operations,A,Annual,RCY,Recycling,THS_T,Thousand tonnes,IE,Ireland,2005,,946,,,,,
dataflow,ESTAT:ENV_WASMUN(1.0),Municipal waste by waste management operations,A,Annual,RCY,Recycling,THS_T,Thousand tonnes,IE,Ireland,2006,,1119,,,,,
dataflow,ESTAT:ENV_WASMUN(1.0),Municipal waste by waste management operations,A,Annual,RCY,Recycling,THS_T,Thousand tonnes,IE,Ireland,2007,,1160,,,,,
dataflow,ESTAT:ENV_WASMUN(1.0),Municipal waste by waste management operations,A,Annual,RCY,Recycling,THS_T,Thousand tonnes,IE,Ireland,2008,,1084,,,,,
dataflow,ESTAT:ENV_WASMUN(1.0),Municipal waste by waste management operations,A,Annual,RCY,Recycling,THS_T,Thousand tonnes,IE,Ireland,2009,,990,,,,,
dataflow,ESTAT:ENV_WASMUN(1.0),Municipal waste by waste management operations,A,Annual,RCY,Recycling,THS_T,Thousand tonnes,IE,Ireland,2010,,1017,,,,,
dataflow,ESTAT:ENV_WASMUN(1.0),Municipal waste by waste management operations,A,Annual,RCY,Recycling,THS_T,Thousand tonnes,IE,Ireland,2011,,1018,,,,,
dataflow,ESTAT:ENV_WASMUN(1.0),Municipal waste by waste management operations,A,Annual,RCY,Recycling,THS_T,Thousand tonnes,IE,Ireland,2012,,985,,,,,
dataflow,ESTAT:ENV_WASMUN(1.0),Municipal waste by waste management operations,A,Annual,RCY,Recycling,THS_T,Thousand tonnes,IE,Ireland,2014,,1043,,,,,
dataflow,ESTAT:ENV_WASMUN(1.0),Municipal waste by waste management operations,A,Annual,RCY,Recycling,THS_T,Thousand tonnes,IE,Ireland,2016,,1125,,,,,
dataflow,ESTAT:ENV_WASMUN(1.0),Municipal waste by waste management operations,A,Annual,RCY,Recycling,THS_T,Thousand tonnes,IE,Ireland,2017,,1118,,,,,
dataflow,ESTAT:ENV_WASMUN(1.0),Municipal waste by waste management operations,A,Annual,RCY,Recycling,THS_T,Thousand tonnes,IE,Ireland,2018,,1097,,,,,
dataflow,ESTAT:ENV_WASMUN(1.0),Municipal waste by waste management operations,A,Annual,RCY,Recycling,THS_T,Thousand tonnes,IE,Ireland,2019,,1153,,b,break in time series,,
dataflow,ESTAT:ENV_WASMUN(1.0),Municipal waste by waste management operations,A,Annual,RCY,Recycling,THS_T,Thousand tonnes,IE,Ireland,2020,,1310,,,,,
dataflow,ESTAT:ENV_WASMUN(1.0),Municipal waste by waste management operations,A,Annual,RCY,Recycling,THS_T,Thousand tonnes,IS,Iceland,1995,,9,,,,,
dataflow,ESTAT:ENV_WASMUN(1.0),Municipal waste by waste management operations,A,Annual,RCY,Recycling,THS_T,Thousand tonnes,IS,Iceland,1996,,11,,,,,
dataflow,ESTAT:ENV_WASMUN(1.0),Municipal waste by waste management operations,A,Annual,RCY,Recycling,THS_T,Thousand tonnes,IS,Iceland,1997,,10,,,,,
dataflow,ESTAT:ENV_WASMUN(1.0),Municipal waste by waste management operations,A,Annual,RCY,Recycling,THS_T,Thousand tonnes,IS,Iceland,1998,,13,,,,,
dataflow,ESTAT:ENV_WASMUN(1.0),Municipal waste by waste management operations,A,Annual,RCY,Recycling,THS_T,Thousand tonnes,IS,Iceland,1999,,16,,,,,
dataflow,ESTAT:ENV_WASMUN(1.0),Municipal waste by waste management operations,A,Annual,RCY,Recycling,THS_T,Thousand tonnes,IS,Iceland,2000,,20,,,,,
dataflow,ESTAT:ENV_WASMUN(1.0),Municipal waste by waste management operations,A,Annual,RCY,Recycling,THS_T,Thousand tonnes,IS,Iceland,2001,,21,,,,,
dataflow,ESTAT:ENV_WASMUN(1.0),Municipal waste by waste management operations,A,Annual,RCY,Recycling,THS_T,Thousand tonnes,IS,Iceland,2002,,22,,,,,
dataflow,ESTAT:ENV_WASMUN(1.0),Municipal waste by waste management operations,A,Annual,RCY,Recycling,THS_T,Thousand tonnes,IS,Iceland,2003,,23,,,,,
dataflow,ESTAT:ENV_WASMUN(1.0),Municipal waste by waste management operations,A,Annual,RCY,Recycling,THS_T,Thousand tonnes,IS,Iceland,2008,,40,,,,,
dataflow,ESTAT:ENV_WASMUN(1.0),Municipal waste by waste management operations,A,Annual,RCY,Recycling,THS_T,Thousand tonnes,IS,Iceland,2009,,27,,,,,
dataflow,ESTAT:ENV_WASMUN(1.0),Municipal waste by waste management operations,A,Annual,RCY,Recycling,THS_T,Thousand tonnes,IS,Iceland,2010,,32,,,,,
dataflow,ESTAT:ENV_WASMUN(1.0),Municipal waste by waste management operations,A,Annual,RCY,Recycling,THS_T,Thousand tonnes,IS,Iceland,2011,,40,,,,,
dataflow,ESTAT:ENV_WASMUN(1.0),Municipal waste by waste management operations,A,Annual,RCY,Recycling,THS_T,Thousand tonnes,IS,Iceland,2012,,46,,,,,
dataflow,ESTAT:ENV_WASMUN(1.0),Municipal waste by waste management operations,A,Annual,RCY,Recycling,THS_T,Thousand tonnes,IS,Iceland,2013,,50,,,,,
dataflow,ESTAT:ENV_WASMUN(1.0),Municipal waste by waste management operations,A,Annual,RCY,Recycling,THS_T,Thousand tonnes,IS,Iceland,2014,,52,,,,,
dataflow,ESTAT:ENV_WASMUN(1.0),Municipal waste by waste management operations,A,Annual,RCY,Recycling,THS_T,Thousand tonnes,IS,Iceland,2015,,55,,,,,
dataflow,ESTAT:ENV_WASMUN(1.0),Municipal waste by waste management operations,A,Annual,RCY,Recycling,THS_T,Thousand tonnes,IS,Iceland,2016,,73,,,,,
dataflow,ESTAT:ENV_WASMUN(1.0),Municipal waste by waste management operations,A,Annual,RCY,Recycling,THS_T,Thousand tonnes,IS,Iceland,2017,,58,,,,,
dataflow,ESTAT:ENV_WASMUN(1.0),Municipal waste by waste management operations,A,Annual,RCY,Recycling,THS_T,Thousand tonnes,IS,Iceland,2018,,68,,,,,
dataflow,ESTAT:ENV_WASMUN(1.0),Municipal waste by waste management operations,A,Annual,RCY,Recycling,THS_T,Thousand tonnes,IS,Iceland,2020,,59,,,,,
dataflow,ESTAT:ENV_WASMUN(1.0),Municipal waste by waste management operations,A,Annual,RCY,Recycling,THS_T,Thousand tonnes,IS,Iceland,2021,,65,,,,,
dataflow,ESTAT:ENV_WASMUN(1.0),Municipal waste by waste management operations,A,Annual,RCY,Recycling,THS_T,Thousand tonnes,IS,Iceland,2022,,53,,,,,
dataflow,ESTAT:ENV_WASMUN(1.0),Municipal waste by waste management operations,A,Annual,RCY,Recycling,THS_T,Thousand tonnes,IT,Italy,1995,,1245,,,,,
dataflow,ESTAT:ENV_WASMUN(1.0),Municipal waste by waste management operations,A,Annual,RCY,Recycling,THS_T,Thousand tonnes,IT,Italy,1996,,1664,,,,,
dataflow,ESTAT:ENV_WASMUN(1.0),Municipal waste by waste management operations,A,Annual,RCY,Recycling,THS_T,Thousand tonnes,IT,Italy,1997,,2478,,,,,
dataflow,ESTAT:ENV_WASMUN(1.0),Municipal waste by waste management operations,A,Annual,RCY,Recycling,THS_T,Thousand tonnes,IT,Italy,1998,,2958,,,,,
dataflow,ESTAT:ENV_WASMUN(1.0),Municipal waste by waste management operations,A,Annual,RCY,Recycling,THS_T,Thousand tonnes,IT,Italy,1999,,3436,,,,,
dataflow,ESTAT:ENV_WASMUN(1.0),Municipal waste by waste management operations,A,Annual,RCY,Recycling,THS_T,Thousand tonnes,IT,Italy,2000,,4125,,,,,
dataflow,ESTAT:ENV_WASMUN(1.0),Municipal waste by waste management operations,A,Annual,RCY,Recycling,THS_T,Thousand tonnes,IT,Italy,2001,,5240,,,,,
dataflow,ESTAT:ENV_WASMUN(1.0),Municipal waste by waste management operations,A,Annual,RCY,Recycling,THS_T,Thousand tonnes,IT,Italy,2002,,4423,,,,,
dataflow,ESTAT:ENV_WASMUN(1.0),Municipal waste by waste management operations,A,Annual,RCY,Recycling,THS_T,Thousand tonnes,IT,Italy,2003,,4904,,,,,
dataflow,ESTAT:ENV_WASMUN(1.0),Municipal waste by waste management operations,A,Annual,RCY,Recycling,THS_T,Thousand tonnes,IT,Italy,2004,,5467,,,,,
dataflow,ESTAT:ENV_WASMUN(1.0),Municipal waste by waste management operations,A,Annual,RCY,Recycling,THS_T,Thousand tonnes,IT,Italy,2005,,5868,,,,,
dataflow,ESTAT:ENV_WASMUN(1.0),Municipal waste by waste management operations,A,Annual,RCY,Recycling,THS_T,Thousand tonnes,IT,Italy,2006,,6246,,,,,
dataflow,ESTAT:ENV_WASMUN(1.0),Municipal waste by waste management operations,A,Annual,RCY,Recycling,THS_T,Thousand tonnes,IT,Italy,2007,,8135,,b,break in time series,,
dataflow,ESTAT:ENV_WASMUN(1.0),Municipal waste by waste management operations,A,Annual,RCY,Recycling,THS_T,Thousand tonnes,IT,Italy,2008,,7737,,,,,
dataflow,ESTAT:ENV_WASMUN(1.0),Municipal waste by waste management operations,A,Annual,RCY,Recycling,THS_T,Thousand tonnes,IT,Italy,2009,,9532,,,,,
dataflow,ESTAT:ENV_WASMUN(1.0),Municipal waste by waste management operations,A,Annual,RCY,Recycling,THS_T,Thousand tonnes,IT,Italy,2010,,10050,,,,,
dataflow,ESTAT:ENV_WASMUN(1.0),Municipal waste by waste management operations,A,Annual,RCY,Recycling,THS_T,Thousand tonnes,IT,Italy,2011,,11129,,,,,
dataflow,ESTAT:ENV_WASMUN(1.0),Municipal waste by waste management operations,A,Annual,RCY,Recycling,THS_T,Thousand tonnes,IT,Italy,2012,,11516,,,,,
dataflow,ESTAT:ENV_WASMUN(1.0),Municipal waste by waste management operations,A,Annual,RCY,Recycling,THS_T,Thousand tonnes,IT,Italy,2013,,11654,,,,,
dataflow,ESTAT:ENV_WASMUN(1.0),Municipal waste by waste management operations,A,Annual,RCY,Recycling,THS_T,Thousand tonnes,IT,Italy,2014,,12337,,,,,
dataflow,ESTAT:ENV_WASMUN(1.0),Municipal waste by waste management operations,A,Annual,RCY,Recycling,THS_T,Thousand tonnes,IT,Italy,2015,,13067,,b,break in time series,,
dataflow,ESTAT:ENV_WASMUN(1.0),Municipal waste by waste management operations,A,Annual,RCY,Recycling,THS_T,Thousand tonnes,IT,Italy,2016,,13814,,,,,
dataflow,ESTAT:ENV_WASMUN(1.0),Municipal waste by waste management operations,A,Annual,RCY,Recycling,THS_T,Thousand tonnes,IT,Italy,2017,,14121,,,,,
dataflow,ESTAT:ENV_WASMUN(1.0),Municipal waste by waste management operations,A,Annual,RCY,Recycling,THS_T,Thousand tonnes,IT,Italy,2018,,15009,,,,,
dataflow,ESTAT:ENV_WASMUN(1.0),Municipal waste by waste management operations,A,Annual,RCY,Recycling,THS_T,Thousand tonnes,IT,Italy,2019,,15435,,,,,
dataflow,ESTAT:ENV_WASMUN(1.0),Municipal waste by waste management operations,A,Annual,RCY,Recycling,THS_T,Thousand tonnes,IT,Italy,2020,,14872,,,,,
dataflow,ESTAT:ENV_WASMUN(1.0),Municipal waste by waste management operations,A,Annual,RCY,Recycling,THS_T,Thousand tonnes,IT,Italy,2021,,15174,,,,,
dataflow,ESTAT:ENV_WASMUN(1.0),Municipal waste by waste management operations,A,Annual,RCY,Recycling,THS_T,Thousand tonnes,IT,Italy,2022,,15281,,,,,
dataflow,ESTAT:ENV_WASMUN(1.0),Municipal waste by waste management operations,A,Annual,RCY,Recycling,THS_T,Thousand tonnes,LT,Lithuania,1995,,0,,,,,
dataflow,ESTAT:ENV_WASMUN(1.0),Municipal waste by waste management operations,A,Annual,RCY,Recycling,THS_T,Thousand tonnes,LT,Lithuania,1996,,0,,,,,
dataflow,ESTAT:ENV_WASMUN(1.0),Municipal waste by waste management operations,A,Annual,RCY,Recycling,THS_T,Thousand tonnes,LT,Lithuania,1997,,0,,,,,
dataflow,ESTAT:ENV_WASMUN(1.0),Municipal waste by waste management operations,A,Annual,RCY,Recycling,THS_T,Thousand tonnes,LT,Lithuania,1998,,0,,,,,
dataflow,ESTAT:ENV_WASMUN(1.0),Municipal waste by waste management operations,A,Annual,RCY,Recycling,THS_T,Thousand tonnes,LT,Lithuania,1999,,0,,,,,
dataflow,ESTAT:ENV_WASMUN(1.0),Municipal waste by waste management operations,A,Annual,RCY,Recycling,THS_T,Thousand tonnes,LT,Lithuania,2000,,0,,,,,
dataflow,ESTAT:ENV_WASMUN(1.0),Municipal waste by waste management operations,A,Annual,RCY,Recycling,THS_T,Thousand tonnes,LT,Lithuania,2001,,0,,,,,
dataflow,ESTAT:ENV_WASMUN(1.0),Municipal waste by waste management operations,A,Annual,RCY,Recycling,THS_T,Thousand tonnes,LT,Lithuania,2002,,0,,,,,
dataflow,ESTAT:ENV_WASMUN(1.0),Municipal waste by waste management operations,A,Annual,RCY,Recycling,THS_T,Thousand tonnes,LT,Lithuania,2003,,0,,,,,
dataflow,ESTAT:ENV_WASMUN(1.0),Municipal waste by waste management operations,A,Annual,RCY,Recycling,THS_T,Thousand tonnes,LT,Lithuania,2004,,24,,i,value imputed by Eurostat or other receiving agencies,,
dataflow,ESTAT:ENV_WASMUN(1.0),Municipal waste by waste management operations,A,Annual,RCY,Recycling,THS_T,Thousand tonnes,LT,Lithuania,2005,,24,,i,value imputed by Eurostat or other receiving agencies,,
dataflow,ESTAT:ENV_WASMUN(1.0),Municipal waste by waste management operations,A,Annual,RCY,Recycling,THS_T,Thousand tonnes,LT,Lithuania,2006,,25,,i,value imputed by Eurostat or other receiving agencies,,
dataflow,ESTAT:ENV_WASMUN(1.0),Municipal waste by waste management operations,A,Annual,RCY,Recycling,THS_T,Thousand tonnes,LT,Lithuania,2007,,102,,,,,
dataflow,ESTAT:ENV_WASMUN(1.0),Municipal waste by waste management operations,A,Annual,RCY,Recycling,THS_T,Thousand tonnes,LT,Lithuania,2008,,115,,b,break in time series,,
dataflow,ESTAT:ENV_WASMUN(1.0),Municipal waste by waste management operations,A,Annual,RCY,Recycling,THS_T,Thousand tonnes,LT,Lithuania,2009,,103,,,,,
dataflow,ESTAT:ENV_WASMUN(1.0),Municipal waste by waste management operations,A,Annual,RCY,Recycling,THS_T,Thousand tonnes,LT,Lithuania,2010,,62,,,,,
dataflow,ESTAT:ENV_WASMUN(1.0),Municipal waste by waste management operations,A,Annual,RCY,Recycling,THS_T,Thousand tonnes,LT,Lithuania,2011,,268,,,,,
dataflow,ESTAT:ENV_WASMUN(1.0),Municipal waste by waste management operations,A,Annual,RCY,Recycling,THS_T,Thousand tonnes,LT,Lithuania,2012,,312,,,,,
dataflow,ESTAT:ENV_WASMUN(1.0),Municipal waste by waste management operations,A,Annual,RCY,Recycling,THS_T,Thousand tonnes,LT,Lithuania,2013,,356,,,,,
dataflow,ESTAT:ENV_WASMUN(1.0),Municipal waste by waste management operations,A,Annual,RCY,Recycling,THS_T,Thousand tonnes,LT,Lithuania,2014,,387,,,,,
dataflow,ESTAT:ENV_WASMUN(1.0),Municipal waste by waste management operations,A,Annual,RCY,Recycling,THS_T,Thousand tonnes,LT,Lithuania,2015,,431,,,,,
dataflow,ESTAT:ENV_WASMUN(1.0),Municipal waste by waste management operations,A,Annual,RCY,Recycling,THS_T,Thousand tonnes,LT,Lithuania,2016,,611,,b,break in time series,,
dataflow,ESTAT:ENV_WASMUN(1.0),Municipal waste by waste management operations,A,Annual,RCY,Recycling,THS_T,Thousand tonnes,LT,Lithuania,2017,,619,,,,,
dataflow,ESTAT:ENV_WASMUN(1.0),Municipal waste by waste management operations,A,Annual,RCY,Recycling,THS_T,Thousand tonnes,LT,Lithuania,2018,,684,,,,,
dataflow,ESTAT:ENV_WASMUN(1.0),Municipal waste by waste management operations,A,Annual,RCY,Recycling,THS_T,Thousand tonnes,LT,Lithuania,2019,,655,,,,,
dataflow,ESTAT:ENV_WASMUN(1.0),Municipal waste by waste management operations,A,Annual,RCY,Recycling,THS_T,Thousand tonnes,LT,Lithuania,2020,,611,,,,,
dataflow,ESTAT:ENV_WASMUN(1.0),Municipal waste by waste management operations,A,Annual,RCY,Recycling,THS_T,Thousand tonnes,LT,Lithuania,2021,,596,,,,,
dataflow,ESTAT:ENV_WASMUN(1.0),Municipal waste by waste management operations,A,Annual,RCY,Recycling,THS_T,Thousand tonnes,LT,Lithuania,2022,,637,,,,,
dataflow,ESTAT:ENV_WASMUN(1.0),Municipal waste by waste management operations,A,Annual,RCY,Recycling,THS_T,Thousand tonnes,LT,Lithuania,2023,,632,,,,,
dataflow,ESTAT:ENV_WASMUN(1.0),Municipal waste by waste management operations,A,Annual,RCY,Recycling,THS_T,Thousand tonnes,LU,Luxembourg,1995,,48,,,,,
dataflow,ESTAT:ENV_WASMUN(1.0),Municipal waste by waste management operations,A,Annual,RCY,Recycling,THS_T,Thousand tonnes,LU,Luxembourg,1996,,49,,,,,
dataflow,ESTAT:ENV_WASMUN(1.0),Municipal waste by waste management operations,A,Annual,RCY,Recycling,THS_T,Thousand tonnes,LU,Luxembourg,1997,,68,,,,,
dataflow,ESTAT:ENV_WASMUN(1.0),Municipal waste by waste management operations,A,Annual,RCY,Recycling,THS_T,Thousand tonnes,LU,Luxembourg,1998,,82,,,,,
dataflow,ESTAT:ENV_WASMUN(1.0),Municipal waste by waste management operations,A,Annual,RCY,Recycling,THS_T,Thousand tonnes,LU,Luxembourg,1999,,85,,,,,
dataflow,ESTAT:ENV_WASMUN(1.0),Municipal waste by waste management operations,A,Annual,RCY,Recycling,THS_T,Thousand tonnes,LU,Luxembourg,2000,,102,,,,,
dataflow,ESTAT:ENV_WASMUN(1.0),Municipal waste by waste management operations,A,Annual,RCY,Recycling,THS_T,Thousand tonnes,LU,Luxembourg,2001,,107,,,,,
dataflow,ESTAT:ENV_WASMUN(1.0),Municipal waste by waste management operations,A,Annual,RCY,Recycling,THS_T,Thousand tonnes,LU,Luxembourg,2002,,112,,,,,
dataflow,ESTAT:ENV_WASMUN(1.0),Municipal waste by waste management operations,A,Annual,RCY,Recycling,THS_T,Thousand tonnes,LU,Luxembourg,2003,,129,,,,,
dataflow,ESTAT:ENV_WASMUN(1.0),Municipal waste by waste management operations,A,Annual,RCY,Recycling,THS_T,Thousand tonnes,LU,Luxembourg,2004,,129,,,,,
dataflow,ESTAT:ENV_WASMUN(1.0),Municipal waste by waste management operations,A,Annual,RCY,Recycling,THS_T,Thousand tonnes,LU,Luxembourg,2005,,136,,,,,
dataflow,ESTAT:ENV_WASMUN(1.0),Municipal waste by waste management operations,A,Annual,RCY,Recycling,THS_T,Thousand tonnes,LU,Luxembourg,2006,,141,,,,,
dataflow,ESTAT:ENV_WASMUN(1.0),Municipal waste by waste management operations,A,Annual,RCY,Recycling,THS_T,Thousand tonnes,LU,Luxembourg,2007,,150,,,,,
dataflow,ESTAT:ENV_WASMUN(1.0),Municipal waste by waste management operations,A,Annual,RCY,Recycling,THS_T,Thousand tonnes,LU,Luxembourg,2008,,156,,,,,
dataflow,ESTAT:ENV_WASMUN(1.0),Municipal waste by waste management operations,A,Annual,RCY,Recycling,THS_T,Thousand tonnes,LU,Luxembourg,2009,,157,,,,,
dataflow,ESTAT:ENV_WASMUN(1.0),Municipal waste by waste management operations,A,Annual,RCY,Recycling,THS_T,Thousand tonnes,LU,Luxembourg,2010,,160,,,,,
dataflow,ESTAT:ENV_WASMUN(1.0),Municipal waste by waste management operations,A,Annual,RCY,Recycling,THS_T,Thousand tonnes,LU,Luxembourg,2011,,160,,,,,
dataflow,ESTAT:ENV_WASMUN(1.0),Municipal waste by waste management operations,A,Annual,RCY,Recycling,THS_T,Thousand tonnes,LU,Luxembourg,2012,,164,,,,,
dataflow,ESTAT:ENV_WASMUN(1.0),Municipal waste by waste management operations,A,Annual,RCY,Recycling,THS_T,Thousand tonnes,LU,Luxembourg,2013,,155,,,,,
dataflow,ESTAT:ENV_WASMUN(1.0),Municipal waste by waste management operations,A,Annual,RCY,Recycling,THS_T,Thousand tonnes,LU,Luxembourg,2014,,166,,,,,
dataflow,ESTAT:ENV_WASMUN(1.0),Municipal waste by waste management operations,A,Annual,RCY,Recycling,THS_T,Thousand tonnes,LU,Luxembourg,2015,,164,,,,,
dataflow,ESTAT:ENV_WASMUN(1.0),Municipal waste by waste management operations,A,Annual,RCY,Recycling,THS_T,Thousand tonnes,LU,Luxembourg,2016,,233,,b,break in time series,,
dataflow,ESTAT:ENV_WASMUN(1.0),Municipal waste by waste management operations,A,Annual,RCY,Recycling,THS_T,Thousand tonnes,LU,Luxembourg,2017,,233,,,,,
dataflow,ESTAT:ENV_WASMUN(1.0),Municipal waste by waste management operations,A,Annual,RCY,Recycling,THS_T,Thousand tonnes,LU,Luxembourg,2018,,239,,,,,
dataflow,ESTAT:ENV_WASMUN(1.0),Municipal waste by waste management operations,A,Annual,RCY,Recycling,THS_T,Thousand tonnes,LU,Luxembourg,2019,,240,,e,estimated,,
dataflow,ESTAT:ENV_WASMUN(1.0),Municipal waste by waste management operations,A,Annual,RCY,Recycling,THS_T,Thousand tonnes,LU,Luxembourg,2020,,263,,,,,
dataflow,ESTAT:ENV_WASMUN(1.0),Municipal waste by waste management operations,A,Annual,RCY,Recycling,THS_T,Thousand tonnes,LU,Luxembourg,2021,,281,,,,,
dataflow,ESTAT:ENV_WASMUN(1.0),Municipal waste by waste management operations,A,Annual,RCY,Recycling,THS_T,Thousand tonnes,LU,Luxembourg,2022,,262,,,,,
dataflow,ESTAT:ENV_WASMUN(1.0),Municipal waste by waste management operations,A,Annual,RCY,Recycling,THS_T,Thousand tonnes,LU,Luxembourg,2023,,267,,,,,
dataflow,ESTAT:ENV_WASMUN(1.0),Municipal waste by waste management operations,A,Annual,RCY,Recycling,THS_T,Thousand tonnes,LV,Latvia,1995,,0,,e,estimated,,
dataflow,ESTAT:ENV_WASMUN(1.0),Municipal waste by waste management operations,A,Annual,RCY,Recycling,THS_T,Thousand tonnes,LV,Latvia,1996,,0,,e,estimated,,
dataflow,ESTAT:ENV_WASMUN(1.0),Municipal waste by waste management operations,A,Annual,RCY,Recycling,THS_T,Thousand tonnes,LV,Latvia,1997,,0,,e,estimated,,
dataflow,ESTAT:ENV_WASMUN(1.0),Municipal waste by waste management operations,A,Annual,RCY,Recycling,THS_T,Thousand tonnes,LV,Latvia,1998,,0,,e,estimated,,
dataflow,ESTAT:ENV_WASMUN(1.0),Municipal waste by waste management operations,A,Annual,RCY,Recycling,THS_T,Thousand tonnes,LV,Latvia,1999,,0,,e,estimated,,
dataflow,ESTAT:ENV_WASMUN(1.0),Municipal waste by waste management operations,A,Annual,RCY,Recycling,THS_T,Thousand tonnes,LV,Latvia,2000,,0,,e,estimated,,
dataflow,ESTAT:ENV_WASMUN(1.0),Municipal waste by waste management operations,A,Annual,RCY,Recycling,THS_T,Thousand tonnes,LV,Latvia,2001,,3,,,,,
dataflow,ESTAT:ENV_WASMUN(1.0),Municipal waste by waste management operations,A,Annual,RCY,Recycling,THS_T,Thousand tonnes,LV,Latvia,2002,,3,,,,,
dataflow,ESTAT:ENV_WASMUN(1.0),Municipal waste by waste management operations,A,Annual,RCY,Recycling,THS_T,Thousand tonnes,LV,Latvia,2003,,16,,,,,
dataflow,ESTAT:ENV_WASMUN(1.0),Municipal waste by waste management operations,A,Annual,RCY,Recycling,THS_T,Thousand tonnes,LV,Latvia,2004,,32,,,,,
dataflow,ESTAT:ENV_WASMUN(1.0),Municipal waste by waste management operations,A,Annual,RCY,Recycling,THS_T,Thousand tonnes,LV,Latvia,2005,,28,,,,,
dataflow,ESTAT:ENV_WASMUN(1.0),Municipal waste by waste management operations,A,Annual,RCY,Recycling,THS_T,Thousand tonnes,LV,Latvia,2006,,34,,,,,
dataflow,ESTAT:ENV_WASMUN(1.0),Municipal waste by waste management operations,A,Annual,RCY,Recycling,THS_T,Thousand tonnes,LV,Latvia,2007,,43,,,,,
dataflow,ESTAT:ENV_WASMUN(1.0),Municipal waste by waste management operations,A,Annual,RCY,Recycling,THS_T,Thousand tonnes,LV,Latvia,2008,,48,,,,,
dataflow,ESTAT:ENV_WASMUN(1.0),Municipal waste by waste management operations,A,Annual,RCY,Recycling,THS_T,Thousand tonnes,LV,Latvia,2009,,58,,,,,
dataflow,ESTAT:ENV_WASMUN(1.0),Municipal waste by waste management operations,A,Annual,RCY,Recycling,THS_T,Thousand tonnes,LV,Latvia,2010,,64,,,,,
dataflow,ESTAT:ENV_WASMUN(1.0),Municipal waste by waste management operations,A,Annual,RCY,Recycling,THS_T,Thousand tonnes,LV,Latvia,2011,,70,,,,,
dataflow,ESTAT:ENV_WASMUN(1.0),Municipal waste by waste management operations,A,Annual,RCY,Recycling,THS_T,Thousand tonnes,LV,Latvia,2012,,96,,,,,
dataflow,ESTAT:ENV_WASMUN(1.0),Municipal waste by waste management operations,A,Annual,RCY,Recycling,THS_T,Thousand tonnes,LV,Latvia,2013,,182,,,,,
dataflow,ESTAT:ENV_WASMUN(1.0),Municipal waste by waste management operations,A,Annual,RCY,Recycling,THS_T,Thousand tonnes,LV,Latvia,2014,,196,,,,,
dataflow,ESTAT:ENV_WASMUN(1.0),Municipal waste by waste management operations,A,Annual,RCY,Recycling,THS_T,Thousand tonnes,LV,Latvia,2015,,229,,,,,
dataflow,ESTAT:ENV_WASMUN(1.0),Municipal waste by waste management operations,A,Annual,RCY,Recycling,THS_T,Thousand tonnes,LV,Latvia,2016,,202,,,,,
dataflow,ESTAT:ENV_WASMUN(1.0),Municipal waste by waste management operations,A,Annual,RCY,Recycling,THS_T,Thousand tonnes,LV,Latvia,2017,,198,,,,,
dataflow,ESTAT:ENV_WASMUN(1.0),Municipal waste by waste management operations,A,Annual,RCY,Recycling,THS_T,Thousand tonnes,LV,Latvia,2018,,198,,,,,
dataflow,ESTAT:ENV_WASMUN(1.0),Municipal waste by waste management operations,A,Annual,RCY,Recycling,THS_T,Thousand tonnes,LV,Latvia,2019,,344,,,,,
dataflow,ESTAT:ENV_WASMUN(1.0),Municipal waste by waste management operations,A,Annual,RCY,Recycling,THS_T,Thousand tonnes,LV,Latvia,2020,,361,,,,,
dataflow,ESTAT:ENV_WASMUN(1.0),Municipal waste by waste management operations,A,Annual,RCY,Recycling,THS_T,Thousand tonnes,LV,Latvia,2021,,383,,,,,
dataflow,ESTAT:ENV_WASMUN(1.0),Municipal waste by waste management operations,A,Annual,RCY,Recycling,THS_T,Thousand tonnes,LV,Latvia,2022,,443,,,,,
dataflow,ESTAT:ENV_WASMUN(1.0),Municipal waste by waste management operations,A,Annual,RCY,Recycling,THS_T,Thousand tonnes,ME,Montenegro,2018,,12,,e,estimated,,
dataflow,ESTAT:ENV_WASMUN(1.0),Municipal waste by waste management operations,A,Annual,RCY,Recycling,THS_T,Thousand tonnes,ME,Montenegro,2019,,18,,e,estimated,,
dataflow,ESTAT:ENV_WASMUN(1.0),Municipal waste by waste management operations,A,Annual,RCY,Recycling,THS_T,Thousand tonnes,ME,Montenegro,2020,,14,,e,estimated,,
dataflow,ESTAT:ENV_WASMUN(1.0),Municipal waste by waste management operations,A,Annual,RCY,Recycling,THS_T,Thousand tonnes,ME,Montenegro,2021,,15,,e,estimated,,
dataflow,ESTAT:ENV_WASMUN(1.0),Municipal waste by waste management operations,A,Annual,RCY,Recycling,THS_T,Thousand tonnes,ME,Montenegro,2022,,14,,,,,
dataflow,ESTAT:ENV_WASMUN(1.0),Municipal waste by waste management operations,A,Annual,RCY,Recycling,THS_T,Thousand tonnes,ME,Montenegro,2023,,13,,,,,
dataflow,ESTAT:ENV_WASMUN(1.0),Municipal waste by waste management operations,A,Annual,RCY,Recycling,THS_T,Thousand tonnes,MK,North Macedonia,2008,,0,,,,,
dataflow,ESTAT:ENV_WASMUN(1.0),Municipal waste by waste management operations,A,Annual,RCY,Recycling,THS_T,Thousand tonnes,MK,North Macedonia,2011,,0,,,,,
dataflow,ESTAT:ENV_WASMUN(1.0),Municipal waste by waste management operations,A,Annual,RCY,Recycling,THS_T,Thousand tonnes,MK,North Macedonia,2022,,0,,,,,
dataflow,ESTAT:ENV_WASMUN(1.0),Municipal waste by waste management operations,A,Annual,RCY,Recycling,THS_T,Thousand tonnes,MT,Malta,1995,,20,,e,estimated,,
dataflow,ESTAT:ENV_WASMUN(1.0),Municipal waste by waste management operations,A,Annual,RCY,Recycling,THS_T,Thousand tonnes,MT,Malta,1996,,19,,e,estimated,,
dataflow,ESTAT:ENV_WASMUN(1.0),Municipal waste by waste management operations,A,Annual,RCY,Recycling,THS_T,Thousand tonnes,MT,Malta,1997,,18,,e,estimated,,
dataflow,ESTAT:ENV_WASMUN(1.0),Municipal waste by waste management operations,A,Annual,RCY,Recycling,THS_T,Thousand tonnes,MT,Malta,1998,,18,,e,estimated,,
dataflow,ESTAT:ENV_WASMUN(1.0),Municipal waste by waste management operations,A,Annual,RCY,Recycling,THS_T,Thousand tonnes,MT,Malta,1999,,14,,,,,
dataflow,ESTAT:ENV_WASMUN(1.0),Municipal waste by waste management operations,A,Annual,RCY,Recycling,THS_T,Thousand tonnes,MT,Malta,2000,,20,,,,,
dataflow,ESTAT:ENV_WASMUN(1.0),Municipal waste by waste management operations,A,Annual,RCY,Recycling,THS_T,Thousand tonnes,MT,Malta,2001,,19,,,,,
dataflow,ESTAT:ENV_WASMUN(1.0),Municipal waste by waste management operations,A,Annual,RCY,Recycling,THS_T,Thousand tonnes,MT,Malta,2002,,10,,,,,
dataflow,ESTAT:ENV_WASMUN(1.0),Municipal waste by waste management operations,A,Annual,RCY,Recycling,THS_T,Thousand tonnes,MT,Malta,2003,,15,,,,,
dataflow,ESTAT:ENV_WASMUN(1.0),Municipal waste by waste management operations,A,Annual,RCY,Recycling,THS_T,Thousand tonnes,MT,Malta,2004,,16,,,,,
dataflow,ESTAT:ENV_WASMUN(1.0),Municipal waste by waste management operations,A,Annual,RCY,Recycling,THS_T,Thousand tonnes,MT,Malta,2005,,23,,,,,
dataflow,ESTAT:ENV_WASMUN(1.0),Municipal waste by waste management operations,A,Annual,RCY,Recycling,THS_T,Thousand tonnes,MT,Malta,2006,,37,,,,,
dataflow,ESTAT:ENV_WASMUN(1.0),Municipal waste by waste management operations,A,Annual,RCY,Recycling,THS_T,Thousand tonnes,MT,Malta,2007,,13,,,,,
dataflow,ESTAT:ENV_WASMUN(1.0),Municipal waste by waste management operations,A,Annual,RCY,Recycling,THS_T,Thousand tonnes,MT,Malta,2008,,14,,,,,
dataflow,ESTAT:ENV_WASMUN(1.0),Municipal waste by waste management operations,A,Annual,RCY,Recycling,THS_T,Thousand tonnes,MT,Malta,2009,,19,,,,,
dataflow,ESTAT:ENV_WASMUN(1.0),Municipal waste by waste management operations,A,Annual,RCY,Recycling,THS_T,Thousand tonnes,MT,Malta,2010,,23,,,,,
dataflow,ESTAT:ENV_WASMUN(1.0),Municipal waste by waste management operations,A,Annual,RCY,Recycling,THS_T,Thousand tonnes,MT,Malta,2011,,40,,,,,
dataflow,ESTAT:ENV_WASMUN(1.0),Municipal waste by waste management operations,A,Annual,RCY,Recycling,THS_T,Thousand tonnes,MT,Malta,2012,,38,,,,,
dataflow,ESTAT:ENV_WASMUN(1.0),Municipal waste by waste management operations,A,Annual,RCY,Recycling,THS_T,Thousand tonnes,MT,Malta,2013,,32,,,,,
dataflow,ESTAT:ENV_WASMUN(1.0),Municipal waste by waste management operations,A,Annual,RCY,Recycling,THS_T,Thousand tonnes,MT,Malta,2014,,32,,,,,
dataflow,ESTAT:ENV_WASMUN(1.0),Municipal waste by waste management operations,A,Annual,RCY,Recycling,THS_T,Thousand tonnes,MT,Malta,2015,,31,,,,,
dataflow,ESTAT:ENV_WASMUN(1.0),Municipal waste by waste management operations,A,Annual,RCY,Recycling,THS_T,Thousand tonnes,MT,Malta,2016,,37,,,,,
dataflow,ESTAT:ENV_WASMUN(1.0),Municipal waste by waste management operations,A,Annual,RCY,Recycling,THS_T,Thousand tonnes,MT,Malta,2017,,36,,,,,
dataflow,ESTAT:ENV_WASMUN(1.0),Municipal waste by waste management operations,A,Annual,RCY,Recycling,THS_T,Thousand tonnes,MT,Malta,2018,,34,,,,,
dataflow,ESTAT:ENV_WASMUN(1.0),Municipal waste by waste management operations,A,Annual,RCY,Recycling,THS_T,Thousand tonnes,MT,Malta,2019,,32,,,,,
dataflow,ESTAT:ENV_WASMUN(1.0),Municipal waste by waste management operations,A,Annual,RCY,Recycling,THS_T,Thousand tonnes,MT,Malta,2020,,36,,,,,
dataflow,ESTAT:ENV_WASMUN(1.0),Municipal waste by waste management operations,A,Annual,RCY,Recycling,THS_T,Thousand tonnes,MT,Malta,2021,,43,,,,,
dataflow,ESTAT:ENV_WASMUN(1.0),Municipal waste by waste management operations,A,Annual,RCY,Recycling,THS_T,Thousand tonnes,MT,Malta,2022,,41,,,,,
dataflow,ESTAT:ENV_WASMUN(1.0),Municipal waste by waste management operations,A,Annual,RCY,Recycling,THS_T,Thousand tonnes,MT,Malta,2023,,58,,,,,
dataflow,ESTAT:ENV_WASMUN(1.0),Municipal waste by waste management operations,A,Annual,RCY,Recycling,THS_T,Thousand tonnes,NL,Netherlands,1995,,3308,,,,,
dataflow,ESTAT:ENV_WASMUN(1.0),Municipal waste by waste management operations,A,Annual,RCY,Recycling,THS_T,Thousand tonnes,NL,Netherlands,1996,,3558,,,,,
dataflow,ESTAT:ENV_WASMUN(1.0),Municipal waste by waste management operations,A,Annual,RCY,Recycling,THS_T,Thousand tonnes,NL,Netherlands,1997,,3917,,,,,
dataflow,ESTAT:ENV_WASMUN(1.0),Municipal waste by waste management operations,A,Annual,RCY,Recycling,THS_T,Thousand tonnes,NL,Netherlands,1998,,3979,,,,,
dataflow,ESTAT:ENV_WASMUN(1.0),Municipal waste by waste management operations,A,Annual,RCY,Recycling,THS_T,Thousand tonnes,NL,Netherlands,1999,,4031,,,,,
dataflow,ESTAT:ENV_WASMUN(1.0),Municipal waste by waste management operations,A,Annual,RCY,Recycling,THS_T,Thousand tonnes,NL,Netherlands,2000,,4202,,,,,
dataflow,ESTAT:ENV_WASMUN(1.0),Municipal waste by waste management operations,A,Annual,RCY,Recycling,THS_T,Thousand tonnes,NL,Netherlands,2001,,4178,,,,,
dataflow,ESTAT:ENV_WASMUN(1.0),Municipal waste by waste management operations,A,Annual,RCY,Recycling,THS_T,Thousand tonnes,NL,Netherlands,2002,,4388,,,,,
dataflow,ESTAT:ENV_WASMUN(1.0),Municipal waste by waste management operations,A,Annual,RCY,Recycling,THS_T,Thousand tonnes,NL,Netherlands,2003,,4332,,,,,
dataflow,ESTAT:ENV_WASMUN(1.0),Municipal waste by waste management operations,A,Annual,RCY,Recycling,THS_T,Thousand tonnes,NL,Netherlands,2004,,4570,,,,,
dataflow,ESTAT:ENV_WASMUN(1.0),Municipal waste by waste management operations,A,Annual,RCY,Recycling,THS_T,Thousand tonnes,NL,Netherlands,2005,,4566,,,,,
dataflow,ESTAT:ENV_WASMUN(1.0),Municipal waste by waste management operations,A,Annual,RCY,Recycling,THS_T,Thousand tonnes,NL,Netherlands,2006,,4564,,,,,
dataflow,ESTAT:ENV_WASMUN(1.0),Municipal waste by waste management operations,A,Annual,RCY,Recycling,THS_T,Thousand tonnes,NL,Netherlands,2007,,4789,,,,,
dataflow,ESTAT:ENV_WASMUN(1.0),Municipal waste by waste management operations,A,Annual,RCY,Recycling,THS_T,Thousand tonnes,NL,Netherlands,2008,,4780,,b,break in time series,,
dataflow,ESTAT:ENV_WASMUN(1.0),Municipal waste by waste management operations,A,Annual,RCY,Recycling,THS_T,Thousand tonnes,NL,Netherlands,2009,,4777,,,,,
dataflow,ESTAT:ENV_WASMUN(1.0),Municipal waste by waste management operations,A,Annual,RCY,Recycling,THS_T,Thousand tonnes,NL,Netherlands,2010,,4664,,,,,
dataflow,ESTAT:ENV_WASMUN(1.0),Municipal waste by waste management operations,A,Annual,RCY,Recycling,THS_T,Thousand tonnes,NL,Netherlands,2011,,4651,,,,,
dataflow,ESTAT:ENV_WASMUN(1.0),Municipal waste by waste management operations,A,Annual,RCY,Recycling,THS_T,Thousand tonnes,NL,Netherlands,2012,,4549,,,,,
dataflow,ESTAT:ENV_WASMUN(1.0),Municipal waste by waste management operations,A,Annual,RCY,Recycling,THS_T,Thousand tonnes,NL,Netherlands,2013,,4406,,,,,
dataflow,ESTAT:ENV_WASMUN(1.0),Municipal waste by waste management operations,A,Annual,RCY,Recycling,THS_T,Thousand tonnes,NL,Netherlands,2014,,4527,,,,,
dataflow,ESTAT:ENV_WASMUN(1.0),Municipal waste by waste management operations,A,Annual,RCY,Recycling,THS_T,Thousand tonnes,NL,Netherlands,2015,,4590,,,,,
dataflow,ESTAT:ENV_WASMUN(1.0),Municipal waste by waste management operations,A,Annual,RCY,Recycling,THS_T,Thousand tonnes,NL,Netherlands,2016,,4740,,,,,
dataflow,ESTAT:ENV_WASMUN(1.0),Municipal waste by waste management operations,A,Annual,RCY,Recycling,THS_T,Thousand tonnes,NL,Netherlands,2017,,4801,,,,,
dataflow,ESTAT:ENV_WASMUN(1.0),Municipal waste by waste management operations,A,Annual,RCY,Recycling,THS_T,Thousand tonnes,NL,Netherlands,2018,,4922,,,,,
dataflow,ESTAT:ENV_WASMUN(1.0),Municipal waste by waste management operations,A,Annual,RCY,Recycling,THS_T,Thousand tonnes,NL,Netherlands,2019,,5010,,,,,
dataflow,ESTAT:ENV_WASMUN(1.0),Municipal waste by waste management operations,A,Annual,RCY,Recycling,THS_T,Thousand tonnes,NL,Netherlands,2020,,5297,,,,,
dataflow,ESTAT:ENV_WASMUN(1.0),Municipal waste by waste management operations,A,Annual,RCY,Recycling,THS_T,Thousand tonnes,NL,Netherlands,2021,,5203,,,,,
dataflow,ESTAT:ENV_WASMUN(1.0),Municipal waste by waste management operations,A,Annual,RCY,Recycling,THS_T,Thousand tonnes,NL,Netherlands,2022,,4816,,p,provisional,,
dataflow,ESTAT:ENV_WASMUN(1.0),Municipal waste by waste management operations,A,Annual,RCY,Recycling,THS_T,Thousand tonnes,NL,Netherlands,2023,,4882,,,,,
dataflow,ESTAT:ENV_WASMUN(1.0),Municipal waste by waste management operations,A,Annual,RCY,Recycling,THS_T,Thousand tonnes,NO,Norway,1995,,373,,,,,
dataflow,ESTAT:ENV_WASMUN(1.0),Municipal waste by waste management operations,A,Annual,RCY,Recycling,THS_T,Thousand tonnes,NO,Norway,1996,,549,,,,,
dataflow,ESTAT:ENV_WASMUN(1.0),Municipal waste by waste management operations,A,Annual,RCY,Recycling,THS_T,Thousand tonnes,NO,Norway,1997,,671,,,,,
dataflow,ESTAT:ENV_WASMUN(1.0),Municipal waste by waste management operations,A,Annual,RCY,Recycling,THS_T,Thousand tonnes,NO,Norway,1998,,640,,,,,
dataflow,ESTAT:ENV_WASMUN(1.0),Municipal waste by waste management operations,A,Annual,RCY,Recycling,THS_T,Thousand tonnes,NO,Norway,1999,,781,,,,,
dataflow,ESTAT:ENV_WASMUN(1.0),Municipal waste by waste management operations,A,Annual,RCY,Recycling,THS_T,Thousand tonnes,NO,Norway,2000,,843,,,,,
dataflow,ESTAT:ENV_WASMUN(1.0),Municipal waste by waste management operations,A,Annual,RCY,Recycling,THS_T,Thousand tonnes,NO,Norway,2001,,723,,b,break in time series,,
dataflow,ESTAT:ENV_WASMUN(1.0),Municipal waste by waste management operations,A,Annual,RCY,Recycling,THS_T,Thousand tonnes,NO,Norway,2002,,807,,,,,
dataflow,ESTAT:ENV_WASMUN(1.0),Municipal waste by waste management operations,A,Annual,RCY,Recycling,THS_T,Thousand tonnes,NO,Norway,2003,,840,,,,,
dataflow,ESTAT:ENV_WASMUN(1.0),Municipal waste by waste management operations,A,Annual,RCY,Recycling,THS_T,Thousand tonnes,NO,Norway,2004,,695,,,,,
dataflow,ESTAT:ENV_WASMUN(1.0),Municipal waste by waste management operations,A,Annual,RCY,Recycling,THS_T,Thousand tonnes,NO,Norway,2005,,774,,,,,
dataflow,ESTAT:ENV_WASMUN(1.0),Municipal waste by waste management operations,A,Annual,RCY,Recycling,THS_T,Thousand tonnes,NO,Norway,2006,,863,,,,,
dataflow,ESTAT:ENV_WASMUN(1.0),Municipal waste by waste management operations,A,Annual,RCY,Recycling,THS_T,Thousand tonnes,NO,Norway,2007,,986,,,,,
dataflow,ESTAT:ENV_WASMUN(1.0),Municipal waste by waste management operations,A,Annual,RCY,Recycling,THS_T,Thousand tonnes,NO,Norway,2008,,1013,,,,,
dataflow,ESTAT:ENV_WASMUN(1.0),Municipal waste by waste management operations,A,Annual,RCY,Recycling,THS_T,Thousand tonnes,NO,Norway,2009,,975,,,,,
dataflow,ESTAT:ENV_WASMUN(1.0),Municipal waste by waste management operations,A,Annual,RCY,Recycling,THS_T,Thousand tonnes,NO,Norway,2010,,967,,,,,
dataflow,ESTAT:ENV_WASMUN(1.0),Municipal waste by waste management operations,A,Annual,RCY,Recycling,THS_T,Thousand tonnes,NO,Norway,2011,,959,,,,,
dataflow,ESTAT:ENV_WASMUN(1.0),Municipal waste by waste management operations,A,Annual,RCY,Recycling,THS_T,Thousand tonnes,NO,Norway,2012,,953,,,,,
dataflow,ESTAT:ENV_WASMUN(1.0),Municipal waste by waste management operations,A,Annual,RCY,Recycling,THS_T,Thousand tonnes,NO,Norway,2013,,987,,,,,
dataflow,ESTAT:ENV_WASMUN(1.0),Municipal waste by waste management operations,A,Annual,RCY,Recycling,THS_T,Thousand tonnes,NO,Norway,2014,,918,,b,break in time series,,
dataflow,ESTAT:ENV_WASMUN(1.0),Municipal waste by waste management operations,A,Annual,RCY,Recycling,THS_T,Thousand tonnes,NO,Norway,2015,,936,,,,,
dataflow,ESTAT:ENV_WASMUN(1.0),Municipal waste by waste management operations,A,Annual,RCY,Recycling,THS_T,Thousand tonnes,NO,Norway,2016,,1509,,b,break in time series,,
dataflow,ESTAT:ENV_WASMUN(1.0),Municipal waste by waste management operations,A,Annual,RCY,Recycling,THS_T,Thousand tonnes,NO,Norway,2017,,1532,,,,,
dataflow,ESTAT:ENV_WASMUN(1.0),Municipal waste by waste management operations,A,Annual,RCY,Recycling,THS_T,Thousand tonnes,NO,Norway,2018,,1598,,,,,
dataflow,ESTAT:ENV_WASMUN(1.0),Municipal waste by waste management operations,A,Annual,RCY,Recycling,THS_T,Thousand tonnes,NO,Norway,2019,,1696,,,,,
dataflow,ESTAT:ENV_WASMUN(1.0),Municipal waste by waste management operations,A,Annual,RCY,Recycling,THS_T,Thousand tonnes,NO,Norway,2020,,1756,,b,break in time series,,
dataflow,ESTAT:ENV_WASMUN(1.0),Municipal waste by waste management operations,A,Annual,RCY,Recycling,THS_T,Thousand tonnes,NO,Norway,2021,,1651,,,,,
dataflow,ESTAT:ENV_WASMUN(1.0),Municipal waste by waste management operations,A,Annual,RCY,Recycling,THS_T,Thousand tonnes,NO,Norway,2022,,1725,,,,,
dataflow,ESTAT:ENV_WASMUN(1.0),Municipal waste by waste management operations,A,Annual,RCY,Recycling,THS_T,Thousand tonnes,NO,Norway,2023,,1668,,,,,
dataflow,ESTAT:ENV_WASMUN(1.0),Municipal waste by waste management operations,A,Annual,RCY,Recycling,THS_T,Thousand tonnes,PL,Poland,1995,,201,,,,,
dataflow,ESTAT:ENV_WASMUN(1.0),Municipal waste by waste management operations,A,Annual,RCY,Recycling,THS_T,Thousand tonnes,PL,Poland,1996,,219,,,,,
dataflow,ESTAT:ENV_WASMUN(1.0),Municipal waste by waste management operations,A,Annual,RCY,Recycling,THS_T,Thousand tonnes,PL,Poland,1997,,369,,,,,
dataflow,ESTAT:ENV_WASMUN(1.0),Municipal waste by waste management operations,A,Annual,RCY,Recycling,THS_T,Thousand tonnes,PL,Poland,1998,,235,,,,,
dataflow,ESTAT:ENV_WASMUN(1.0),Municipal waste by waste management operations,A,Annual,RCY,Recycling,THS_T,Thousand tonnes,PL,Poland,1999,,243,,,,,
dataflow,ESTAT:ENV_WASMUN(1.0),Municipal waste by waste management operations,A,Annual,RCY,Recycling,THS_T,Thousand tonnes,PL,Poland,2000,,261,,,,,
dataflow,ESTAT:ENV_WASMUN(1.0),Municipal waste by waste management operations,A,Annual,RCY,Recycling,THS_T,Thousand tonnes,PL,Poland,2001,,456,,,,,
dataflow,ESTAT:ENV_WASMUN(1.0),Municipal waste by waste management operations,A,Annual,RCY,Recycling,THS_T,Thousand tonnes,PL,Poland,2002,,331,,,,,
dataflow,ESTAT:ENV_WASMUN(1.0),Municipal waste by waste management operations,A,Annual,RCY,Recycling,THS_T,Thousand tonnes,PL,Poland,2003,,274,,,,,
dataflow,ESTAT:ENV_WASMUN(1.0),Municipal waste by waste management operations,A,Annual,RCY,Recycling,THS_T,Thousand tonnes,PL,Poland,2004,,477,,,,,
dataflow,ESTAT:ENV_WASMUN(1.0),Municipal waste by waste management operations,A,Annual,RCY,Recycling,THS_T,Thousand tonnes,PL,Poland,2005,,685,,,,,
dataflow,ESTAT:ENV_WASMUN(1.0),Municipal waste by waste management operations,A,Annual,RCY,Recycling,THS_T,Thousand tonnes,PL,Poland,2006,,845,,,,,
dataflow,ESTAT:ENV_WASMUN(1.0),Municipal waste by waste management operations,A,Annual,RCY,Recycling,THS_T,Thousand tonnes,PL,Poland,2007,,943,,,,,
dataflow,ESTAT:ENV_WASMUN(1.0),Municipal waste by waste management operations,A,Annual,RCY,Recycling,THS_T,Thousand tonnes,PL,Poland,2008,,1281,,,,,
dataflow,ESTAT:ENV_WASMUN(1.0),Municipal waste by waste management operations,A,Annual,RCY,Recycling,THS_T,Thousand tonnes,PL,Poland,2009,,1585,,b,break in time series,,
dataflow,ESTAT:ENV_WASMUN(1.0),Municipal waste by waste management operations,A,Annual,RCY,Recycling,THS_T,Thousand tonnes,PL,Poland,2010,,1964,,,,,
dataflow,ESTAT:ENV_WASMUN(1.0),Municipal waste by waste management operations,A,Annual,RCY,Recycling,THS_T,Thousand tonnes,PL,Poland,2011,,1383,,,,,
dataflow,ESTAT:ENV_WASMUN(1.0),Municipal waste by waste management operations,A,Annual,RCY,Recycling,THS_T,Thousand tonnes,PL,Poland,2012,,1446,,,,,
dataflow,ESTAT:ENV_WASMUN(1.0),Municipal waste by waste management operations,A,Annual,RCY,Recycling,THS_T,Thousand tonnes,PL,Poland,2013,,1711,,,,,
dataflow,ESTAT:ENV_WASMUN(1.0),Municipal waste by waste management operations,A,Annual,RCY,Recycling,THS_T,Thousand tonnes,PL,Poland,2014,,2740,,be,"break in time series, estimated",,
dataflow,ESTAT:ENV_WASMUN(1.0),Municipal waste by waste management operations,A,Annual,RCY,Recycling,THS_T,Thousand tonnes,PL,Poland,2015,,3528,,e,estimated,,
dataflow,ESTAT:ENV_WASMUN(1.0),Municipal waste by waste management operations,A,Annual,RCY,Recycling,THS_T,Thousand tonnes,PL,Poland,2016,,4057,,e,estimated,,
dataflow,ESTAT:ENV_WASMUN(1.0),Municipal waste by waste management operations,A,Annual,RCY,Recycling,THS_T,Thousand tonnes,PL,Poland,2017,,4047,,e,estimated,,
dataflow,ESTAT:ENV_WASMUN(1.0),Municipal waste by waste management operations,A,Annual,RCY,Recycling,THS_T,Thousand tonnes,PL,Poland,2018,,4281,,e,estimated,,
dataflow,ESTAT:ENV_WASMUN(1.0),Municipal waste by waste management operations,A,Annual,RCY,Recycling,THS_T,Thousand tonnes,PL,Poland,2019,,4345,,e,estimated,,
dataflow,ESTAT:ENV_WASMUN(1.0),Municipal waste by waste management operations,A,Annual,RCY,Recycling,THS_T,Thousand tonnes,PL,Poland,2020,,5077,,,,,
dataflow,ESTAT:ENV_WASMUN(1.0),Municipal waste by waste management operations,A,Annual,RCY,Recycling,THS_T,Thousand tonnes,PL,Poland,2021,,5505,,,,,
dataflow,ESTAT:ENV_WASMUN(1.0),Municipal waste by waste management operations,A,Annual,RCY,Recycling,THS_T,Thousand tonnes,PL,Poland,2022,,5485,,,,,
dataflow,ESTAT:ENV_WASMUN(1.0),Municipal waste by waste management operations,A,Annual,RCY,Recycling,THS_T,Thousand tonnes,PL,Poland,2023,,3706,,b,break in time series,,
dataflow,ESTAT:ENV_WASMUN(1.0),Municipal waste by waste management operations,A,Annual,RCY,Recycling,THS_T,Thousand tonnes,PT,Portugal,1995,,342,,,,,
dataflow,ESTAT:ENV_WASMUN(1.0),Municipal waste by waste management operations,A,Annual,RCY,Recycling,THS_T,Thousand tonnes,PT,Portugal,1996,,364,,,,,
dataflow,ESTAT:ENV_WASMUN(1.0),Municipal waste by waste management operations,A,Annual,RCY,Recycling,THS_T,Thousand tonnes,PT,Portugal,1997,,399,,,,,
dataflow,ESTAT:ENV_WASMUN(1.0),Municipal waste by waste management operations,A,Annual,RCY,Recycling,THS_T,Thousand tonnes,PT,Portugal,1998,,432,,,,,
dataflow,ESTAT:ENV_WASMUN(1.0),Municipal waste by waste management operations,A,Annual,RCY,Recycling,THS_T,Thousand tonnes,PT,Portugal,1999,,472,,,,,
dataflow,ESTAT:ENV_WASMUN(1.0),Municipal waste by waste management operations,A,Annual,RCY,Recycling,THS_T,Thousand tonnes,PT,Portugal,2000,,496,,,,,
dataflow,ESTAT:ENV_WASMUN(1.0),Municipal waste by waste management operations,A,Annual,RCY,Recycling,THS_T,Thousand tonnes,PT,Portugal,2001,,560,,,,,
dataflow,ESTAT:ENV_WASMUN(1.0),Municipal waste by waste management operations,A,Annual,RCY,Recycling,THS_T,Thousand tonnes,PT,Portugal,2002,,347,,b,break in time series,,
dataflow,ESTAT:ENV_WASMUN(1.0),Municipal waste by waste management operations,A,Annual,RCY,Recycling,THS_T,Thousand tonnes,PT,Portugal,2003,,513,,,,,
dataflow,ESTAT:ENV_WASMUN(1.0),Municipal waste by waste management operations,A,Annual,RCY,Recycling,THS_T,Thousand tonnes,PT,Portugal,2004,,628,,,,,
dataflow,ESTAT:ENV_WASMUN(1.0),Municipal waste by waste management operations,A,Annual,RCY,Recycling,THS_T,Thousand tonnes,PT,Portugal,2005,,719,,,,,
dataflow,ESTAT:ENV_WASMUN(1.0),Municipal waste by waste management operations,A,Annual,RCY,Recycling,THS_T,Thousand tonnes,PT,Portugal,2006,,777,,,,,
dataflow,ESTAT:ENV_WASMUN(1.0),Municipal waste by waste management operations,A,Annual,RCY,Recycling,THS_T,Thousand tonnes,PT,Portugal,2007,,849,,b,break in time series,,
dataflow,ESTAT:ENV_WASMUN(1.0),Municipal waste by waste management operations,A,Annual,RCY,Recycling,THS_T,Thousand tonnes,PT,Portugal,2008,,949,,,,,
dataflow,ESTAT:ENV_WASMUN(1.0),Municipal waste by waste management operations,A,Annual,RCY,Recycling,THS_T,Thousand tonnes,PT,Portugal,2009,,1072,,,,,
dataflow,ESTAT:ENV_WASMUN(1.0),Municipal waste by waste management operations,A,Annual,RCY,Recycling,THS_T,Thousand tonnes,PT,Portugal,2010,,1018,,,,,
dataflow,ESTAT:ENV_WASMUN(1.0),Municipal waste by waste management operations,A,Annual,RCY,Recycling,THS_T,Thousand tonnes,PT,Portugal,2011,,1041,,,,,
dataflow,ESTAT:ENV_WASMUN(1.0),Municipal waste by waste management operations,A,Annual,RCY,Recycling,THS_T,Thousand tonnes,PT,Portugal,2012,,1243,,,,,
dataflow,ESTAT:ENV_WASMUN(1.0),Municipal waste by waste management operations,A,Annual,RCY,Recycling,THS_T,Thousand tonnes,PT,Portugal,2013,,1187,,,,,
dataflow,ESTAT:ENV_WASMUN(1.0),Municipal waste by waste management operations,A,Annual,RCY,Recycling,THS_T,Thousand tonnes,PT,Portugal,2014,,1430,,,,,
dataflow,ESTAT:ENV_WASMUN(1.0),Municipal waste by waste management operations,A,Annual,RCY,Recycling,THS_T,Thousand tonnes,PT,Portugal,2015,,1423,,,,,
dataflow,ESTAT:ENV_WASMUN(1.0),Municipal waste by waste management operations,A,Annual,RCY,Recycling,THS_T,Thousand tonnes,PT,Portugal,2016,,1513,,,,,
dataflow,ESTAT:ENV_WASMUN(1.0),Municipal waste by waste management operations,A,Annual,RCY,Recycling,THS_T,Thousand tonnes,PT,Portugal,2017,,1458,,,,,
dataflow,ESTAT:ENV_WASMUN(1.0),Municipal waste by waste management operations,A,Annual,RCY,Recycling,THS_T,Thousand tonnes,PT,Portugal,2018,,1519,,,,,
dataflow,ESTAT:ENV_WASMUN(1.0),Municipal waste by waste management operations,A,Annual,RCY,Recycling,THS_T,Thousand tonnes,PT,Portugal,2019,,1526,,,,,
dataflow,ESTAT:ENV_WASMUN(1.0),Municipal waste by waste management operations,A,Annual,RCY,Recycling,THS_T,Thousand tonnes,PT,Portugal,2020,,1413,,,,,
dataflow,ESTAT:ENV_WASMUN(1.0),Municipal waste by waste management operations,A,Annual,RCY,Recycling,THS_T,Thousand tonnes,PT,Portugal,2021,,1617,,,,,
dataflow,ESTAT:ENV_WASMUN(1.0),Municipal waste by waste management operations,A,Annual,RCY,Recycling,THS_T,Thousand tonnes,PT,Portugal,2022,,1606,,,,,
dataflow,ESTAT:ENV_WASMUN(1.0),Municipal waste by waste management operations,A,Annual,RCY,Recycling,THS_T,Thousand tonnes,PT,Portugal,2023,,1631,,,,,
dataflow,ESTAT:ENV_WASMUN(1.0),Municipal waste by waste management operations,A,Annual,RCY,Recycling,THS_T,Thousand tonnes,RO,Romania,1995,,0,,,,,
dataflow,ESTAT:ENV_WASMUN(1.0),Municipal waste by waste management operations,A,Annual,RCY,Recycling,THS_T,Thousand tonnes,RO,Romania,1996,,0,,,,,
dataflow,ESTAT:ENV_WASMUN(1.0),Municipal waste by waste management operations,A,Annual,RCY,Recycling,THS_T,Thousand tonnes,RO,Romania,1997,,0,,,,,
dataflow,ESTAT:ENV_WASMUN(1.0),Municipal waste by waste management operations,A,Annual,RCY,Recycling,THS_T,Thousand tonnes,RO,Romania,1998,,0,,,,,
dataflow,ESTAT:ENV_WASMUN(1.0),Municipal waste by waste management operations,A,Annual,RCY,Recycling,THS_T,Thousand tonnes,RO,Romania,1999,,0,,,,,
dataflow,ESTAT:ENV_WASMUN(1.0),Municipal waste by waste management operations,A,Annual,RCY,Recycling,THS_T,Thousand tonnes,RO,Romania,2000,,0,,,,,
dataflow,ESTAT:ENV_WASMUN(1.0),Municipal waste by waste management operations,A,Annual,RCY,Recycling,THS_T,Thousand tonnes,RO,Romania,2001,,123,,,,,
dataflow,ESTAT:ENV_WASMUN(1.0),Municipal waste by waste management operations,A,Annual,RCY,Recycling,THS_T,Thousand tonnes,RO,Romania,2002,,170,,,,,
dataflow,ESTAT:ENV_WASMUN(1.0),Municipal waste by waste management operations,A,Annual,RCY,Recycling,THS_T,Thousand tonnes,RO,Romania,2003,,17,,b,break in time series,,
dataflow,ESTAT:ENV_WASMUN(1.0),Municipal waste by waste management operations,A,Annual,RCY,Recycling,THS_T,Thousand tonnes,RO,Romania,2004,,84,,,,,
dataflow,ESTAT:ENV_WASMUN(1.0),Municipal waste by waste management operations,A,Annual,RCY,Recycling,THS_T,Thousand tonnes,RO,Romania,2005,,145,,,,,
dataflow,ESTAT:ENV_WASMUN(1.0),Municipal waste by waste management operations,A,Annual,RCY,Recycling,THS_T,Thousand tonnes,RO,Romania,2006,,41,,,,,
dataflow,ESTAT:ENV_WASMUN(1.0),Municipal waste by waste management operations,A,Annual,RCY,Recycling,THS_T,Thousand tonnes,RO,Romania,2007,,37,,,,,
dataflow,ESTAT:ENV_WASMUN(1.0),Municipal waste by waste management operations,A,Annual,RCY,Recycling,THS_T,Thousand tonnes,RO,Romania,2008,,75,,,,,
dataflow,ESTAT:ENV_WASMUN(1.0),Municipal waste by waste management operations,A,Annual,RCY,Recycling,THS_T,Thousand tonnes,RO,Romania,2009,,82,,,,,
dataflow,ESTAT:ENV_WASMUN(1.0),Municipal waste by waste management operations,A,Annual,RCY,Recycling,THS_T,Thousand tonnes,RO,Romania,2010,,811,,b,break in time series,,
dataflow,ESTAT:ENV_WASMUN(1.0),Municipal waste by waste management operations,A,Annual,RCY,Recycling,THS_T,Thousand tonnes,RO,Romania,2011,,610,,,,,
dataflow,ESTAT:ENV_WASMUN(1.0),Municipal waste by waste management operations,A,Annual,RCY,Recycling,THS_T,Thousand tonnes,RO,Romania,2012,,745,,,,,
dataflow,ESTAT:ENV_WASMUN(1.0),Municipal waste by waste management operations,A,Annual,RCY,Recycling,THS_T,Thousand tonnes,RO,Romania,2013,,670,,,,,
dataflow,ESTAT:ENV_WASMUN(1.0),Municipal waste by waste management operations,A,Annual,RCY,Recycling,THS_T,Thousand tonnes,RO,Romania,2014,,648,,,,,
dataflow,ESTAT:ENV_WASMUN(1.0),Municipal waste by waste management operations,A,Annual,RCY,Recycling,THS_T,Thousand tonnes,RO,Romania,2015,,650,,,,,
dataflow,ESTAT:ENV_WASMUN(1.0),Municipal waste by waste management operations,A,Annual,RCY,Recycling,THS_T,Thousand tonnes,RO,Romania,2016,,689,,,,,
dataflow,ESTAT:ENV_WASMUN(1.0),Municipal waste by waste management operations,A,Annual,RCY,Recycling,THS_T,Thousand tonnes,RO,Romania,2017,,745,,,,,
dataflow,ESTAT:ENV_WASMUN(1.0),Municipal waste by waste management operations,A,Annual,RCY,Recycling,THS_T,Thousand tonnes,RO,Romania,2018,,586,,,,,
dataflow,ESTAT:ENV_WASMUN(1.0),Municipal waste by waste management operations,A,Annual,RCY,Recycling,THS_T,Thousand tonnes,RO,Romania,2019,,623,,,,,
dataflow,ESTAT:ENV_WASMUN(1.0),Municipal waste by waste management operations,A,Annual,RCY,Recycling,THS_T,Thousand tonnes,RO,Romania,2020,,663,,,,,
dataflow,ESTAT:ENV_WASMUN(1.0),Municipal waste by waste management operations,A,Annual,RCY,Recycling,THS_T,Thousand tonnes,RO,Romania,2021,,654,,,,,
dataflow,ESTAT:ENV_WASMUN(1.0),Municipal waste by waste management operations,A,Annual,RCY,Recycling,THS_T,Thousand tonnes,RO,Romania,2022,,712,,,,,
dataflow,ESTAT:ENV_WASMUN(1.0),Municipal waste by waste management operations,A,Annual,RCY,Recycling,THS_T,Thousand tonnes,RS,Serbia,2006,,0,,,,,
dataflow,ESTAT:ENV_WASMUN(1.0),Municipal waste by waste management operations,A,Annual,RCY,Recycling,THS_T,Thousand tonnes,RS,Serbia,2007,,0,,,,,
dataflow,ESTAT:ENV_WASMUN(1.0),Municipal waste by waste management operations,A,Annual,RCY,Recycling,THS_T,Thousand tonnes,RS,Serbia,2008,,0,,,,,
dataflow,ESTAT:ENV_WASMUN(1.0),Municipal waste by waste management operations,A,Annual,RCY,Recycling,THS_T,Thousand tonnes,RS,Serbia,2009,,0,,,,,
dataflow,ESTAT:ENV_WASMUN(1.0),Municipal waste by waste management operations,A,Annual,RCY,Recycling,THS_T,Thousand tonnes,RS,Serbia,2010,,0,,,,,
dataflow,ESTAT:ENV_WASMUN(1.0),Municipal waste by waste management operations,A,Annual,RCY,Recycling,THS_T,Thousand tonnes,RS,Serbia,2011,,0,,,,,
dataflow,ESTAT:ENV_WASMUN(1.0),Municipal waste by waste management operations,A,Annual,RCY,Recycling,THS_T,Thousand tonnes,RS,Serbia,2012,,0,,,,,
dataflow,ESTAT:ENV_WASMUN(1.0),Municipal waste by waste management operations,A,Annual,RCY,Recycling,THS_T,Thousand tonnes,RS,Serbia,2013,,25,,,,,
dataflow,ESTAT:ENV_WASMUN(1.0),Municipal waste by waste management operations,A,Annual,RCY,Recycling,THS_T,Thousand tonnes,RS,Serbia,2014,,15,,,,,
dataflow,ESTAT:ENV_WASMUN(1.0),Municipal waste by waste management operations,A,Annual,RCY,Recycling,THS_T,Thousand tonnes,RS,Serbia,2015,,14,,,,,
dataflow,ESTAT:ENV_WASMUN(1.0),Municipal waste by waste management operations,A,Annual,RCY,Recycling,THS_T,Thousand tonnes,RS,Serbia,2016,,5,,,,,
dataflow,ESTAT:ENV_WASMUN(1.0),Municipal waste by waste management operations,A,Annual,RCY,Recycling,THS_T,Thousand tonnes,RS,Serbia,2017,,6,,,,,
dataflow,ESTAT:ENV_WASMUN(1.0),Municipal waste by waste management operations,A,Annual,RCY,Recycling,THS_T,Thousand tonnes,RS,Serbia,2018,,6,,,,,
dataflow,ESTAT:ENV_WASMUN(1.0),Municipal waste by waste management operations,A,Annual,RCY,Recycling,THS_T,Thousand tonnes,RS,Serbia,2020,,455,,,,,
dataflow,ESTAT:ENV_WASMUN(1.0),Municipal waste by waste management operations,A,Annual,RCY,Recycling,THS_T,Thousand tonnes,RS,Serbia,2021,,507,,,,,
dataflow,ESTAT:ENV_WASMUN(1.0),Municipal waste by waste management operations,A,Annual,RCY,Recycling,THS_T,Thousand tonnes,RS,Serbia,2022,,561,,,,,
dataflow,ESTAT:ENV_WASMUN(1.0),Municipal waste by waste management operations,A,Annual,RCY,Recycling,THS_T,Thousand tonnes,RS,Serbia,2023,,469,,,,,
dataflow,ESTAT:ENV_WASMUN(1.0),Municipal waste by waste management operations,A,Annual,RCY,Recycling,THS_T,Thousand tonnes,SE,Sweden,1995,,895,,,,,
dataflow,ESTAT:ENV_WASMUN(1.0),Municipal waste by waste management operations,A,Annual,RCY,Recycling,THS_T,Thousand tonnes,SE,Sweden,1996,,1050,,,,,
dataflow,ESTAT:ENV_WASMUN(1.0),Municipal waste by waste management operations,A,Annual,RCY,Recycling,THS_T,Thousand tonnes,SE,Sweden,1997,,1198,,,,,
dataflow,ESTAT:ENV_WASMUN(1.0),Municipal waste by waste management operations,A,Annual,RCY,Recycling,THS_T,Thousand tonnes,SE,Sweden,1998,,1355,,,,,
dataflow,ESTAT:ENV_WASMUN(1.0),Municipal waste by waste management operations,A,Annual,RCY,Recycling,THS_T,Thousand tonnes,SE,Sweden,1999,,1414,,,,,
dataflow,ESTAT:ENV_WASMUN(1.0),Municipal waste by waste management operations,A,Annual,RCY,Recycling,THS_T,Thousand tonnes,SE,Sweden,2000,,1451,,,,,
dataflow,ESTAT:ENV_WASMUN(1.0),Municipal waste by waste management operations,A,Annual,RCY,Recycling,THS_T,Thousand tonnes,SE,Sweden,2001,,1523,,,,,
dataflow,ESTAT:ENV_WASMUN(1.0),Municipal waste by waste management operations,A,Annual,RCY,Recycling,THS_T,Thousand tonnes,SE,Sweden,2002,,1649,,,,,
dataflow,ESTAT:ENV_WASMUN(1.0),Municipal waste by waste management operations,A,Annual,RCY,Recycling,THS_T,Thousand tonnes,SE,Sweden,2003,,1717,,,,,
dataflow,ESTAT:ENV_WASMUN(1.0),Municipal waste by waste management operations,A,Annual,RCY,Recycling,THS_T,Thousand tonnes,SE,Sweden,2004,,1819,,,,,
dataflow,ESTAT:ENV_WASMUN(1.0),Municipal waste by waste management operations,A,Annual,RCY,Recycling,THS_T,Thousand tonnes,SE,Sweden,2005,,1929,,,,,
dataflow,ESTAT:ENV_WASMUN(1.0),Municipal waste by waste management operations,A,Annual,RCY,Recycling,THS_T,Thousand tonnes,SE,Sweden,2006,,2127,,,,,
dataflow,ESTAT:ENV_WASMUN(1.0),Municipal waste by waste management operations,A,Annual,RCY,Recycling,THS_T,Thousand tonnes,SE,Sweden,2007,,2082,,,,,
dataflow,ESTAT:ENV_WASMUN(1.0),Municipal waste by waste management operations,A,Annual,RCY,Recycling,THS_T,Thousand tonnes,SE,Sweden,2008,,2043,,,,,
dataflow,ESTAT:ENV_WASMUN(1.0),Municipal waste by waste management operations,A,Annual,RCY,Recycling,THS_T,Thousand tonnes,SE,Sweden,2009,,2159,,,,,
dataflow,ESTAT:ENV_WASMUN(1.0),Municipal waste by waste management operations,A,Annual,RCY,Recycling,THS_T,Thousand tonnes,SE,Sweden,2010,,1979,,,,,
dataflow,ESTAT:ENV_WASMUN(1.0),Municipal waste by waste management operations,A,Annual,RCY,Recycling,THS_T,Thousand tonnes,SE,Sweden,2011,,2009,,,,,
dataflow,ESTAT:ENV_WASMUN(1.0),Municipal waste by waste management operations,A,Annual,RCY,Recycling,THS_T,Thousand tonnes,SE,Sweden,2012,,2026,,,,,
dataflow,ESTAT:ENV_WASMUN(1.0),Municipal waste by waste management operations,A,Annual,RCY,Recycling,THS_T,Thousand tonnes,SE,Sweden,2013,,2108,,,,,
dataflow,ESTAT:ENV_WASMUN(1.0),Municipal waste by waste management operations,A,Annual,RCY,Recycling,THS_T,Thousand tonnes,SE,Sweden,2014,,2119,,,,,
dataflow,ESTAT:ENV_WASMUN(1.0),Municipal waste by waste management operations,A,Annual,RCY,Recycling,THS_T,Thousand tonnes,SE,Sweden,2015,,2103,,,,,
dataflow,ESTAT:ENV_WASMUN(1.0),Municipal waste by waste management operations,A,Annual,RCY,Recycling,THS_T,Thousand tonnes,SE,Sweden,2016,,2149,,,,,
dataflow,ESTAT:ENV_WASMUN(1.0),Municipal waste by waste management operations,A,Annual,RCY,Recycling,THS_T,Thousand tonnes,SE,Sweden,2017,,2130,,,,,
dataflow,ESTAT:ENV_WASMUN(1.0),Municipal waste by waste management operations,A,Annual,RCY,Recycling,THS_T,Thousand tonnes,SE,Sweden,2018,,2024,,,,,
dataflow,ESTAT:ENV_WASMUN(1.0),Municipal waste by waste management operations,A,Annual,RCY,Recycling,THS_T,Thousand tonnes,SE,Sweden,2019,,2150,,,,,
dataflow,ESTAT:ENV_WASMUN(1.0),Municipal waste by waste management operations,A,Annual,RCY,Recycling,THS_T,Thousand tonnes,SE,Sweden,2020,,1707,,b,break in time series,,
dataflow,ESTAT:ENV_WASMUN(1.0),Municipal waste by waste management operations,A,Annual,RCY,Recycling,THS_T,Thousand tonnes,SE,Sweden,2021,,1720,,,,,
dataflow,ESTAT:ENV_WASMUN(1.0),Municipal waste by waste management operations,A,Annual,RCY,Recycling,THS_T,Thousand tonnes,SE,Sweden,2022,,1645,,,,,
dataflow,ESTAT:ENV_WASMUN(1.0),Municipal waste by waste management operations,A,Annual,RCY,Recycling,THS_T,Thousand tonnes,SE,Sweden,2023,,1627,,,,,
dataflow,ESTAT:ENV_WASMUN(1.0),Municipal waste by waste management operations,A,Annual,RCY,Recycling,THS_T,Thousand tonnes,SI,Slovenia,1995,,24,,,,,
dataflow,ESTAT:ENV_WASMUN(1.0),Municipal waste by waste management operations,A,Annual,RCY,Recycling,THS_T,Thousand tonnes,SI,Slovenia,1996,,62,,i,value imputed by Eurostat or other receiving agencies,,
dataflow,ESTAT:ENV_WASMUN(1.0),Municipal waste by waste management operations,A,Annual,RCY,Recycling,THS_T,Thousand tonnes,SI,Slovenia,1997,,70,,i,value imputed by Eurostat or other receiving agencies,,
dataflow,ESTAT:ENV_WASMUN(1.0),Municipal waste by waste management operations,A,Annual,RCY,Recycling,THS_T,Thousand tonnes,SI,Slovenia,1998,,110,,,,,
dataflow,ESTAT:ENV_WASMUN(1.0),Municipal waste by waste management operations,A,Annual,RCY,Recycling,THS_T,Thousand tonnes,SI,Slovenia,1999,,69,,i,value imputed by Eurostat or other receiving agencies,,
dataflow,ESTAT:ENV_WASMUN(1.0),Municipal waste by waste management operations,A,Annual,RCY,Recycling,THS_T,Thousand tonnes,SI,Slovenia,2000,,61,,i,value imputed by Eurostat or other receiving agencies,,
dataflow,ESTAT:ENV_WASMUN(1.0),Municipal waste by waste management operations,A,Annual,RCY,Recycling,THS_T,Thousand tonnes,SI,Slovenia,2001,,26,,,,,
dataflow,ESTAT:ENV_WASMUN(1.0),Municipal waste by waste management operations,A,Annual,RCY,Recycling,THS_T,Thousand tonnes,SI,Slovenia,2002,,73,,,,,
dataflow,ESTAT:ENV_WASMUN(1.0),Municipal waste by waste management operations,A,Annual,RCY,Recycling,THS_T,Thousand tonnes,SI,Slovenia,2003,,105,,,,,
dataflow,ESTAT:ENV_WASMUN(1.0),Municipal waste by waste management operations,A,Annual,RCY,Recycling,THS_T,Thousand tonnes,SI,Slovenia,2004,,198,,,,,
dataflow,ESTAT:ENV_WASMUN(1.0),Municipal waste by waste management operations,A,Annual,RCY,Recycling,THS_T,Thousand tonnes,SI,Slovenia,2005,,184,,,,,
dataflow,ESTAT:ENV_WASMUN(1.0),Municipal waste by waste management operations,A,Annual,RCY,Recycling,THS_T,Thousand tonnes,SI,Slovenia,2006,,160,,,,,
dataflow,ESTAT:ENV_WASMUN(1.0),Municipal waste by waste management operations,A,Annual,RCY,Recycling,THS_T,Thousand tonnes,SI,Slovenia,2007,,232,,,,,
dataflow,ESTAT:ENV_WASMUN(1.0),Municipal waste by waste management operations,A,Annual,RCY,Recycling,THS_T,Thousand tonnes,SI,Slovenia,2008,,207,,,,,
dataflow,ESTAT:ENV_WASMUN(1.0),Municipal waste by waste management operations,A,Annual,RCY,Recycling,THS_T,Thousand tonnes,SI,Slovenia,2009,,209,,,,,
dataflow,ESTAT:ENV_WASMUN(1.0),Municipal waste by waste management operations,A,Annual,RCY,Recycling,THS_T,Thousand tonnes,SI,Slovenia,2010,,225,,,,,
dataflow,ESTAT:ENV_WASMUN(1.0),Municipal waste by waste management operations,A,Annual,RCY,Recycling,THS_T,Thousand tonnes,SI,Slovenia,2011,,304,,,,,
dataflow,ESTAT:ENV_WASMUN(1.0),Municipal waste by waste management operations,A,Annual,RCY,Recycling,THS_T,Thousand tonnes,SI,Slovenia,2012,,313,,,,,
dataflow,ESTAT:ENV_WASMUN(1.0),Municipal waste by waste management operations,A,Annual,RCY,Recycling,THS_T,Thousand tonnes,SI,Slovenia,2013,,297,,,,,
dataflow,ESTAT:ENV_WASMUN(1.0),Municipal waste by waste management operations,A,Annual,RCY,Recycling,THS_T,Thousand tonnes,SI,Slovenia,2014,,321,,,,,
dataflow,ESTAT:ENV_WASMUN(1.0),Municipal waste by waste management operations,A,Annual,RCY,Recycling,THS_T,Thousand tonnes,SI,Slovenia,2015,,501,,be,"break in time series, estimated",,
dataflow,ESTAT:ENV_WASMUN(1.0),Municipal waste by waste management operations,A,Annual,RCY,Recycling,THS_T,Thousand tonnes,SI,Slovenia,2016,,523,,e,estimated,,
dataflow,ESTAT:ENV_WASMUN(1.0),Municipal waste by waste management operations,A,Annual,RCY,Recycling,THS_T,Thousand tonnes,SI,Slovenia,2017,,563,,e,estimated,,
dataflow,ESTAT:ENV_WASMUN(1.0),Municipal waste by waste management operations,A,Annual,RCY,Recycling,THS_T,Thousand tonnes,SI,Slovenia,2018,,594,,,,,
dataflow,ESTAT:ENV_WASMUN(1.0),Municipal waste by waste management operations,A,Annual,RCY,Recycling,THS_T,Thousand tonnes,SI,Slovenia,2019,,623,,,,,
dataflow,ESTAT:ENV_WASMUN(1.0),Municipal waste by waste management operations,A,Annual,RCY,Recycling,THS_T,Thousand tonnes,SI,Slovenia,2020,,607,,,,,
dataflow,ESTAT:ENV_WASMUN(1.0),Municipal waste by waste management operations,A,Annual,RCY,Recycling,THS_T,Thousand tonnes,SI,Slovenia,2021,,655,,,,,
dataflow,ESTAT:ENV_WASMUN(1.0),Municipal waste by waste management operations,A,Annual,RCY,Recycling,THS_T,Thousand tonnes,SI,Slovenia,2022,,644,,,,,
dataflow,ESTAT:ENV_WASMUN(1.0),Municipal waste by waste management operations,A,Annual,RCY,Recycling,THS_T,Thousand tonnes,SI,Slovenia,2023,,656,,,,,
dataflow,ESTAT:ENV_WASMUN(1.0),Municipal waste by waste management operations,A,Annual,RCY,Recycling,THS_T,Thousand tonnes,SK,Slovakia,1995,,44,,i,value imputed by Eurostat or other receiving agencies,,
dataflow,ESTAT:ENV_WASMUN(1.0),Municipal waste by waste management operations,A,Annual,RCY,Recycling,THS_T,Thousand tonnes,SK,Slovakia,1996,,41,,i,value imputed by Eurostat or other receiving agencies,,
dataflow,ESTAT:ENV_WASMUN(1.0),Municipal waste by waste management operations,A,Annual,RCY,Recycling,THS_T,Thousand tonnes,SK,Slovakia,1997,,74,,e,estimated,,
dataflow,ESTAT:ENV_WASMUN(1.0),Municipal waste by waste management operations,A,Annual,RCY,Recycling,THS_T,Thousand tonnes,SK,Slovakia,1998,,66,,,,,
dataflow,ESTAT:ENV_WASMUN(1.0),Municipal waste by waste management operations,A,Annual,RCY,Recycling,THS_T,Thousand tonnes,SK,Slovakia,1999,,67,,,,,
dataflow,ESTAT:ENV_WASMUN(1.0),Municipal waste by waste management operations,A,Annual,RCY,Recycling,THS_T,Thousand tonnes,SK,Slovakia,2000,,71,,,,,
dataflow,ESTAT:ENV_WASMUN(1.0),Municipal waste by waste management operations,A,Annual,RCY,Recycling,THS_T,Thousand tonnes,SK,Slovakia,2001,,70,,,,,
dataflow,ESTAT:ENV_WASMUN(1.0),Municipal waste by waste management operations,A,Annual,RCY,Recycling,THS_T,Thousand tonnes,SK,Slovakia,2002,,69,,,,,
dataflow,ESTAT:ENV_WASMUN(1.0),Municipal waste by waste management operations,A,Annual,RCY,Recycling,THS_T,Thousand tonnes,SK,Slovakia,2003,,84,,,,,
dataflow,ESTAT:ENV_WASMUN(1.0),Municipal waste by waste management operations,A,Annual,RCY,Recycling,THS_T,Thousand tonnes,SK,Slovakia,2004,,86,,,,,
dataflow,ESTAT:ENV_WASMUN(1.0),Municipal waste by waste management operations,A,Annual,RCY,Recycling,THS_T,Thousand tonnes,SK,Slovakia,2005,,30,,b,break in time series,,
dataflow,ESTAT:ENV_WASMUN(1.0),Municipal waste by waste management operations,A,Annual,RCY,Recycling,THS_T,Thousand tonnes,SK,Slovakia,2006,,61,,,,,
dataflow,ESTAT:ENV_WASMUN(1.0),Municipal waste by waste management operations,A,Annual,RCY,Recycling,THS_T,Thousand tonnes,SK,Slovakia,2007,,104,,,,,
dataflow,ESTAT:ENV_WASMUN(1.0),Municipal waste by waste management operations,A,Annual,RCY,Recycling,THS_T,Thousand tonnes,SK,Slovakia,2008,,124,,,,,
dataflow,ESTAT:ENV_WASMUN(1.0),Municipal waste by waste management operations,A,Annual,RCY,Recycling,THS_T,Thousand tonnes,SK,Slovakia,2009,,137,,,,,
dataflow,ESTAT:ENV_WASMUN(1.0),Municipal waste by waste management operations,A,Annual,RCY,Recycling,THS_T,Thousand tonnes,SK,Slovakia,2010,,157,,,,,
dataflow,ESTAT:ENV_WASMUN(1.0),Municipal waste by waste management operations,A,Annual,RCY,Recycling,THS_T,Thousand tonnes,SK,Slovakia,2011,,183,,,,,
dataflow,ESTAT:ENV_WASMUN(1.0),Municipal waste by waste management operations,A,Annual,RCY,Recycling,THS_T,Thousand tonnes,SK,Slovakia,2012,,222,,,,,
dataflow,ESTAT:ENV_WASMUN(1.0),Municipal waste by waste management operations,A,Annual,RCY,Recycling,THS_T,Thousand tonnes,SK,Slovakia,2013,,177,,,,,
dataflow,ESTAT:ENV_WASMUN(1.0),Municipal waste by waste management operations,A,Annual,RCY,Recycling,THS_T,Thousand tonnes,SK,Slovakia,2014,,180,,,,,
dataflow,ESTAT:ENV_WASMUN(1.0),Municipal waste by waste management operations,A,Annual,RCY,Recycling,THS_T,Thousand tonnes,SK,Slovakia,2015,,266,,,,,
dataflow,ESTAT:ENV_WASMUN(1.0),Municipal waste by waste management operations,A,Annual,RCY,Recycling,THS_T,Thousand tonnes,SK,Slovakia,2016,,434,,,,,
dataflow,ESTAT:ENV_WASMUN(1.0),Municipal waste by waste management operations,A,Annual,RCY,Recycling,THS_T,Thousand tonnes,SK,Slovakia,2017,,614,,,,,
dataflow,ESTAT:ENV_WASMUN(1.0),Municipal waste by waste management operations,A,Annual,RCY,Recycling,THS_T,Thousand tonnes,SK,Slovakia,2018,,818,,,,,
dataflow,ESTAT:ENV_WASMUN(1.0),Municipal waste by waste management operations,A,Annual,RCY,Recycling,THS_T,Thousand tonnes,SK,Slovakia,2019,,886,,,,,
dataflow,ESTAT:ENV_WASMUN(1.0),Municipal waste by waste management operations,A,Annual,RCY,Recycling,THS_T,Thousand tonnes,SK,Slovakia,2020,,1184,,,,,
dataflow,ESTAT:ENV_WASMUN(1.0),Municipal waste by waste management operations,A,Annual,RCY,Recycling,THS_T,Thousand tonnes,SK,Slovakia,2021,,1323,,,,,
dataflow,ESTAT:ENV_WASMUN(1.0),Municipal waste by waste management operations,A,Annual,RCY,Recycling,THS_T,Thousand tonnes,SK,Slovakia,2022,,1286,,,,,
dataflow,ESTAT:ENV_WASMUN(1.0),Municipal waste by waste management operations,A,Annual,RCY,Recycling,THS_T,Thousand tonnes,SK,Slovakia,2023,,1289,,,,,
dataflow,ESTAT:ENV_WASMUN(1.0),Municipal waste by waste management operations,A,Annual,RCY,Recycling,THS_T,Thousand tonnes,TR,Türkiye,2016,,3092,,b,break in time series,,
dataflow,ESTAT:ENV_WASMUN(1.0),Municipal waste by waste management operations,A,Annual,RCY,Recycling,THS_T,Thousand tonnes,TR,Türkiye,2017,,3130,,e,estimated,,
dataflow,ESTAT:ENV_WASMUN(1.0),Municipal waste by waste management operations,A,Annual,RCY,Recycling,THS_T,Thousand tonnes,TR,Türkiye,2018,,3971,,,,,
dataflow,ESTAT:ENV_WASMUN(1.0),Municipal waste by waste management operations,A,Annual,RCY,Recycling,THS_T,Thousand tonnes,TR,Türkiye,2019,,4027,,e,estimated,,
dataflow,ESTAT:ENV_WASMUN(1.0),Municipal waste by waste management operations,A,Annual,RCY,Recycling,THS_T,Thousand tonnes,TR,Türkiye,2020,,4264,,,,,
dataflow,ESTAT:ENV_WASMUN(1.0),Municipal waste by waste management operations,A,Annual,RCY,Recycling,THS_T,Thousand tonnes,TR,Türkiye,2021,,4318,,e,estimated,,
dataflow,ESTAT:ENV_WASMUN(1.0),Municipal waste by waste management operations,A,Annual,RCY,Recycling,THS_T,Thousand tonnes,XK,Kosovo*,2020,,0,,,,,
dataflow,ESTAT:ENV_WASMUN(1.0),Municipal waste by waste management operations,A,Annual,RCY,Recycling,THS_T,Thousand tonnes,XK,Kosovo*,2021,,12,,,,,
dataflow,ESTAT:ENV_WASMUN(1.0),Municipal waste by waste management operations,A,Annual,RCY,Recycling,THS_T,Thousand tonnes,XK,Kosovo*,2022,,13,,,,,
dataflow,ESTAT:ENV_WASMUN(1.0),Municipal waste by waste management operations,A,Annual,RCY_C_D,Recycling - composting and digestion,KG_HAB,Kilograms per capita,AL,Albania,2020,,0,,,,,
dataflow,ESTAT:ENV_WASMUN(1.0),Municipal waste by waste management operations,A,Annual,RCY_C_D,Recycling - composting and digestion,KG_HAB,Kilograms per capita,AL,Albania,2021,,0,,,,,
dataflow,ESTAT:ENV_WASMUN(1.0),Municipal waste by waste management operations,A,Annual,RCY_C_D,Recycling - composting and digestion,KG_HAB,Kilograms per capita,AL,Albania,2022,,0,,,,,
dataflow,ESTAT:ENV_WASMUN(1.0),Municipal waste by waste management operations,A,Annual,RCY_C_D,Recycling - composting and digestion,KG_HAB,Kilograms per capita,AL,Albania,2023,,0,,,,,
dataflow,ESTAT:ENV_WASMUN(1.0),Municipal waste by waste management operations,A,Annual,RCY_C_D,Recycling - composting and digestion,KG_HAB,Kilograms per capita,AT,Austria,1995,,118,,,,,
dataflow,ESTAT:ENV_WASMUN(1.0),Municipal waste by waste management operations,A,Annual,RCY_C_D,Recycling - composting and digestion,KG_HAB,Kilograms per capita,AT,Austria,1996,,210,,b,break in time series,,
dataflow,ESTAT:ENV_WASMUN(1.0),Municipal waste by waste management operations,A,Annual,RCY_C_D,Recycling - composting and digestion,KG_HAB,Kilograms per capita,AT,Austria,1997,,220,,,,,
dataflow,ESTAT:ENV_WASMUN(1.0),Municipal waste by waste management operations,A,Annual,RCY_C_D,Recycling - composting and digestion,KG_HAB,Kilograms per capita,AT,Austria,1998,,219,,,,,
dataflow,ESTAT:ENV_WASMUN(1.0),Municipal waste by waste management operations,A,Annual,RCY_C_D,Recycling - composting and digestion,KG_HAB,Kilograms per capita,AT,Austria,1999,,224,,,,,
dataflow,ESTAT:ENV_WASMUN(1.0),Municipal waste by waste management operations,A,Annual,RCY_C_D,Recycling - composting and digestion,KG_HAB,Kilograms per capita,AT,Austria,2000,,227,,,,,
dataflow,ESTAT:ENV_WASMUN(1.0),Municipal waste by waste management operations,A,Annual,RCY_C_D,Recycling - composting and digestion,KG_HAB,Kilograms per capita,AT,Austria,2001,,231,,e,estimated,,
dataflow,ESTAT:ENV_WASMUN(1.0),Municipal waste by waste management operations,A,Annual,RCY_C_D,Recycling - composting and digestion,KG_HAB,Kilograms per capita,AT,Austria,2002,,242,,e,estimated,,
dataflow,ESTAT:ENV_WASMUN(1.0),Municipal waste by waste management operations,A,Annual,RCY_C_D,Recycling - composting and digestion,KG_HAB,Kilograms per capita,AT,Austria,2003,,253,,e,estimated,,
dataflow,ESTAT:ENV_WASMUN(1.0),Municipal waste by waste management operations,A,Annual,RCY_C_D,Recycling - composting and digestion,KG_HAB,Kilograms per capita,AT,Austria,2004,,192,,,,,
dataflow,ESTAT:ENV_WASMUN(1.0),Municipal waste by waste management operations,A,Annual,RCY_C_D,Recycling - composting and digestion,KG_HAB,Kilograms per capita,AT,Austria,2005,,192,,e,estimated,,
dataflow,ESTAT:ENV_WASMUN(1.0),Municipal waste by waste management operations,A,Annual,RCY_C_D,Recycling - composting and digestion,KG_HAB,Kilograms per capita,AT,Austria,2006,,201,,,,,
dataflow,ESTAT:ENV_WASMUN(1.0),Municipal waste by waste management operations,A,Annual,RCY_C_D,Recycling - composting and digestion,KG_HAB,Kilograms per capita,AT,Austria,2007,,200,,,,,
dataflow,ESTAT:ENV_WASMUN(1.0),Municipal waste by waste management operations,A,Annual,RCY_C_D,Recycling - composting and digestion,KG_HAB,Kilograms per capita,AT,Austria,2008,,202,,,,,
dataflow,ESTAT:ENV_WASMUN(1.0),Municipal waste by waste management operations,A,Annual,RCY_C_D,Recycling - composting and digestion,KG_HAB,Kilograms per capita,AT,Austria,2009,,186,,,,,
dataflow,ESTAT:ENV_WASMUN(1.0),Municipal waste by waste management operations,A,Annual,RCY_C_D,Recycling - composting and digestion,KG_HAB,Kilograms per capita,AT,Austria,2010,,182,,,,,
dataflow,ESTAT:ENV_WASMUN(1.0),Municipal waste by waste management operations,A,Annual,RCY_C_D,Recycling - composting and digestion,KG_HAB,Kilograms per capita,AT,Austria,2011,,188,,,,,
dataflow,ESTAT:ENV_WASMUN(1.0),Municipal waste by waste management operations,A,Annual,RCY_C_D,Recycling - composting and digestion,KG_HAB,Kilograms per capita,AT,Austria,2012,,196,,,,,
dataflow,ESTAT:ENV_WASMUN(1.0),Municipal waste by waste management operations,A,Annual,RCY_C_D,Recycling - composting and digestion,KG_HAB,Kilograms per capita,AT,Austria,2013,,192,,,,,
dataflow,ESTAT:ENV_WASMUN(1.0),Municipal waste by waste management operations,A,Annual,RCY_C_D,Recycling - composting and digestion,KG_HAB,Kilograms per capita,AT,Austria,2014,,175,,,,,
dataflow,ESTAT:ENV_WASMUN(1.0),Municipal waste by waste management operations,A,Annual,RCY_C_D,Recycling - composting and digestion,KG_HAB,Kilograms per capita,AT,Austria,2015,,175,,,,,
dataflow,ESTAT:ENV_WASMUN(1.0),Municipal waste by waste management operations,A,Annual,RCY_C_D,Recycling - composting and digestion,KG_HAB,Kilograms per capita,AT,Austria,2016,,181,,,,,
dataflow,ESTAT:ENV_WASMUN(1.0),Municipal waste by waste management operations,A,Annual,RCY_C_D,Recycling - composting and digestion,KG_HAB,Kilograms per capita,AT,Austria,2017,,182,,,,,
dataflow,ESTAT:ENV_WASMUN(1.0),Municipal waste by waste management operations,A,Annual,RCY_C_D,Recycling - composting and digestion,KG_HAB,Kilograms per capita,AT,Austria,2018,,187,,,,,
dataflow,ESTAT:ENV_WASMUN(1.0),Municipal waste by waste management operations,A,Annual,RCY_C_D,Recycling - composting and digestion,KG_HAB,Kilograms per capita,AT,Austria,2019,,189,,,,,
dataflow,ESTAT:ENV_WASMUN(1.0),Municipal waste by waste management operations,A,Annual,RCY_C_D,Recycling - composting and digestion,KG_HAB,Kilograms per capita,AT,Austria,2020,,179,,b,break in time series,,
dataflow,ESTAT:ENV_WASMUN(1.0),Municipal waste by waste management operations,A,Annual,RCY_C_D,Recycling - composting and digestion,KG_HAB,Kilograms per capita,AT,Austria,2021,,174,,,,,
dataflow,ESTAT:ENV_WASMUN(1.0),Municipal waste by waste management operations,A,Annual,RCY_C_D,Recycling - composting and digestion,KG_HAB,Kilograms per capita,AT,Austria,2022,,163,,,,,
dataflow,ESTAT:ENV_WASMUN(1.0),Municipal waste by waste management operations,A,Annual,RCY_C_D,Recycling - composting and digestion,KG_HAB,Kilograms per capita,BA,Bosnia and Herzegovina,2008,,0,,,,,
dataflow,ESTAT:ENV_WASMUN(1.0),Municipal waste by waste management operations,A,Annual,RCY_C_D,Recycling - composting and digestion,KG_HAB,Kilograms per capita,BA,Bosnia and Herzegovina,2009,,0,,,,,
dataflow,ESTAT:ENV_WASMUN(1.0),Municipal waste by waste management operations,A,Annual,RCY_C_D,Recycling - composting and digestion,KG_HAB,Kilograms per capita,BA,Bosnia and Herzegovina,2010,,0,,,,,
dataflow,ESTAT:ENV_WASMUN(1.0),Municipal waste by waste management operations,A,Annual,RCY_C_D,Recycling - composting and digestion,KG_HAB,Kilograms per capita,BA,Bosnia and Herzegovina,2011,,0,,,,,
dataflow,ESTAT:ENV_WASMUN(1.0),Municipal waste by waste management operations,A,Annual,RCY_C_D,Recycling - composting and digestion,KG_HAB,Kilograms per capita,BA,Bosnia and Herzegovina,2012,,0,,,,,
dataflow,ESTAT:ENV_WASMUN(1.0),Municipal waste by waste management operations,A,Annual,RCY_C_D,Recycling - composting and digestion,KG_HAB,Kilograms per capita,BA,Bosnia and Herzegovina,2013,,0,,,,,
dataflow,ESTAT:ENV_WASMUN(1.0),Municipal waste by waste management operations,A,Annual,RCY_C_D,Recycling - composting and digestion,KG_HAB,Kilograms per capita,BA,Bosnia and Herzegovina,2014,,0,,,,,
dataflow,ESTAT:ENV_WASMUN(1.0),Municipal waste by waste management operations,A,Annual,RCY_C_D,Recycling - composting and digestion,KG_HAB,Kilograms per capita,BA,Bosnia and Herzegovina,2015,,0,,,,,
dataflow,ESTAT:ENV_WASMUN(1.0),Municipal waste by waste management operations,A,Annual,RCY_C_D,Recycling - composting and digestion,KG_HAB,Kilograms per capita,BA,Bosnia and Herzegovina,2016,,0,,,,,
dataflow,ESTAT:ENV_WASMUN(1.0),Municipal waste by waste management operations,A,Annual,RCY_C_D,Recycling - composting and digestion,KG_HAB,Kilograms per capita,BA,Bosnia and Herzegovina,2017,,0,,,,,
dataflow,ESTAT:ENV_WASMUN(1.0),Municipal waste by waste management operations,A,Annual,RCY_C_D,Recycling - composting and digestion,KG_HAB,Kilograms per capita,BA,Bosnia and Herzegovina,2022,,0,,,,,
dataflow,ESTAT:ENV_WASMUN(1.0),Municipal waste by waste management operations,A,Annual,RCY_C_D,Recycling - composting and digestion,KG_HAB,Kilograms per capita,BE,Belgium,1995,,36,,,,,
dataflow,ESTAT:ENV_WASMUN(1.0),Municipal waste by waste management operations,A,Annual,RCY_C_D,Recycling - composting and digestion,KG_HAB,Kilograms per capita,BE,Belgium,1996,,49,,,,,
dataflow,ESTAT:ENV_WASMUN(1.0),Municipal waste by waste management operations,A,Annual,RCY_C_D,Recycling - composting and digestion,KG_HAB,Kilograms per capita,BE,Belgium,1997,,75,,,,,
dataflow,ESTAT:ENV_WASMUN(1.0),Municipal waste by waste management operations,A,Annual,RCY_C_D,Recycling - composting and digestion,KG_HAB,Kilograms per capita,BE,Belgium,1998,,83,,,,,
dataflow,ESTAT:ENV_WASMUN(1.0),Municipal waste by waste management operations,A,Annual,RCY_C_D,Recycling - composting and digestion,KG_HAB,Kilograms per capita,BE,Belgium,1999,,93,,,,,
dataflow,ESTAT:ENV_WASMUN(1.0),Municipal waste by waste management operations,A,Annual,RCY_C_D,Recycling - composting and digestion,KG_HAB,Kilograms per capita,BE,Belgium,2000,,106,,,,,
dataflow,ESTAT:ENV_WASMUN(1.0),Municipal waste by waste management operations,A,Annual,RCY_C_D,Recycling - composting and digestion,KG_HAB,Kilograms per capita,BE,Belgium,2001,,100,,,,,
dataflow,ESTAT:ENV_WASMUN(1.0),Municipal waste by waste management operations,A,Annual,RCY_C_D,Recycling - composting and digestion,KG_HAB,Kilograms per capita,BE,Belgium,2002,,106,,,,,
dataflow,ESTAT:ENV_WASMUN(1.0),Municipal waste by waste management operations,A,Annual,RCY_C_D,Recycling - composting and digestion,KG_HAB,Kilograms per capita,BE,Belgium,2003,,108,,,,,
dataflow,ESTAT:ENV_WASMUN(1.0),Municipal waste by waste management operations,A,Annual,RCY_C_D,Recycling - composting and digestion,KG_HAB,Kilograms per capita,BE,Belgium,2004,,116,,,,,
dataflow,ESTAT:ENV_WASMUN(1.0),Municipal waste by waste management operations,A,Annual,RCY_C_D,Recycling - composting and digestion,KG_HAB,Kilograms per capita,BE,Belgium,2005,,112,,,,,
dataflow,ESTAT:ENV_WASMUN(1.0),Municipal waste by waste management operations,A,Annual,RCY_C_D,Recycling - composting and digestion,KG_HAB,Kilograms per capita,BE,Belgium,2006,,113,,,,,
dataflow,ESTAT:ENV_WASMUN(1.0),Municipal waste by waste management operations,A,Annual,RCY_C_D,Recycling - composting and digestion,KG_HAB,Kilograms per capita,BE,Belgium,2007,,116,,,,,
dataflow,ESTAT:ENV_WASMUN(1.0),Municipal waste by waste management operations,A,Annual,RCY_C_D,Recycling - composting and digestion,KG_HAB,Kilograms per capita,BE,Belgium,2008,,98,,,,,
dataflow,ESTAT:ENV_WASMUN(1.0),Municipal waste by waste management operations,A,Annual,RCY_C_D,Recycling - composting and digestion,KG_HAB,Kilograms per capita,BE,Belgium,2009,,95,,,,,
dataflow,ESTAT:ENV_WASMUN(1.0),Municipal waste by waste management operations,A,Annual,RCY_C_D,Recycling - composting and digestion,KG_HAB,Kilograms per capita,BE,Belgium,2010,,97,,,,,
dataflow,ESTAT:ENV_WASMUN(1.0),Municipal waste by waste management operations,A,Annual,RCY_C_D,Recycling - composting and digestion,KG_HAB,Kilograms per capita,BE,Belgium,2011,,93,,,,,
dataflow,ESTAT:ENV_WASMUN(1.0),Municipal waste by waste management operations,A,Annual,RCY_C_D,Recycling - composting and digestion,KG_HAB,Kilograms per capita,BE,Belgium,2012,,93,,,,,
dataflow,ESTAT:ENV_WASMUN(1.0),Municipal waste by waste management operations,A,Annual,RCY_C_D,Recycling - composting and digestion,KG_HAB,Kilograms per capita,BE,Belgium,2013,,92,,,,,
dataflow,ESTAT:ENV_WASMUN(1.0),Municipal waste by waste management operations,A,Annual,RCY_C_D,Recycling - composting and digestion,KG_HAB,Kilograms per capita,BE,Belgium,2014,,87,,,,,
dataflow,ESTAT:ENV_WASMUN(1.0),Municipal waste by waste management operations,A,Annual,RCY_C_D,Recycling - composting and digestion,KG_HAB,Kilograms per capita,BE,Belgium,2015,,80,,,,,
dataflow,ESTAT:ENV_WASMUN(1.0),Municipal waste by waste management operations,A,Annual,RCY_C_D,Recycling - composting and digestion,KG_HAB,Kilograms per capita,BE,Belgium,2016,,85,,,,,
dataflow,ESTAT:ENV_WASMUN(1.0),Municipal waste by waste management operations,A,Annual,RCY_C_D,Recycling - composting and digestion,KG_HAB,Kilograms per capita,BE,Belgium,2017,,81,,,,,
dataflow,ESTAT:ENV_WASMUN(1.0),Municipal waste by waste management operations,A,Annual,RCY_C_D,Recycling - composting and digestion,KG_HAB,Kilograms per capita,BE,Belgium,2018,,82,,,,,
dataflow,ESTAT:ENV_WASMUN(1.0),Municipal waste by waste management operations,A,Annual,RCY_C_D,Recycling - composting and digestion,KG_HAB,Kilograms per capita,BE,Belgium,2019,,86,,,,,
dataflow,ESTAT:ENV_WASMUN(1.0),Municipal waste by waste management operations,A,Annual,RCY_C_D,Recycling - composting and digestion,KG_HAB,Kilograms per capita,BE,Belgium,2020,,137,,,,,
dataflow,ESTAT:ENV_WASMUN(1.0),Municipal waste by waste management operations,A,Annual,RCY_C_D,Recycling - composting and digestion,KG_HAB,Kilograms per capita,BE,Belgium,2021,,152,,,,,
dataflow,ESTAT:ENV_WASMUN(1.0),Municipal waste by waste management operations,A,Annual,RCY_C_D,Recycling - composting and digestion,KG_HAB,Kilograms per capita,BE,Belgium,2022,,135,,,,,
dataflow,ESTAT:ENV_WASMUN(1.0),Municipal waste by waste management operations,A,Annual,RCY_C_D,Recycling - composting and digestion,KG_HAB,Kilograms per capita,BE,Belgium,2023,,137,,,,,
dataflow,ESTAT:ENV_WASMUN(1.0),Municipal waste by waste management operations,A,Annual,RCY_C_D,Recycling - composting and digestion,KG_HAB,Kilograms per capita,BG,Bulgaria,1995,,0,,,,,
dataflow,ESTAT:ENV_WASMUN(1.0),Municipal waste by waste management operations,A,Annual,RCY_C_D,Recycling - composting and digestion,KG_HAB,Kilograms per capita,BG,Bulgaria,1996,,0,,,,,
dataflow,ESTAT:ENV_WASMUN(1.0),Municipal waste by waste management operations,A,Annual,RCY_C_D,Recycling - composting and digestion,KG_HAB,Kilograms per capita,BG,Bulgaria,1997,,0,,,,,
dataflow,ESTAT:ENV_WASMUN(1.0),Municipal waste by waste management operations,A,Annual,RCY_C_D,Recycling - composting and digestion,KG_HAB,Kilograms per capita,BG,Bulgaria,1998,,0,,,,,
dataflow,ESTAT:ENV_WASMUN(1.0),Municipal waste by waste management operations,A,Annual,RCY_C_D,Recycling - composting and digestion,KG_HAB,Kilograms per capita,BG,Bulgaria,1999,,0,,,,,
dataflow,ESTAT:ENV_WASMUN(1.0),Municipal waste by waste management operations,A,Annual,RCY_C_D,Recycling - composting and digestion,KG_HAB,Kilograms per capita,BG,Bulgaria,2000,,0,,,,,
dataflow,ESTAT:ENV_WASMUN(1.0),Municipal waste by waste management operations,A,Annual,RCY_C_D,Recycling - composting and digestion,KG_HAB,Kilograms per capita,BG,Bulgaria,2001,,0,,,,,
dataflow,ESTAT:ENV_WASMUN(1.0),Municipal waste by waste management operations,A,Annual,RCY_C_D,Recycling - composting and digestion,KG_HAB,Kilograms per capita,BG,Bulgaria,2002,,0,,,,,
dataflow,ESTAT:ENV_WASMUN(1.0),Municipal waste by waste management operations,A,Annual,RCY_C_D,Recycling - composting and digestion,KG_HAB,Kilograms per capita,BG,Bulgaria,2003,,0,,,,,
dataflow,ESTAT:ENV_WASMUN(1.0),Municipal waste by waste management operations,A,Annual,RCY_C_D,Recycling - composting and digestion,KG_HAB,Kilograms per capita,BG,Bulgaria,2004,,0,,,,,
dataflow,ESTAT:ENV_WASMUN(1.0),Municipal waste by waste management operations,A,Annual,RCY_C_D,Recycling - composting and digestion,KG_HAB,Kilograms per capita,BG,Bulgaria,2005,,0,,,,,
dataflow,ESTAT:ENV_WASMUN(1.0),Municipal waste by waste management operations,A,Annual,RCY_C_D,Recycling - composting and digestion,KG_HAB,Kilograms per capita,BG,Bulgaria,2006,,0,,,,,
dataflow,ESTAT:ENV_WASMUN(1.0),Municipal waste by waste management operations,A,Annual,RCY_C_D,Recycling - composting and digestion,KG_HAB,Kilograms per capita,BG,Bulgaria,2007,,0,,,,,
dataflow,ESTAT:ENV_WASMUN(1.0),Municipal waste by waste management operations,A,Annual,RCY_C_D,Recycling - composting and digestion,KG_HAB,Kilograms per capita,BG,Bulgaria,2008,,0,,,,,
dataflow,ESTAT:ENV_WASMUN(1.0),Municipal waste by waste management operations,A,Annual,RCY_C_D,Recycling - composting and digestion,KG_HAB,Kilograms per capita,BG,Bulgaria,2009,,0,,,,,
dataflow,ESTAT:ENV_WASMUN(1.0),Municipal waste by waste management operations,A,Annual,RCY_C_D,Recycling - composting and digestion,KG_HAB,Kilograms per capita,BG,Bulgaria,2010,,0,,,,,
dataflow,ESTAT:ENV_WASMUN(1.0),Municipal waste by waste management operations,A,Annual,RCY_C_D,Recycling - composting and digestion,KG_HAB,Kilograms per capita,BG,Bulgaria,2011,,11,,,,,
dataflow,ESTAT:ENV_WASMUN(1.0),Municipal waste by waste management operations,A,Annual,RCY_C_D,Recycling - composting and digestion,KG_HAB,Kilograms per capita,BG,Bulgaria,2012,,13,,,,,
dataflow,ESTAT:ENV_WASMUN(1.0),Municipal waste by waste management operations,A,Annual,RCY_C_D,Recycling - composting and digestion,KG_HAB,Kilograms per capita,BG,Bulgaria,2013,,15,,,,,
dataflow,ESTAT:ENV_WASMUN(1.0),Municipal waste by waste management operations,A,Annual,RCY_C_D,Recycling - composting and digestion,KG_HAB,Kilograms per capita,BG,Bulgaria,2014,,8,,,,,
dataflow,ESTAT:ENV_WASMUN(1.0),Municipal waste by waste management operations,A,Annual,RCY_C_D,Recycling - composting and digestion,KG_HAB,Kilograms per capita,BG,Bulgaria,2015,,45,,,,,
dataflow,ESTAT:ENV_WASMUN(1.0),Municipal waste by waste management operations,A,Annual,RCY_C_D,Recycling - composting and digestion,KG_HAB,Kilograms per capita,BG,Bulgaria,2016,,38,,,,,
dataflow,ESTAT:ENV_WASMUN(1.0),Municipal waste by waste management operations,A,Annual,RCY_C_D,Recycling - composting and digestion,KG_HAB,Kilograms per capita,BG,Bulgaria,2017,,35,,,,,
dataflow,ESTAT:ENV_WASMUN(1.0),Municipal waste by waste management operations,A,Annual,RCY_C_D,Recycling - composting and digestion,KG_HAB,Kilograms per capita,BG,Bulgaria,2018,,8,,,,,
dataflow,ESTAT:ENV_WASMUN(1.0),Municipal waste by waste management operations,A,Annual,RCY_C_D,Recycling - composting and digestion,KG_HAB,Kilograms per capita,BG,Bulgaria,2019,,36,,i,value imputed by Eurostat or other receiving agencies,,
dataflow,ESTAT:ENV_WASMUN(1.0),Municipal waste by waste management operations,A,Annual,RCY_C_D,Recycling - composting and digestion,KG_HAB,Kilograms per capita,BG,Bulgaria,2020,,14,,,,,
dataflow,ESTAT:ENV_WASMUN(1.0),Municipal waste by waste management operations,A,Annual,RCY_C_D,Recycling - composting and digestion,KG_HAB,Kilograms per capita,BG,Bulgaria,2021,,10,,,,,
dataflow,ESTAT:ENV_WASMUN(1.0),Municipal waste by waste management operations,A,Annual,RCY_C_D,Recycling - composting and digestion,KG_HAB,Kilograms per capita,BG,Bulgaria,2022,,15,,,,,
dataflow,ESTAT:ENV_WASMUN(1.0),Municipal waste by waste management operations,A,Annual,RCY_C_D,Recycling - composting and digestion,KG_HAB,Kilograms per capita,CH,Switzerland,1995,,57,,,,,
dataflow,ESTAT:ENV_WASMUN(1.0),Municipal waste by waste management operations,A,Annual,RCY_C_D,Recycling - composting and digestion,KG_HAB,Kilograms per capita,CH,Switzerland,1996,,64,,,,,
dataflow,ESTAT:ENV_WASMUN(1.0),Municipal waste by waste management operations,A,Annual,RCY_C_D,Recycling - composting and digestion,KG_HAB,Kilograms per capita,CH,Switzerland,1997,,67,,,,,
dataflow,ESTAT:ENV_WASMUN(1.0),Municipal waste by waste management operations,A,Annual,RCY_C_D,Recycling - composting and digestion,KG_HAB,Kilograms per capita,CH,Switzerland,1998,,71,,,,,
dataflow,ESTAT:ENV_WASMUN(1.0),Municipal waste by waste management operations,A,Annual,RCY_C_D,Recycling - composting and digestion,KG_HAB,Kilograms per capita,CH,Switzerland,1999,,71,,,,,
dataflow,ESTAT:ENV_WASMUN(1.0),Municipal waste by waste management operations,A,Annual,RCY_C_D,Recycling - composting and digestion,KG_HAB,Kilograms per capita,CH,Switzerland,2000,,89,,,,,
dataflow,ESTAT:ENV_WASMUN(1.0),Municipal waste by waste management operations,A,Annual,RCY_C_D,Recycling - composting and digestion,KG_HAB,Kilograms per capita,CH,Switzerland,2001,,90,,,,,
dataflow,ESTAT:ENV_WASMUN(1.0),Municipal waste by waste management operations,A,Annual,RCY_C_D,Recycling - composting and digestion,KG_HAB,Kilograms per capita,CH,Switzerland,2002,,100,,,,,
dataflow,ESTAT:ENV_WASMUN(1.0),Municipal waste by waste management operations,A,Annual,RCY_C_D,Recycling - composting and digestion,KG_HAB,Kilograms per capita,CH,Switzerland,2003,,101,,,,,
dataflow,ESTAT:ENV_WASMUN(1.0),Municipal waste by waste management operations,A,Annual,RCY_C_D,Recycling - composting and digestion,KG_HAB,Kilograms per capita,CH,Switzerland,2004,,101,,,,,
dataflow,ESTAT:ENV_WASMUN(1.0),Municipal waste by waste management operations,A,Annual,RCY_C_D,Recycling - composting and digestion,KG_HAB,Kilograms per capita,CH,Switzerland,2005,,104,,,,,
dataflow,ESTAT:ENV_WASMUN(1.0),Municipal waste by waste management operations,A,Annual,RCY_C_D,Recycling - composting and digestion,KG_HAB,Kilograms per capita,CH,Switzerland,2006,,118,,,,,
dataflow,ESTAT:ENV_WASMUN(1.0),Municipal waste by waste management operations,A,Annual,RCY_C_D,Recycling - composting and digestion,KG_HAB,Kilograms per capita,CH,Switzerland,2007,,123,,,,,
dataflow,ESTAT:ENV_WASMUN(1.0),Municipal waste by waste management operations,A,Annual,RCY_C_D,Recycling - composting and digestion,KG_HAB,Kilograms per capita,CH,Switzerland,2008,,122,,,,,
dataflow,ESTAT:ENV_WASMUN(1.0),Municipal waste by waste management operations,A,Annual,RCY_C_D,Recycling - composting and digestion,KG_HAB,Kilograms per capita,CH,Switzerland,2009,,120,,,,,
dataflow,ESTAT:ENV_WASMUN(1.0),Municipal waste by waste management operations,A,Annual,RCY_C_D,Recycling - composting and digestion,KG_HAB,Kilograms per capita,CH,Switzerland,2010,,119,,,,,
dataflow,ESTAT:ENV_WASMUN(1.0),Municipal waste by waste management operations,A,Annual,RCY_C_D,Recycling - composting and digestion,KG_HAB,Kilograms per capita,CH,Switzerland,2011,,108,,,,,
dataflow,ESTAT:ENV_WASMUN(1.0),Municipal waste by waste management operations,A,Annual,RCY_C_D,Recycling - composting and digestion,KG_HAB,Kilograms per capita,CH,Switzerland,2012,,106,,e,estimated,,
dataflow,ESTAT:ENV_WASMUN(1.0),Municipal waste by waste management operations,A,Annual,RCY_C_D,Recycling - composting and digestion,KG_HAB,Kilograms per capita,CH,Switzerland,2013,,123,,e,estimated,,
dataflow,ESTAT:ENV_WASMUN(1.0),Municipal waste by waste management operations,A,Annual,RCY_C_D,Recycling - composting and digestion,KG_HAB,Kilograms per capita,CH,Switzerland,2014,,153,,be,"break in time series, estimated",,
dataflow,ESTAT:ENV_WASMUN(1.0),Municipal waste by waste management operations,A,Annual,RCY_C_D,Recycling - composting and digestion,KG_HAB,Kilograms per capita,CH,Switzerland,2015,,152,,e,estimated,,
dataflow,ESTAT:ENV_WASMUN(1.0),Municipal waste by waste management operations,A,Annual,RCY_C_D,Recycling - composting and digestion,KG_HAB,Kilograms per capita,CH,Switzerland,2016,,155,,e,estimated,,
dataflow,ESTAT:ENV_WASMUN(1.0),Municipal waste by waste management operations,A,Annual,RCY_C_D,Recycling - composting and digestion,KG_HAB,Kilograms per capita,CH,Switzerland,2017,,154,,e,estimated,,
dataflow,ESTAT:ENV_WASMUN(1.0),Municipal waste by waste management operations,A,Annual,RCY_C_D,Recycling - composting and digestion,KG_HAB,Kilograms per capita,CH,Switzerland,2018,,153,,e,estimated,,
dataflow,ESTAT:ENV_WASMUN(1.0),Municipal waste by waste management operations,A,Annual,RCY_C_D,Recycling - composting and digestion,KG_HAB,Kilograms per capita,CH,Switzerland,2019,,164,,e,estimated,,
dataflow,ESTAT:ENV_WASMUN(1.0),Municipal waste by waste management operations,A,Annual,RCY_C_D,Recycling - composting and digestion,KG_HAB,Kilograms per capita,CH,Switzerland,2020,,163,,e,estimated,,
dataflow,ESTAT:ENV_WASMUN(1.0),Municipal waste by waste management operations,A,Annual,RCY_C_D,Recycling - composting and digestion,KG_HAB,Kilograms per capita,CH,Switzerland,2021,,161,,e,estimated,,
dataflow,ESTAT:ENV_WASMUN(1.0),Municipal waste by waste management operations,A,Annual,RCY_C_D,Recycling - composting and digestion,KG_HAB,Kilograms per capita,CH,Switzerland,2022,,160,,e,estimated,,
dataflow,ESTAT:ENV_WASMUN(1.0),Municipal waste by waste management operations,A,Annual,RCY_C_D,Recycling - composting and digestion,KG_HAB,Kilograms per capita,CY,Cyprus,1995,,0,,,,,
dataflow,ESTAT:ENV_WASMUN(1.0),Municipal waste by waste management operations,A,Annual,RCY_C_D,Recycling - composting and digestion,KG_HAB,Kilograms per capita,CY,Cyprus,1996,,0,,,,,
dataflow,ESTAT:ENV_WASMUN(1.0),Municipal waste by waste management operations,A,Annual,RCY_C_D,Recycling - composting and digestion,KG_HAB,Kilograms per capita,CY,Cyprus,1997,,0,,,,,
dataflow,ESTAT:ENV_WASMUN(1.0),Municipal waste by waste management operations,A,Annual,RCY_C_D,Recycling - composting and digestion,KG_HAB,Kilograms per capita,CY,Cyprus,1998,,0,,,,,
dataflow,ESTAT:ENV_WASMUN(1.0),Municipal waste by waste management operations,A,Annual,RCY_C_D,Recycling - composting and digestion,KG_HAB,Kilograms per capita,CY,Cyprus,1999,,0,,,,,
dataflow,ESTAT:ENV_WASMUN(1.0),Municipal waste by waste management operations,A,Annual,RCY_C_D,Recycling - composting and digestion,KG_HAB,Kilograms per capita,CY,Cyprus,2000,,0,,,,,
dataflow,ESTAT:ENV_WASMUN(1.0),Municipal waste by waste management operations,A,Annual,RCY_C_D,Recycling - composting and digestion,KG_HAB,Kilograms per capita,CY,Cyprus,2001,,0,,,,,
dataflow,ESTAT:ENV_WASMUN(1.0),Municipal waste by waste management operations,A,Annual,RCY_C_D,Recycling - composting and digestion,KG_HAB,Kilograms per capita,CY,Cyprus,2002,,0,,,,,
dataflow,ESTAT:ENV_WASMUN(1.0),Municipal waste by waste management operations,A,Annual,RCY_C_D,Recycling - composting and digestion,KG_HAB,Kilograms per capita,CY,Cyprus,2003,,0,,,,,
dataflow,ESTAT:ENV_WASMUN(1.0),Municipal waste by waste management operations,A,Annual,RCY_C_D,Recycling - composting and digestion,KG_HAB,Kilograms per capita,CY,Cyprus,2004,,0,,,,,
dataflow,ESTAT:ENV_WASMUN(1.0),Municipal waste by waste management operations,A,Annual,RCY_C_D,Recycling - composting and digestion,KG_HAB,Kilograms per capita,CY,Cyprus,2005,,0,,,,,
dataflow,ESTAT:ENV_WASMUN(1.0),Municipal waste by waste management operations,A,Annual,RCY_C_D,Recycling - composting and digestion,KG_HAB,Kilograms per capita,CY,Cyprus,2006,,0,,,,,
dataflow,ESTAT:ENV_WASMUN(1.0),Municipal waste by waste management operations,A,Annual,RCY_C_D,Recycling - composting and digestion,KG_HAB,Kilograms per capita,CY,Cyprus,2007,,0,,,,,
dataflow,ESTAT:ENV_WASMUN(1.0),Municipal waste by waste management operations,A,Annual,RCY_C_D,Recycling - composting and digestion,KG_HAB,Kilograms per capita,CY,Cyprus,2008,,0,,,,,
dataflow,ESTAT:ENV_WASMUN(1.0),Municipal waste by waste management operations,A,Annual,RCY_C_D,Recycling - composting and digestion,KG_HAB,Kilograms per capita,CY,Cyprus,2009,,0,,,,,
dataflow,ESTAT:ENV_WASMUN(1.0),Municipal waste by waste management operations,A,Annual,RCY_C_D,Recycling - composting and digestion,KG_HAB,Kilograms per capita,CY,Cyprus,2010,,0,,,,,
dataflow,ESTAT:ENV_WASMUN(1.0),Municipal waste by waste management operations,A,Annual,RCY_C_D,Recycling - composting and digestion,KG_HAB,Kilograms per capita,CY,Cyprus,2011,,0,,,,,
dataflow,ESTAT:ENV_WASMUN(1.0),Municipal waste by waste management operations,A,Annual,RCY_C_D,Recycling - composting and digestion,KG_HAB,Kilograms per capita,CY,Cyprus,2012,,8,,,,,
dataflow,ESTAT:ENV_WASMUN(1.0),Municipal waste by waste management operations,A,Annual,RCY_C_D,Recycling - composting and digestion,KG_HAB,Kilograms per capita,CY,Cyprus,2013,,9,,,,,
dataflow,ESTAT:ENV_WASMUN(1.0),Municipal waste by waste management operations,A,Annual,RCY_C_D,Recycling - composting and digestion,KG_HAB,Kilograms per capita,CY,Cyprus,2014,,19,,,,,
dataflow,ESTAT:ENV_WASMUN(1.0),Municipal waste by waste management operations,A,Annual,RCY_C_D,Recycling - composting and digestion,KG_HAB,Kilograms per capita,CY,Cyprus,2015,,21,,,,,
dataflow,ESTAT:ENV_WASMUN(1.0),Municipal waste by waste management operations,A,Annual,RCY_C_D,Recycling - composting and digestion,KG_HAB,Kilograms per capita,CY,Cyprus,2016,,19,,,,,
dataflow,ESTAT:ENV_WASMUN(1.0),Municipal waste by waste management operations,A,Annual,RCY_C_D,Recycling - composting and digestion,KG_HAB,Kilograms per capita,CY,Cyprus,2017,,9,,,,,
dataflow,ESTAT:ENV_WASMUN(1.0),Municipal waste by waste management operations,A,Annual,RCY_C_D,Recycling - composting and digestion,KG_HAB,Kilograms per capita,CY,Cyprus,2018,,11,,,,,
dataflow,ESTAT:ENV_WASMUN(1.0),Municipal waste by waste management operations,A,Annual,RCY_C_D,Recycling - composting and digestion,KG_HAB,Kilograms per capita,CY,Cyprus,2019,,9,,,,,
dataflow,ESTAT:ENV_WASMUN(1.0),Municipal waste by waste management operations,A,Annual,RCY_C_D,Recycling - composting and digestion,KG_HAB,Kilograms per capita,CY,Cyprus,2020,,6,,,,,
dataflow,ESTAT:ENV_WASMUN(1.0),Municipal waste by waste management operations,A,Annual,RCY_C_D,Recycling - composting and digestion,KG_HAB,Kilograms per capita,CY,Cyprus,2021,,8,,,,,
dataflow,ESTAT:ENV_WASMUN(1.0),Municipal waste by waste management operations,A,Annual,RCY_C_D,Recycling - composting and digestion,KG_HAB,Kilograms per capita,CY,Cyprus,2022,,11,,,,,
dataflow,ESTAT:ENV_WASMUN(1.0),Municipal waste by waste management operations,A,Annual,RCY_C_D,Recycling - composting and digestion,KG_HAB,Kilograms per capita,CY,Cyprus,2023,,20,,p,provisional,,
dataflow,ESTAT:ENV_WASMUN(1.0),Municipal waste by waste management operations,A,Annual,RCY_C_D,Recycling - composting and digestion,KG_HAB,Kilograms per capita,CZ,Czechia,1995,,0,,,,,
dataflow,ESTAT:ENV_WASMUN(1.0),Municipal waste by waste management operations,A,Annual,RCY_C_D,Recycling - composting and digestion,KG_HAB,Kilograms per capita,CZ,Czechia,1996,,0,,,,,
dataflow,ESTAT:ENV_WASMUN(1.0),Municipal waste by waste management operations,A,Annual,RCY_C_D,Recycling - composting and digestion,KG_HAB,Kilograms per capita,CZ,Czechia,1997,,0,,,,,
dataflow,ESTAT:ENV_WASMUN(1.0),Municipal waste by waste management operations,A,Annual,RCY_C_D,Recycling - composting and digestion,KG_HAB,Kilograms per capita,CZ,Czechia,1998,,0,,,,,
dataflow,ESTAT:ENV_WASMUN(1.0),Municipal waste by waste management operations,A,Annual,RCY_C_D,Recycling - composting and digestion,KG_HAB,Kilograms per capita,CZ,Czechia,1999,,1,,,,,
dataflow,ESTAT:ENV_WASMUN(1.0),Municipal waste by waste management operations,A,Annual,RCY_C_D,Recycling - composting and digestion,KG_HAB,Kilograms per capita,CZ,Czechia,2000,,1,,,,,
dataflow,ESTAT:ENV_WASMUN(1.0),Municipal waste by waste management operations,A,Annual,RCY_C_D,Recycling - composting and digestion,KG_HAB,Kilograms per capita,CZ,Czechia,2001,,1,,,,,
dataflow,ESTAT:ENV_WASMUN(1.0),Municipal waste by waste management operations,A,Annual,RCY_C_D,Recycling - composting and digestion,KG_HAB,Kilograms per capita,CZ,Czechia,2002,,1,,,,,
dataflow,ESTAT:ENV_WASMUN(1.0),Municipal waste by waste management operations,A,Annual,RCY_C_D,Recycling - composting and digestion,KG_HAB,Kilograms per capita,CZ,Czechia,2003,,1,,,,,
dataflow,ESTAT:ENV_WASMUN(1.0),Municipal waste by waste management operations,A,Annual,RCY_C_D,Recycling - composting and digestion,KG_HAB,Kilograms per capita,CZ,Czechia,2004,,2,,be,"break in time series, estimated",,
dataflow,ESTAT:ENV_WASMUN(1.0),Municipal waste by waste management operations,A,Annual,RCY_C_D,Recycling - composting and digestion,KG_HAB,Kilograms per capita,CZ,Czechia,2005,,2,,e,estimated,,
dataflow,ESTAT:ENV_WASMUN(1.0),Municipal waste by waste management operations,A,Annual,RCY_C_D,Recycling - composting and digestion,KG_HAB,Kilograms per capita,CZ,Czechia,2006,,2,,e,estimated,,
dataflow,ESTAT:ENV_WASMUN(1.0),Municipal waste by waste management operations,A,Annual,RCY_C_D,Recycling - composting and digestion,KG_HAB,Kilograms per capita,CZ,Czechia,2007,,3,,e,estimated,,
dataflow,ESTAT:ENV_WASMUN(1.0),Municipal waste by waste management operations,A,Annual,RCY_C_D,Recycling - composting and digestion,KG_HAB,Kilograms per capita,CZ,Czechia,2008,,5,,e,estimated,,
dataflow,ESTAT:ENV_WASMUN(1.0),Municipal waste by waste management operations,A,Annual,RCY_C_D,Recycling - composting and digestion,KG_HAB,Kilograms per capita,CZ,Czechia,2009,,5,,e,estimated,,
dataflow,ESTAT:ENV_WASMUN(1.0),Municipal waste by waste management operations,A,Annual,RCY_C_D,Recycling - composting and digestion,KG_HAB,Kilograms per capita,CZ,Czechia,2010,,7,,e,estimated,,
dataflow,ESTAT:ENV_WASMUN(1.0),Municipal waste by waste management operations,A,Annual,RCY_C_D,Recycling - composting and digestion,KG_HAB,Kilograms per capita,CZ,Czechia,2011,,7,,e,estimated,,
dataflow,ESTAT:ENV_WASMUN(1.0),Municipal waste by waste management operations,A,Annual,RCY_C_D,Recycling - composting and digestion,KG_HAB,Kilograms per capita,CZ,Czechia,2012,,8,,e,estimated,,
dataflow,ESTAT:ENV_WASMUN(1.0),Municipal waste by waste management operations,A,Annual,RCY_C_D,Recycling - composting and digestion,KG_HAB,Kilograms per capita,CZ,Czechia,2013,,9,,e,estimated,,
dataflow,ESTAT:ENV_WASMUN(1.0),Municipal waste by waste management operations,A,Annual,RCY_C_D,Recycling - composting and digestion,KG_HAB,Kilograms per capita,CZ,Czechia,2014,,9,,e,estimated,,
dataflow,ESTAT:ENV_WASMUN(1.0),Municipal waste by waste management operations,A,Annual,RCY_C_D,Recycling - composting and digestion,KG_HAB,Kilograms per capita,CZ,Czechia,2015,,13,,e,estimated,,
dataflow,ESTAT:ENV_WASMUN(1.0),Municipal waste by waste management operations,A,Annual,RCY_C_D,Recycling - composting and digestion,KG_HAB,Kilograms per capita,CZ,Czechia,2016,,23,,e,estimated,,
dataflow,ESTAT:ENV_WASMUN(1.0),Municipal waste by waste management operations,A,Annual,RCY_C_D,Recycling - composting and digestion,KG_HAB,Kilograms per capita,CZ,Czechia,2017,,50,,b,break in time series,,
dataflow,ESTAT:ENV_WASMUN(1.0),Municipal waste by waste management operations,A,Annual,RCY_C_D,Recycling - composting and digestion,KG_HAB,Kilograms per capita,CZ,Czechia,2018,,50,,,,,
dataflow,ESTAT:ENV_WASMUN(1.0),Municipal waste by waste management operations,A,Annual,RCY_C_D,Recycling - composting and digestion,KG_HAB,Kilograms per capita,CZ,Czechia,2019,,56,,,,,
dataflow,ESTAT:ENV_WASMUN(1.0),Municipal waste by waste management operations,A,Annual,RCY_C_D,Recycling - composting and digestion,KG_HAB,Kilograms per capita,CZ,Czechia,2020,,70,,,,,
dataflow,ESTAT:ENV_WASMUN(1.0),Municipal waste by waste management operations,A,Annual,RCY_C_D,Recycling - composting and digestion,KG_HAB,Kilograms per capita,CZ,Czechia,2021,,73,,,,,
dataflow,ESTAT:ENV_WASMUN(1.0),Municipal waste by waste management operations,A,Annual,RCY_C_D,Recycling - composting and digestion,KG_HAB,Kilograms per capita,DE,Germany,1995,,82,,i,value imputed by Eurostat or other receiving agencies,,
dataflow,ESTAT:ENV_WASMUN(1.0),Municipal waste by waste management operations,A,Annual,RCY_C_D,Recycling - composting and digestion,KG_HAB,Kilograms per capita,DE,Germany,1996,,87,,i,value imputed by Eurostat or other receiving agencies,,
dataflow,ESTAT:ENV_WASMUN(1.0),Municipal waste by waste management operations,A,Annual,RCY_C_D,Recycling - composting and digestion,KG_HAB,Kilograms per capita,DE,Germany,1997,,90,,i,value imputed by Eurostat or other receiving agencies,,
dataflow,ESTAT:ENV_WASMUN(1.0),Municipal waste by waste management operations,A,Annual,RCY_C_D,Recycling - composting and digestion,KG_HAB,Kilograms per capita,DE,Germany,1998,,93,,i,value imputed by Eurostat or other receiving agencies,,
dataflow,ESTAT:ENV_WASMUN(1.0),Municipal waste by waste management operations,A,Annual,RCY_C_D,Recycling - composting and digestion,KG_HAB,Kilograms per capita,DE,Germany,1999,,84,,i,value imputed by Eurostat or other receiving agencies,,
dataflow,ESTAT:ENV_WASMUN(1.0),Municipal waste by waste management operations,A,Annual,RCY_C_D,Recycling - composting and digestion,KG_HAB,Kilograms per capita,DE,Germany,2000,,92,,i,value imputed by Eurostat or other receiving agencies,,
dataflow,ESTAT:ENV_WASMUN(1.0),Municipal waste by waste management operations,A,Annual,RCY_C_D,Recycling - composting and digestion,KG_HAB,Kilograms per capita,DE,Germany,2001,,92,,i,value imputed by Eurostat or other receiving agencies,,
dataflow,ESTAT:ENV_WASMUN(1.0),Municipal waste by waste management operations,A,Annual,RCY_C_D,Recycling - composting and digestion,KG_HAB,Kilograms per capita,DE,Germany,2002,,92,,,,,
dataflow,ESTAT:ENV_WASMUN(1.0),Municipal waste by waste management operations,A,Annual,RCY_C_D,Recycling - composting and digestion,KG_HAB,Kilograms per capita,DE,Germany,2003,,88,,,,,
dataflow,ESTAT:ENV_WASMUN(1.0),Municipal waste by waste management operations,A,Annual,RCY_C_D,Recycling - composting and digestion,KG_HAB,Kilograms per capita,DE,Germany,2004,,94,,,,,
dataflow,ESTAT:ENV_WASMUN(1.0),Municipal waste by waste management operations,A,Annual,RCY_C_D,Recycling - composting and digestion,KG_HAB,Kilograms per capita,DE,Germany,2005,,93,,,,,
dataflow,ESTAT:ENV_WASMUN(1.0),Municipal waste by waste management operations,A,Annual,RCY_C_D,Recycling - composting and digestion,KG_HAB,Kilograms per capita,DE,Germany,2006,,93,,,,,
dataflow,ESTAT:ENV_WASMUN(1.0),Municipal waste by waste management operations,A,Annual,RCY_C_D,Recycling - composting and digestion,KG_HAB,Kilograms per capita,DE,Germany,2007,,94,,,,,
dataflow,ESTAT:ENV_WASMUN(1.0),Municipal waste by waste management operations,A,Annual,RCY_C_D,Recycling - composting and digestion,KG_HAB,Kilograms per capita,DE,Germany,2008,,98,,,,,
dataflow,ESTAT:ENV_WASMUN(1.0),Municipal waste by waste management operations,A,Annual,RCY_C_D,Recycling - composting and digestion,KG_HAB,Kilograms per capita,DE,Germany,2009,,102,,,,,
dataflow,ESTAT:ENV_WASMUN(1.0),Municipal waste by waste management operations,A,Annual,RCY_C_D,Recycling - composting and digestion,KG_HAB,Kilograms per capita,DE,Germany,2010,,101,,,,,
dataflow,ESTAT:ENV_WASMUN(1.0),Municipal waste by waste management operations,A,Annual,RCY_C_D,Recycling - composting and digestion,KG_HAB,Kilograms per capita,DE,Germany,2011,,106,,,,,
dataflow,ESTAT:ENV_WASMUN(1.0),Municipal waste by waste management operations,A,Annual,RCY_C_D,Recycling - composting and digestion,KG_HAB,Kilograms per capita,DE,Germany,2012,,110,,,,,
dataflow,ESTAT:ENV_WASMUN(1.0),Municipal waste by waste management operations,A,Annual,RCY_C_D,Recycling - composting and digestion,KG_HAB,Kilograms per capita,DE,Germany,2013,,106,,,,,
dataflow,ESTAT:ENV_WASMUN(1.0),Municipal waste by waste management operations,A,Annual,RCY_C_D,Recycling - composting and digestion,KG_HAB,Kilograms per capita,DE,Germany,2014,,114,,,,,
dataflow,ESTAT:ENV_WASMUN(1.0),Municipal waste by waste management operations,A,Annual,RCY_C_D,Recycling - composting and digestion,KG_HAB,Kilograms per capita,DE,Germany,2015,,114,,,,,
dataflow,ESTAT:ENV_WASMUN(1.0),Municipal waste by waste management operations,A,Annual,RCY_C_D,Recycling - composting and digestion,KG_HAB,Kilograms per capita,DE,Germany,2016,,116,,,,,
dataflow,ESTAT:ENV_WASMUN(1.0),Municipal waste by waste management operations,A,Annual,RCY_C_D,Recycling - composting and digestion,KG_HAB,Kilograms per capita,DE,Germany,2017,,114,,,,,
dataflow,ESTAT:ENV_WASMUN(1.0),Municipal waste by waste management operations,A,Annual,RCY_C_D,Recycling - composting and digestion,KG_HAB,Kilograms per capita,DE,Germany,2018,,109,,,,,
dataflow,ESTAT:ENV_WASMUN(1.0),Municipal waste by waste management operations,A,Annual,RCY_C_D,Recycling - composting and digestion,KG_HAB,Kilograms per capita,DE,Germany,2019,,114,,e,estimated,,
dataflow,ESTAT:ENV_WASMUN(1.0),Municipal waste by waste management operations,A,Annual,RCY_C_D,Recycling - composting and digestion,KG_HAB,Kilograms per capita,DE,Germany,2020,,143,,,,,
dataflow,ESTAT:ENV_WASMUN(1.0),Municipal waste by waste management operations,A,Annual,RCY_C_D,Recycling - composting and digestion,KG_HAB,Kilograms per capita,DE,Germany,2021,,149,,,,,
dataflow,ESTAT:ENV_WASMUN(1.0),Municipal waste by waste management operations,A,Annual,RCY_C_D,Recycling - composting and digestion,KG_HAB,Kilograms per capita,DE,Germany,2022,,136,,,,,
dataflow,ESTAT:ENV_WASMUN(1.0),Municipal waste by waste management operations,A,Annual,RCY_C_D,Recycling - composting and digestion,KG_HAB,Kilograms per capita,DE,Germany,2023,,140,,e,estimated,,
dataflow,ESTAT:ENV_WASMUN(1.0),Municipal waste by waste management operations,A,Annual,RCY_C_D,Recycling - composting and digestion,KG_HAB,Kilograms per capita,DK,Denmark,1995,,57,,be,"break in time series, estimated",,
dataflow,ESTAT:ENV_WASMUN(1.0),Municipal waste by waste management operations,A,Annual,RCY_C_D,Recycling - composting and digestion,KG_HAB,Kilograms per capita,DK,Denmark,1996,,77,,,,,
dataflow,ESTAT:ENV_WASMUN(1.0),Municipal waste by waste management operations,A,Annual,RCY_C_D,Recycling - composting and digestion,KG_HAB,Kilograms per capita,DK,Denmark,1997,,82,,,,,
dataflow,ESTAT:ENV_WASMUN(1.0),Municipal waste by waste management operations,A,Annual,RCY_C_D,Recycling - composting and digestion,KG_HAB,Kilograms per capita,DK,Denmark,1998,,79,,,,,
dataflow,ESTAT:ENV_WASMUN(1.0),Municipal waste by waste management operations,A,Annual,RCY_C_D,Recycling - composting and digestion,KG_HAB,Kilograms per capita,DK,Denmark,1999,,89,,,,,
dataflow,ESTAT:ENV_WASMUN(1.0),Municipal waste by waste management operations,A,Annual,RCY_C_D,Recycling - composting and digestion,KG_HAB,Kilograms per capita,DK,Denmark,2000,,105,,,,,
dataflow,ESTAT:ENV_WASMUN(1.0),Municipal waste by waste management operations,A,Annual,RCY_C_D,Recycling - composting and digestion,KG_HAB,Kilograms per capita,DK,Denmark,2001,,90,,,,,
dataflow,ESTAT:ENV_WASMUN(1.0),Municipal waste by waste management operations,A,Annual,RCY_C_D,Recycling - composting and digestion,KG_HAB,Kilograms per capita,DK,Denmark,2002,,102,,,,,
dataflow,ESTAT:ENV_WASMUN(1.0),Municipal waste by waste management operations,A,Annual,RCY_C_D,Recycling - composting and digestion,KG_HAB,Kilograms per capita,DK,Denmark,2003,,103,,,,,
dataflow,ESTAT:ENV_WASMUN(1.0),Municipal waste by waste management operations,A,Annual,RCY_C_D,Recycling - composting and digestion,KG_HAB,Kilograms per capita,DK,Denmark,2004,,112,,,,,
dataflow,ESTAT:ENV_WASMUN(1.0),Municipal waste by waste management operations,A,Annual,RCY_C_D,Recycling - composting and digestion,KG_HAB,Kilograms per capita,DK,Denmark,2005,,122,,,,,
dataflow,ESTAT:ENV_WASMUN(1.0),Municipal waste by waste management operations,A,Annual,RCY_C_D,Recycling - composting and digestion,KG_HAB,Kilograms per capita,DK,Denmark,2006,,129,,,,,
dataflow,ESTAT:ENV_WASMUN(1.0),Municipal waste by waste management operations,A,Annual,RCY_C_D,Recycling - composting and digestion,KG_HAB,Kilograms per capita,DK,Denmark,2007,,139,,,,,
dataflow,ESTAT:ENV_WASMUN(1.0),Municipal waste by waste management operations,A,Annual,RCY_C_D,Recycling - composting and digestion,KG_HAB,Kilograms per capita,DK,Denmark,2008,,114,,,,,
dataflow,ESTAT:ENV_WASMUN(1.0),Municipal waste by waste management operations,A,Annual,RCY_C_D,Recycling - composting and digestion,KG_HAB,Kilograms per capita,DK,Denmark,2009,,134,,e,estimated,,
dataflow,ESTAT:ENV_WASMUN(1.0),Municipal waste by waste management operations,A,Annual,RCY_C_D,Recycling - composting and digestion,KG_HAB,Kilograms per capita,DK,Denmark,2011,,121,,b,break in time series,,
dataflow,ESTAT:ENV_WASMUN(1.0),Municipal waste by waste management operations,A,Annual,RCY_C_D,Recycling - composting and digestion,KG_HAB,Kilograms per capita,DK,Denmark,2012,,125,,,,,
dataflow,ESTAT:ENV_WASMUN(1.0),Municipal waste by waste management operations,A,Annual,RCY_C_D,Recycling - composting and digestion,KG_HAB,Kilograms per capita,DK,Denmark,2013,,130,,,,,
dataflow,ESTAT:ENV_WASMUN(1.0),Municipal waste by waste management operations,A,Annual,RCY_C_D,Recycling - composting and digestion,KG_HAB,Kilograms per capita,DK,Denmark,2014,,141,,,,,
dataflow,ESTAT:ENV_WASMUN(1.0),Municipal waste by waste management operations,A,Annual,RCY_C_D,Recycling - composting and digestion,KG_HAB,Kilograms per capita,DK,Denmark,2015,,151,,,,,
dataflow,ESTAT:ENV_WASMUN(1.0),Municipal waste by waste management operations,A,Annual,RCY_C_D,Recycling - composting and digestion,KG_HAB,Kilograms per capita,DK,Denmark,2016,,153,,,,,
dataflow,ESTAT:ENV_WASMUN(1.0),Municipal waste by waste management operations,A,Annual,RCY_C_D,Recycling - composting and digestion,KG_HAB,Kilograms per capita,DK,Denmark,2017,,154,,,,,
dataflow,ESTAT:ENV_WASMUN(1.0),Municipal waste by waste management operations,A,Annual,RCY_C_D,Recycling - composting and digestion,KG_HAB,Kilograms per capita,DK,Denmark,2018,,143,,,,,
dataflow,ESTAT:ENV_WASMUN(1.0),Municipal waste by waste management operations,A,Annual,RCY_C_D,Recycling - composting and digestion,KG_HAB,Kilograms per capita,DK,Denmark,2019,,152,,,,,
dataflow,ESTAT:ENV_WASMUN(1.0),Municipal waste by waste management operations,A,Annual,RCY_C_D,Recycling - composting and digestion,KG_HAB,Kilograms per capita,DK,Denmark,2020,,158,,,,,
dataflow,ESTAT:ENV_WASMUN(1.0),Municipal waste by waste management operations,A,Annual,RCY_C_D,Recycling - composting and digestion,KG_HAB,Kilograms per capita,DK,Denmark,2021,,202,,,,,
dataflow,ESTAT:ENV_WASMUN(1.0),Municipal waste by waste management operations,A,Annual,RCY_C_D,Recycling - composting and digestion,KG_HAB,Kilograms per capita,DK,Denmark,2022,,177,,,,,
dataflow,ESTAT:ENV_WASMUN(1.0),Municipal waste by waste management operations,A,Annual,RCY_C_D,Recycling - composting and digestion,KG_HAB,Kilograms per capita,EE,Estonia,1995,,2,,,,,
dataflow,ESTAT:ENV_WASMUN(1.0),Municipal waste by waste management operations,A,Annual,RCY_C_D,Recycling - composting and digestion,KG_HAB,Kilograms per capita,EE,Estonia,1996,,1,,,,,
dataflow,ESTAT:ENV_WASMUN(1.0),Municipal waste by waste management operations,A,Annual,RCY_C_D,Recycling - composting and digestion,KG_HAB,Kilograms per capita,EE,Estonia,1997,,1,,,,,
dataflow,ESTAT:ENV_WASMUN(1.0),Municipal waste by waste management operations,A,Annual,RCY_C_D,Recycling - composting and digestion,KG_HAB,Kilograms per capita,EE,Estonia,1998,,1,,,,,
dataflow,ESTAT:ENV_WASMUN(1.0),Municipal waste by waste management operations,A,Annual,RCY_C_D,Recycling - composting and digestion,KG_HAB,Kilograms per capita,EE,Estonia,1999,,0,,,,,
dataflow,ESTAT:ENV_WASMUN(1.0),Municipal waste by waste management operations,A,Annual,RCY_C_D,Recycling - composting and digestion,KG_HAB,Kilograms per capita,EE,Estonia,2000,,1,,,,,
dataflow,ESTAT:ENV_WASMUN(1.0),Municipal waste by waste management operations,A,Annual,RCY_C_D,Recycling - composting and digestion,KG_HAB,Kilograms per capita,EE,Estonia,2001,,8,,,,,
dataflow,ESTAT:ENV_WASMUN(1.0),Municipal waste by waste management operations,A,Annual,RCY_C_D,Recycling - composting and digestion,KG_HAB,Kilograms per capita,EE,Estonia,2002,,3,,,,,
dataflow,ESTAT:ENV_WASMUN(1.0),Municipal waste by waste management operations,A,Annual,RCY_C_D,Recycling - composting and digestion,KG_HAB,Kilograms per capita,EE,Estonia,2003,,6,,,,,
dataflow,ESTAT:ENV_WASMUN(1.0),Municipal waste by waste management operations,A,Annual,RCY_C_D,Recycling - composting and digestion,KG_HAB,Kilograms per capita,EE,Estonia,2004,,6,,,,,
dataflow,ESTAT:ENV_WASMUN(1.0),Municipal waste by waste management operations,A,Annual,RCY_C_D,Recycling - composting and digestion,KG_HAB,Kilograms per capita,EE,Estonia,2005,,8,,,,,
dataflow,ESTAT:ENV_WASMUN(1.0),Municipal waste by waste management operations,A,Annual,RCY_C_D,Recycling - composting and digestion,KG_HAB,Kilograms per capita,EE,Estonia,2006,,17,,,,,
dataflow,ESTAT:ENV_WASMUN(1.0),Municipal waste by waste management operations,A,Annual,RCY_C_D,Recycling - composting and digestion,KG_HAB,Kilograms per capita,EE,Estonia,2007,,13,,,,,
dataflow,ESTAT:ENV_WASMUN(1.0),Municipal waste by waste management operations,A,Annual,RCY_C_D,Recycling - composting and digestion,KG_HAB,Kilograms per capita,EE,Estonia,2008,,21,,,,,
dataflow,ESTAT:ENV_WASMUN(1.0),Municipal waste by waste management operations,A,Annual,RCY_C_D,Recycling - composting and digestion,KG_HAB,Kilograms per capita,EE,Estonia,2009,,32,,,,,
dataflow,ESTAT:ENV_WASMUN(1.0),Municipal waste by waste management operations,A,Annual,RCY_C_D,Recycling - composting and digestion,KG_HAB,Kilograms per capita,EE,Estonia,2010,,24,,,,,
dataflow,ESTAT:ENV_WASMUN(1.0),Municipal waste by waste management operations,A,Annual,RCY_C_D,Recycling - composting and digestion,KG_HAB,Kilograms per capita,EE,Estonia,2011,,27,,,,,
dataflow,ESTAT:ENV_WASMUN(1.0),Municipal waste by waste management operations,A,Annual,RCY_C_D,Recycling - composting and digestion,KG_HAB,Kilograms per capita,EE,Estonia,2012,,14,,,,,
dataflow,ESTAT:ENV_WASMUN(1.0),Municipal waste by waste management operations,A,Annual,RCY_C_D,Recycling - composting and digestion,KG_HAB,Kilograms per capita,EE,Estonia,2013,,15,,,,,
dataflow,ESTAT:ENV_WASMUN(1.0),Municipal waste by waste management operations,A,Annual,RCY_C_D,Recycling - composting and digestion,KG_HAB,Kilograms per capita,EE,Estonia,2014,,17,,,,,
dataflow,ESTAT:ENV_WASMUN(1.0),Municipal waste by waste management operations,A,Annual,RCY_C_D,Recycling - composting and digestion,KG_HAB,Kilograms per capita,EE,Estonia,2015,,13,,,,,
dataflow,ESTAT:ENV_WASMUN(1.0),Municipal waste by waste management operations,A,Annual,RCY_C_D,Recycling - composting and digestion,KG_HAB,Kilograms per capita,EE,Estonia,2016,,10,,,,,
dataflow,ESTAT:ENV_WASMUN(1.0),Municipal waste by waste management operations,A,Annual,RCY_C_D,Recycling - composting and digestion,KG_HAB,Kilograms per capita,EE,Estonia,2017,,14,,,,,
dataflow,ESTAT:ENV_WASMUN(1.0),Municipal waste by waste management operations,A,Annual,RCY_C_D,Recycling - composting and digestion,KG_HAB,Kilograms per capita,EE,Estonia,2018,,15,,,,,
dataflow,ESTAT:ENV_WASMUN(1.0),Municipal waste by waste management operations,A,Annual,RCY_C_D,Recycling - composting and digestion,KG_HAB,Kilograms per capita,EE,Estonia,2019,,9,,,,,
dataflow,ESTAT:ENV_WASMUN(1.0),Municipal waste by waste management operations,A,Annual,RCY_C_D,Recycling - composting and digestion,KG_HAB,Kilograms per capita,EE,Estonia,2020,,10,,,,,
dataflow,ESTAT:ENV_WASMUN(1.0),Municipal waste by waste management operations,A,Annual,RCY_C_D,Recycling - composting and digestion,KG_HAB,Kilograms per capita,EE,Estonia,2021,,13,,,,,
dataflow,ESTAT:ENV_WASMUN(1.0),Municipal waste by waste management operations,A,Annual,RCY_C_D,Recycling - composting and digestion,KG_HAB,Kilograms per capita,EE,Estonia,2022,,15,,,,,
dataflow,ESTAT:ENV_WASMUN(1.0),Municipal waste by waste management operations,A,Annual,RCY_C_D,Recycling - composting and digestion,KG_HAB,Kilograms per capita,EE,Estonia,2023,,36,,,,,
dataflow,ESTAT:ENV_WASMUN(1.0),Municipal waste by waste management operations,A,Annual,RCY_C_D,Recycling - composting and digestion,KG_HAB,Kilograms per capita,EL,Greece,1997,,3,,,,,
dataflow,ESTAT:ENV_WASMUN(1.0),Municipal waste by waste management operations,A,Annual,RCY_C_D,Recycling - composting and digestion,KG_HAB,Kilograms per capita,EL,Greece,1998,,3,,,,,
dataflow,ESTAT:ENV_WASMUN(1.0),Municipal waste by waste management operations,A,Annual,RCY_C_D,Recycling - composting and digestion,KG_HAB,Kilograms per capita,EL,Greece,1999,,3,,,,,
dataflow,ESTAT:ENV_WASMUN(1.0),Municipal waste by waste management operations,A,Annual,RCY_C_D,Recycling - composting and digestion,KG_HAB,Kilograms per capita,EL,Greece,2000,,3,,,,,
dataflow,ESTAT:ENV_WASMUN(1.0),Municipal waste by waste management operations,A,Annual,RCY_C_D,Recycling - composting and digestion,KG_HAB,Kilograms per capita,EL,Greece,2001,,3,,,,,
dataflow,ESTAT:ENV_WASMUN(1.0),Municipal waste by waste management operations,A,Annual,RCY_C_D,Recycling - composting and digestion,KG_HAB,Kilograms per capita,EL,Greece,2002,,3,,,,,
dataflow,ESTAT:ENV_WASMUN(1.0),Municipal waste by waste management operations,A,Annual,RCY_C_D,Recycling - composting and digestion,KG_HAB,Kilograms per capita,EL,Greece,2003,,0,,,,,
dataflow,ESTAT:ENV_WASMUN(1.0),Municipal waste by waste management operations,A,Annual,RCY_C_D,Recycling - composting and digestion,KG_HAB,Kilograms per capita,EL,Greece,2004,,0,,,,,
dataflow,ESTAT:ENV_WASMUN(1.0),Municipal waste by waste management operations,A,Annual,RCY_C_D,Recycling - composting and digestion,KG_HAB,Kilograms per capita,EL,Greece,2005,,3,,,,,
dataflow,ESTAT:ENV_WASMUN(1.0),Municipal waste by waste management operations,A,Annual,RCY_C_D,Recycling - composting and digestion,KG_HAB,Kilograms per capita,EL,Greece,2006,,7,,,,,
dataflow,ESTAT:ENV_WASMUN(1.0),Municipal waste by waste management operations,A,Annual,RCY_C_D,Recycling - composting and digestion,KG_HAB,Kilograms per capita,EL,Greece,2007,,9,,,,,
dataflow,ESTAT:ENV_WASMUN(1.0),Municipal waste by waste management operations,A,Annual,RCY_C_D,Recycling - composting and digestion,KG_HAB,Kilograms per capita,EL,Greece,2008,,9,,,,,
dataflow,ESTAT:ENV_WASMUN(1.0),Municipal waste by waste management operations,A,Annual,RCY_C_D,Recycling - composting and digestion,KG_HAB,Kilograms per capita,EL,Greece,2009,,3,,,,,
dataflow,ESTAT:ENV_WASMUN(1.0),Municipal waste by waste management operations,A,Annual,RCY_C_D,Recycling - composting and digestion,KG_HAB,Kilograms per capita,EL,Greece,2010,,13,,,,,
dataflow,ESTAT:ENV_WASMUN(1.0),Municipal waste by waste management operations,A,Annual,RCY_C_D,Recycling - composting and digestion,KG_HAB,Kilograms per capita,EL,Greece,2011,,14,,,,,
dataflow,ESTAT:ENV_WASMUN(1.0),Municipal waste by waste management operations,A,Annual,RCY_C_D,Recycling - composting and digestion,KG_HAB,Kilograms per capita,EL,Greece,2012,,16,,,,,
dataflow,ESTAT:ENV_WASMUN(1.0),Municipal waste by waste management operations,A,Annual,RCY_C_D,Recycling - composting and digestion,KG_HAB,Kilograms per capita,EL,Greece,2013,,17,,,,,
dataflow,ESTAT:ENV_WASMUN(1.0),Municipal waste by waste management operations,A,Annual,RCY_C_D,Recycling - composting and digestion,KG_HAB,Kilograms per capita,EL,Greece,2014,,15,,,,,
dataflow,ESTAT:ENV_WASMUN(1.0),Municipal waste by waste management operations,A,Annual,RCY_C_D,Recycling - composting and digestion,KG_HAB,Kilograms per capita,EL,Greece,2015,,12,,,,,
dataflow,ESTAT:ENV_WASMUN(1.0),Municipal waste by waste management operations,A,Annual,RCY_C_D,Recycling - composting and digestion,KG_HAB,Kilograms per capita,EL,Greece,2016,,17,,,,,
dataflow,ESTAT:ENV_WASMUN(1.0),Municipal waste by waste management operations,A,Annual,RCY_C_D,Recycling - composting and digestion,KG_HAB,Kilograms per capita,EL,Greece,2017,,21,,,,,
dataflow,ESTAT:ENV_WASMUN(1.0),Municipal waste by waste management operations,A,Annual,RCY_C_D,Recycling - composting and digestion,KG_HAB,Kilograms per capita,EL,Greece,2018,,26,,,,,
dataflow,ESTAT:ENV_WASMUN(1.0),Municipal waste by waste management operations,A,Annual,RCY_C_D,Recycling - composting and digestion,KG_HAB,Kilograms per capita,EL,Greece,2019,,26,,,,,
dataflow,ESTAT:ENV_WASMUN(1.0),Municipal waste by waste management operations,A,Annual,RCY_C_D,Recycling - composting and digestion,KG_HAB,Kilograms per capita,EL,Greece,2020,,8,,,,,
dataflow,ESTAT:ENV_WASMUN(1.0),Municipal waste by waste management operations,A,Annual,RCY_C_D,Recycling - composting and digestion,KG_HAB,Kilograms per capita,EL,Greece,2021,,8,,,,,
dataflow,ESTAT:ENV_WASMUN(1.0),Municipal waste by waste management operations,A,Annual,RCY_C_D,Recycling - composting and digestion,KG_HAB,Kilograms per capita,EL,Greece,2022,,7,,,,,
dataflow,ESTAT:ENV_WASMUN(1.0),Municipal waste by waste management operations,A,Annual,RCY_C_D,Recycling - composting and digestion,KG_HAB,Kilograms per capita,ES,Spain,1995,,0,,,,,
dataflow,ESTAT:ENV_WASMUN(1.0),Municipal waste by waste management operations,A,Annual,RCY_C_D,Recycling - composting and digestion,KG_HAB,Kilograms per capita,ES,Spain,1996,,0,,,,,
dataflow,ESTAT:ENV_WASMUN(1.0),Municipal waste by waste management operations,A,Annual,RCY_C_D,Recycling - composting and digestion,KG_HAB,Kilograms per capita,ES,Spain,1997,,0,,,,,
dataflow,ESTAT:ENV_WASMUN(1.0),Municipal waste by waste management operations,A,Annual,RCY_C_D,Recycling - composting and digestion,KG_HAB,Kilograms per capita,ES,Spain,1998,,0,,,,,
dataflow,ESTAT:ENV_WASMUN(1.0),Municipal waste by waste management operations,A,Annual,RCY_C_D,Recycling - composting and digestion,KG_HAB,Kilograms per capita,ES,Spain,1999,,39,,,,,
dataflow,ESTAT:ENV_WASMUN(1.0),Municipal waste by waste management operations,A,Annual,RCY_C_D,Recycling - composting and digestion,KG_HAB,Kilograms per capita,ES,Spain,2000,,77,,,,,
dataflow,ESTAT:ENV_WASMUN(1.0),Municipal waste by waste management operations,A,Annual,RCY_C_D,Recycling - composting and digestion,KG_HAB,Kilograms per capita,ES,Spain,2001,,67,,,,,
dataflow,ESTAT:ENV_WASMUN(1.0),Municipal waste by waste management operations,A,Annual,RCY_C_D,Recycling - composting and digestion,KG_HAB,Kilograms per capita,ES,Spain,2002,,94,,,,,
dataflow,ESTAT:ENV_WASMUN(1.0),Municipal waste by waste management operations,A,Annual,RCY_C_D,Recycling - composting and digestion,KG_HAB,Kilograms per capita,ES,Spain,2003,,96,,,,,
dataflow,ESTAT:ENV_WASMUN(1.0),Municipal waste by waste management operations,A,Annual,RCY_C_D,Recycling - composting and digestion,KG_HAB,Kilograms per capita,ES,Spain,2004,,98,,,,,
dataflow,ESTAT:ENV_WASMUN(1.0),Municipal waste by waste management operations,A,Annual,RCY_C_D,Recycling - composting and digestion,KG_HAB,Kilograms per capita,ES,Spain,2005,,100,,,,,
dataflow,ESTAT:ENV_WASMUN(1.0),Municipal waste by waste management operations,A,Annual,RCY_C_D,Recycling - composting and digestion,KG_HAB,Kilograms per capita,ES,Spain,2006,,102,,,,,
dataflow,ESTAT:ENV_WASMUN(1.0),Municipal waste by waste management operations,A,Annual,RCY_C_D,Recycling - composting and digestion,KG_HAB,Kilograms per capita,ES,Spain,2007,,99,,,,,
dataflow,ESTAT:ENV_WASMUN(1.0),Municipal waste by waste management operations,A,Annual,RCY_C_D,Recycling - composting and digestion,KG_HAB,Kilograms per capita,ES,Spain,2008,,134,,,,,
dataflow,ESTAT:ENV_WASMUN(1.0),Municipal waste by waste management operations,A,Annual,RCY_C_D,Recycling - composting and digestion,KG_HAB,Kilograms per capita,ES,Spain,2009,,97,,,,,
dataflow,ESTAT:ENV_WASMUN(1.0),Municipal waste by waste management operations,A,Annual,RCY_C_D,Recycling - composting and digestion,KG_HAB,Kilograms per capita,ES,Spain,2010,,59,,,,,
dataflow,ESTAT:ENV_WASMUN(1.0),Municipal waste by waste management operations,A,Annual,RCY_C_D,Recycling - composting and digestion,KG_HAB,Kilograms per capita,ES,Spain,2011,,49,,,,,
dataflow,ESTAT:ENV_WASMUN(1.0),Municipal waste by waste management operations,A,Annual,RCY_C_D,Recycling - composting and digestion,KG_HAB,Kilograms per capita,ES,Spain,2012,,48,,,,,
dataflow,ESTAT:ENV_WASMUN(1.0),Municipal waste by waste management operations,A,Annual,RCY_C_D,Recycling - composting and digestion,KG_HAB,Kilograms per capita,ES,Spain,2013,,77,,,,,
dataflow,ESTAT:ENV_WASMUN(1.0),Municipal waste by waste management operations,A,Annual,RCY_C_D,Recycling - composting and digestion,KG_HAB,Kilograms per capita,ES,Spain,2014,,62,,,,,
dataflow,ESTAT:ENV_WASMUN(1.0),Municipal waste by waste management operations,A,Annual,RCY_C_D,Recycling - composting and digestion,KG_HAB,Kilograms per capita,ES,Spain,2015,,53,,,,,
dataflow,ESTAT:ENV_WASMUN(1.0),Municipal waste by waste management operations,A,Annual,RCY_C_D,Recycling - composting and digestion,KG_HAB,Kilograms per capita,ES,Spain,2016,,72,,,,,
dataflow,ESTAT:ENV_WASMUN(1.0),Municipal waste by waste management operations,A,Annual,RCY_C_D,Recycling - composting and digestion,KG_HAB,Kilograms per capita,ES,Spain,2017,,84,,,,,
dataflow,ESTAT:ENV_WASMUN(1.0),Municipal waste by waste management operations,A,Annual,RCY_C_D,Recycling - composting and digestion,KG_HAB,Kilograms per capita,ES,Spain,2018,,80,,,,,
dataflow,ESTAT:ENV_WASMUN(1.0),Municipal waste by waste management operations,A,Annual,RCY_C_D,Recycling - composting and digestion,KG_HAB,Kilograms per capita,ES,Spain,2019,,86,,,,,
dataflow,ESTAT:ENV_WASMUN(1.0),Municipal waste by waste management operations,A,Annual,RCY_C_D,Recycling - composting and digestion,KG_HAB,Kilograms per capita,ES,Spain,2020,,93,,,,,
dataflow,ESTAT:ENV_WASMUN(1.0),Municipal waste by waste management operations,A,Annual,RCY_C_D,Recycling - composting and digestion,KG_HAB,Kilograms per capita,ES,Spain,2021,,105,,,,,
dataflow,ESTAT:ENV_WASMUN(1.0),Municipal waste by waste management operations,A,Annual,RCY_C_D,Recycling - composting and digestion,KG_HAB,Kilograms per capita,ES,Spain,2022,,106,,p,provisional,,
dataflow,ESTAT:ENV_WASMUN(1.0),Municipal waste by waste management operations,A,Annual,RCY_C_D,Recycling - composting and digestion,KG_HAB,Kilograms per capita,ES,Spain,2023,,96,,e,estimated,,
dataflow,ESTAT:ENV_WASMUN(1.0),Municipal waste by waste management operations,A,Annual,RCY_C_D,Recycling - composting and digestion,KG_HAB,Kilograms per capita,EU27_2020,European Union - 27 countries (from 2020),1995,,33,,i,value imputed by Eurostat or other receiving agencies,,
dataflow,ESTAT:ENV_WASMUN(1.0),Municipal waste by waste management operations,A,Annual,RCY_C_D,Recycling - composting and digestion,KG_HAB,Kilograms per capita,EU27_2020,European Union - 27 countries (from 2020),1996,,38,,i,value imputed by Eurostat or other receiving agencies,,
dataflow,ESTAT:ENV_WASMUN(1.0),Municipal waste by waste management operations,A,Annual,RCY_C_D,Recycling - composting and digestion,KG_HAB,Kilograms per capita,EU27_2020,European Union - 27 countries (from 2020),1997,,41,,i,value imputed by Eurostat or other receiving agencies,,
dataflow,ESTAT:ENV_WASMUN(1.0),Municipal waste by waste management operations,A,Annual,RCY_C_D,Recycling - composting and digestion,KG_HAB,Kilograms per capita,EU27_2020,European Union - 27 countries (from 2020),1998,,42,,i,value imputed by Eurostat or other receiving agencies,,
dataflow,ESTAT:ENV_WASMUN(1.0),Municipal waste by waste management operations,A,Annual,RCY_C_D,Recycling - composting and digestion,KG_HAB,Kilograms per capita,EU27_2020,European Union - 27 countries (from 2020),1999,,45,,i,value imputed by Eurostat or other receiving agencies,,
dataflow,ESTAT:ENV_WASMUN(1.0),Municipal waste by waste management operations,A,Annual,RCY_C_D,Recycling - composting and digestion,KG_HAB,Kilograms per capita,EU27_2020,European Union - 27 countries (from 2020),2000,,53,,i,value imputed by Eurostat or other receiving agencies,,
dataflow,ESTAT:ENV_WASMUN(1.0),Municipal waste by waste management operations,A,Annual,RCY_C_D,Recycling - composting and digestion,KG_HAB,Kilograms per capita,EU27_2020,European Union - 27 countries (from 2020),2001,,54,,i,value imputed by Eurostat or other receiving agencies,,
dataflow,ESTAT:ENV_WASMUN(1.0),Municipal waste by waste management operations,A,Annual,RCY_C_D,Recycling - composting and digestion,KG_HAB,Kilograms per capita,EU27_2020,European Union - 27 countries (from 2020),2002,,57,,,,,
dataflow,ESTAT:ENV_WASMUN(1.0),Municipal waste by waste management operations,A,Annual,RCY_C_D,Recycling - composting and digestion,KG_HAB,Kilograms per capita,EU27_2020,European Union - 27 countries (from 2020),2003,,57,,,,,
dataflow,ESTAT:ENV_WASMUN(1.0),Municipal waste by waste management operations,A,Annual,RCY_C_D,Recycling - composting and digestion,KG_HAB,Kilograms per capita,EU27_2020,European Union - 27 countries (from 2020),2004,,59,,i,value imputed by Eurostat or other receiving agencies,,
dataflow,ESTAT:ENV_WASMUN(1.0),Municipal waste by waste management operations,A,Annual,RCY_C_D,Recycling - composting and digestion,KG_HAB,Kilograms per capita,EU27_2020,European Union - 27 countries (from 2020),2005,,59,,i,value imputed by Eurostat or other receiving agencies,,
dataflow,ESTAT:ENV_WASMUN(1.0),Municipal waste by waste management operations,A,Annual,RCY_C_D,Recycling - composting and digestion,KG_HAB,Kilograms per capita,EU27_2020,European Union - 27 countries (from 2020),2006,,61,,i,value imputed by Eurostat or other receiving agencies,,
dataflow,ESTAT:ENV_WASMUN(1.0),Municipal waste by waste management operations,A,Annual,RCY_C_D,Recycling - composting and digestion,KG_HAB,Kilograms per capita,EU27_2020,European Union - 27 countries (from 2020),2007,,64,,,,,
dataflow,ESTAT:ENV_WASMUN(1.0),Municipal waste by waste management operations,A,Annual,RCY_C_D,Recycling - composting and digestion,KG_HAB,Kilograms per capita,EU27_2020,European Union - 27 countries (from 2020),2008,,69,,,,,
dataflow,ESTAT:ENV_WASMUN(1.0),Municipal waste by waste management operations,A,Annual,RCY_C_D,Recycling - composting and digestion,KG_HAB,Kilograms per capita,EU27_2020,European Union - 27 countries (from 2020),2009,,67,,,,,
dataflow,ESTAT:ENV_WASMUN(1.0),Municipal waste by waste management operations,A,Annual,RCY_C_D,Recycling - composting and digestion,KG_HAB,Kilograms per capita,EU27_2020,European Union - 27 countries (from 2020),2010,,66,,,,,
dataflow,ESTAT:ENV_WASMUN(1.0),Municipal waste by waste management operations,A,Annual,RCY_C_D,Recycling - composting and digestion,KG_HAB,Kilograms per capita,EU27_2020,European Union - 27 countries (from 2020),2011,,66,,,,,
dataflow,ESTAT:ENV_WASMUN(1.0),Municipal waste by waste management operations,A,Annual,RCY_C_D,Recycling - composting and digestion,KG_HAB,Kilograms per capita,EU27_2020,European Union - 27 countries (from 2020),2012,,69,,,,,
dataflow,ESTAT:ENV_WASMUN(1.0),Municipal waste by waste management operations,A,Annual,RCY_C_D,Recycling - composting and digestion,KG_HAB,Kilograms per capita,EU27_2020,European Union - 27 countries (from 2020),2013,,71,,,,,
dataflow,ESTAT:ENV_WASMUN(1.0),Municipal waste by waste management operations,A,Annual,RCY_C_D,Recycling - composting and digestion,KG_HAB,Kilograms per capita,EU27_2020,European Union - 27 countries (from 2020),2014,,74,,,,,
dataflow,ESTAT:ENV_WASMUN(1.0),Municipal waste by waste management operations,A,Annual,RCY_C_D,Recycling - composting and digestion,KG_HAB,Kilograms per capita,EU27_2020,European Union - 27 countries (from 2020),2015,,75,,,,,
dataflow,ESTAT:ENV_WASMUN(1.0),Municipal waste by waste management operations,A,Annual,RCY_C_D,Recycling - composting and digestion,KG_HAB,Kilograms per capita,EU27_2020,European Union - 27 countries (from 2020),2016,,81,,,,,
dataflow,ESTAT:ENV_WASMUN(1.0),Municipal waste by waste management operations,A,Annual,RCY_C_D,Recycling - composting and digestion,KG_HAB,Kilograms per capita,EU27_2020,European Union - 27 countries (from 2020),2017,,84,,,,,
dataflow,ESTAT:ENV_WASMUN(1.0),Municipal waste by waste management operations,A,Annual,RCY_C_D,Recycling - composting and digestion,KG_HAB,Kilograms per capita,EU27_2020,European Union - 27 countries (from 2020),2018,,84,,,,,
dataflow,ESTAT:ENV_WASMUN(1.0),Municipal waste by waste management operations,A,Annual,RCY_C_D,Recycling - composting and digestion,KG_HAB,Kilograms per capita,EU27_2020,European Union - 27 countries (from 2020),2019,,88,,i,value imputed by Eurostat or other receiving agencies,,
dataflow,ESTAT:ENV_WASMUN(1.0),Municipal waste by waste management operations,A,Annual,RCY_C_D,Recycling - composting and digestion,KG_HAB,Kilograms per capita,EU27_2020,European Union - 27 countries (from 2020),2020,,97,,,,,
dataflow,ESTAT:ENV_WASMUN(1.0),Municipal waste by waste management operations,A,Annual,RCY_C_D,Recycling - composting and digestion,KG_HAB,Kilograms per capita,EU27_2020,European Union - 27 countries (from 2020),2021,,102,,i,value imputed by Eurostat or other receiving agencies,,
dataflow,ESTAT:ENV_WASMUN(1.0),Municipal waste by waste management operations,A,Annual,RCY_C_D,Recycling - composting and digestion,KG_HAB,Kilograms per capita,EU27_2020,European Union - 27 countries (from 2020),2022,,98,,i,value imputed by Eurostat or other receiving agencies,,
dataflow,ESTAT:ENV_WASMUN(1.0),Municipal waste by waste management operations,A,Annual,RCY_C_D,Recycling - composting and digestion,KG_HAB,Kilograms per capita,EU27_2020,European Union - 27 countries (from 2020),2023,,99,,i,value imputed by Eurostat or other receiving agencies,,
dataflow,ESTAT:ENV_WASMUN(1.0),Municipal waste by waste management operations,A,Annual,RCY_C_D,Recycling - composting and digestion,KG_HAB,Kilograms per capita,FI,Finland,1995,,31,,,,,
dataflow,ESTAT:ENV_WASMUN(1.0),Municipal waste by waste management operations,A,Annual,RCY_C_D,Recycling - composting and digestion,KG_HAB,Kilograms per capita,FI,Finland,1996,,31,,,,,
dataflow,ESTAT:ENV_WASMUN(1.0),Municipal waste by waste management operations,A,Annual,RCY_C_D,Recycling - composting and digestion,KG_HAB,Kilograms per capita,FI,Finland,1997,,34,,,,,
dataflow,ESTAT:ENV_WASMUN(1.0),Municipal waste by waste management operations,A,Annual,RCY_C_D,Recycling - composting and digestion,KG_HAB,Kilograms per capita,FI,Finland,1998,,35,,,,,
dataflow,ESTAT:ENV_WASMUN(1.0),Municipal waste by waste management operations,A,Annual,RCY_C_D,Recycling - composting and digestion,KG_HAB,Kilograms per capita,FI,Finland,1999,,37,,,,,
dataflow,ESTAT:ENV_WASMUN(1.0),Municipal waste by waste management operations,A,Annual,RCY_C_D,Recycling - composting and digestion,KG_HAB,Kilograms per capita,FI,Finland,2000,,38,,,,,
dataflow,ESTAT:ENV_WASMUN(1.0),Municipal waste by waste management operations,A,Annual,RCY_C_D,Recycling - composting and digestion,KG_HAB,Kilograms per capita,FI,Finland,2001,,35,,,,,
dataflow,ESTAT:ENV_WASMUN(1.0),Municipal waste by waste management operations,A,Annual,RCY_C_D,Recycling - composting and digestion,KG_HAB,Kilograms per capita,FI,Finland,2002,,35,,,,,
dataflow,ESTAT:ENV_WASMUN(1.0),Municipal waste by waste management operations,A,Annual,RCY_C_D,Recycling - composting and digestion,KG_HAB,Kilograms per capita,FI,Finland,2003,,35,,,,,
dataflow,ESTAT:ENV_WASMUN(1.0),Municipal waste by waste management operations,A,Annual,RCY_C_D,Recycling - composting and digestion,KG_HAB,Kilograms per capita,FI,Finland,2004,,36,,,,,
dataflow,ESTAT:ENV_WASMUN(1.0),Municipal waste by waste management operations,A,Annual,RCY_C_D,Recycling - composting and digestion,KG_HAB,Kilograms per capita,FI,Finland,2005,,36,,,,,
dataflow,ESTAT:ENV_WASMUN(1.0),Municipal waste by waste management operations,A,Annual,RCY_C_D,Recycling - composting and digestion,KG_HAB,Kilograms per capita,FI,Finland,2006,,37,,,,,
dataflow,ESTAT:ENV_WASMUN(1.0),Municipal waste by waste management operations,A,Annual,RCY_C_D,Recycling - composting and digestion,KG_HAB,Kilograms per capita,FI,Finland,2007,,49,,,,,
dataflow,ESTAT:ENV_WASMUN(1.0),Municipal waste by waste management operations,A,Annual,RCY_C_D,Recycling - composting and digestion,KG_HAB,Kilograms per capita,FI,Finland,2008,,44,,,,,
dataflow,ESTAT:ENV_WASMUN(1.0),Municipal waste by waste management operations,A,Annual,RCY_C_D,Recycling - composting and digestion,KG_HAB,Kilograms per capita,FI,Finland,2009,,57,,,,,
dataflow,ESTAT:ENV_WASMUN(1.0),Municipal waste by waste management operations,A,Annual,RCY_C_D,Recycling - composting and digestion,KG_HAB,Kilograms per capita,FI,Finland,2010,,62,,,,,
dataflow,ESTAT:ENV_WASMUN(1.0),Municipal waste by waste management operations,A,Annual,RCY_C_D,Recycling - composting and digestion,KG_HAB,Kilograms per capita,FI,Finland,2011,,66,,,,,
dataflow,ESTAT:ENV_WASMUN(1.0),Municipal waste by waste management operations,A,Annual,RCY_C_D,Recycling - composting and digestion,KG_HAB,Kilograms per capita,FI,Finland,2012,,60,,,,,
dataflow,ESTAT:ENV_WASMUN(1.0),Municipal waste by waste management operations,A,Annual,RCY_C_D,Recycling - composting and digestion,KG_HAB,Kilograms per capita,FI,Finland,2013,,67,,,,,
dataflow,ESTAT:ENV_WASMUN(1.0),Municipal waste by waste management operations,A,Annual,RCY_C_D,Recycling - composting and digestion,KG_HAB,Kilograms per capita,FI,Finland,2014,,70,,,,,
dataflow,ESTAT:ENV_WASMUN(1.0),Municipal waste by waste management operations,A,Annual,RCY_C_D,Recycling - composting and digestion,KG_HAB,Kilograms per capita,FI,Finland,2015,,62,,,,,
dataflow,ESTAT:ENV_WASMUN(1.0),Municipal waste by waste management operations,A,Annual,RCY_C_D,Recycling - composting and digestion,KG_HAB,Kilograms per capita,FI,Finland,2016,,65,,,,,
dataflow,ESTAT:ENV_WASMUN(1.0),Municipal waste by waste management operations,A,Annual,RCY_C_D,Recycling - composting and digestion,KG_HAB,Kilograms per capita,FI,Finland,2017,,67,,,,,
dataflow,ESTAT:ENV_WASMUN(1.0),Municipal waste by waste management operations,A,Annual,RCY_C_D,Recycling - composting and digestion,KG_HAB,Kilograms per capita,FI,Finland,2018,,72,,,,,
dataflow,ESTAT:ENV_WASMUN(1.0),Municipal waste by waste management operations,A,Annual,RCY_C_D,Recycling - composting and digestion,KG_HAB,Kilograms per capita,FI,Finland,2019,,80,,,,,
dataflow,ESTAT:ENV_WASMUN(1.0),Municipal waste by waste management operations,A,Annual,RCY_C_D,Recycling - composting and digestion,KG_HAB,Kilograms per capita,FI,Finland,2020,,80,,,,,
dataflow,ESTAT:ENV_WASMUN(1.0),Municipal waste by waste management operations,A,Annual,RCY_C_D,Recycling - composting and digestion,KG_HAB,Kilograms per capita,FI,Finland,2021,,77,,,,,
dataflow,ESTAT:ENV_WASMUN(1.0),Municipal waste by waste management operations,A,Annual,RCY_C_D,Recycling - composting and digestion,KG_HAB,Kilograms per capita,FI,Finland,2022,,77,,,,,
dataflow,ESTAT:ENV_WASMUN(1.0),Municipal waste by waste management operations,A,Annual,RCY_C_D,Recycling - composting and digestion,KG_HAB,Kilograms per capita,FI,Finland,2023,,74,,,,,
dataflow,ESTAT:ENV_WASMUN(1.0),Municipal waste by waste management operations,A,Annual,RCY_C_D,Recycling - composting and digestion,KG_HAB,Kilograms per capita,FR,France,1995,,43,,,,,
dataflow,ESTAT:ENV_WASMUN(1.0),Municipal waste by waste management operations,A,Annual,RCY_C_D,Recycling - composting and digestion,KG_HAB,Kilograms per capita,FR,France,1996,,46,,,,,
dataflow,ESTAT:ENV_WASMUN(1.0),Municipal waste by waste management operations,A,Annual,RCY_C_D,Recycling - composting and digestion,KG_HAB,Kilograms per capita,FR,France,1997,,48,,,,,
dataflow,ESTAT:ENV_WASMUN(1.0),Municipal waste by waste management operations,A,Annual,RCY_C_D,Recycling - composting and digestion,KG_HAB,Kilograms per capita,FR,France,1998,,52,,,,,
dataflow,ESTAT:ENV_WASMUN(1.0),Municipal waste by waste management operations,A,Annual,RCY_C_D,Recycling - composting and digestion,KG_HAB,Kilograms per capita,FR,France,1999,,53,,,,,
dataflow,ESTAT:ENV_WASMUN(1.0),Municipal waste by waste management operations,A,Annual,RCY_C_D,Recycling - composting and digestion,KG_HAB,Kilograms per capita,FR,France,2000,,60,,,,,
dataflow,ESTAT:ENV_WASMUN(1.0),Municipal waste by waste management operations,A,Annual,RCY_C_D,Recycling - composting and digestion,KG_HAB,Kilograms per capita,FR,France,2001,,65,,,,,
dataflow,ESTAT:ENV_WASMUN(1.0),Municipal waste by waste management operations,A,Annual,RCY_C_D,Recycling - composting and digestion,KG_HAB,Kilograms per capita,FR,France,2002,,68,,,,,
dataflow,ESTAT:ENV_WASMUN(1.0),Municipal waste by waste management operations,A,Annual,RCY_C_D,Recycling - composting and digestion,KG_HAB,Kilograms per capita,FR,France,2003,,66,,,,,
dataflow,ESTAT:ENV_WASMUN(1.0),Municipal waste by waste management operations,A,Annual,RCY_C_D,Recycling - composting and digestion,KG_HAB,Kilograms per capita,FR,France,2004,,71,,,,,
dataflow,ESTAT:ENV_WASMUN(1.0),Municipal waste by waste management operations,A,Annual,RCY_C_D,Recycling - composting and digestion,KG_HAB,Kilograms per capita,FR,France,2005,,66,,,,,
dataflow,ESTAT:ENV_WASMUN(1.0),Municipal waste by waste management operations,A,Annual,RCY_C_D,Recycling - composting and digestion,KG_HAB,Kilograms per capita,FR,France,2006,,73,,e,estimated,,
dataflow,ESTAT:ENV_WASMUN(1.0),Municipal waste by waste management operations,A,Annual,RCY_C_D,Recycling - composting and digestion,KG_HAB,Kilograms per capita,FR,France,2007,,80,,,,,
dataflow,ESTAT:ENV_WASMUN(1.0),Municipal waste by waste management operations,A,Annual,RCY_C_D,Recycling - composting and digestion,KG_HAB,Kilograms per capita,FR,France,2008,,82,,e,estimated,,
dataflow,ESTAT:ENV_WASMUN(1.0),Municipal waste by waste management operations,A,Annual,RCY_C_D,Recycling - composting and digestion,KG_HAB,Kilograms per capita,FR,France,2009,,85,,,,,
dataflow,ESTAT:ENV_WASMUN(1.0),Municipal waste by waste management operations,A,Annual,RCY_C_D,Recycling - composting and digestion,KG_HAB,Kilograms per capita,FR,France,2010,,85,,e,estimated,,
dataflow,ESTAT:ENV_WASMUN(1.0),Municipal waste by waste management operations,A,Annual,RCY_C_D,Recycling - composting and digestion,KG_HAB,Kilograms per capita,FR,France,2011,,86,,,,,
dataflow,ESTAT:ENV_WASMUN(1.0),Municipal waste by waste management operations,A,Annual,RCY_C_D,Recycling - composting and digestion,KG_HAB,Kilograms per capita,FR,France,2012,,87,,e,estimated,,
dataflow,ESTAT:ENV_WASMUN(1.0),Municipal waste by waste management operations,A,Annual,RCY_C_D,Recycling - composting and digestion,KG_HAB,Kilograms per capita,FR,France,2013,,89,,,,,
dataflow,ESTAT:ENV_WASMUN(1.0),Municipal waste by waste management operations,A,Annual,RCY_C_D,Recycling - composting and digestion,KG_HAB,Kilograms per capita,FR,France,2014,,91,,e,estimated,,
dataflow,ESTAT:ENV_WASMUN(1.0),Municipal waste by waste management operations,A,Annual,RCY_C_D,Recycling - composting and digestion,KG_HAB,Kilograms per capita,FR,France,2015,,93,,,,,
dataflow,ESTAT:ENV_WASMUN(1.0),Municipal waste by waste management operations,A,Annual,RCY_C_D,Recycling - composting and digestion,KG_HAB,Kilograms per capita,FR,France,2016,,98,,e,estimated,,
dataflow,ESTAT:ENV_WASMUN(1.0),Municipal waste by waste management operations,A,Annual,RCY_C_D,Recycling - composting and digestion,KG_HAB,Kilograms per capita,FR,France,2017,,100,,e,estimated,,
dataflow,ESTAT:ENV_WASMUN(1.0),Municipal waste by waste management operations,A,Annual,RCY_C_D,Recycling - composting and digestion,KG_HAB,Kilograms per capita,FR,France,2018,,106,,e,estimated,,
dataflow,ESTAT:ENV_WASMUN(1.0),Municipal waste by waste management operations,A,Annual,RCY_C_D,Recycling - composting and digestion,KG_HAB,Kilograms per capita,FR,France,2019,,104,,e,estimated,,
dataflow,ESTAT:ENV_WASMUN(1.0),Municipal waste by waste management operations,A,Annual,RCY_C_D,Recycling - composting and digestion,KG_HAB,Kilograms per capita,FR,France,2020,,97,,e,estimated,,
dataflow,ESTAT:ENV_WASMUN(1.0),Municipal waste by waste management operations,A,Annual,RCY_C_D,Recycling - composting and digestion,KG_HAB,Kilograms per capita,FR,France,2021,,104,,,,,
dataflow,ESTAT:ENV_WASMUN(1.0),Municipal waste by waste management operations,A,Annual,RCY_C_D,Recycling - composting and digestion,KG_HAB,Kilograms per capita,FR,France,2022,,96,,ep,"estimated, provisional",,
dataflow,ESTAT:ENV_WASMUN(1.0),Municipal waste by waste management operations,A,Annual,RCY_C_D,Recycling - composting and digestion,KG_HAB,Kilograms per capita,FR,France,2023,,100,,ep,"estimated, provisional",,
dataflow,ESTAT:ENV_WASMUN(1.0),Municipal waste by waste management operations,A,Annual,RCY_C_D,Recycling - composting and digestion,KG_HAB,Kilograms per capita,HR,Croatia,2007,,4,,,,,
dataflow,ESTAT:ENV_WASMUN(1.0),Municipal waste by waste management operations,A,Annual,RCY_C_D,Recycling - composting and digestion,KG_HAB,Kilograms per capita,HR,Croatia,2008,,3,,,,,
dataflow,ESTAT:ENV_WASMUN(1.0),Municipal waste by waste management operations,A,Annual,RCY_C_D,Recycling - composting and digestion,KG_HAB,Kilograms per capita,HR,Croatia,2009,,3,,,,,
dataflow,ESTAT:ENV_WASMUN(1.0),Municipal waste by waste management operations,A,Annual,RCY_C_D,Recycling - composting and digestion,KG_HAB,Kilograms per capita,HR,Croatia,2010,,3,,,,,
dataflow,ESTAT:ENV_WASMUN(1.0),Municipal waste by waste management operations,A,Annual,RCY_C_D,Recycling - composting and digestion,KG_HAB,Kilograms per capita,HR,Croatia,2011,,3,,,,,
dataflow,ESTAT:ENV_WASMUN(1.0),Municipal waste by waste management operations,A,Annual,RCY_C_D,Recycling - composting and digestion,KG_HAB,Kilograms per capita,HR,Croatia,2012,,6,,,,,
dataflow,ESTAT:ENV_WASMUN(1.0),Municipal waste by waste management operations,A,Annual,RCY_C_D,Recycling - composting and digestion,KG_HAB,Kilograms per capita,HR,Croatia,2013,,7,,,,,
dataflow,ESTAT:ENV_WASMUN(1.0),Municipal waste by waste management operations,A,Annual,RCY_C_D,Recycling - composting and digestion,KG_HAB,Kilograms per capita,HR,Croatia,2014,,8,,,,,
dataflow,ESTAT:ENV_WASMUN(1.0),Municipal waste by waste management operations,A,Annual,RCY_C_D,Recycling - composting and digestion,KG_HAB,Kilograms per capita,HR,Croatia,2015,,7,,,,,
dataflow,ESTAT:ENV_WASMUN(1.0),Municipal waste by waste management operations,A,Annual,RCY_C_D,Recycling - composting and digestion,KG_HAB,Kilograms per capita,HR,Croatia,2016,,8,,,,,
dataflow,ESTAT:ENV_WASMUN(1.0),Municipal waste by waste management operations,A,Annual,RCY_C_D,Recycling - composting and digestion,KG_HAB,Kilograms per capita,HR,Croatia,2017,,10,,,,,
dataflow,ESTAT:ENV_WASMUN(1.0),Municipal waste by waste management operations,A,Annual,RCY_C_D,Recycling - composting and digestion,KG_HAB,Kilograms per capita,HR,Croatia,2018,,12,,,,,
dataflow,ESTAT:ENV_WASMUN(1.0),Municipal waste by waste management operations,A,Annual,RCY_C_D,Recycling - composting and digestion,KG_HAB,Kilograms per capita,HR,Croatia,2019,,16,,,,,
dataflow,ESTAT:ENV_WASMUN(1.0),Municipal waste by waste management operations,A,Annual,RCY_C_D,Recycling - composting and digestion,KG_HAB,Kilograms per capita,HR,Croatia,2020,,22,,,,,
dataflow,ESTAT:ENV_WASMUN(1.0),Municipal waste by waste management operations,A,Annual,RCY_C_D,Recycling - composting and digestion,KG_HAB,Kilograms per capita,HR,Croatia,2021,,23,,,,,
dataflow,ESTAT:ENV_WASMUN(1.0),Municipal waste by waste management operations,A,Annual,RCY_C_D,Recycling - composting and digestion,KG_HAB,Kilograms per capita,HR,Croatia,2022,,24,,,,,
dataflow,ESTAT:ENV_WASMUN(1.0),Municipal waste by waste management operations,A,Annual,RCY_C_D,Recycling - composting and digestion,KG_HAB,Kilograms per capita,HR,Croatia,2023,,30,,,,,
dataflow,ESTAT:ENV_WASMUN(1.0),Municipal waste by waste management operations,A,Annual,RCY_C_D,Recycling - composting and digestion,KG_HAB,Kilograms per capita,HU,Hungary,1995,,2,,,,,
dataflow,ESTAT:ENV_WASMUN(1.0),Municipal waste by waste management operations,A,Annual,RCY_C_D,Recycling - composting and digestion,KG_HAB,Kilograms per capita,HU,Hungary,1996,,2,,,,,
dataflow,ESTAT:ENV_WASMUN(1.0),Municipal waste by waste management operations,A,Annual,RCY_C_D,Recycling - composting and digestion,KG_HAB,Kilograms per capita,HU,Hungary,1997,,2,,,,,
dataflow,ESTAT:ENV_WASMUN(1.0),Municipal waste by waste management operations,A,Annual,RCY_C_D,Recycling - composting and digestion,KG_HAB,Kilograms per capita,HU,Hungary,1998,,2,,,,,
dataflow,ESTAT:ENV_WASMUN(1.0),Municipal waste by waste management operations,A,Annual,RCY_C_D,Recycling - composting and digestion,KG_HAB,Kilograms per capita,HU,Hungary,1999,,2,,,,,
dataflow,ESTAT:ENV_WASMUN(1.0),Municipal waste by waste management operations,A,Annual,RCY_C_D,Recycling - composting and digestion,KG_HAB,Kilograms per capita,HU,Hungary,2000,,2,,,,,
dataflow,ESTAT:ENV_WASMUN(1.0),Municipal waste by waste management operations,A,Annual,RCY_C_D,Recycling - composting and digestion,KG_HAB,Kilograms per capita,HU,Hungary,2001,,2,,,,,
dataflow,ESTAT:ENV_WASMUN(1.0),Municipal waste by waste management operations,A,Annual,RCY_C_D,Recycling - composting and digestion,KG_HAB,Kilograms per capita,HU,Hungary,2002,,5,,,,,
dataflow,ESTAT:ENV_WASMUN(1.0),Municipal waste by waste management operations,A,Annual,RCY_C_D,Recycling - composting and digestion,KG_HAB,Kilograms per capita,HU,Hungary,2003,,5,,,,,
dataflow,ESTAT:ENV_WASMUN(1.0),Municipal waste by waste management operations,A,Annual,RCY_C_D,Recycling - composting and digestion,KG_HAB,Kilograms per capita,HU,Hungary,2004,,4,,b,break in time series,,
dataflow,ESTAT:ENV_WASMUN(1.0),Municipal waste by waste management operations,A,Annual,RCY_C_D,Recycling - composting and digestion,KG_HAB,Kilograms per capita,HU,Hungary,2005,,4,,,,,
dataflow,ESTAT:ENV_WASMUN(1.0),Municipal waste by waste management operations,A,Annual,RCY_C_D,Recycling - composting and digestion,KG_HAB,Kilograms per capita,HU,Hungary,2006,,6,,,,,
dataflow,ESTAT:ENV_WASMUN(1.0),Municipal waste by waste management operations,A,Annual,RCY_C_D,Recycling - composting and digestion,KG_HAB,Kilograms per capita,HU,Hungary,2007,,6,,,,,
dataflow,ESTAT:ENV_WASMUN(1.0),Municipal waste by waste management operations,A,Annual,RCY_C_D,Recycling - composting and digestion,KG_HAB,Kilograms per capita,HU,Hungary,2008,,8,,,,,
dataflow,ESTAT:ENV_WASMUN(1.0),Municipal waste by waste management operations,A,Annual,RCY_C_D,Recycling - composting and digestion,KG_HAB,Kilograms per capita,HU,Hungary,2009,,9,,,,,
dataflow,ESTAT:ENV_WASMUN(1.0),Municipal waste by waste management operations,A,Annual,RCY_C_D,Recycling - composting and digestion,KG_HAB,Kilograms per capita,HU,Hungary,2010,,15,,,,,
dataflow,ESTAT:ENV_WASMUN(1.0),Municipal waste by waste management operations,A,Annual,RCY_C_D,Recycling - composting and digestion,KG_HAB,Kilograms per capita,HU,Hungary,2011,,18,,,,,
dataflow,ESTAT:ENV_WASMUN(1.0),Municipal waste by waste management operations,A,Annual,RCY_C_D,Recycling - composting and digestion,KG_HAB,Kilograms per capita,HU,Hungary,2012,,18,,,,,
dataflow,ESTAT:ENV_WASMUN(1.0),Municipal waste by waste management operations,A,Annual,RCY_C_D,Recycling - composting and digestion,KG_HAB,Kilograms per capita,HU,Hungary,2013,,19,,,,,
dataflow,ESTAT:ENV_WASMUN(1.0),Municipal waste by waste management operations,A,Annual,RCY_C_D,Recycling - composting and digestion,KG_HAB,Kilograms per capita,HU,Hungary,2014,,24,,,,,
dataflow,ESTAT:ENV_WASMUN(1.0),Municipal waste by waste management operations,A,Annual,RCY_C_D,Recycling - composting and digestion,KG_HAB,Kilograms per capita,HU,Hungary,2015,,24,,,,,
dataflow,ESTAT:ENV_WASMUN(1.0),Municipal waste by waste management operations,A,Annual,RCY_C_D,Recycling - composting and digestion,KG_HAB,Kilograms per capita,HU,Hungary,2016,,30,,,,,
dataflow,ESTAT:ENV_WASMUN(1.0),Municipal waste by waste management operations,A,Annual,RCY_C_D,Recycling - composting and digestion,KG_HAB,Kilograms per capita,HU,Hungary,2017,,32,,,,,
dataflow,ESTAT:ENV_WASMUN(1.0),Municipal waste by waste management operations,A,Annual,RCY_C_D,Recycling - composting and digestion,KG_HAB,Kilograms per capita,HU,Hungary,2018,,32,,,,,
dataflow,ESTAT:ENV_WASMUN(1.0),Municipal waste by waste management operations,A,Annual,RCY_C_D,Recycling - composting and digestion,KG_HAB,Kilograms per capita,HU,Hungary,2019,,36,,,,,
dataflow,ESTAT:ENV_WASMUN(1.0),Municipal waste by waste management operations,A,Annual,RCY_C_D,Recycling - composting and digestion,KG_HAB,Kilograms per capita,HU,Hungary,2020,,40,,,,,
dataflow,ESTAT:ENV_WASMUN(1.0),Municipal waste by waste management operations,A,Annual,RCY_C_D,Recycling - composting and digestion,KG_HAB,Kilograms per capita,HU,Hungary,2021,,40,,,,,
dataflow,ESTAT:ENV_WASMUN(1.0),Municipal waste by waste management operations,A,Annual,RCY_C_D,Recycling - composting and digestion,KG_HAB,Kilograms per capita,HU,Hungary,2022,,32,,,,,
dataflow,ESTAT:ENV_WASMUN(1.0),Municipal waste by waste management operations,A,Annual,RCY_C_D,Recycling - composting and digestion,KG_HAB,Kilograms per capita,HU,Hungary,2023,,60,,,,,
dataflow,ESTAT:ENV_WASMUN(1.0),Municipal waste by waste management operations,A,Annual,RCY_C_D,Recycling - composting and digestion,KG_HAB,Kilograms per capita,IE,Ireland,1998,,2,,,,,
dataflow,ESTAT:ENV_WASMUN(1.0),Municipal waste by waste management operations,A,Annual,RCY_C_D,Recycling - composting and digestion,KG_HAB,Kilograms per capita,IE,Ireland,2000,,4,,,,,
dataflow,ESTAT:ENV_WASMUN(1.0),Municipal waste by waste management operations,A,Annual,RCY_C_D,Recycling - composting and digestion,KG_HAB,Kilograms per capita,IE,Ireland,2001,,6,,,,,
dataflow,ESTAT:ENV_WASMUN(1.0),Municipal waste by waste management operations,A,Annual,RCY_C_D,Recycling - composting and digestion,KG_HAB,Kilograms per capita,IE,Ireland,2002,,9,,,,,
dataflow,ESTAT:ENV_WASMUN(1.0),Municipal waste by waste management operations,A,Annual,RCY_C_D,Recycling - composting and digestion,KG_HAB,Kilograms per capita,IE,Ireland,2003,,10,,,,,
dataflow,ESTAT:ENV_WASMUN(1.0),Municipal waste by waste management operations,A,Annual,RCY_C_D,Recycling - composting and digestion,KG_HAB,Kilograms per capita,IE,Ireland,2004,,12,,,,,
dataflow,ESTAT:ENV_WASMUN(1.0),Municipal waste by waste management operations,A,Annual,RCY_C_D,Recycling - composting and digestion,KG_HAB,Kilograms per capita,IE,Ireland,2005,,12,,,,,
dataflow,ESTAT:ENV_WASMUN(1.0),Municipal waste by waste management operations,A,Annual,RCY_C_D,Recycling - composting and digestion,KG_HAB,Kilograms per capita,IE,Ireland,2006,,13,,,,,
dataflow,ESTAT:ENV_WASMUN(1.0),Municipal waste by waste management operations,A,Annual,RCY_C_D,Recycling - composting and digestion,KG_HAB,Kilograms per capita,IE,Ireland,2007,,18,,,,,
dataflow,ESTAT:ENV_WASMUN(1.0),Municipal waste by waste management operations,A,Annual,RCY_C_D,Recycling - composting and digestion,KG_HAB,Kilograms per capita,IE,Ireland,2008,,24,,,,,
dataflow,ESTAT:ENV_WASMUN(1.0),Municipal waste by waste management operations,A,Annual,RCY_C_D,Recycling - composting and digestion,KG_HAB,Kilograms per capita,IE,Ireland,2009,,19,,,,,
dataflow,ESTAT:ENV_WASMUN(1.0),Municipal waste by waste management operations,A,Annual,RCY_C_D,Recycling - composting and digestion,KG_HAB,Kilograms per capita,IE,Ireland,2010,,23,,,,,
dataflow,ESTAT:ENV_WASMUN(1.0),Municipal waste by waste management operations,A,Annual,RCY_C_D,Recycling - composting and digestion,KG_HAB,Kilograms per capita,IE,Ireland,2011,,34,,,,,
dataflow,ESTAT:ENV_WASMUN(1.0),Municipal waste by waste management operations,A,Annual,RCY_C_D,Recycling - composting and digestion,KG_HAB,Kilograms per capita,IE,Ireland,2012,,34,,,,,
dataflow,ESTAT:ENV_WASMUN(1.0),Municipal waste by waste management operations,A,Annual,RCY_C_D,Recycling - composting and digestion,KG_HAB,Kilograms per capita,IE,Ireland,2014,,39,,,,,
dataflow,ESTAT:ENV_WASMUN(1.0),Municipal waste by waste management operations,A,Annual,RCY_C_D,Recycling - composting and digestion,KG_HAB,Kilograms per capita,IE,Ireland,2016,,40,,,,,
dataflow,ESTAT:ENV_WASMUN(1.0),Municipal waste by waste management operations,A,Annual,RCY_C_D,Recycling - composting and digestion,KG_HAB,Kilograms per capita,IE,Ireland,2017,,51,,,,,
dataflow,ESTAT:ENV_WASMUN(1.0),Municipal waste by waste management operations,A,Annual,RCY_C_D,Recycling - composting and digestion,KG_HAB,Kilograms per capita,IE,Ireland,2018,,50,,,,,
dataflow,ESTAT:ENV_WASMUN(1.0),Municipal waste by waste management operations,A,Annual,RCY_C_D,Recycling - composting and digestion,KG_HAB,Kilograms per capita,IE,Ireland,2019,,59,,,,,
dataflow,ESTAT:ENV_WASMUN(1.0),Municipal waste by waste management operations,A,Annual,RCY_C_D,Recycling - composting and digestion,KG_HAB,Kilograms per capita,IE,Ireland,2020,,70,,,,,
dataflow,ESTAT:ENV_WASMUN(1.0),Municipal waste by waste management operations,A,Annual,RCY_C_D,Recycling - composting and digestion,KG_HAB,Kilograms per capita,IS,Iceland,1995,,7,,,,,
dataflow,ESTAT:ENV_WASMUN(1.0),Municipal waste by waste management operations,A,Annual,RCY_C_D,Recycling - composting and digestion,KG_HAB,Kilograms per capita,IS,Iceland,1996,,7,,,,,
dataflow,ESTAT:ENV_WASMUN(1.0),Municipal waste by waste management operations,A,Annual,RCY_C_D,Recycling - composting and digestion,KG_HAB,Kilograms per capita,IS,Iceland,1997,,7,,,,,
dataflow,ESTAT:ENV_WASMUN(1.0),Municipal waste by waste management operations,A,Annual,RCY_C_D,Recycling - composting and digestion,KG_HAB,Kilograms per capita,IS,Iceland,1998,,7,,,,,
dataflow,ESTAT:ENV_WASMUN(1.0),Municipal waste by waste management operations,A,Annual,RCY_C_D,Recycling - composting and digestion,KG_HAB,Kilograms per capita,IS,Iceland,1999,,7,,,,,
dataflow,ESTAT:ENV_WASMUN(1.0),Municipal waste by waste management operations,A,Annual,RCY_C_D,Recycling - composting and digestion,KG_HAB,Kilograms per capita,IS,Iceland,2000,,11,,,,,
dataflow,ESTAT:ENV_WASMUN(1.0),Municipal waste by waste management operations,A,Annual,RCY_C_D,Recycling - composting and digestion,KG_HAB,Kilograms per capita,IS,Iceland,2001,,11,,,,,
dataflow,ESTAT:ENV_WASMUN(1.0),Municipal waste by waste management operations,A,Annual,RCY_C_D,Recycling - composting and digestion,KG_HAB,Kilograms per capita,IS,Iceland,2002,,10,,,,,
dataflow,ESTAT:ENV_WASMUN(1.0),Municipal waste by waste management operations,A,Annual,RCY_C_D,Recycling - composting and digestion,KG_HAB,Kilograms per capita,IS,Iceland,2003,,10,,,,,
dataflow,ESTAT:ENV_WASMUN(1.0),Municipal waste by waste management operations,A,Annual,RCY_C_D,Recycling - composting and digestion,KG_HAB,Kilograms per capita,IS,Iceland,2008,,13,,,,,
dataflow,ESTAT:ENV_WASMUN(1.0),Municipal waste by waste management operations,A,Annual,RCY_C_D,Recycling - composting and digestion,KG_HAB,Kilograms per capita,IS,Iceland,2009,,19,,,,,
dataflow,ESTAT:ENV_WASMUN(1.0),Municipal waste by waste management operations,A,Annual,RCY_C_D,Recycling - composting and digestion,KG_HAB,Kilograms per capita,IS,Iceland,2010,,25,,,,,
dataflow,ESTAT:ENV_WASMUN(1.0),Municipal waste by waste management operations,A,Annual,RCY_C_D,Recycling - composting and digestion,KG_HAB,Kilograms per capita,IS,Iceland,2011,,25,,,,,
dataflow,ESTAT:ENV_WASMUN(1.0),Municipal waste by waste management operations,A,Annual,RCY_C_D,Recycling - composting and digestion,KG_HAB,Kilograms per capita,IS,Iceland,2012,,22,,,,,
dataflow,ESTAT:ENV_WASMUN(1.0),Municipal waste by waste management operations,A,Annual,RCY_C_D,Recycling - composting and digestion,KG_HAB,Kilograms per capita,IS,Iceland,2013,,25,,,,,
dataflow,ESTAT:ENV_WASMUN(1.0),Municipal waste by waste management operations,A,Annual,RCY_C_D,Recycling - composting and digestion,KG_HAB,Kilograms per capita,IS,Iceland,2014,,46,,,,,
dataflow,ESTAT:ENV_WASMUN(1.0),Municipal waste by waste management operations,A,Annual,RCY_C_D,Recycling - composting and digestion,KG_HAB,Kilograms per capita,IS,Iceland,2015,,44,,,,,
dataflow,ESTAT:ENV_WASMUN(1.0),Municipal waste by waste management operations,A,Annual,RCY_C_D,Recycling - composting and digestion,KG_HAB,Kilograms per capita,IS,Iceland,2016,,50,,,,,
dataflow,ESTAT:ENV_WASMUN(1.0),Municipal waste by waste management operations,A,Annual,RCY_C_D,Recycling - composting and digestion,KG_HAB,Kilograms per capita,IS,Iceland,2017,,44,,,,,
dataflow,ESTAT:ENV_WASMUN(1.0),Municipal waste by waste management operations,A,Annual,RCY_C_D,Recycling - composting and digestion,KG_HAB,Kilograms per capita,IS,Iceland,2018,,49,,,,,
dataflow,ESTAT:ENV_WASMUN(1.0),Municipal waste by waste management operations,A,Annual,RCY_C_D,Recycling - composting and digestion,KG_HAB,Kilograms per capita,IS,Iceland,2020,,54,,,,,
dataflow,ESTAT:ENV_WASMUN(1.0),Municipal waste by waste management operations,A,Annual,RCY_C_D,Recycling - composting and digestion,KG_HAB,Kilograms per capita,IS,Iceland,2021,,30,,,,,
dataflow,ESTAT:ENV_WASMUN(1.0),Municipal waste by waste management operations,A,Annual,RCY_C_D,Recycling - composting and digestion,KG_HAB,Kilograms per capita,IS,Iceland,2022,,15,,,,,
dataflow,ESTAT:ENV_WASMUN(1.0),Municipal waste by waste management operations,A,Annual,RCY_C_D,Recycling - composting and digestion,KG_HAB,Kilograms per capita,IT,Italy,1995,,6,,,,,
dataflow,ESTAT:ENV_WASMUN(1.0),Municipal waste by waste management operations,A,Annual,RCY_C_D,Recycling - composting and digestion,KG_HAB,Kilograms per capita,IT,Italy,1996,,8,,,,,
dataflow,ESTAT:ENV_WASMUN(1.0),Municipal waste by waste management operations,A,Annual,RCY_C_D,Recycling - composting and digestion,KG_HAB,Kilograms per capita,IT,Italy,1997,,11,,,,,
dataflow,ESTAT:ENV_WASMUN(1.0),Municipal waste by waste management operations,A,Annual,RCY_C_D,Recycling - composting and digestion,KG_HAB,Kilograms per capita,IT,Italy,1998,,13,,,,,
dataflow,ESTAT:ENV_WASMUN(1.0),Municipal waste by waste management operations,A,Annual,RCY_C_D,Recycling - composting and digestion,KG_HAB,Kilograms per capita,IT,Italy,1999,,15,,,,,
dataflow,ESTAT:ENV_WASMUN(1.0),Municipal waste by waste management operations,A,Annual,RCY_C_D,Recycling - composting and digestion,KG_HAB,Kilograms per capita,IT,Italy,2000,,22,,,,,
dataflow,ESTAT:ENV_WASMUN(1.0),Municipal waste by waste management operations,A,Annual,RCY_C_D,Recycling - composting and digestion,KG_HAB,Kilograms per capita,IT,Italy,2001,,30,,,,,
dataflow,ESTAT:ENV_WASMUN(1.0),Municipal waste by waste management operations,A,Annual,RCY_C_D,Recycling - composting and digestion,KG_HAB,Kilograms per capita,IT,Italy,2002,,30,,,,,
dataflow,ESTAT:ENV_WASMUN(1.0),Municipal waste by waste management operations,A,Annual,RCY_C_D,Recycling - composting and digestion,KG_HAB,Kilograms per capita,IT,Italy,2003,,31,,,,,
dataflow,ESTAT:ENV_WASMUN(1.0),Municipal waste by waste management operations,A,Annual,RCY_C_D,Recycling - composting and digestion,KG_HAB,Kilograms per capita,IT,Italy,2004,,34,,,,,
dataflow,ESTAT:ENV_WASMUN(1.0),Municipal waste by waste management operations,A,Annual,RCY_C_D,Recycling - composting and digestion,KG_HAB,Kilograms per capita,IT,Italy,2005,,38,,,,,
dataflow,ESTAT:ENV_WASMUN(1.0),Municipal waste by waste management operations,A,Annual,RCY_C_D,Recycling - composting and digestion,KG_HAB,Kilograms per capita,IT,Italy,2006,,42,,,,,
dataflow,ESTAT:ENV_WASMUN(1.0),Municipal waste by waste management operations,A,Annual,RCY_C_D,Recycling - composting and digestion,KG_HAB,Kilograms per capita,IT,Italy,2007,,44,,,,,
dataflow,ESTAT:ENV_WASMUN(1.0),Municipal waste by waste management operations,A,Annual,RCY_C_D,Recycling - composting and digestion,KG_HAB,Kilograms per capita,IT,Italy,2008,,52,,,,,
dataflow,ESTAT:ENV_WASMUN(1.0),Municipal waste by waste management operations,A,Annual,RCY_C_D,Recycling - composting and digestion,KG_HAB,Kilograms per capita,IT,Italy,2009,,59,,,,,
dataflow,ESTAT:ENV_WASMUN(1.0),Municipal waste by waste management operations,A,Annual,RCY_C_D,Recycling - composting and digestion,KG_HAB,Kilograms per capita,IT,Italy,2010,,66,,,,,
dataflow,ESTAT:ENV_WASMUN(1.0),Municipal waste by waste management operations,A,Annual,RCY_C_D,Recycling - composting and digestion,KG_HAB,Kilograms per capita,IT,Italy,2011,,66,,,,,
dataflow,ESTAT:ENV_WASMUN(1.0),Municipal waste by waste management operations,A,Annual,RCY_C_D,Recycling - composting and digestion,KG_HAB,Kilograms per capita,IT,Italy,2012,,72,,,,,
dataflow,ESTAT:ENV_WASMUN(1.0),Municipal waste by waste management operations,A,Annual,RCY_C_D,Recycling - composting and digestion,KG_HAB,Kilograms per capita,IT,Italy,2013,,72,,,,,
dataflow,ESTAT:ENV_WASMUN(1.0),Municipal waste by waste management operations,A,Annual,RCY_C_D,Recycling - composting and digestion,KG_HAB,Kilograms per capita,IT,Italy,2014,,81,,,,,
dataflow,ESTAT:ENV_WASMUN(1.0),Municipal waste by waste management operations,A,Annual,RCY_C_D,Recycling - composting and digestion,KG_HAB,Kilograms per capita,IT,Italy,2015,,86,,,,,
dataflow,ESTAT:ENV_WASMUN(1.0),Municipal waste by waste management operations,A,Annual,RCY_C_D,Recycling - composting and digestion,KG_HAB,Kilograms per capita,IT,Italy,2016,,95,,,,,
dataflow,ESTAT:ENV_WASMUN(1.0),Municipal waste by waste management operations,A,Annual,RCY_C_D,Recycling - composting and digestion,KG_HAB,Kilograms per capita,IT,Italy,2017,,98,,,,,
dataflow,ESTAT:ENV_WASMUN(1.0),Municipal waste by waste management operations,A,Annual,RCY_C_D,Recycling - composting and digestion,KG_HAB,Kilograms per capita,IT,Italy,2018,,105,,,,,
dataflow,ESTAT:ENV_WASMUN(1.0),Municipal waste by waste management operations,A,Annual,RCY_C_D,Recycling - composting and digestion,KG_HAB,Kilograms per capita,IT,Italy,2019,,107,,,,,
dataflow,ESTAT:ENV_WASMUN(1.0),Municipal waste by waste management operations,A,Annual,RCY_C_D,Recycling - composting and digestion,KG_HAB,Kilograms per capita,IT,Italy,2020,,116,,,,,
dataflow,ESTAT:ENV_WASMUN(1.0),Municipal waste by waste management operations,A,Annual,RCY_C_D,Recycling - composting and digestion,KG_HAB,Kilograms per capita,IT,Italy,2021,,119,,,,,
dataflow,ESTAT:ENV_WASMUN(1.0),Municipal waste by waste management operations,A,Annual,RCY_C_D,Recycling - composting and digestion,KG_HAB,Kilograms per capita,IT,Italy,2022,,118,,,,,
dataflow,ESTAT:ENV_WASMUN(1.0),Municipal waste by waste management operations,A,Annual,RCY_C_D,Recycling - composting and digestion,KG_HAB,Kilograms per capita,LT,Lithuania,1995,,0,,,,,
dataflow,ESTAT:ENV_WASMUN(1.0),Municipal waste by waste management operations,A,Annual,RCY_C_D,Recycling - composting and digestion,KG_HAB,Kilograms per capita,LT,Lithuania,1996,,0,,,,,
dataflow,ESTAT:ENV_WASMUN(1.0),Municipal waste by waste management operations,A,Annual,RCY_C_D,Recycling - composting and digestion,KG_HAB,Kilograms per capita,LT,Lithuania,1997,,0,,,,,
dataflow,ESTAT:ENV_WASMUN(1.0),Municipal waste by waste management operations,A,Annual,RCY_C_D,Recycling - composting and digestion,KG_HAB,Kilograms per capita,LT,Lithuania,1998,,0,,,,,
dataflow,ESTAT:ENV_WASMUN(1.0),Municipal waste by waste management operations,A,Annual,RCY_C_D,Recycling - composting and digestion,KG_HAB,Kilograms per capita,LT,Lithuania,1999,,0,,,,,
dataflow,ESTAT:ENV_WASMUN(1.0),Municipal waste by waste management operations,A,Annual,RCY_C_D,Recycling - composting and digestion,KG_HAB,Kilograms per capita,LT,Lithuania,2000,,0,,,,,
dataflow,ESTAT:ENV_WASMUN(1.0),Municipal waste by waste management operations,A,Annual,RCY_C_D,Recycling - composting and digestion,KG_HAB,Kilograms per capita,LT,Lithuania,2001,,0,,,,,
dataflow,ESTAT:ENV_WASMUN(1.0),Municipal waste by waste management operations,A,Annual,RCY_C_D,Recycling - composting and digestion,KG_HAB,Kilograms per capita,LT,Lithuania,2002,,0,,,,,
dataflow,ESTAT:ENV_WASMUN(1.0),Municipal waste by waste management operations,A,Annual,RCY_C_D,Recycling - composting and digestion,KG_HAB,Kilograms per capita,LT,Lithuania,2003,,0,,,,,
dataflow,ESTAT:ENV_WASMUN(1.0),Municipal waste by waste management operations,A,Annual,RCY_C_D,Recycling - composting and digestion,KG_HAB,Kilograms per capita,LT,Lithuania,2004,,3,,i,value imputed by Eurostat or other receiving agencies,,
dataflow,ESTAT:ENV_WASMUN(1.0),Municipal waste by waste management operations,A,Annual,RCY_C_D,Recycling - composting and digestion,KG_HAB,Kilograms per capita,LT,Lithuania,2005,,3,,i,value imputed by Eurostat or other receiving agencies,,
dataflow,ESTAT:ENV_WASMUN(1.0),Municipal waste by waste management operations,A,Annual,RCY_C_D,Recycling - composting and digestion,KG_HAB,Kilograms per capita,LT,Lithuania,2006,,3,,i,value imputed by Eurostat or other receiving agencies,,
dataflow,ESTAT:ENV_WASMUN(1.0),Municipal waste by waste management operations,A,Annual,RCY_C_D,Recycling - composting and digestion,KG_HAB,Kilograms per capita,LT,Lithuania,2007,,7,,,,,
dataflow,ESTAT:ENV_WASMUN(1.0),Municipal waste by waste management operations,A,Annual,RCY_C_D,Recycling - composting and digestion,KG_HAB,Kilograms per capita,LT,Lithuania,2008,,5,,,,,
dataflow,ESTAT:ENV_WASMUN(1.0),Municipal waste by waste management operations,A,Annual,RCY_C_D,Recycling - composting and digestion,KG_HAB,Kilograms per capita,LT,Lithuania,2009,,5,,,,,
dataflow,ESTAT:ENV_WASMUN(1.0),Municipal waste by waste management operations,A,Annual,RCY_C_D,Recycling - composting and digestion,KG_HAB,Kilograms per capita,LT,Lithuania,2010,,6,,,,,
dataflow,ESTAT:ENV_WASMUN(1.0),Municipal waste by waste management operations,A,Annual,RCY_C_D,Recycling - composting and digestion,KG_HAB,Kilograms per capita,LT,Lithuania,2011,,8,,,,,
dataflow,ESTAT:ENV_WASMUN(1.0),Municipal waste by waste management operations,A,Annual,RCY_C_D,Recycling - composting and digestion,KG_HAB,Kilograms per capita,LT,Lithuania,2012,,17,,,,,
dataflow,ESTAT:ENV_WASMUN(1.0),Municipal waste by waste management operations,A,Annual,RCY_C_D,Recycling - composting and digestion,KG_HAB,Kilograms per capita,LT,Lithuania,2013,,32,,,,,
dataflow,ESTAT:ENV_WASMUN(1.0),Municipal waste by waste management operations,A,Annual,RCY_C_D,Recycling - composting and digestion,KG_HAB,Kilograms per capita,LT,Lithuania,2014,,41,,,,,
dataflow,ESTAT:ENV_WASMUN(1.0),Municipal waste by waste management operations,A,Annual,RCY_C_D,Recycling - composting and digestion,KG_HAB,Kilograms per capita,LT,Lithuania,2015,,45,,,,,
dataflow,ESTAT:ENV_WASMUN(1.0),Municipal waste by waste management operations,A,Annual,RCY_C_D,Recycling - composting and digestion,KG_HAB,Kilograms per capita,LT,Lithuania,2016,,104,,b,break in time series,,
dataflow,ESTAT:ENV_WASMUN(1.0),Municipal waste by waste management operations,A,Annual,RCY_C_D,Recycling - composting and digestion,KG_HAB,Kilograms per capita,LT,Lithuania,2017,,108,,,,,
dataflow,ESTAT:ENV_WASMUN(1.0),Municipal waste by waste management operations,A,Annual,RCY_C_D,Recycling - composting and digestion,KG_HAB,Kilograms per capita,LT,Lithuania,2018,,131,,,,,
dataflow,ESTAT:ENV_WASMUN(1.0),Municipal waste by waste management operations,A,Annual,RCY_C_D,Recycling - composting and digestion,KG_HAB,Kilograms per capita,LT,Lithuania,2019,,104,,,,,
dataflow,ESTAT:ENV_WASMUN(1.0),Municipal waste by waste management operations,A,Annual,RCY_C_D,Recycling - composting and digestion,KG_HAB,Kilograms per capita,LT,Lithuania,2020,,100,,,,,
dataflow,ESTAT:ENV_WASMUN(1.0),Municipal waste by waste management operations,A,Annual,RCY_C_D,Recycling - composting and digestion,KG_HAB,Kilograms per capita,LT,Lithuania,2021,,85,,,,,
dataflow,ESTAT:ENV_WASMUN(1.0),Municipal waste by waste management operations,A,Annual,RCY_C_D,Recycling - composting and digestion,KG_HAB,Kilograms per capita,LT,Lithuania,2022,,102,,,,,
dataflow,ESTAT:ENV_WASMUN(1.0),Municipal waste by waste management operations,A,Annual,RCY_C_D,Recycling - composting and digestion,KG_HAB,Kilograms per capita,LT,Lithuania,2023,,107,,,,,
dataflow,ESTAT:ENV_WASMUN(1.0),Municipal waste by waste management operations,A,Annual,RCY_C_D,Recycling - composting and digestion,KG_HAB,Kilograms per capita,LU,Luxembourg,1995,,41,,,,,
dataflow,ESTAT:ENV_WASMUN(1.0),Municipal waste by waste management operations,A,Annual,RCY_C_D,Recycling - composting and digestion,KG_HAB,Kilograms per capita,LU,Luxembourg,1996,,28,,,,,
dataflow,ESTAT:ENV_WASMUN(1.0),Municipal waste by waste management operations,A,Annual,RCY_C_D,Recycling - composting and digestion,KG_HAB,Kilograms per capita,LU,Luxembourg,1997,,53,,,,,
dataflow,ESTAT:ENV_WASMUN(1.0),Municipal waste by waste management operations,A,Annual,RCY_C_D,Recycling - composting and digestion,KG_HAB,Kilograms per capita,LU,Luxembourg,1998,,70,,,,,
dataflow,ESTAT:ENV_WASMUN(1.0),Municipal waste by waste management operations,A,Annual,RCY_C_D,Recycling - composting and digestion,KG_HAB,Kilograms per capita,LU,Luxembourg,1999,,77,,,,,
dataflow,ESTAT:ENV_WASMUN(1.0),Municipal waste by waste management operations,A,Annual,RCY_C_D,Recycling - composting and digestion,KG_HAB,Kilograms per capita,LU,Luxembourg,2000,,93,,,,,
dataflow,ESTAT:ENV_WASMUN(1.0),Municipal waste by waste management operations,A,Annual,RCY_C_D,Recycling - composting and digestion,KG_HAB,Kilograms per capita,LU,Luxembourg,2001,,91,,,,,
dataflow,ESTAT:ENV_WASMUN(1.0),Municipal waste by waste management operations,A,Annual,RCY_C_D,Recycling - composting and digestion,KG_HAB,Kilograms per capita,LU,Luxembourg,2002,,101,,,,,
dataflow,ESTAT:ENV_WASMUN(1.0),Municipal waste by waste management operations,A,Annual,RCY_C_D,Recycling - composting and digestion,KG_HAB,Kilograms per capita,LU,Luxembourg,2003,,130,,,,,
dataflow,ESTAT:ENV_WASMUN(1.0),Municipal waste by waste management operations,A,Annual,RCY_C_D,Recycling - composting and digestion,KG_HAB,Kilograms per capita,LU,Luxembourg,2004,,123,,,,,
dataflow,ESTAT:ENV_WASMUN(1.0),Municipal waste by waste management operations,A,Annual,RCY_C_D,Recycling - composting and digestion,KG_HAB,Kilograms per capita,LU,Luxembourg,2005,,121,,,,,
dataflow,ESTAT:ENV_WASMUN(1.0),Municipal waste by waste management operations,A,Annual,RCY_C_D,Recycling - composting and digestion,KG_HAB,Kilograms per capita,LU,Luxembourg,2006,,121,,,,,
dataflow,ESTAT:ENV_WASMUN(1.0),Municipal waste by waste management operations,A,Annual,RCY_C_D,Recycling - composting and digestion,KG_HAB,Kilograms per capita,LU,Luxembourg,2007,,134,,,,,
dataflow,ESTAT:ENV_WASMUN(1.0),Municipal waste by waste management operations,A,Annual,RCY_C_D,Recycling - composting and digestion,KG_HAB,Kilograms per capita,LU,Luxembourg,2008,,138,,,,,
dataflow,ESTAT:ENV_WASMUN(1.0),Municipal waste by waste management operations,A,Annual,RCY_C_D,Recycling - composting and digestion,KG_HAB,Kilograms per capita,LU,Luxembourg,2009,,135,,,,,
dataflow,ESTAT:ENV_WASMUN(1.0),Municipal waste by waste management operations,A,Annual,RCY_C_D,Recycling - composting and digestion,KG_HAB,Kilograms per capita,LU,Luxembourg,2010,,133,,,,,
dataflow,ESTAT:ENV_WASMUN(1.0),Municipal waste by waste management operations,A,Annual,RCY_C_D,Recycling - composting and digestion,KG_HAB,Kilograms per capita,LU,Luxembourg,2011,,120,,,,,
dataflow,ESTAT:ENV_WASMUN(1.0),Municipal waste by waste management operations,A,Annual,RCY_C_D,Recycling - composting and digestion,KG_HAB,Kilograms per capita,LU,Luxembourg,2012,,128,,,,,
dataflow,ESTAT:ENV_WASMUN(1.0),Municipal waste by waste management operations,A,Annual,RCY_C_D,Recycling - composting and digestion,KG_HAB,Kilograms per capita,LU,Luxembourg,2013,,111,,,,,
dataflow,ESTAT:ENV_WASMUN(1.0),Municipal waste by waste management operations,A,Annual,RCY_C_D,Recycling - composting and digestion,KG_HAB,Kilograms per capita,LU,Luxembourg,2014,,121,,,,,
dataflow,ESTAT:ENV_WASMUN(1.0),Municipal waste by waste management operations,A,Annual,RCY_C_D,Recycling - composting and digestion,KG_HAB,Kilograms per capita,LU,Luxembourg,2015,,111,,,,,
dataflow,ESTAT:ENV_WASMUN(1.0),Municipal waste by waste management operations,A,Annual,RCY_C_D,Recycling - composting and digestion,KG_HAB,Kilograms per capita,LU,Luxembourg,2016,,167,,b,break in time series,,
dataflow,ESTAT:ENV_WASMUN(1.0),Municipal waste by waste management operations,A,Annual,RCY_C_D,Recycling - composting and digestion,KG_HAB,Kilograms per capita,LU,Luxembourg,2017,,153,,,,,
dataflow,ESTAT:ENV_WASMUN(1.0),Municipal waste by waste management operations,A,Annual,RCY_C_D,Recycling - composting and digestion,KG_HAB,Kilograms per capita,LU,Luxembourg,2018,,154,,,,,
dataflow,ESTAT:ENV_WASMUN(1.0),Municipal waste by waste management operations,A,Annual,RCY_C_D,Recycling - composting and digestion,KG_HAB,Kilograms per capita,LU,Luxembourg,2019,,152,,e,estimated,,
dataflow,ESTAT:ENV_WASMUN(1.0),Municipal waste by waste management operations,A,Annual,RCY_C_D,Recycling - composting and digestion,KG_HAB,Kilograms per capita,LU,Luxembourg,2020,,186,,,,,
dataflow,ESTAT:ENV_WASMUN(1.0),Municipal waste by waste management operations,A,Annual,RCY_C_D,Recycling - composting and digestion,KG_HAB,Kilograms per capita,LU,Luxembourg,2021,,200,,,,,
dataflow,ESTAT:ENV_WASMUN(1.0),Municipal waste by waste management operations,A,Annual,RCY_C_D,Recycling - composting and digestion,KG_HAB,Kilograms per capita,LU,Luxembourg,2022,,171,,,,,
dataflow,ESTAT:ENV_WASMUN(1.0),Municipal waste by waste management operations,A,Annual,RCY_C_D,Recycling - composting and digestion,KG_HAB,Kilograms per capita,LU,Luxembourg,2023,,176,,,,,
dataflow,ESTAT:ENV_WASMUN(1.0),Municipal waste by waste management operations,A,Annual,RCY_C_D,Recycling - composting and digestion,KG_HAB,Kilograms per capita,LV,Latvia,1995,,0,,e,estimated,,
dataflow,ESTAT:ENV_WASMUN(1.0),Municipal waste by waste management operations,A,Annual,RCY_C_D,Recycling - composting and digestion,KG_HAB,Kilograms per capita,LV,Latvia,1996,,0,,e,estimated,,
dataflow,ESTAT:ENV_WASMUN(1.0),Municipal waste by waste management operations,A,Annual,RCY_C_D,Recycling - composting and digestion,KG_HAB,Kilograms per capita,LV,Latvia,1997,,0,,e,estimated,,
dataflow,ESTAT:ENV_WASMUN(1.0),Municipal waste by waste management operations,A,Annual,RCY_C_D,Recycling - composting and digestion,KG_HAB,Kilograms per capita,LV,Latvia,1998,,0,,e,estimated,,
dataflow,ESTAT:ENV_WASMUN(1.0),Municipal waste by waste management operations,A,Annual,RCY_C_D,Recycling - composting and digestion,KG_HAB,Kilograms per capita,LV,Latvia,1999,,0,,e,estimated,,
dataflow,ESTAT:ENV_WASMUN(1.0),Municipal waste by waste management operations,A,Annual,RCY_C_D,Recycling - composting and digestion,KG_HAB,Kilograms per capita,LV,Latvia,2000,,0,,e,estimated,,
dataflow,ESTAT:ENV_WASMUN(1.0),Municipal waste by waste management operations,A,Annual,RCY_C_D,Recycling - composting and digestion,KG_HAB,Kilograms per capita,LV,Latvia,2001,,1,,,,,
dataflow,ESTAT:ENV_WASMUN(1.0),Municipal waste by waste management operations,A,Annual,RCY_C_D,Recycling - composting and digestion,KG_HAB,Kilograms per capita,LV,Latvia,2002,,0,,,,,
dataflow,ESTAT:ENV_WASMUN(1.0),Municipal waste by waste management operations,A,Annual,RCY_C_D,Recycling - composting and digestion,KG_HAB,Kilograms per capita,LV,Latvia,2003,,1,,,,,
dataflow,ESTAT:ENV_WASMUN(1.0),Municipal waste by waste management operations,A,Annual,RCY_C_D,Recycling - composting and digestion,KG_HAB,Kilograms per capita,LV,Latvia,2004,,3,,,,,
dataflow,ESTAT:ENV_WASMUN(1.0),Municipal waste by waste management operations,A,Annual,RCY_C_D,Recycling - composting and digestion,KG_HAB,Kilograms per capita,LV,Latvia,2005,,1,,,,,
dataflow,ESTAT:ENV_WASMUN(1.0),Municipal waste by waste management operations,A,Annual,RCY_C_D,Recycling - composting and digestion,KG_HAB,Kilograms per capita,LV,Latvia,2006,,2,,,,,
dataflow,ESTAT:ENV_WASMUN(1.0),Municipal waste by waste management operations,A,Annual,RCY_C_D,Recycling - composting and digestion,KG_HAB,Kilograms per capita,LV,Latvia,2007,,2,,,,,
dataflow,ESTAT:ENV_WASMUN(1.0),Municipal waste by waste management operations,A,Annual,RCY_C_D,Recycling - composting and digestion,KG_HAB,Kilograms per capita,LV,Latvia,2008,,3,,,,,
dataflow,ESTAT:ENV_WASMUN(1.0),Municipal waste by waste management operations,A,Annual,RCY_C_D,Recycling - composting and digestion,KG_HAB,Kilograms per capita,LV,Latvia,2009,,1,,,,,
dataflow,ESTAT:ENV_WASMUN(1.0),Municipal waste by waste management operations,A,Annual,RCY_C_D,Recycling - composting and digestion,KG_HAB,Kilograms per capita,LV,Latvia,2010,,2,,,,,
dataflow,ESTAT:ENV_WASMUN(1.0),Municipal waste by waste management operations,A,Annual,RCY_C_D,Recycling - composting and digestion,KG_HAB,Kilograms per capita,LV,Latvia,2011,,4,,,,,
dataflow,ESTAT:ENV_WASMUN(1.0),Municipal waste by waste management operations,A,Annual,RCY_C_D,Recycling - composting and digestion,KG_HAB,Kilograms per capita,LV,Latvia,2012,,6,,,,,
dataflow,ESTAT:ENV_WASMUN(1.0),Municipal waste by waste management operations,A,Annual,RCY_C_D,Recycling - composting and digestion,KG_HAB,Kilograms per capita,LV,Latvia,2013,,20,,,,,
dataflow,ESTAT:ENV_WASMUN(1.0),Municipal waste by waste management operations,A,Annual,RCY_C_D,Recycling - composting and digestion,KG_HAB,Kilograms per capita,LV,Latvia,2014,,13,,,,,
dataflow,ESTAT:ENV_WASMUN(1.0),Municipal waste by waste management operations,A,Annual,RCY_C_D,Recycling - composting and digestion,KG_HAB,Kilograms per capita,LV,Latvia,2015,,24,,,,,
dataflow,ESTAT:ENV_WASMUN(1.0),Municipal waste by waste management operations,A,Annual,RCY_C_D,Recycling - composting and digestion,KG_HAB,Kilograms per capita,LV,Latvia,2016,,42,,,,,
dataflow,ESTAT:ENV_WASMUN(1.0),Municipal waste by waste management operations,A,Annual,RCY_C_D,Recycling - composting and digestion,KG_HAB,Kilograms per capita,LV,Latvia,2017,,29,,,,,
dataflow,ESTAT:ENV_WASMUN(1.0),Municipal waste by waste management operations,A,Annual,RCY_C_D,Recycling - composting and digestion,KG_HAB,Kilograms per capita,LV,Latvia,2018,,25,,,,,
dataflow,ESTAT:ENV_WASMUN(1.0),Municipal waste by waste management operations,A,Annual,RCY_C_D,Recycling - composting and digestion,KG_HAB,Kilograms per capita,LV,Latvia,2019,,22,,,,,
dataflow,ESTAT:ENV_WASMUN(1.0),Municipal waste by waste management operations,A,Annual,RCY_C_D,Recycling - composting and digestion,KG_HAB,Kilograms per capita,LV,Latvia,2020,,35,,,,,
dataflow,ESTAT:ENV_WASMUN(1.0),Municipal waste by waste management operations,A,Annual,RCY_C_D,Recycling - composting and digestion,KG_HAB,Kilograms per capita,LV,Latvia,2021,,37,,,,,
dataflow,ESTAT:ENV_WASMUN(1.0),Municipal waste by waste management operations,A,Annual,RCY_C_D,Recycling - composting and digestion,KG_HAB,Kilograms per capita,LV,Latvia,2022,,79,,,,,
dataflow,ESTAT:ENV_WASMUN(1.0),Municipal waste by waste management operations,A,Annual,RCY_C_D,Recycling - composting and digestion,KG_HAB,Kilograms per capita,ME,Montenegro,2018,,1,,e,estimated,,
dataflow,ESTAT:ENV_WASMUN(1.0),Municipal waste by waste management operations,A,Annual,RCY_C_D,Recycling - composting and digestion,KG_HAB,Kilograms per capita,ME,Montenegro,2019,,1,,e,estimated,,
dataflow,ESTAT:ENV_WASMUN(1.0),Municipal waste by waste management operations,A,Annual,RCY_C_D,Recycling - composting and digestion,KG_HAB,Kilograms per capita,ME,Montenegro,2020,,1,,e,estimated,,
dataflow,ESTAT:ENV_WASMUN(1.0),Municipal waste by waste management operations,A,Annual,RCY_C_D,Recycling - composting and digestion,KG_HAB,Kilograms per capita,ME,Montenegro,2021,,1,,e,estimated,,
dataflow,ESTAT:ENV_WASMUN(1.0),Municipal waste by waste management operations,A,Annual,RCY_C_D,Recycling - composting and digestion,KG_HAB,Kilograms per capita,ME,Montenegro,2022,,2,,e,estimated,,
dataflow,ESTAT:ENV_WASMUN(1.0),Municipal waste by waste management operations,A,Annual,RCY_C_D,Recycling - composting and digestion,KG_HAB,Kilograms per capita,ME,Montenegro,2023,,1,,e,estimated,,
dataflow,ESTAT:ENV_WASMUN(1.0),Municipal waste by waste management operations,A,Annual,RCY_C_D,Recycling - composting and digestion,KG_HAB,Kilograms per capita,MK,North Macedonia,2008,,0,,,,,
dataflow,ESTAT:ENV_WASMUN(1.0),Municipal waste by waste management operations,A,Annual,RCY_C_D,Recycling - composting and digestion,KG_HAB,Kilograms per capita,MK,North Macedonia,2011,,0,,,,,
dataflow,ESTAT:ENV_WASMUN(1.0),Municipal waste by waste management operations,A,Annual,RCY_C_D,Recycling - composting and digestion,KG_HAB,Kilograms per capita,MK,North Macedonia,2022,,0,,,,,
dataflow,ESTAT:ENV_WASMUN(1.0),Municipal waste by waste management operations,A,Annual,RCY_C_D,Recycling - composting and digestion,KG_HAB,Kilograms per capita,MT,Malta,1995,,52,,e,estimated,,
dataflow,ESTAT:ENV_WASMUN(1.0),Municipal waste by waste management operations,A,Annual,RCY_C_D,Recycling - composting and digestion,KG_HAB,Kilograms per capita,MT,Malta,1996,,50,,e,estimated,,
dataflow,ESTAT:ENV_WASMUN(1.0),Municipal waste by waste management operations,A,Annual,RCY_C_D,Recycling - composting and digestion,KG_HAB,Kilograms per capita,MT,Malta,1997,,48,,e,estimated,,
dataflow,ESTAT:ENV_WASMUN(1.0),Municipal waste by waste management operations,A,Annual,RCY_C_D,Recycling - composting and digestion,KG_HAB,Kilograms per capita,MT,Malta,1998,,45,,e,estimated,,
dataflow,ESTAT:ENV_WASMUN(1.0),Municipal waste by waste management operations,A,Annual,RCY_C_D,Recycling - composting and digestion,KG_HAB,Kilograms per capita,MT,Malta,1999,,35,,,,,
dataflow,ESTAT:ENV_WASMUN(1.0),Municipal waste by waste management operations,A,Annual,RCY_C_D,Recycling - composting and digestion,KG_HAB,Kilograms per capita,MT,Malta,2000,,50,,,,,
dataflow,ESTAT:ENV_WASMUN(1.0),Municipal waste by waste management operations,A,Annual,RCY_C_D,Recycling - composting and digestion,KG_HAB,Kilograms per capita,MT,Malta,2001,,46,,,,,
dataflow,ESTAT:ENV_WASMUN(1.0),Municipal waste by waste management operations,A,Annual,RCY_C_D,Recycling - composting and digestion,KG_HAB,Kilograms per capita,MT,Malta,2002,,24,,,,,
dataflow,ESTAT:ENV_WASMUN(1.0),Municipal waste by waste management operations,A,Annual,RCY_C_D,Recycling - composting and digestion,KG_HAB,Kilograms per capita,MT,Malta,2003,,36,,,,,
dataflow,ESTAT:ENV_WASMUN(1.0),Municipal waste by waste management operations,A,Annual,RCY_C_D,Recycling - composting and digestion,KG_HAB,Kilograms per capita,MT,Malta,2004,,32,,,,,
dataflow,ESTAT:ENV_WASMUN(1.0),Municipal waste by waste management operations,A,Annual,RCY_C_D,Recycling - composting and digestion,KG_HAB,Kilograms per capita,MT,Malta,2005,,45,,,,,
dataflow,ESTAT:ENV_WASMUN(1.0),Municipal waste by waste management operations,A,Annual,RCY_C_D,Recycling - composting and digestion,KG_HAB,Kilograms per capita,MT,Malta,2006,,70,,,,,
dataflow,ESTAT:ENV_WASMUN(1.0),Municipal waste by waste management operations,A,Annual,RCY_C_D,Recycling - composting and digestion,KG_HAB,Kilograms per capita,MT,Malta,2007,,15,,,,,
dataflow,ESTAT:ENV_WASMUN(1.0),Municipal waste by waste management operations,A,Annual,RCY_C_D,Recycling - composting and digestion,KG_HAB,Kilograms per capita,MT,Malta,2008,,0,,,,,
dataflow,ESTAT:ENV_WASMUN(1.0),Municipal waste by waste management operations,A,Annual,RCY_C_D,Recycling - composting and digestion,KG_HAB,Kilograms per capita,MT,Malta,2009,,0,,,,,
dataflow,ESTAT:ENV_WASMUN(1.0),Municipal waste by waste management operations,A,Annual,RCY_C_D,Recycling - composting and digestion,KG_HAB,Kilograms per capita,MT,Malta,2010,,0,,,,,
dataflow,ESTAT:ENV_WASMUN(1.0),Municipal waste by waste management operations,A,Annual,RCY_C_D,Recycling - composting and digestion,KG_HAB,Kilograms per capita,MT,Malta,2011,,7,,,,,
dataflow,ESTAT:ENV_WASMUN(1.0),Municipal waste by waste management operations,A,Annual,RCY_C_D,Recycling - composting and digestion,KG_HAB,Kilograms per capita,MT,Malta,2012,,12,,,,,
dataflow,ESTAT:ENV_WASMUN(1.0),Municipal waste by waste management operations,A,Annual,RCY_C_D,Recycling - composting and digestion,KG_HAB,Kilograms per capita,MT,Malta,2013,,0,,,,,
dataflow,ESTAT:ENV_WASMUN(1.0),Municipal waste by waste management operations,A,Annual,RCY_C_D,Recycling - composting and digestion,KG_HAB,Kilograms per capita,MT,Malta,2014,,0,,,,,
dataflow,ESTAT:ENV_WASMUN(1.0),Municipal waste by waste management operations,A,Annual,RCY_C_D,Recycling - composting and digestion,KG_HAB,Kilograms per capita,MT,Malta,2015,,0,,,,,
dataflow,ESTAT:ENV_WASMUN(1.0),Municipal waste by waste management operations,A,Annual,RCY_C_D,Recycling - composting and digestion,KG_HAB,Kilograms per capita,MT,Malta,2016,,0,,,,,
dataflow,ESTAT:ENV_WASMUN(1.0),Municipal waste by waste management operations,A,Annual,RCY_C_D,Recycling - composting and digestion,KG_HAB,Kilograms per capita,MT,Malta,2017,,0,,,,,
dataflow,ESTAT:ENV_WASMUN(1.0),Municipal waste by waste management operations,A,Annual,RCY_C_D,Recycling - composting and digestion,KG_HAB,Kilograms per capita,MT,Malta,2018,,0,,,,,
dataflow,ESTAT:ENV_WASMUN(1.0),Municipal waste by waste management operations,A,Annual,RCY_C_D,Recycling - composting and digestion,KG_HAB,Kilograms per capita,MT,Malta,2019,,0,,,,,
dataflow,ESTAT:ENV_WASMUN(1.0),Municipal waste by waste management operations,A,Annual,RCY_C_D,Recycling - composting and digestion,KG_HAB,Kilograms per capita,MT,Malta,2020,,0,,,,,
dataflow,ESTAT:ENV_WASMUN(1.0),Municipal waste by waste management operations,A,Annual,RCY_C_D,Recycling - composting and digestion,KG_HAB,Kilograms per capita,MT,Malta,2021,,0,,,,,
dataflow,ESTAT:ENV_WASMUN(1.0),Municipal waste by waste management operations,A,Annual,RCY_C_D,Recycling - composting and digestion,KG_HAB,Kilograms per capita,MT,Malta,2022,,0,,,,,
dataflow,ESTAT:ENV_WASMUN(1.0),Municipal waste by waste management operations,A,Annual,RCY_C_D,Recycling - composting and digestion,KG_HAB,Kilograms per capita,MT,Malta,2023,,0,,,,,
dataflow,ESTAT:ENV_WASMUN(1.0),Municipal waste by waste management operations,A,Annual,RCY_C_D,Recycling - composting and digestion,KG_HAB,Kilograms per capita,NL,Netherlands,1995,,130,,,,,
dataflow,ESTAT:ENV_WASMUN(1.0),Municipal waste by waste management operations,A,Annual,RCY_C_D,Recycling - composting and digestion,KG_HAB,Kilograms per capita,NL,Netherlands,1996,,137,,,,,
dataflow,ESTAT:ENV_WASMUN(1.0),Municipal waste by waste management operations,A,Annual,RCY_C_D,Recycling - composting and digestion,KG_HAB,Kilograms per capita,NL,Netherlands,1997,,148,,,,,
dataflow,ESTAT:ENV_WASMUN(1.0),Municipal waste by waste management operations,A,Annual,RCY_C_D,Recycling - composting and digestion,KG_HAB,Kilograms per capita,NL,Netherlands,1998,,144,,,,,
dataflow,ESTAT:ENV_WASMUN(1.0),Municipal waste by waste management operations,A,Annual,RCY_C_D,Recycling - composting and digestion,KG_HAB,Kilograms per capita,NL,Netherlands,1999,,140,,,,,
dataflow,ESTAT:ENV_WASMUN(1.0),Municipal waste by waste management operations,A,Annual,RCY_C_D,Recycling - composting and digestion,KG_HAB,Kilograms per capita,NL,Netherlands,2000,,145,,,,,
dataflow,ESTAT:ENV_WASMUN(1.0),Municipal waste by waste management operations,A,Annual,RCY_C_D,Recycling - composting and digestion,KG_HAB,Kilograms per capita,NL,Netherlands,2001,,141,,,,,
dataflow,ESTAT:ENV_WASMUN(1.0),Municipal waste by waste management operations,A,Annual,RCY_C_D,Recycling - composting and digestion,KG_HAB,Kilograms per capita,NL,Netherlands,2002,,147,,,,,
dataflow,ESTAT:ENV_WASMUN(1.0),Municipal waste by waste management operations,A,Annual,RCY_C_D,Recycling - composting and digestion,KG_HAB,Kilograms per capita,NL,Netherlands,2003,,141,,,,,
dataflow,ESTAT:ENV_WASMUN(1.0),Municipal waste by waste management operations,A,Annual,RCY_C_D,Recycling - composting and digestion,KG_HAB,Kilograms per capita,NL,Netherlands,2004,,147,,,,,
dataflow,ESTAT:ENV_WASMUN(1.0),Municipal waste by waste management operations,A,Annual,RCY_C_D,Recycling - composting and digestion,KG_HAB,Kilograms per capita,NL,Netherlands,2005,,149,,,,,
dataflow,ESTAT:ENV_WASMUN(1.0),Municipal waste by waste management operations,A,Annual,RCY_C_D,Recycling - composting and digestion,KG_HAB,Kilograms per capita,NL,Netherlands,2006,,142,,,,,
dataflow,ESTAT:ENV_WASMUN(1.0),Municipal waste by waste management operations,A,Annual,RCY_C_D,Recycling - composting and digestion,KG_HAB,Kilograms per capita,NL,Netherlands,2007,,147,,,,,
dataflow,ESTAT:ENV_WASMUN(1.0),Municipal waste by waste management operations,A,Annual,RCY_C_D,Recycling - composting and digestion,KG_HAB,Kilograms per capita,NL,Netherlands,2008,,142,,b,break in time series,,
dataflow,ESTAT:ENV_WASMUN(1.0),Municipal waste by waste management operations,A,Annual,RCY_C_D,Recycling - composting and digestion,KG_HAB,Kilograms per capita,NL,Netherlands,2009,,145,,,,,
dataflow,ESTAT:ENV_WASMUN(1.0),Municipal waste by waste management operations,A,Annual,RCY_C_D,Recycling - composting and digestion,KG_HAB,Kilograms per capita,NL,Netherlands,2010,,139,,,,,
dataflow,ESTAT:ENV_WASMUN(1.0),Municipal waste by waste management operations,A,Annual,RCY_C_D,Recycling - composting and digestion,KG_HAB,Kilograms per capita,NL,Netherlands,2011,,141,,,,,
dataflow,ESTAT:ENV_WASMUN(1.0),Municipal waste by waste management operations,A,Annual,RCY_C_D,Recycling - composting and digestion,KG_HAB,Kilograms per capita,NL,Netherlands,2012,,140,,,,,
dataflow,ESTAT:ENV_WASMUN(1.0),Municipal waste by waste management operations,A,Annual,RCY_C_D,Recycling - composting and digestion,KG_HAB,Kilograms per capita,NL,Netherlands,2013,,137,,,,,
dataflow,ESTAT:ENV_WASMUN(1.0),Municipal waste by waste management operations,A,Annual,RCY_C_D,Recycling - composting and digestion,KG_HAB,Kilograms per capita,NL,Netherlands,2014,,143,,,,,
dataflow,ESTAT:ENV_WASMUN(1.0),Municipal waste by waste management operations,A,Annual,RCY_C_D,Recycling - composting and digestion,KG_HAB,Kilograms per capita,NL,Netherlands,2015,,143,,,,,
dataflow,ESTAT:ENV_WASMUN(1.0),Municipal waste by waste management operations,A,Annual,RCY_C_D,Recycling - composting and digestion,KG_HAB,Kilograms per capita,NL,Netherlands,2016,,144,,,,,
dataflow,ESTAT:ENV_WASMUN(1.0),Municipal waste by waste management operations,A,Annual,RCY_C_D,Recycling - composting and digestion,KG_HAB,Kilograms per capita,NL,Netherlands,2017,,144,,,,,
dataflow,ESTAT:ENV_WASMUN(1.0),Municipal waste by waste management operations,A,Annual,RCY_C_D,Recycling - composting and digestion,KG_HAB,Kilograms per capita,NL,Netherlands,2018,,147,,,,,
dataflow,ESTAT:ENV_WASMUN(1.0),Municipal waste by waste management operations,A,Annual,RCY_C_D,Recycling - composting and digestion,KG_HAB,Kilograms per capita,NL,Netherlands,2019,,148,,,,,
dataflow,ESTAT:ENV_WASMUN(1.0),Municipal waste by waste management operations,A,Annual,RCY_C_D,Recycling - composting and digestion,KG_HAB,Kilograms per capita,NL,Netherlands,2020,,156,,,,,
dataflow,ESTAT:ENV_WASMUN(1.0),Municipal waste by waste management operations,A,Annual,RCY_C_D,Recycling - composting and digestion,KG_HAB,Kilograms per capita,NL,Netherlands,2021,,153,,,,,
dataflow,ESTAT:ENV_WASMUN(1.0),Municipal waste by waste management operations,A,Annual,RCY_C_D,Recycling - composting and digestion,KG_HAB,Kilograms per capita,NL,Netherlands,2022,,139,,p,provisional,,
dataflow,ESTAT:ENV_WASMUN(1.0),Municipal waste by waste management operations,A,Annual,RCY_C_D,Recycling - composting and digestion,KG_HAB,Kilograms per capita,NL,Netherlands,2023,,144,,,,,
dataflow,ESTAT:ENV_WASMUN(1.0),Municipal waste by waste management operations,A,Annual,RCY_C_D,Recycling - composting and digestion,KG_HAB,Kilograms per capita,NO,Norway,1995,,12,,,,,
dataflow,ESTAT:ENV_WASMUN(1.0),Municipal waste by waste management operations,A,Annual,RCY_C_D,Recycling - composting and digestion,KG_HAB,Kilograms per capita,NO,Norway,1996,,19,,,,,
dataflow,ESTAT:ENV_WASMUN(1.0),Municipal waste by waste management operations,A,Annual,RCY_C_D,Recycling - composting and digestion,KG_HAB,Kilograms per capita,NO,Norway,1997,,28,,,,,
dataflow,ESTAT:ENV_WASMUN(1.0),Municipal waste by waste management operations,A,Annual,RCY_C_D,Recycling - composting and digestion,KG_HAB,Kilograms per capita,NO,Norway,1998,,36,,,,,
dataflow,ESTAT:ENV_WASMUN(1.0),Municipal waste by waste management operations,A,Annual,RCY_C_D,Recycling - composting and digestion,KG_HAB,Kilograms per capita,NO,Norway,1999,,45,,,,,
dataflow,ESTAT:ENV_WASMUN(1.0),Municipal waste by waste management operations,A,Annual,RCY_C_D,Recycling - composting and digestion,KG_HAB,Kilograms per capita,NO,Norway,2000,,53,,,,,
dataflow,ESTAT:ENV_WASMUN(1.0),Municipal waste by waste management operations,A,Annual,RCY_C_D,Recycling - composting and digestion,KG_HAB,Kilograms per capita,NO,Norway,2001,,50,,b,break in time series,,
dataflow,ESTAT:ENV_WASMUN(1.0),Municipal waste by waste management operations,A,Annual,RCY_C_D,Recycling - composting and digestion,KG_HAB,Kilograms per capita,NO,Norway,2002,,55,,,,,
dataflow,ESTAT:ENV_WASMUN(1.0),Municipal waste by waste management operations,A,Annual,RCY_C_D,Recycling - composting and digestion,KG_HAB,Kilograms per capita,NO,Norway,2003,,58,,,,,
dataflow,ESTAT:ENV_WASMUN(1.0),Municipal waste by waste management operations,A,Annual,RCY_C_D,Recycling - composting and digestion,KG_HAB,Kilograms per capita,NO,Norway,2004,,48,,,,,
dataflow,ESTAT:ENV_WASMUN(1.0),Municipal waste by waste management operations,A,Annual,RCY_C_D,Recycling - composting and digestion,KG_HAB,Kilograms per capita,NO,Norway,2005,,55,,,,,
dataflow,ESTAT:ENV_WASMUN(1.0),Municipal waste by waste management operations,A,Annual,RCY_C_D,Recycling - composting and digestion,KG_HAB,Kilograms per capita,NO,Norway,2006,,62,,,,,
dataflow,ESTAT:ENV_WASMUN(1.0),Municipal waste by waste management operations,A,Annual,RCY_C_D,Recycling - composting and digestion,KG_HAB,Kilograms per capita,NO,Norway,2007,,73,,,,,
dataflow,ESTAT:ENV_WASMUN(1.0),Municipal waste by waste management operations,A,Annual,RCY_C_D,Recycling - composting and digestion,KG_HAB,Kilograms per capita,NO,Norway,2008,,72,,,,,
dataflow,ESTAT:ENV_WASMUN(1.0),Municipal waste by waste management operations,A,Annual,RCY_C_D,Recycling - composting and digestion,KG_HAB,Kilograms per capita,NO,Norway,2009,,74,,,,,
dataflow,ESTAT:ENV_WASMUN(1.0),Municipal waste by waste management operations,A,Annual,RCY_C_D,Recycling - composting and digestion,KG_HAB,Kilograms per capita,NO,Norway,2010,,73,,,,,
dataflow,ESTAT:ENV_WASMUN(1.0),Municipal waste by waste management operations,A,Annual,RCY_C_D,Recycling - composting and digestion,KG_HAB,Kilograms per capita,NO,Norway,2011,,73,,,,,
dataflow,ESTAT:ENV_WASMUN(1.0),Municipal waste by waste management operations,A,Annual,RCY_C_D,Recycling - composting and digestion,KG_HAB,Kilograms per capita,NO,Norway,2012,,66,,,,,
dataflow,ESTAT:ENV_WASMUN(1.0),Municipal waste by waste management operations,A,Annual,RCY_C_D,Recycling - composting and digestion,KG_HAB,Kilograms per capita,NO,Norway,2013,,78,,,,,
dataflow,ESTAT:ENV_WASMUN(1.0),Municipal waste by waste management operations,A,Annual,RCY_C_D,Recycling - composting and digestion,KG_HAB,Kilograms per capita,NO,Norway,2014,,68,,b,break in time series,,
dataflow,ESTAT:ENV_WASMUN(1.0),Municipal waste by waste management operations,A,Annual,RCY_C_D,Recycling - composting and digestion,KG_HAB,Kilograms per capita,NO,Norway,2015,,70,,,,,
dataflow,ESTAT:ENV_WASMUN(1.0),Municipal waste by waste management operations,A,Annual,RCY_C_D,Recycling - composting and digestion,KG_HAB,Kilograms per capita,NO,Norway,2016,,77,,b,break in time series,,
dataflow,ESTAT:ENV_WASMUN(1.0),Municipal waste by waste management operations,A,Annual,RCY_C_D,Recycling - composting and digestion,KG_HAB,Kilograms per capita,NO,Norway,2017,,75,,,,,
dataflow,ESTAT:ENV_WASMUN(1.0),Municipal waste by waste management operations,A,Annual,RCY_C_D,Recycling - composting and digestion,KG_HAB,Kilograms per capita,NO,Norway,2018,,72,,,,,
dataflow,ESTAT:ENV_WASMUN(1.0),Municipal waste by waste management operations,A,Annual,RCY_C_D,Recycling - composting and digestion,KG_HAB,Kilograms per capita,NO,Norway,2019,,85,,,,,
dataflow,ESTAT:ENV_WASMUN(1.0),Municipal waste by waste management operations,A,Annual,RCY_C_D,Recycling - composting and digestion,KG_HAB,Kilograms per capita,NO,Norway,2020,,70,,b,break in time series,,
dataflow,ESTAT:ENV_WASMUN(1.0),Municipal waste by waste management operations,A,Annual,RCY_C_D,Recycling - composting and digestion,KG_HAB,Kilograms per capita,NO,Norway,2021,,77,,,,,
dataflow,ESTAT:ENV_WASMUN(1.0),Municipal waste by waste management operations,A,Annual,RCY_C_D,Recycling - composting and digestion,KG_HAB,Kilograms per capita,NO,Norway,2022,,80,,,,,
dataflow,ESTAT:ENV_WASMUN(1.0),Municipal waste by waste management operations,A,Annual,RCY_C_D,Recycling - composting and digestion,KG_HAB,Kilograms per capita,NO,Norway,2023,,75,,,,,
dataflow,ESTAT:ENV_WASMUN(1.0),Municipal waste by waste management operations,A,Annual,RCY_C_D,Recycling - composting and digestion,KG_HAB,Kilograms per capita,PL,Poland,1995,,5,,,,,
dataflow,ESTAT:ENV_WASMUN(1.0),Municipal waste by waste management operations,A,Annual,RCY_C_D,Recycling - composting and digestion,KG_HAB,Kilograms per capita,PL,Poland,1996,,6,,,,,
dataflow,ESTAT:ENV_WASMUN(1.0),Municipal waste by waste management operations,A,Annual,RCY_C_D,Recycling - composting and digestion,KG_HAB,Kilograms per capita,PL,Poland,1997,,10,,,,,
dataflow,ESTAT:ENV_WASMUN(1.0),Municipal waste by waste management operations,A,Annual,RCY_C_D,Recycling - composting and digestion,KG_HAB,Kilograms per capita,PL,Poland,1998,,6,,,,,
dataflow,ESTAT:ENV_WASMUN(1.0),Municipal waste by waste management operations,A,Annual,RCY_C_D,Recycling - composting and digestion,KG_HAB,Kilograms per capita,PL,Poland,1999,,6,,,,,
dataflow,ESTAT:ENV_WASMUN(1.0),Municipal waste by waste management operations,A,Annual,RCY_C_D,Recycling - composting and digestion,KG_HAB,Kilograms per capita,PL,Poland,2000,,6,,,,,
dataflow,ESTAT:ENV_WASMUN(1.0),Municipal waste by waste management operations,A,Annual,RCY_C_D,Recycling - composting and digestion,KG_HAB,Kilograms per capita,PL,Poland,2001,,8,,,,,
dataflow,ESTAT:ENV_WASMUN(1.0),Municipal waste by waste management operations,A,Annual,RCY_C_D,Recycling - composting and digestion,KG_HAB,Kilograms per capita,PL,Poland,2002,,6,,,,,
dataflow,ESTAT:ENV_WASMUN(1.0),Municipal waste by waste management operations,A,Annual,RCY_C_D,Recycling - composting and digestion,KG_HAB,Kilograms per capita,PL,Poland,2003,,3,,,,,
dataflow,ESTAT:ENV_WASMUN(1.0),Municipal waste by waste management operations,A,Annual,RCY_C_D,Recycling - composting and digestion,KG_HAB,Kilograms per capita,PL,Poland,2004,,6,,,,,
dataflow,ESTAT:ENV_WASMUN(1.0),Municipal waste by waste management operations,A,Annual,RCY_C_D,Recycling - composting and digestion,KG_HAB,Kilograms per capita,PL,Poland,2005,,8,,,,,
dataflow,ESTAT:ENV_WASMUN(1.0),Municipal waste by waste management operations,A,Annual,RCY_C_D,Recycling - composting and digestion,KG_HAB,Kilograms per capita,PL,Poland,2006,,9,,,,,
dataflow,ESTAT:ENV_WASMUN(1.0),Municipal waste by waste management operations,A,Annual,RCY_C_D,Recycling - composting and digestion,KG_HAB,Kilograms per capita,PL,Poland,2007,,10,,,,,
dataflow,ESTAT:ENV_WASMUN(1.0),Municipal waste by waste management operations,A,Annual,RCY_C_D,Recycling - composting and digestion,KG_HAB,Kilograms per capita,PL,Poland,2008,,10,,,,,
dataflow,ESTAT:ENV_WASMUN(1.0),Municipal waste by waste management operations,A,Annual,RCY_C_D,Recycling - composting and digestion,KG_HAB,Kilograms per capita,PL,Poland,2009,,4,,b,break in time series,,
dataflow,ESTAT:ENV_WASMUN(1.0),Municipal waste by waste management operations,A,Annual,RCY_C_D,Recycling - composting and digestion,KG_HAB,Kilograms per capita,PL,Poland,2010,,5,,,,,
dataflow,ESTAT:ENV_WASMUN(1.0),Municipal waste by waste management operations,A,Annual,RCY_C_D,Recycling - composting and digestion,KG_HAB,Kilograms per capita,PL,Poland,2011,,6,,,,,
dataflow,ESTAT:ENV_WASMUN(1.0),Municipal waste by waste management operations,A,Annual,RCY_C_D,Recycling - composting and digestion,KG_HAB,Kilograms per capita,PL,Poland,2012,,5,,,,,
dataflow,ESTAT:ENV_WASMUN(1.0),Municipal waste by waste management operations,A,Annual,RCY_C_D,Recycling - composting and digestion,KG_HAB,Kilograms per capita,PL,Poland,2013,,6,,,,,
dataflow,ESTAT:ENV_WASMUN(1.0),Municipal waste by waste management operations,A,Annual,RCY_C_D,Recycling - composting and digestion,KG_HAB,Kilograms per capita,PL,Poland,2014,,15,,be,"break in time series, estimated",,
dataflow,ESTAT:ENV_WASMUN(1.0),Municipal waste by waste management operations,A,Annual,RCY_C_D,Recycling - composting and digestion,KG_HAB,Kilograms per capita,PL,Poland,2015,,17,,e,estimated,,
dataflow,ESTAT:ENV_WASMUN(1.0),Municipal waste by waste management operations,A,Annual,RCY_C_D,Recycling - composting and digestion,KG_HAB,Kilograms per capita,PL,Poland,2016,,21,,e,estimated,,
dataflow,ESTAT:ENV_WASMUN(1.0),Municipal waste by waste management operations,A,Annual,RCY_C_D,Recycling - composting and digestion,KG_HAB,Kilograms per capita,PL,Poland,2017,,22,,e,estimated,,
dataflow,ESTAT:ENV_WASMUN(1.0),Municipal waste by waste management operations,A,Annual,RCY_C_D,Recycling - composting and digestion,KG_HAB,Kilograms per capita,PL,Poland,2018,,27,,e,estimated,,
dataflow,ESTAT:ENV_WASMUN(1.0),Municipal waste by waste management operations,A,Annual,RCY_C_D,Recycling - composting and digestion,KG_HAB,Kilograms per capita,PL,Poland,2019,,30,,e,estimated,,
dataflow,ESTAT:ENV_WASMUN(1.0),Municipal waste by waste management operations,A,Annual,RCY_C_D,Recycling - composting and digestion,KG_HAB,Kilograms per capita,PL,Poland,2020,,42,,,,,
dataflow,ESTAT:ENV_WASMUN(1.0),Municipal waste by waste management operations,A,Annual,RCY_C_D,Recycling - composting and digestion,KG_HAB,Kilograms per capita,PL,Poland,2021,,49,,,,,
dataflow,ESTAT:ENV_WASMUN(1.0),Municipal waste by waste management operations,A,Annual,RCY_C_D,Recycling - composting and digestion,KG_HAB,Kilograms per capita,PL,Poland,2022,,52,,,,,
dataflow,ESTAT:ENV_WASMUN(1.0),Municipal waste by waste management operations,A,Annual,RCY_C_D,Recycling - composting and digestion,KG_HAB,Kilograms per capita,PL,Poland,2023,,43,,b,break in time series,,
dataflow,ESTAT:ENV_WASMUN(1.0),Municipal waste by waste management operations,A,Annual,RCY_C_D,Recycling - composting and digestion,KG_HAB,Kilograms per capita,PT,Portugal,1995,,30,,,,,
dataflow,ESTAT:ENV_WASMUN(1.0),Municipal waste by waste management operations,A,Annual,RCY_C_D,Recycling - composting and digestion,KG_HAB,Kilograms per capita,PT,Portugal,1996,,31,,,,,
dataflow,ESTAT:ENV_WASMUN(1.0),Municipal waste by waste management operations,A,Annual,RCY_C_D,Recycling - composting and digestion,KG_HAB,Kilograms per capita,PT,Portugal,1997,,33,,,,,
dataflow,ESTAT:ENV_WASMUN(1.0),Municipal waste by waste management operations,A,Annual,RCY_C_D,Recycling - composting and digestion,KG_HAB,Kilograms per capita,PT,Portugal,1998,,35,,,,,
dataflow,ESTAT:ENV_WASMUN(1.0),Municipal waste by waste management operations,A,Annual,RCY_C_D,Recycling - composting and digestion,KG_HAB,Kilograms per capita,PT,Portugal,1999,,36,,,,,
dataflow,ESTAT:ENV_WASMUN(1.0),Municipal waste by waste management operations,A,Annual,RCY_C_D,Recycling - composting and digestion,KG_HAB,Kilograms per capita,PT,Portugal,2000,,33,,,,,
dataflow,ESTAT:ENV_WASMUN(1.0),Municipal waste by waste management operations,A,Annual,RCY_C_D,Recycling - composting and digestion,KG_HAB,Kilograms per capita,PT,Portugal,2001,,36,,,,,
dataflow,ESTAT:ENV_WASMUN(1.0),Municipal waste by waste management operations,A,Annual,RCY_C_D,Recycling - composting and digestion,KG_HAB,Kilograms per capita,PT,Portugal,2002,,13,,b,break in time series,,
dataflow,ESTAT:ENV_WASMUN(1.0),Municipal waste by waste management operations,A,Annual,RCY_C_D,Recycling - composting and digestion,KG_HAB,Kilograms per capita,PT,Portugal,2003,,27,,,,,
dataflow,ESTAT:ENV_WASMUN(1.0),Municipal waste by waste management operations,A,Annual,RCY_C_D,Recycling - composting and digestion,KG_HAB,Kilograms per capita,PT,Portugal,2004,,29,,,,,
dataflow,ESTAT:ENV_WASMUN(1.0),Municipal waste by waste management operations,A,Annual,RCY_C_D,Recycling - composting and digestion,KG_HAB,Kilograms per capita,PT,Portugal,2005,,30,,,,,
dataflow,ESTAT:ENV_WASMUN(1.0),Municipal waste by waste management operations,A,Annual,RCY_C_D,Recycling - composting and digestion,KG_HAB,Kilograms per capita,PT,Portugal,2006,,29,,,,,
dataflow,ESTAT:ENV_WASMUN(1.0),Municipal waste by waste management operations,A,Annual,RCY_C_D,Recycling - composting and digestion,KG_HAB,Kilograms per capita,PT,Portugal,2007,,30,,b,break in time series,,
dataflow,ESTAT:ENV_WASMUN(1.0),Municipal waste by waste management operations,A,Annual,RCY_C_D,Recycling - composting and digestion,KG_HAB,Kilograms per capita,PT,Portugal,2008,,36,,,,,
dataflow,ESTAT:ENV_WASMUN(1.0),Municipal waste by waste management operations,A,Annual,RCY_C_D,Recycling - composting and digestion,KG_HAB,Kilograms per capita,PT,Portugal,2009,,40,,,,,
dataflow,ESTAT:ENV_WASMUN(1.0),Municipal waste by waste management operations,A,Annual,RCY_C_D,Recycling - composting and digestion,KG_HAB,Kilograms per capita,PT,Portugal,2010,,38,,,,,
dataflow,ESTAT:ENV_WASMUN(1.0),Municipal waste by waste management operations,A,Annual,RCY_C_D,Recycling - composting and digestion,KG_HAB,Kilograms per capita,PT,Portugal,2011,,42,,,,,
dataflow,ESTAT:ENV_WASMUN(1.0),Municipal waste by waste management operations,A,Annual,RCY_C_D,Recycling - composting and digestion,KG_HAB,Kilograms per capita,PT,Portugal,2012,,66,,,,,
dataflow,ESTAT:ENV_WASMUN(1.0),Municipal waste by waste management operations,A,Annual,RCY_C_D,Recycling - composting and digestion,KG_HAB,Kilograms per capita,PT,Portugal,2013,,57,,,,,
dataflow,ESTAT:ENV_WASMUN(1.0),Municipal waste by waste management operations,A,Annual,RCY_C_D,Recycling - composting and digestion,KG_HAB,Kilograms per capita,PT,Portugal,2014,,64,,,,,
dataflow,ESTAT:ENV_WASMUN(1.0),Municipal waste by waste management operations,A,Annual,RCY_C_D,Recycling - composting and digestion,KG_HAB,Kilograms per capita,PT,Portugal,2015,,72,,,,,
dataflow,ESTAT:ENV_WASMUN(1.0),Municipal waste by waste management operations,A,Annual,RCY_C_D,Recycling - composting and digestion,KG_HAB,Kilograms per capita,PT,Portugal,2016,,79,,,,,
dataflow,ESTAT:ENV_WASMUN(1.0),Municipal waste by waste management operations,A,Annual,RCY_C_D,Recycling - composting and digestion,KG_HAB,Kilograms per capita,PT,Portugal,2017,,83,,,,,
dataflow,ESTAT:ENV_WASMUN(1.0),Municipal waste by waste management operations,A,Annual,RCY_C_D,Recycling - composting and digestion,KG_HAB,Kilograms per capita,PT,Portugal,2018,,85,,,,,
dataflow,ESTAT:ENV_WASMUN(1.0),Municipal waste by waste management operations,A,Annual,RCY_C_D,Recycling - composting and digestion,KG_HAB,Kilograms per capita,PT,Portugal,2019,,85,,,,,
dataflow,ESTAT:ENV_WASMUN(1.0),Municipal waste by waste management operations,A,Annual,RCY_C_D,Recycling - composting and digestion,KG_HAB,Kilograms per capita,PT,Portugal,2020,,71,,,,,
dataflow,ESTAT:ENV_WASMUN(1.0),Municipal waste by waste management operations,A,Annual,RCY_C_D,Recycling - composting and digestion,KG_HAB,Kilograms per capita,PT,Portugal,2021,,86,,,,,
dataflow,ESTAT:ENV_WASMUN(1.0),Municipal waste by waste management operations,A,Annual,RCY_C_D,Recycling - composting and digestion,KG_HAB,Kilograms per capita,PT,Portugal,2022,,87,,,,,
dataflow,ESTAT:ENV_WASMUN(1.0),Municipal waste by waste management operations,A,Annual,RCY_C_D,Recycling - composting and digestion,KG_HAB,Kilograms per capita,PT,Portugal,2023,,88,,,,,
dataflow,ESTAT:ENV_WASMUN(1.0),Municipal waste by waste management operations,A,Annual,RCY_C_D,Recycling - composting and digestion,KG_HAB,Kilograms per capita,RO,Romania,1995,,0,,,,,
dataflow,ESTAT:ENV_WASMUN(1.0),Municipal waste by waste management operations,A,Annual,RCY_C_D,Recycling - composting and digestion,KG_HAB,Kilograms per capita,RO,Romania,1996,,0,,,,,
dataflow,ESTAT:ENV_WASMUN(1.0),Municipal waste by waste management operations,A,Annual,RCY_C_D,Recycling - composting and digestion,KG_HAB,Kilograms per capita,RO,Romania,1997,,0,,,,,
dataflow,ESTAT:ENV_WASMUN(1.0),Municipal waste by waste management operations,A,Annual,RCY_C_D,Recycling - composting and digestion,KG_HAB,Kilograms per capita,RO,Romania,1998,,0,,,,,
dataflow,ESTAT:ENV_WASMUN(1.0),Municipal waste by waste management operations,A,Annual,RCY_C_D,Recycling - composting and digestion,KG_HAB,Kilograms per capita,RO,Romania,1999,,0,,,,,
dataflow,ESTAT:ENV_WASMUN(1.0),Municipal waste by waste management operations,A,Annual,RCY_C_D,Recycling - composting and digestion,KG_HAB,Kilograms per capita,RO,Romania,2000,,0,,,,,
dataflow,ESTAT:ENV_WASMUN(1.0),Municipal waste by waste management operations,A,Annual,RCY_C_D,Recycling - composting and digestion,KG_HAB,Kilograms per capita,RO,Romania,2001,,0,,,,,
dataflow,ESTAT:ENV_WASMUN(1.0),Municipal waste by waste management operations,A,Annual,RCY_C_D,Recycling - composting and digestion,KG_HAB,Kilograms per capita,RO,Romania,2002,,0,,,,,
dataflow,ESTAT:ENV_WASMUN(1.0),Municipal waste by waste management operations,A,Annual,RCY_C_D,Recycling - composting and digestion,KG_HAB,Kilograms per capita,RO,Romania,2003,,0,,,,,
dataflow,ESTAT:ENV_WASMUN(1.0),Municipal waste by waste management operations,A,Annual,RCY_C_D,Recycling - composting and digestion,KG_HAB,Kilograms per capita,RO,Romania,2004,,0,,,,,
dataflow,ESTAT:ENV_WASMUN(1.0),Municipal waste by waste management operations,A,Annual,RCY_C_D,Recycling - composting and digestion,KG_HAB,Kilograms per capita,RO,Romania,2005,,0,,,,,
dataflow,ESTAT:ENV_WASMUN(1.0),Municipal waste by waste management operations,A,Annual,RCY_C_D,Recycling - composting and digestion,KG_HAB,Kilograms per capita,RO,Romania,2006,,0,,,,,
dataflow,ESTAT:ENV_WASMUN(1.0),Municipal waste by waste management operations,A,Annual,RCY_C_D,Recycling - composting and digestion,KG_HAB,Kilograms per capita,RO,Romania,2007,,0,,,,,
dataflow,ESTAT:ENV_WASMUN(1.0),Municipal waste by waste management operations,A,Annual,RCY_C_D,Recycling - composting and digestion,KG_HAB,Kilograms per capita,RO,Romania,2008,,0,,,,,
dataflow,ESTAT:ENV_WASMUN(1.0),Municipal waste by waste management operations,A,Annual,RCY_C_D,Recycling - composting and digestion,KG_HAB,Kilograms per capita,RO,Romania,2009,,0,,,,,
dataflow,ESTAT:ENV_WASMUN(1.0),Municipal waste by waste management operations,A,Annual,RCY_C_D,Recycling - composting and digestion,KG_HAB,Kilograms per capita,RO,Romania,2010,,32,,b,break in time series,,
dataflow,ESTAT:ENV_WASMUN(1.0),Municipal waste by waste management operations,A,Annual,RCY_C_D,Recycling - composting and digestion,KG_HAB,Kilograms per capita,RO,Romania,2011,,22,,,,,
dataflow,ESTAT:ENV_WASMUN(1.0),Municipal waste by waste management operations,A,Annual,RCY_C_D,Recycling - composting and digestion,KG_HAB,Kilograms per capita,RO,Romania,2012,,29,,,,,
dataflow,ESTAT:ENV_WASMUN(1.0),Municipal waste by waste management operations,A,Annual,RCY_C_D,Recycling - composting and digestion,KG_HAB,Kilograms per capita,RO,Romania,2013,,23,,,,,
dataflow,ESTAT:ENV_WASMUN(1.0),Municipal waste by waste management operations,A,Annual,RCY_C_D,Recycling - composting and digestion,KG_HAB,Kilograms per capita,RO,Romania,2014,,20,,,,,
dataflow,ESTAT:ENV_WASMUN(1.0),Municipal waste by waste management operations,A,Annual,RCY_C_D,Recycling - composting and digestion,KG_HAB,Kilograms per capita,RO,Romania,2015,,18,,,,,
dataflow,ESTAT:ENV_WASMUN(1.0),Municipal waste by waste management operations,A,Annual,RCY_C_D,Recycling - composting and digestion,KG_HAB,Kilograms per capita,RO,Romania,2016,,18,,,,,
dataflow,ESTAT:ENV_WASMUN(1.0),Municipal waste by waste management operations,A,Annual,RCY_C_D,Recycling - composting and digestion,KG_HAB,Kilograms per capita,RO,Romania,2017,,18,,,,,
dataflow,ESTAT:ENV_WASMUN(1.0),Municipal waste by waste management operations,A,Annual,RCY_C_D,Recycling - composting and digestion,KG_HAB,Kilograms per capita,RO,Romania,2018,,9,,,,,
dataflow,ESTAT:ENV_WASMUN(1.0),Municipal waste by waste management operations,A,Annual,RCY_C_D,Recycling - composting and digestion,KG_HAB,Kilograms per capita,RO,Romania,2019,,12,,,,,
dataflow,ESTAT:ENV_WASMUN(1.0),Municipal waste by waste management operations,A,Annual,RCY_C_D,Recycling - composting and digestion,KG_HAB,Kilograms per capita,RO,Romania,2020,,18,,,,,
dataflow,ESTAT:ENV_WASMUN(1.0),Municipal waste by waste management operations,A,Annual,RCY_C_D,Recycling - composting and digestion,KG_HAB,Kilograms per capita,RO,Romania,2021,,14,,,,,
dataflow,ESTAT:ENV_WASMUN(1.0),Municipal waste by waste management operations,A,Annual,RCY_C_D,Recycling - composting and digestion,KG_HAB,Kilograms per capita,RO,Romania,2022,,15,,,,,
dataflow,ESTAT:ENV_WASMUN(1.0),Municipal waste by waste management operations,A,Annual,RCY_C_D,Recycling - composting and digestion,KG_HAB,Kilograms per capita,RS,Serbia,2006,,0,,,,,
dataflow,ESTAT:ENV_WASMUN(1.0),Municipal waste by waste management operations,A,Annual,RCY_C_D,Recycling - composting and digestion,KG_HAB,Kilograms per capita,RS,Serbia,2007,,0,,,,,
dataflow,ESTAT:ENV_WASMUN(1.0),Municipal waste by waste management operations,A,Annual,RCY_C_D,Recycling - composting and digestion,KG_HAB,Kilograms per capita,RS,Serbia,2008,,0,,,,,
dataflow,ESTAT:ENV_WASMUN(1.0),Municipal waste by waste management operations,A,Annual,RCY_C_D,Recycling - composting and digestion,KG_HAB,Kilograms per capita,RS,Serbia,2009,,0,,,,,
dataflow,ESTAT:ENV_WASMUN(1.0),Municipal waste by waste management operations,A,Annual,RCY_C_D,Recycling - composting and digestion,KG_HAB,Kilograms per capita,RS,Serbia,2010,,0,,,,,
dataflow,ESTAT:ENV_WASMUN(1.0),Municipal waste by waste management operations,A,Annual,RCY_C_D,Recycling - composting and digestion,KG_HAB,Kilograms per capita,RS,Serbia,2011,,0,,,,,
dataflow,ESTAT:ENV_WASMUN(1.0),Municipal waste by waste management operations,A,Annual,RCY_C_D,Recycling - composting and digestion,KG_HAB,Kilograms per capita,RS,Serbia,2012,,0,,,,,
dataflow,ESTAT:ENV_WASMUN(1.0),Municipal waste by waste management operations,A,Annual,RCY_C_D,Recycling - composting and digestion,KG_HAB,Kilograms per capita,RS,Serbia,2013,,0,,,,,
dataflow,ESTAT:ENV_WASMUN(1.0),Municipal waste by waste management operations,A,Annual,RCY_C_D,Recycling - composting and digestion,KG_HAB,Kilograms per capita,RS,Serbia,2014,,0,,,,,
dataflow,ESTAT:ENV_WASMUN(1.0),Municipal waste by waste management operations,A,Annual,RCY_C_D,Recycling - composting and digestion,KG_HAB,Kilograms per capita,RS,Serbia,2015,,0,,,,,
dataflow,ESTAT:ENV_WASMUN(1.0),Municipal waste by waste management operations,A,Annual,RCY_C_D,Recycling - composting and digestion,KG_HAB,Kilograms per capita,RS,Serbia,2016,,0,,,,,
dataflow,ESTAT:ENV_WASMUN(1.0),Municipal waste by waste management operations,A,Annual,RCY_C_D,Recycling - composting and digestion,KG_HAB,Kilograms per capita,RS,Serbia,2017,,0,,,,,
dataflow,ESTAT:ENV_WASMUN(1.0),Municipal waste by waste management operations,A,Annual,RCY_C_D,Recycling - composting and digestion,KG_HAB,Kilograms per capita,RS,Serbia,2018,,0,,,,,
dataflow,ESTAT:ENV_WASMUN(1.0),Municipal waste by waste management operations,A,Annual,RCY_C_D,Recycling - composting and digestion,KG_HAB,Kilograms per capita,RS,Serbia,2020,,2,,,,,
dataflow,ESTAT:ENV_WASMUN(1.0),Municipal waste by waste management operations,A,Annual,RCY_C_D,Recycling - composting and digestion,KG_HAB,Kilograms per capita,RS,Serbia,2021,,2,,,,,
dataflow,ESTAT:ENV_WASMUN(1.0),Municipal waste by waste management operations,A,Annual,RCY_C_D,Recycling - composting and digestion,KG_HAB,Kilograms per capita,RS,Serbia,2022,,1,,,,,
dataflow,ESTAT:ENV_WASMUN(1.0),Municipal waste by waste management operations,A,Annual,RCY_C_D,Recycling - composting and digestion,KG_HAB,Kilograms per capita,RS,Serbia,2023,,2,,,,,
dataflow,ESTAT:ENV_WASMUN(1.0),Municipal waste by waste management operations,A,Annual,RCY_C_D,Recycling - composting and digestion,KG_HAB,Kilograms per capita,SE,Sweden,1995,,24,,,,,
dataflow,ESTAT:ENV_WASMUN(1.0),Municipal waste by waste management operations,A,Annual,RCY_C_D,Recycling - composting and digestion,KG_HAB,Kilograms per capita,SE,Sweden,1996,,27,,,,,
dataflow,ESTAT:ENV_WASMUN(1.0),Municipal waste by waste management operations,A,Annual,RCY_C_D,Recycling - composting and digestion,KG_HAB,Kilograms per capita,SE,Sweden,1997,,31,,,,,
dataflow,ESTAT:ENV_WASMUN(1.0),Municipal waste by waste management operations,A,Annual,RCY_C_D,Recycling - composting and digestion,KG_HAB,Kilograms per capita,SE,Sweden,1998,,35,,,,,
dataflow,ESTAT:ENV_WASMUN(1.0),Municipal waste by waste management operations,A,Annual,RCY_C_D,Recycling - composting and digestion,KG_HAB,Kilograms per capita,SE,Sweden,1999,,36,,,,,
dataflow,ESTAT:ENV_WASMUN(1.0),Municipal waste by waste management operations,A,Annual,RCY_C_D,Recycling - composting and digestion,KG_HAB,Kilograms per capita,SE,Sweden,2000,,41,,,,,
dataflow,ESTAT:ENV_WASMUN(1.0),Municipal waste by waste management operations,A,Annual,RCY_C_D,Recycling - composting and digestion,KG_HAB,Kilograms per capita,SE,Sweden,2001,,44,,,,,
dataflow,ESTAT:ENV_WASMUN(1.0),Municipal waste by waste management operations,A,Annual,RCY_C_D,Recycling - composting and digestion,KG_HAB,Kilograms per capita,SE,Sweden,2002,,40,,,,,
dataflow,ESTAT:ENV_WASMUN(1.0),Municipal waste by waste management operations,A,Annual,RCY_C_D,Recycling - composting and digestion,KG_HAB,Kilograms per capita,SE,Sweden,2003,,45,,,,,
dataflow,ESTAT:ENV_WASMUN(1.0),Municipal waste by waste management operations,A,Annual,RCY_C_D,Recycling - composting and digestion,KG_HAB,Kilograms per capita,SE,Sweden,2004,,48,,,,,
dataflow,ESTAT:ENV_WASMUN(1.0),Municipal waste by waste management operations,A,Annual,RCY_C_D,Recycling - composting and digestion,KG_HAB,Kilograms per capita,SE,Sweden,2005,,50,,,,,
dataflow,ESTAT:ENV_WASMUN(1.0),Municipal waste by waste management operations,A,Annual,RCY_C_D,Recycling - composting and digestion,KG_HAB,Kilograms per capita,SE,Sweden,2006,,52,,,,,
dataflow,ESTAT:ENV_WASMUN(1.0),Municipal waste by waste management operations,A,Annual,RCY_C_D,Recycling - composting and digestion,KG_HAB,Kilograms per capita,SE,Sweden,2007,,54,,,,,
dataflow,ESTAT:ENV_WASMUN(1.0),Municipal waste by waste management operations,A,Annual,RCY_C_D,Recycling - composting and digestion,KG_HAB,Kilograms per capita,SE,Sweden,2008,,57,,,,,
dataflow,ESTAT:ENV_WASMUN(1.0),Municipal waste by waste management operations,A,Annual,RCY_C_D,Recycling - composting and digestion,KG_HAB,Kilograms per capita,SE,Sweden,2009,,60,,,,,
dataflow,ESTAT:ENV_WASMUN(1.0),Municipal waste by waste management operations,A,Annual,RCY_C_D,Recycling - composting and digestion,KG_HAB,Kilograms per capita,SE,Sweden,2010,,60,,,,,
dataflow,ESTAT:ENV_WASMUN(1.0),Municipal waste by waste management operations,A,Annual,RCY_C_D,Recycling - composting and digestion,KG_HAB,Kilograms per capita,SE,Sweden,2011,,64,,,,,
dataflow,ESTAT:ENV_WASMUN(1.0),Municipal waste by waste management operations,A,Annual,RCY_C_D,Recycling - composting and digestion,KG_HAB,Kilograms per capita,SE,Sweden,2012,,65,,,,,
dataflow,ESTAT:ENV_WASMUN(1.0),Municipal waste by waste management operations,A,Annual,RCY_C_D,Recycling - composting and digestion,KG_HAB,Kilograms per capita,SE,Sweden,2013,,69,,,,,
dataflow,ESTAT:ENV_WASMUN(1.0),Municipal waste by waste management operations,A,Annual,RCY_C_D,Recycling - composting and digestion,KG_HAB,Kilograms per capita,SE,Sweden,2014,,72,,,,,
dataflow,ESTAT:ENV_WASMUN(1.0),Municipal waste by waste management operations,A,Annual,RCY_C_D,Recycling - composting and digestion,KG_HAB,Kilograms per capita,SE,Sweden,2015,,70,,,,,
dataflow,ESTAT:ENV_WASMUN(1.0),Municipal waste by waste management operations,A,Annual,RCY_C_D,Recycling - composting and digestion,KG_HAB,Kilograms per capita,SE,Sweden,2016,,72,,,,,
dataflow,ESTAT:ENV_WASMUN(1.0),Municipal waste by waste management operations,A,Annual,RCY_C_D,Recycling - composting and digestion,KG_HAB,Kilograms per capita,SE,Sweden,2017,,70,,,,,
dataflow,ESTAT:ENV_WASMUN(1.0),Municipal waste by waste management operations,A,Annual,RCY_C_D,Recycling - composting and digestion,KG_HAB,Kilograms per capita,SE,Sweden,2018,,69,,,,,
dataflow,ESTAT:ENV_WASMUN(1.0),Municipal waste by waste management operations,A,Annual,RCY_C_D,Recycling - composting and digestion,KG_HAB,Kilograms per capita,SE,Sweden,2019,,64,,,,,
dataflow,ESTAT:ENV_WASMUN(1.0),Municipal waste by waste management operations,A,Annual,RCY_C_D,Recycling - composting and digestion,KG_HAB,Kilograms per capita,SE,Sweden,2020,,78,,b,break in time series,,
dataflow,ESTAT:ENV_WASMUN(1.0),Municipal waste by waste management operations,A,Annual,RCY_C_D,Recycling - composting and digestion,KG_HAB,Kilograms per capita,SE,Sweden,2021,,82,,,,,
dataflow,ESTAT:ENV_WASMUN(1.0),Municipal waste by waste management operations,A,Annual,RCY_C_D,Recycling - composting and digestion,KG_HAB,Kilograms per capita,SE,Sweden,2022,,75,,,,,
dataflow,ESTAT:ENV_WASMUN(1.0),Municipal waste by waste management operations,A,Annual,RCY_C_D,Recycling - composting and digestion,KG_HAB,Kilograms per capita,SE,Sweden,2023,,75,,,,,
dataflow,ESTAT:ENV_WASMUN(1.0),Municipal waste by waste management operations,A,Annual,RCY_C_D,Recycling - composting and digestion,KG_HAB,Kilograms per capita,SI,Slovenia,1995,,2,,,,,
dataflow,ESTAT:ENV_WASMUN(1.0),Municipal waste by waste management operations,A,Annual,RCY_C_D,Recycling - composting and digestion,KG_HAB,Kilograms per capita,SI,Slovenia,1996,,4,,,,,
dataflow,ESTAT:ENV_WASMUN(1.0),Municipal waste by waste management operations,A,Annual,RCY_C_D,Recycling - composting and digestion,KG_HAB,Kilograms per capita,SI,Slovenia,1997,,8,,,,,
dataflow,ESTAT:ENV_WASMUN(1.0),Municipal waste by waste management operations,A,Annual,RCY_C_D,Recycling - composting and digestion,KG_HAB,Kilograms per capita,SI,Slovenia,1998,,10,,,,,
dataflow,ESTAT:ENV_WASMUN(1.0),Municipal waste by waste management operations,A,Annual,RCY_C_D,Recycling - composting and digestion,KG_HAB,Kilograms per capita,SI,Slovenia,1999,,10,,,,,
dataflow,ESTAT:ENV_WASMUN(1.0),Municipal waste by waste management operations,A,Annual,RCY_C_D,Recycling - composting and digestion,KG_HAB,Kilograms per capita,SI,Slovenia,2000,,7,,,,,
dataflow,ESTAT:ENV_WASMUN(1.0),Municipal waste by waste management operations,A,Annual,RCY_C_D,Recycling - composting and digestion,KG_HAB,Kilograms per capita,SI,Slovenia,2001,,6,,,,,
dataflow,ESTAT:ENV_WASMUN(1.0),Municipal waste by waste management operations,A,Annual,RCY_C_D,Recycling - composting and digestion,KG_HAB,Kilograms per capita,SI,Slovenia,2002,,6,,,,,
dataflow,ESTAT:ENV_WASMUN(1.0),Municipal waste by waste management operations,A,Annual,RCY_C_D,Recycling - composting and digestion,KG_HAB,Kilograms per capita,SI,Slovenia,2003,,7,,,,,
dataflow,ESTAT:ENV_WASMUN(1.0),Municipal waste by waste management operations,A,Annual,RCY_C_D,Recycling - composting and digestion,KG_HAB,Kilograms per capita,SI,Slovenia,2004,,8,,,,,
dataflow,ESTAT:ENV_WASMUN(1.0),Municipal waste by waste management operations,A,Annual,RCY_C_D,Recycling - composting and digestion,KG_HAB,Kilograms per capita,SI,Slovenia,2005,,8,,,,,
dataflow,ESTAT:ENV_WASMUN(1.0),Municipal waste by waste management operations,A,Annual,RCY_C_D,Recycling - composting and digestion,KG_HAB,Kilograms per capita,SI,Slovenia,2006,,7,,,,,
dataflow,ESTAT:ENV_WASMUN(1.0),Municipal waste by waste management operations,A,Annual,RCY_C_D,Recycling - composting and digestion,KG_HAB,Kilograms per capita,SI,Slovenia,2007,,7,,,,,
dataflow,ESTAT:ENV_WASMUN(1.0),Municipal waste by waste management operations,A,Annual,RCY_C_D,Recycling - composting and digestion,KG_HAB,Kilograms per capita,SI,Slovenia,2008,,8,,,,,
dataflow,ESTAT:ENV_WASMUN(1.0),Municipal waste by waste management operations,A,Annual,RCY_C_D,Recycling - composting and digestion,KG_HAB,Kilograms per capita,SI,Slovenia,2009,,10,,,,,
dataflow,ESTAT:ENV_WASMUN(1.0),Municipal waste by waste management operations,A,Annual,RCY_C_D,Recycling - composting and digestion,KG_HAB,Kilograms per capita,SI,Slovenia,2010,,11,,,,,
dataflow,ESTAT:ENV_WASMUN(1.0),Municipal waste by waste management operations,A,Annual,RCY_C_D,Recycling - composting and digestion,KG_HAB,Kilograms per capita,SI,Slovenia,2011,,22,,,,,
dataflow,ESTAT:ENV_WASMUN(1.0),Municipal waste by waste management operations,A,Annual,RCY_C_D,Recycling - composting and digestion,KG_HAB,Kilograms per capita,SI,Slovenia,2012,,21,,,,,
dataflow,ESTAT:ENV_WASMUN(1.0),Municipal waste by waste management operations,A,Annual,RCY_C_D,Recycling - composting and digestion,KG_HAB,Kilograms per capita,SI,Slovenia,2013,,28,,,,,
dataflow,ESTAT:ENV_WASMUN(1.0),Municipal waste by waste management operations,A,Annual,RCY_C_D,Recycling - composting and digestion,KG_HAB,Kilograms per capita,SI,Slovenia,2014,,30,,,,,
dataflow,ESTAT:ENV_WASMUN(1.0),Municipal waste by waste management operations,A,Annual,RCY_C_D,Recycling - composting and digestion,KG_HAB,Kilograms per capita,SI,Slovenia,2015,,34,,e,estimated,,
dataflow,ESTAT:ENV_WASMUN(1.0),Municipal waste by waste management operations,A,Annual,RCY_C_D,Recycling - composting and digestion,KG_HAB,Kilograms per capita,SI,Slovenia,2016,,69,,e,estimated,,
dataflow,ESTAT:ENV_WASMUN(1.0),Municipal waste by waste management operations,A,Annual,RCY_C_D,Recycling - composting and digestion,KG_HAB,Kilograms per capita,SI,Slovenia,2017,,73,,,,,
dataflow,ESTAT:ENV_WASMUN(1.0),Municipal waste by waste management operations,A,Annual,RCY_C_D,Recycling - composting and digestion,KG_HAB,Kilograms per capita,SI,Slovenia,2018,,79,,,,,
dataflow,ESTAT:ENV_WASMUN(1.0),Municipal waste by waste management operations,A,Annual,RCY_C_D,Recycling - composting and digestion,KG_HAB,Kilograms per capita,SI,Slovenia,2019,,84,,,,,
dataflow,ESTAT:ENV_WASMUN(1.0),Municipal waste by waste management operations,A,Annual,RCY_C_D,Recycling - composting and digestion,KG_HAB,Kilograms per capita,SI,Slovenia,2020,,70,,,,,
dataflow,ESTAT:ENV_WASMUN(1.0),Municipal waste by waste management operations,A,Annual,RCY_C_D,Recycling - composting and digestion,KG_HAB,Kilograms per capita,SI,Slovenia,2021,,72,,,,,
dataflow,ESTAT:ENV_WASMUN(1.0),Municipal waste by waste management operations,A,Annual,RCY_C_D,Recycling - composting and digestion,KG_HAB,Kilograms per capita,SI,Slovenia,2022,,78,,,,,
dataflow,ESTAT:ENV_WASMUN(1.0),Municipal waste by waste management operations,A,Annual,RCY_C_D,Recycling - composting and digestion,KG_HAB,Kilograms per capita,SI,Slovenia,2023,,77,,,,,
dataflow,ESTAT:ENV_WASMUN(1.0),Municipal waste by waste management operations,A,Annual,RCY_C_D,Recycling - composting and digestion,KG_HAB,Kilograms per capita,SK,Slovakia,1995,,4,,i,value imputed by Eurostat or other receiving agencies,,
dataflow,ESTAT:ENV_WASMUN(1.0),Municipal waste by waste management operations,A,Annual,RCY_C_D,Recycling - composting and digestion,KG_HAB,Kilograms per capita,SK,Slovakia,1996,,4,,i,value imputed by Eurostat or other receiving agencies,,
dataflow,ESTAT:ENV_WASMUN(1.0),Municipal waste by waste management operations,A,Annual,RCY_C_D,Recycling - composting and digestion,KG_HAB,Kilograms per capita,SK,Slovakia,1997,,7,,e,estimated,,
dataflow,ESTAT:ENV_WASMUN(1.0),Municipal waste by waste management operations,A,Annual,RCY_C_D,Recycling - composting and digestion,KG_HAB,Kilograms per capita,SK,Slovakia,1998,,7,,,,,
dataflow,ESTAT:ENV_WASMUN(1.0),Municipal waste by waste management operations,A,Annual,RCY_C_D,Recycling - composting and digestion,KG_HAB,Kilograms per capita,SK,Slovakia,1999,,7,,,,,
dataflow,ESTAT:ENV_WASMUN(1.0),Municipal waste by waste management operations,A,Annual,RCY_C_D,Recycling - composting and digestion,KG_HAB,Kilograms per capita,SK,Slovakia,2000,,7,,,,,
dataflow,ESTAT:ENV_WASMUN(1.0),Municipal waste by waste management operations,A,Annual,RCY_C_D,Recycling - composting and digestion,KG_HAB,Kilograms per capita,SK,Slovakia,2001,,6,,,,,
dataflow,ESTAT:ENV_WASMUN(1.0),Municipal waste by waste management operations,A,Annual,RCY_C_D,Recycling - composting and digestion,KG_HAB,Kilograms per capita,SK,Slovakia,2002,,6,,,,,
dataflow,ESTAT:ENV_WASMUN(1.0),Municipal waste by waste management operations,A,Annual,RCY_C_D,Recycling - composting and digestion,KG_HAB,Kilograms per capita,SK,Slovakia,2003,,7,,,,,
dataflow,ESTAT:ENV_WASMUN(1.0),Municipal waste by waste management operations,A,Annual,RCY_C_D,Recycling - composting and digestion,KG_HAB,Kilograms per capita,SK,Slovakia,2004,,8,,,,,
dataflow,ESTAT:ENV_WASMUN(1.0),Municipal waste by waste management operations,A,Annual,RCY_C_D,Recycling - composting and digestion,KG_HAB,Kilograms per capita,SK,Slovakia,2005,,3,,b,break in time series,,
dataflow,ESTAT:ENV_WASMUN(1.0),Municipal waste by waste management operations,A,Annual,RCY_C_D,Recycling - composting and digestion,KG_HAB,Kilograms per capita,SK,Slovakia,2006,,9,,,,,
dataflow,ESTAT:ENV_WASMUN(1.0),Municipal waste by waste management operations,A,Annual,RCY_C_D,Recycling - composting and digestion,KG_HAB,Kilograms per capita,SK,Slovakia,2007,,12,,,,,
dataflow,ESTAT:ENV_WASMUN(1.0),Municipal waste by waste management operations,A,Annual,RCY_C_D,Recycling - composting and digestion,KG_HAB,Kilograms per capita,SK,Slovakia,2008,,12,,,,,
dataflow,ESTAT:ENV_WASMUN(1.0),Municipal waste by waste management operations,A,Annual,RCY_C_D,Recycling - composting and digestion,KG_HAB,Kilograms per capita,SK,Slovakia,2009,,12,,,,,
dataflow,ESTAT:ENV_WASMUN(1.0),Municipal waste by waste management operations,A,Annual,RCY_C_D,Recycling - composting and digestion,KG_HAB,Kilograms per capita,SK,Slovakia,2010,,11,,,,,
dataflow,ESTAT:ENV_WASMUN(1.0),Municipal waste by waste management operations,A,Annual,RCY_C_D,Recycling - composting and digestion,KG_HAB,Kilograms per capita,SK,Slovakia,2011,,13,,,,,
dataflow,ESTAT:ENV_WASMUN(1.0),Municipal waste by waste management operations,A,Annual,RCY_C_D,Recycling - composting and digestion,KG_HAB,Kilograms per capita,SK,Slovakia,2012,,15,,,,,
dataflow,ESTAT:ENV_WASMUN(1.0),Municipal waste by waste management operations,A,Annual,RCY_C_D,Recycling - composting and digestion,KG_HAB,Kilograms per capita,SK,Slovakia,2013,,13,,,,,
dataflow,ESTAT:ENV_WASMUN(1.0),Municipal waste by waste management operations,A,Annual,RCY_C_D,Recycling - composting and digestion,KG_HAB,Kilograms per capita,SK,Slovakia,2014,,17,,,,,
dataflow,ESTAT:ENV_WASMUN(1.0),Municipal waste by waste management operations,A,Annual,RCY_C_D,Recycling - composting and digestion,KG_HAB,Kilograms per capita,SK,Slovakia,2015,,24,,,,,
dataflow,ESTAT:ENV_WASMUN(1.0),Municipal waste by waste management operations,A,Annual,RCY_C_D,Recycling - composting and digestion,KG_HAB,Kilograms per capita,SK,Slovakia,2016,,26,,,,,
dataflow,ESTAT:ENV_WASMUN(1.0),Municipal waste by waste management operations,A,Annual,RCY_C_D,Recycling - composting and digestion,KG_HAB,Kilograms per capita,SK,Slovakia,2017,,33,,,,,
dataflow,ESTAT:ENV_WASMUN(1.0),Municipal waste by waste management operations,A,Annual,RCY_C_D,Recycling - composting and digestion,KG_HAB,Kilograms per capita,SK,Slovakia,2018,,39,,,,,
dataflow,ESTAT:ENV_WASMUN(1.0),Municipal waste by waste management operations,A,Annual,RCY_C_D,Recycling - composting and digestion,KG_HAB,Kilograms per capita,SK,Slovakia,2019,,49,,,,,
dataflow,ESTAT:ENV_WASMUN(1.0),Municipal waste by waste management operations,A,Annual,RCY_C_D,Recycling - composting and digestion,KG_HAB,Kilograms per capita,SK,Slovakia,2020,,65,,,,,
dataflow,ESTAT:ENV_WASMUN(1.0),Municipal waste by waste management operations,A,Annual,RCY_C_D,Recycling - composting and digestion,KG_HAB,Kilograms per capita,SK,Slovakia,2021,,77,,,,,
dataflow,ESTAT:ENV_WASMUN(1.0),Municipal waste by waste management operations,A,Annual,RCY_C_D,Recycling - composting and digestion,KG_HAB,Kilograms per capita,SK,Slovakia,2022,,79,,,,,
dataflow,ESTAT:ENV_WASMUN(1.0),Municipal waste by waste management operations,A,Annual,RCY_C_D,Recycling - composting and digestion,KG_HAB,Kilograms per capita,SK,Slovakia,2023,,83,,,,,
dataflow,ESTAT:ENV_WASMUN(1.0),Municipal waste by waste management operations,A,Annual,RCY_C_D,Recycling - composting and digestion,KG_HAB,Kilograms per capita,TR,Türkiye,1995,,3,,,,,
dataflow,ESTAT:ENV_WASMUN(1.0),Municipal waste by waste management operations,A,Annual,RCY_C_D,Recycling - composting and digestion,KG_HAB,Kilograms per capita,TR,Türkiye,1996,,3,,,,,
dataflow,ESTAT:ENV_WASMUN(1.0),Municipal waste by waste management operations,A,Annual,RCY_C_D,Recycling - composting and digestion,KG_HAB,Kilograms per capita,TR,Türkiye,1997,,3,,,,,
dataflow,ESTAT:ENV_WASMUN(1.0),Municipal waste by waste management operations,A,Annual,RCY_C_D,Recycling - composting and digestion,KG_HAB,Kilograms per capita,TR,Türkiye,1998,,3,,,,,
dataflow,ESTAT:ENV_WASMUN(1.0),Municipal waste by waste management operations,A,Annual,RCY_C_D,Recycling - composting and digestion,KG_HAB,Kilograms per capita,TR,Türkiye,1999,,3,,e,estimated,,
dataflow,ESTAT:ENV_WASMUN(1.0),Municipal waste by waste management operations,A,Annual,RCY_C_D,Recycling - composting and digestion,KG_HAB,Kilograms per capita,TR,Türkiye,2000,,4,,e,estimated,,
dataflow,ESTAT:ENV_WASMUN(1.0),Municipal waste by waste management operations,A,Annual,RCY_C_D,Recycling - composting and digestion,KG_HAB,Kilograms per capita,TR,Türkiye,2001,,3,,,,,
dataflow,ESTAT:ENV_WASMUN(1.0),Municipal waste by waste management operations,A,Annual,RCY_C_D,Recycling - composting and digestion,KG_HAB,Kilograms per capita,TR,Türkiye,2002,,6,,,,,
dataflow,ESTAT:ENV_WASMUN(1.0),Municipal waste by waste management operations,A,Annual,RCY_C_D,Recycling - composting and digestion,KG_HAB,Kilograms per capita,TR,Türkiye,2003,,5,,,,,
dataflow,ESTAT:ENV_WASMUN(1.0),Municipal waste by waste management operations,A,Annual,RCY_C_D,Recycling - composting and digestion,KG_HAB,Kilograms per capita,TR,Türkiye,2004,,5,,,,,
dataflow,ESTAT:ENV_WASMUN(1.0),Municipal waste by waste management operations,A,Annual,RCY_C_D,Recycling - composting and digestion,KG_HAB,Kilograms per capita,TR,Türkiye,2005,,5,,e,estimated,,
dataflow,ESTAT:ENV_WASMUN(1.0),Municipal waste by waste management operations,A,Annual,RCY_C_D,Recycling - composting and digestion,KG_HAB,Kilograms per capita,TR,Türkiye,2006,,4,,,,,
dataflow,ESTAT:ENV_WASMUN(1.0),Municipal waste by waste management operations,A,Annual,RCY_C_D,Recycling - composting and digestion,KG_HAB,Kilograms per capita,TR,Türkiye,2007,,5,,e,estimated,,
dataflow,ESTAT:ENV_WASMUN(1.0),Municipal waste by waste management operations,A,Annual,RCY_C_D,Recycling - composting and digestion,KG_HAB,Kilograms per capita,TR,Türkiye,2008,,4,,,,,
dataflow,ESTAT:ENV_WASMUN(1.0),Municipal waste by waste management operations,A,Annual,RCY_C_D,Recycling - composting and digestion,KG_HAB,Kilograms per capita,TR,Türkiye,2009,,4,,e,estimated,,
dataflow,ESTAT:ENV_WASMUN(1.0),Municipal waste by waste management operations,A,Annual,RCY_C_D,Recycling - composting and digestion,KG_HAB,Kilograms per capita,TR,Türkiye,2010,,3,,,,,
dataflow,ESTAT:ENV_WASMUN(1.0),Municipal waste by waste management operations,A,Annual,RCY_C_D,Recycling - composting and digestion,KG_HAB,Kilograms per capita,TR,Türkiye,2011,,4,,e,estimated,,
dataflow,ESTAT:ENV_WASMUN(1.0),Municipal waste by waste management operations,A,Annual,RCY_C_D,Recycling - composting and digestion,KG_HAB,Kilograms per capita,TR,Türkiye,2012,,2,,,,,
dataflow,ESTAT:ENV_WASMUN(1.0),Municipal waste by waste management operations,A,Annual,RCY_C_D,Recycling - composting and digestion,KG_HAB,Kilograms per capita,TR,Türkiye,2013,,2,,e,estimated,,
dataflow,ESTAT:ENV_WASMUN(1.0),Municipal waste by waste management operations,A,Annual,RCY_C_D,Recycling - composting and digestion,KG_HAB,Kilograms per capita,TR,Türkiye,2014,,2,,,,,
dataflow,ESTAT:ENV_WASMUN(1.0),Municipal waste by waste management operations,A,Annual,RCY_C_D,Recycling - composting and digestion,KG_HAB,Kilograms per capita,TR,Türkiye,2015,,2,,e,estimated,,
dataflow,ESTAT:ENV_WASMUN(1.0),Municipal waste by waste management operations,A,Annual,RCY_C_D,Recycling - composting and digestion,KG_HAB,Kilograms per capita,TR,Türkiye,2016,,2,,,,,
dataflow,ESTAT:ENV_WASMUN(1.0),Municipal waste by waste management operations,A,Annual,RCY_C_D,Recycling - composting and digestion,KG_HAB,Kilograms per capita,TR,Türkiye,2017,,2,,e,estimated,,
dataflow,ESTAT:ENV_WASMUN(1.0),Municipal waste by waste management operations,A,Annual,RCY_C_D,Recycling - composting and digestion,KG_HAB,Kilograms per capita,TR,Türkiye,2018,,2,,,,,
dataflow,ESTAT:ENV_WASMUN(1.0),Municipal waste by waste management operations,A,Annual,RCY_C_D,Recycling - composting and digestion,KG_HAB,Kilograms per capita,TR,Türkiye,2019,,2,,e,estimated,,
dataflow,ESTAT:ENV_WASMUN(1.0),Municipal waste by waste management operations,A,Annual,RCY_C_D,Recycling - composting and digestion,KG_HAB,Kilograms per capita,TR,Türkiye,2020,,1,,,,,
dataflow,ESTAT:ENV_WASMUN(1.0),Municipal waste by waste management operations,A,Annual,RCY_C_D,Recycling - composting and digestion,KG_HAB,Kilograms per capita,TR,Türkiye,2021,,1,,e,estimated,,
dataflow,ESTAT:ENV_WASMUN(1.0),Municipal waste by waste management operations,A,Annual,RCY_C_D,Recycling - composting and digestion,KG_HAB,Kilograms per capita,XK,Kosovo*,2020,,0,,,,,
dataflow,ESTAT:ENV_WASMUN(1.0),Municipal waste by waste management operations,A,Annual,RCY_C_D,Recycling - composting and digestion,KG_HAB,Kilograms per capita,XK,Kosovo*,2021,,0,,,,,
dataflow,ESTAT:ENV_WASMUN(1.0),Municipal waste by waste management operations,A,Annual,RCY_C_D,Recycling - composting and digestion,KG_HAB,Kilograms per capita,XK,Kosovo*,2022,,0,,,,,
dataflow,ESTAT:ENV_WASMUN(1.0),Municipal waste by waste management operations,A,Annual,RCY_C_D,Recycling - composting and digestion,THS_T,Thousand tonnes,AL,Albania,2020,,0,,,,,
dataflow,ESTAT:ENV_WASMUN(1.0),Municipal waste by waste management operations,A,Annual,RCY_C_D,Recycling - composting and digestion,THS_T,Thousand tonnes,AL,Albania,2021,,0,,,,,
dataflow,ESTAT:ENV_WASMUN(1.0),Municipal waste by waste management operations,A,Annual,RCY_C_D,Recycling - composting and digestion,THS_T,Thousand tonnes,AL,Albania,2022,,0,,,,,
dataflow,ESTAT:ENV_WASMUN(1.0),Municipal waste by waste management operations,A,Annual,RCY_C_D,Recycling - composting and digestion,THS_T,Thousand tonnes,AL,Albania,2023,,0,,,,,
dataflow,ESTAT:ENV_WASMUN(1.0),Municipal waste by waste management operations,A,Annual,RCY_C_D,Recycling - composting and digestion,THS_T,Thousand tonnes,AT,Austria,1995,,936,,,,,
dataflow,ESTAT:ENV_WASMUN(1.0),Municipal waste by waste management operations,A,Annual,RCY_C_D,Recycling - composting and digestion,THS_T,Thousand tonnes,AT,Austria,1996,,1674,,b,break in time series,,
dataflow,ESTAT:ENV_WASMUN(1.0),Municipal waste by waste management operations,A,Annual,RCY_C_D,Recycling - composting and digestion,THS_T,Thousand tonnes,AT,Austria,1997,,1752,,,,,
dataflow,ESTAT:ENV_WASMUN(1.0),Municipal waste by waste management operations,A,Annual,RCY_C_D,Recycling - composting and digestion,THS_T,Thousand tonnes,AT,Austria,1998,,1744,,,,,
dataflow,ESTAT:ENV_WASMUN(1.0),Municipal waste by waste management operations,A,Annual,RCY_C_D,Recycling - composting and digestion,THS_T,Thousand tonnes,AT,Austria,1999,,1792,,,,,
dataflow,ESTAT:ENV_WASMUN(1.0),Municipal waste by waste management operations,A,Annual,RCY_C_D,Recycling - composting and digestion,THS_T,Thousand tonnes,AT,Austria,2000,,1818,,,,,
dataflow,ESTAT:ENV_WASMUN(1.0),Municipal waste by waste management operations,A,Annual,RCY_C_D,Recycling - composting and digestion,THS_T,Thousand tonnes,AT,Austria,2001,,1855,,e,estimated,,
dataflow,ESTAT:ENV_WASMUN(1.0),Municipal waste by waste management operations,A,Annual,RCY_C_D,Recycling - composting and digestion,THS_T,Thousand tonnes,AT,Austria,2002,,1955,,e,estimated,,
dataflow,ESTAT:ENV_WASMUN(1.0),Municipal waste by waste management operations,A,Annual,RCY_C_D,Recycling - composting and digestion,THS_T,Thousand tonnes,AT,Austria,2003,,2055,,e,estimated,,
dataflow,ESTAT:ENV_WASMUN(1.0),Municipal waste by waste management operations,A,Annual,RCY_C_D,Recycling - composting and digestion,THS_T,Thousand tonnes,AT,Austria,2004,,1572,,,,,
dataflow,ESTAT:ENV_WASMUN(1.0),Municipal waste by waste management operations,A,Annual,RCY_C_D,Recycling - composting and digestion,THS_T,Thousand tonnes,AT,Austria,2005,,1577,,e,estimated,,
dataflow,ESTAT:ENV_WASMUN(1.0),Municipal waste by waste management operations,A,Annual,RCY_C_D,Recycling - composting and digestion,THS_T,Thousand tonnes,AT,Austria,2006,,1661,,,,,
dataflow,ESTAT:ENV_WASMUN(1.0),Municipal waste by waste management operations,A,Annual,RCY_C_D,Recycling - composting and digestion,THS_T,Thousand tonnes,AT,Austria,2007,,1661,,,,,
dataflow,ESTAT:ENV_WASMUN(1.0),Municipal waste by waste management operations,A,Annual,RCY_C_D,Recycling - composting and digestion,THS_T,Thousand tonnes,AT,Austria,2008,,1683,,,,,
dataflow,ESTAT:ENV_WASMUN(1.0),Municipal waste by waste management operations,A,Annual,RCY_C_D,Recycling - composting and digestion,THS_T,Thousand tonnes,AT,Austria,2009,,1553,,,,,
dataflow,ESTAT:ENV_WASMUN(1.0),Municipal waste by waste management operations,A,Annual,RCY_C_D,Recycling - composting and digestion,THS_T,Thousand tonnes,AT,Austria,2010,,1520,,,,,
dataflow,ESTAT:ENV_WASMUN(1.0),Municipal waste by waste management operations,A,Annual,RCY_C_D,Recycling - composting and digestion,THS_T,Thousand tonnes,AT,Austria,2011,,1578,,,,,
dataflow,ESTAT:ENV_WASMUN(1.0),Municipal waste by waste management operations,A,Annual,RCY_C_D,Recycling - composting and digestion,THS_T,Thousand tonnes,AT,Austria,2012,,1650,,,,,
dataflow,ESTAT:ENV_WASMUN(1.0),Municipal waste by waste management operations,A,Annual,RCY_C_D,Recycling - composting and digestion,THS_T,Thousand tonnes,AT,Austria,2013,,1627,,,,,
dataflow,ESTAT:ENV_WASMUN(1.0),Municipal waste by waste management operations,A,Annual,RCY_C_D,Recycling - composting and digestion,THS_T,Thousand tonnes,AT,Austria,2014,,1492,,,,,
dataflow,ESTAT:ENV_WASMUN(1.0),Municipal waste by waste management operations,A,Annual,RCY_C_D,Recycling - composting and digestion,THS_T,Thousand tonnes,AT,Austria,2015,,1511,,,,,
dataflow,ESTAT:ENV_WASMUN(1.0),Municipal waste by waste management operations,A,Annual,RCY_C_D,Recycling - composting and digestion,THS_T,Thousand tonnes,AT,Austria,2016,,1584,,,,,
dataflow,ESTAT:ENV_WASMUN(1.0),Municipal waste by waste management operations,A,Annual,RCY_C_D,Recycling - composting and digestion,THS_T,Thousand tonnes,AT,Austria,2017,,1601,,,,,
dataflow,ESTAT:ENV_WASMUN(1.0),Municipal waste by waste management operations,A,Annual,RCY_C_D,Recycling - composting and digestion,THS_T,Thousand tonnes,AT,Austria,2018,,1651,,,,,
dataflow,ESTAT:ENV_WASMUN(1.0),Municipal waste by waste management operations,A,Annual,RCY_C_D,Recycling - composting and digestion,THS_T,Thousand tonnes,AT,Austria,2019,,1677,,,,,
dataflow,ESTAT:ENV_WASMUN(1.0),Municipal waste by waste management operations,A,Annual,RCY_C_D,Recycling - composting and digestion,THS_T,Thousand tonnes,AT,Austria,2020,,1592,,b,break in time series,,
dataflow,ESTAT:ENV_WASMUN(1.0),Municipal waste by waste management operations,A,Annual,RCY_C_D,Recycling - composting and digestion,THS_T,Thousand tonnes,AT,Austria,2021,,1556,,,,,
dataflow,ESTAT:ENV_WASMUN(1.0),Municipal waste by waste management operations,A,Annual,RCY_C_D,Recycling - composting and digestion,THS_T,Thousand tonnes,AT,Austria,2022,,1478,,,,,
dataflow,ESTAT:ENV_WASMUN(1.0),Municipal waste by waste management operations,A,Annual,RCY_C_D,Recycling - composting and digestion,THS_T,Thousand tonnes,BA,Bosnia and Herzegovina,2008,,0,,,,,
dataflow,ESTAT:ENV_WASMUN(1.0),Municipal waste by waste management operations,A,Annual,RCY_C_D,Recycling - composting and digestion,THS_T,Thousand tonnes,BA,Bosnia and Herzegovina,2009,,0,,,,,
dataflow,ESTAT:ENV_WASMUN(1.0),Municipal waste by waste management operations,A,Annual,RCY_C_D,Recycling - composting and digestion,THS_T,Thousand tonnes,BA,Bosnia and Herzegovina,2010,,0,,,,,
dataflow,ESTAT:ENV_WASMUN(1.0),Municipal waste by waste management operations,A,Annual,RCY_C_D,Recycling - composting and digestion,THS_T,Thousand tonnes,BA,Bosnia and Herzegovina,2011,,0,,,,,
dataflow,ESTAT:ENV_WASMUN(1.0),Municipal waste by waste management operations,A,Annual,RCY_C_D,Recycling - composting and digestion,THS_T,Thousand tonnes,BA,Bosnia and Herzegovina,2012,,0,,,,,
dataflow,ESTAT:ENV_WASMUN(1.0),Municipal waste by waste management operations,A,Annual,RCY_C_D,Recycling - composting and digestion,THS_T,Thousand tonnes,BA,Bosnia and Herzegovina,2013,,0,,,,,
dataflow,ESTAT:ENV_WASMUN(1.0),Municipal waste by waste management operations,A,Annual,RCY_C_D,Recycling - composting and digestion,THS_T,Thousand tonnes,BA,Bosnia and Herzegovina,2014,,0,,,,,
dataflow,ESTAT:ENV_WASMUN(1.0),Municipal waste by waste management operations,A,Annual,RCY_C_D,Recycling - composting and digestion,THS_T,Thousand tonnes,BA,Bosnia and Herzegovina,2015,,0,,,,,
dataflow,ESTAT:ENV_WASMUN(1.0),Municipal waste by waste management operations,A,Annual,RCY_C_D,Recycling - composting and digestion,THS_T,Thousand tonnes,BA,Bosnia and Herzegovina,2016,,0,,,,,
dataflow,ESTAT:ENV_WASMUN(1.0),Municipal waste by waste management operations,A,Annual,RCY_C_D,Recycling - composting and digestion,THS_T,Thousand tonnes,BA,Bosnia and Herzegovina,2017,,0,,,,,
dataflow,ESTAT:ENV_WASMUN(1.0),Municipal waste by waste management operations,A,Annual,RCY_C_D,Recycling - composting and digestion,THS_T,Thousand tonnes,BA,Bosnia and Herzegovina,2022,,0,,,,,
dataflow,ESTAT:ENV_WASMUN(1.0),Municipal waste by waste management operations,A,Annual,RCY_C_D,Recycling - composting and digestion,THS_T,Thousand tonnes,BE,Belgium,1995,,363,,,,,
dataflow,ESTAT:ENV_WASMUN(1.0),Municipal waste by waste management operations,A,Annual,RCY_C_D,Recycling - composting and digestion,THS_T,Thousand tonnes,BE,Belgium,1996,,495,,,,,
dataflow,ESTAT:ENV_WASMUN(1.0),Municipal waste by waste management operations,A,Annual,RCY_C_D,Recycling - composting and digestion,THS_T,Thousand tonnes,BE,Belgium,1997,,759,,,,,
dataflow,ESTAT:ENV_WASMUN(1.0),Municipal waste by waste management operations,A,Annual,RCY_C_D,Recycling - composting and digestion,THS_T,Thousand tonnes,BE,Belgium,1998,,850,,,,,
dataflow,ESTAT:ENV_WASMUN(1.0),Municipal waste by waste management operations,A,Annual,RCY_C_D,Recycling - composting and digestion,THS_T,Thousand tonnes,BE,Belgium,1999,,951,,,,,
dataflow,ESTAT:ENV_WASMUN(1.0),Municipal waste by waste management operations,A,Annual,RCY_C_D,Recycling - composting and digestion,THS_T,Thousand tonnes,BE,Belgium,2000,,1091,,,,,
dataflow,ESTAT:ENV_WASMUN(1.0),Municipal waste by waste management operations,A,Annual,RCY_C_D,Recycling - composting and digestion,THS_T,Thousand tonnes,BE,Belgium,2001,,1030,,,,,
dataflow,ESTAT:ENV_WASMUN(1.0),Municipal waste by waste management operations,A,Annual,RCY_C_D,Recycling - composting and digestion,THS_T,Thousand tonnes,BE,Belgium,2002,,1098,,,,,
dataflow,ESTAT:ENV_WASMUN(1.0),Municipal waste by waste management operations,A,Annual,RCY_C_D,Recycling - composting and digestion,THS_T,Thousand tonnes,BE,Belgium,2003,,1123,,,,,
dataflow,ESTAT:ENV_WASMUN(1.0),Municipal waste by waste management operations,A,Annual,RCY_C_D,Recycling - composting and digestion,THS_T,Thousand tonnes,BE,Belgium,2004,,1208,,,,,
dataflow,ESTAT:ENV_WASMUN(1.0),Municipal waste by waste management operations,A,Annual,RCY_C_D,Recycling - composting and digestion,THS_T,Thousand tonnes,BE,Belgium,2005,,1173,,,,,
dataflow,ESTAT:ENV_WASMUN(1.0),Municipal waste by waste management operations,A,Annual,RCY_C_D,Recycling - composting and digestion,THS_T,Thousand tonnes,BE,Belgium,2006,,1190,,,,,
dataflow,ESTAT:ENV_WASMUN(1.0),Municipal waste by waste management operations,A,Annual,RCY_C_D,Recycling - composting and digestion,THS_T,Thousand tonnes,BE,Belgium,2007,,1236,,,,,
dataflow,ESTAT:ENV_WASMUN(1.0),Municipal waste by waste management operations,A,Annual,RCY_C_D,Recycling - composting and digestion,THS_T,Thousand tonnes,BE,Belgium,2008,,1047,,,,,
dataflow,ESTAT:ENV_WASMUN(1.0),Municipal waste by waste management operations,A,Annual,RCY_C_D,Recycling - composting and digestion,THS_T,Thousand tonnes,BE,Belgium,2009,,1025,,,,,
dataflow,ESTAT:ENV_WASMUN(1.0),Municipal waste by waste management operations,A,Annual,RCY_C_D,Recycling - composting and digestion,THS_T,Thousand tonnes,BE,Belgium,2010,,1057,,,,,
dataflow,ESTAT:ENV_WASMUN(1.0),Municipal waste by waste management operations,A,Annual,RCY_C_D,Recycling - composting and digestion,THS_T,Thousand tonnes,BE,Belgium,2011,,1028,,,,,
dataflow,ESTAT:ENV_WASMUN(1.0),Municipal waste by waste management operations,A,Annual,RCY_C_D,Recycling - composting and digestion,THS_T,Thousand tonnes,BE,Belgium,2012,,1038,,,,,
dataflow,ESTAT:ENV_WASMUN(1.0),Municipal waste by waste management operations,A,Annual,RCY_C_D,Recycling - composting and digestion,THS_T,Thousand tonnes,BE,Belgium,2013,,1030,,,,,
dataflow,ESTAT:ENV_WASMUN(1.0),Municipal waste by waste management operations,A,Annual,RCY_C_D,Recycling - composting and digestion,THS_T,Thousand tonnes,BE,Belgium,2014,,970,,,,,
dataflow,ESTAT:ENV_WASMUN(1.0),Municipal waste by waste management operations,A,Annual,RCY_C_D,Recycling - composting and digestion,THS_T,Thousand tonnes,BE,Belgium,2015,,900,,,,,
dataflow,ESTAT:ENV_WASMUN(1.0),Municipal waste by waste management operations,A,Annual,RCY_C_D,Recycling - composting and digestion,THS_T,Thousand tonnes,BE,Belgium,2016,,966,,,,,
dataflow,ESTAT:ENV_WASMUN(1.0),Municipal waste by waste management operations,A,Annual,RCY_C_D,Recycling - composting and digestion,THS_T,Thousand tonnes,BE,Belgium,2017,,924,,,,,
dataflow,ESTAT:ENV_WASMUN(1.0),Municipal waste by waste management operations,A,Annual,RCY_C_D,Recycling - composting and digestion,THS_T,Thousand tonnes,BE,Belgium,2018,,932,,,,,
dataflow,ESTAT:ENV_WASMUN(1.0),Municipal waste by waste management operations,A,Annual,RCY_C_D,Recycling - composting and digestion,THS_T,Thousand tonnes,BE,Belgium,2019,,982,,,,,
dataflow,ESTAT:ENV_WASMUN(1.0),Municipal waste by waste management operations,A,Annual,RCY_C_D,Recycling - composting and digestion,THS_T,Thousand tonnes,BE,Belgium,2020,,1585,,,,,
dataflow,ESTAT:ENV_WASMUN(1.0),Municipal waste by waste management operations,A,Annual,RCY_C_D,Recycling - composting and digestion,THS_T,Thousand tonnes,BE,Belgium,2021,,1758,,,,,
dataflow,ESTAT:ENV_WASMUN(1.0),Municipal waste by waste management operations,A,Annual,RCY_C_D,Recycling - composting and digestion,THS_T,Thousand tonnes,BE,Belgium,2022,,1578,,,,,
dataflow,ESTAT:ENV_WASMUN(1.0),Municipal waste by waste management operations,A,Annual,RCY_C_D,Recycling - composting and digestion,THS_T,Thousand tonnes,BE,Belgium,2023,,1613,,,,,
dataflow,ESTAT:ENV_WASMUN(1.0),Municipal waste by waste management operations,A,Annual,RCY_C_D,Recycling - composting and digestion,THS_T,Thousand tonnes,BG,Bulgaria,1995,,0,,,,,
dataflow,ESTAT:ENV_WASMUN(1.0),Municipal waste by waste management operations,A,Annual,RCY_C_D,Recycling - composting and digestion,THS_T,Thousand tonnes,BG,Bulgaria,1996,,0,,,,,
dataflow,ESTAT:ENV_WASMUN(1.0),Municipal waste by waste management operations,A,Annual,RCY_C_D,Recycling - composting and digestion,THS_T,Thousand tonnes,BG,Bulgaria,1997,,0,,,,,
dataflow,ESTAT:ENV_WASMUN(1.0),Municipal waste by waste management operations,A,Annual,RCY_C_D,Recycling - composting and digestion,THS_T,Thousand tonnes,BG,Bulgaria,1998,,0,,,,,
dataflow,ESTAT:ENV_WASMUN(1.0),Municipal waste by waste management operations,A,Annual,RCY_C_D,Recycling - composting and digestion,THS_T,Thousand tonnes,BG,Bulgaria,1999,,0,,,,,
dataflow,ESTAT:ENV_WASMUN(1.0),Municipal waste by waste management operations,A,Annual,RCY_C_D,Recycling - composting and digestion,THS_T,Thousand tonnes,BG,Bulgaria,2000,,0,,,,,
dataflow,ESTAT:ENV_WASMUN(1.0),Municipal waste by waste management operations,A,Annual,RCY_C_D,Recycling - composting and digestion,THS_T,Thousand tonnes,BG,Bulgaria,2001,,0,,,,,
dataflow,ESTAT:ENV_WASMUN(1.0),Municipal waste by waste management operations,A,Annual,RCY_C_D,Recycling - composting and digestion,THS_T,Thousand tonnes,BG,Bulgaria,2002,,0,,,,,
dataflow,ESTAT:ENV_WASMUN(1.0),Municipal waste by waste management operations,A,Annual,RCY_C_D,Recycling - composting and digestion,THS_T,Thousand tonnes,BG,Bulgaria,2003,,0,,,,,
dataflow,ESTAT:ENV_WASMUN(1.0),Municipal waste by waste management operations,A,Annual,RCY_C_D,Recycling - composting and digestion,THS_T,Thousand tonnes,BG,Bulgaria,2004,,0,,,,,
dataflow,ESTAT:ENV_WASMUN(1.0),Municipal waste by waste management operations,A,Annual,RCY_C_D,Recycling - composting and digestion,THS_T,Thousand tonnes,BG,Bulgaria,2005,,0,,,,,
dataflow,ESTAT:ENV_WASMUN(1.0),Municipal waste by waste management operations,A,Annual,RCY_C_D,Recycling - composting and digestion,THS_T,Thousand tonnes,BG,Bulgaria,2006,,0,,,,,
dataflow,ESTAT:ENV_WASMUN(1.0),Municipal waste by waste management operations,A,Annual,RCY_C_D,Recycling - composting and digestion,THS_T,Thousand tonnes,BG,Bulgaria,2007,,0,,,,,
dataflow,ESTAT:ENV_WASMUN(1.0),Municipal waste by waste management operations,A,Annual,RCY_C_D,Recycling - composting and digestion,THS_T,Thousand tonnes,BG,Bulgaria,2008,,0,,,,,
dataflow,ESTAT:ENV_WASMUN(1.0),Municipal waste by waste management operations,A,Annual,RCY_C_D,Recycling - composting and digestion,THS_T,Thousand tonnes,BG,Bulgaria,2009,,0,,,,,
dataflow,ESTAT:ENV_WASMUN(1.0),Municipal waste by waste management operations,A,Annual,RCY_C_D,Recycling - composting and digestion,THS_T,Thousand tonnes,BG,Bulgaria,2010,,0,,,,,
dataflow,ESTAT:ENV_WASMUN(1.0),Municipal waste by waste management operations,A,Annual,RCY_C_D,Recycling - composting and digestion,THS_T,Thousand tonnes,BG,Bulgaria,2011,,84,,,,,
dataflow,ESTAT:ENV_WASMUN(1.0),Municipal waste by waste management operations,A,Annual,RCY_C_D,Recycling - composting and digestion,THS_T,Thousand tonnes,BG,Bulgaria,2012,,92,,,,,
dataflow,ESTAT:ENV_WASMUN(1.0),Municipal waste by waste management operations,A,Annual,RCY_C_D,Recycling - composting and digestion,THS_T,Thousand tonnes,BG,Bulgaria,2013,,107,,,,,
dataflow,ESTAT:ENV_WASMUN(1.0),Municipal waste by waste management operations,A,Annual,RCY_C_D,Recycling - composting and digestion,THS_T,Thousand tonnes,BG,Bulgaria,2014,,59,,,,,
dataflow,ESTAT:ENV_WASMUN(1.0),Municipal waste by waste management operations,A,Annual,RCY_C_D,Recycling - composting and digestion,THS_T,Thousand tonnes,BG,Bulgaria,2015,,311,,,,,
dataflow,ESTAT:ENV_WASMUN(1.0),Municipal waste by waste management operations,A,Annual,RCY_C_D,Recycling - composting and digestion,THS_T,Thousand tonnes,BG,Bulgaria,2016,,263,,,,,
dataflow,ESTAT:ENV_WASMUN(1.0),Municipal waste by waste management operations,A,Annual,RCY_C_D,Recycling - composting and digestion,THS_T,Thousand tonnes,BG,Bulgaria,2017,,238,,,,,
dataflow,ESTAT:ENV_WASMUN(1.0),Municipal waste by waste management operations,A,Annual,RCY_C_D,Recycling - composting and digestion,THS_T,Thousand tonnes,BG,Bulgaria,2018,,52,,,,,
dataflow,ESTAT:ENV_WASMUN(1.0),Municipal waste by waste management operations,A,Annual,RCY_C_D,Recycling - composting and digestion,THS_T,Thousand tonnes,BG,Bulgaria,2019,,238,,i,value imputed by Eurostat or other receiving agencies,,
dataflow,ESTAT:ENV_WASMUN(1.0),Municipal waste by waste management operations,A,Annual,RCY_C_D,Recycling - composting and digestion,THS_T,Thousand tonnes,BG,Bulgaria,2020,,89,,,,,
dataflow,ESTAT:ENV_WASMUN(1.0),Municipal waste by waste management operations,A,Annual,RCY_C_D,Recycling - composting and digestion,THS_T,Thousand tonnes,BG,Bulgaria,2021,,66,,,,,
dataflow,ESTAT:ENV_WASMUN(1.0),Municipal waste by waste management operations,A,Annual,RCY_C_D,Recycling - composting and digestion,THS_T,Thousand tonnes,BG,Bulgaria,2022,,95,,,,,
dataflow,ESTAT:ENV_WASMUN(1.0),Municipal waste by waste management operations,A,Annual,RCY_C_D,Recycling - composting and digestion,THS_T,Thousand tonnes,CH,Switzerland,1995,,400,,,,,
dataflow,ESTAT:ENV_WASMUN(1.0),Municipal waste by waste management operations,A,Annual,RCY_C_D,Recycling - composting and digestion,THS_T,Thousand tonnes,CH,Switzerland,1996,,450,,,,,
dataflow,ESTAT:ENV_WASMUN(1.0),Municipal waste by waste management operations,A,Annual,RCY_C_D,Recycling - composting and digestion,THS_T,Thousand tonnes,CH,Switzerland,1997,,475,,,,,
dataflow,ESTAT:ENV_WASMUN(1.0),Municipal waste by waste management operations,A,Annual,RCY_C_D,Recycling - composting and digestion,THS_T,Thousand tonnes,CH,Switzerland,1998,,503,,,,,
dataflow,ESTAT:ENV_WASMUN(1.0),Municipal waste by waste management operations,A,Annual,RCY_C_D,Recycling - composting and digestion,THS_T,Thousand tonnes,CH,Switzerland,1999,,510,,,,,
dataflow,ESTAT:ENV_WASMUN(1.0),Municipal waste by waste management operations,A,Annual,RCY_C_D,Recycling - composting and digestion,THS_T,Thousand tonnes,CH,Switzerland,2000,,641,,,,,
dataflow,ESTAT:ENV_WASMUN(1.0),Municipal waste by waste management operations,A,Annual,RCY_C_D,Recycling - composting and digestion,THS_T,Thousand tonnes,CH,Switzerland,2001,,650,,,,,
dataflow,ESTAT:ENV_WASMUN(1.0),Municipal waste by waste management operations,A,Annual,RCY_C_D,Recycling - composting and digestion,THS_T,Thousand tonnes,CH,Switzerland,2002,,728,,,,,
dataflow,ESTAT:ENV_WASMUN(1.0),Municipal waste by waste management operations,A,Annual,RCY_C_D,Recycling - composting and digestion,THS_T,Thousand tonnes,CH,Switzerland,2003,,740,,,,,
dataflow,ESTAT:ENV_WASMUN(1.0),Municipal waste by waste management operations,A,Annual,RCY_C_D,Recycling - composting and digestion,THS_T,Thousand tonnes,CH,Switzerland,2004,,746,,,,,
dataflow,ESTAT:ENV_WASMUN(1.0),Municipal waste by waste management operations,A,Annual,RCY_C_D,Recycling - composting and digestion,THS_T,Thousand tonnes,CH,Switzerland,2005,,770,,,,,
dataflow,ESTAT:ENV_WASMUN(1.0),Municipal waste by waste management operations,A,Annual,RCY_C_D,Recycling - composting and digestion,THS_T,Thousand tonnes,CH,Switzerland,2006,,885,,,,,
dataflow,ESTAT:ENV_WASMUN(1.0),Municipal waste by waste management operations,A,Annual,RCY_C_D,Recycling - composting and digestion,THS_T,Thousand tonnes,CH,Switzerland,2007,,930,,,,,
dataflow,ESTAT:ENV_WASMUN(1.0),Municipal waste by waste management operations,A,Annual,RCY_C_D,Recycling - composting and digestion,THS_T,Thousand tonnes,CH,Switzerland,2008,,930,,,,,
dataflow,ESTAT:ENV_WASMUN(1.0),Municipal waste by waste management operations,A,Annual,RCY_C_D,Recycling - composting and digestion,THS_T,Thousand tonnes,CH,Switzerland,2009,,930,,,,,
dataflow,ESTAT:ENV_WASMUN(1.0),Municipal waste by waste management operations,A,Annual,RCY_C_D,Recycling - composting and digestion,THS_T,Thousand tonnes,CH,Switzerland,2010,,930,,,,,
dataflow,ESTAT:ENV_WASMUN(1.0),Municipal waste by waste management operations,A,Annual,RCY_C_D,Recycling - composting and digestion,THS_T,Thousand tonnes,CH,Switzerland,2011,,851,,,,,
dataflow,ESTAT:ENV_WASMUN(1.0),Municipal waste by waste management operations,A,Annual,RCY_C_D,Recycling - composting and digestion,THS_T,Thousand tonnes,CH,Switzerland,2012,,851,,e,estimated,,
dataflow,ESTAT:ENV_WASMUN(1.0),Municipal waste by waste management operations,A,Annual,RCY_C_D,Recycling - composting and digestion,THS_T,Thousand tonnes,CH,Switzerland,2013,,991,,e,estimated,,
dataflow,ESTAT:ENV_WASMUN(1.0),Municipal waste by waste management operations,A,Annual,RCY_C_D,Recycling - composting and digestion,THS_T,Thousand tonnes,CH,Switzerland,2014,,1256,,be,"break in time series, estimated",,
dataflow,ESTAT:ENV_WASMUN(1.0),Municipal waste by waste management operations,A,Annual,RCY_C_D,Recycling - composting and digestion,THS_T,Thousand tonnes,CH,Switzerland,2015,,1256,,e,estimated,,
dataflow,ESTAT:ENV_WASMUN(1.0),Municipal waste by waste management operations,A,Annual,RCY_C_D,Recycling - composting and digestion,THS_T,Thousand tonnes,CH,Switzerland,2016,,1300,,e,estimated,,
dataflow,ESTAT:ENV_WASMUN(1.0),Municipal waste by waste management operations,A,Annual,RCY_C_D,Recycling - composting and digestion,THS_T,Thousand tonnes,CH,Switzerland,2017,,1300,,e,estimated,,
dataflow,ESTAT:ENV_WASMUN(1.0),Municipal waste by waste management operations,A,Annual,RCY_C_D,Recycling - composting and digestion,THS_T,Thousand tonnes,CH,Switzerland,2018,,1300,,e,estimated,,
dataflow,ESTAT:ENV_WASMUN(1.0),Municipal waste by waste management operations,A,Annual,RCY_C_D,Recycling - composting and digestion,THS_T,Thousand tonnes,CH,Switzerland,2019,,1405,,e,estimated,,
dataflow,ESTAT:ENV_WASMUN(1.0),Municipal waste by waste management operations,A,Annual,RCY_C_D,Recycling - composting and digestion,THS_T,Thousand tonnes,CH,Switzerland,2020,,1405,,e,estimated,,
dataflow,ESTAT:ENV_WASMUN(1.0),Municipal waste by waste management operations,A,Annual,RCY_C_D,Recycling - composting and digestion,THS_T,Thousand tonnes,CH,Switzerland,2021,,1405,,e,estimated,,
dataflow,ESTAT:ENV_WASMUN(1.0),Municipal waste by waste management operations,A,Annual,RCY_C_D,Recycling - composting and digestion,THS_T,Thousand tonnes,CH,Switzerland,2022,,1405,,e,estimated,,
dataflow,ESTAT:ENV_WASMUN(1.0),Municipal waste by waste management operations,A,Annual,RCY_C_D,Recycling - composting and digestion,THS_T,Thousand tonnes,CY,Cyprus,1995,,0,,,,,
dataflow,ESTAT:ENV_WASMUN(1.0),Municipal waste by waste management operations,A,Annual,RCY_C_D,Recycling - composting and digestion,THS_T,Thousand tonnes,CY,Cyprus,1996,,0,,,,,
dataflow,ESTAT:ENV_WASMUN(1.0),Municipal waste by waste management operations,A,Annual,RCY_C_D,Recycling - composting and digestion,THS_T,Thousand tonnes,CY,Cyprus,1997,,0,,,,,
dataflow,ESTAT:ENV_WASMUN(1.0),Municipal waste by waste management operations,A,Annual,RCY_C_D,Recycling - composting and digestion,THS_T,Thousand tonnes,CY,Cyprus,1998,,0,,,,,
dataflow,ESTAT:ENV_WASMUN(1.0),Municipal waste by waste management operations,A,Annual,RCY_C_D,Recycling - composting and digestion,THS_T,Thousand tonnes,CY,Cyprus,1999,,0,,,,,
dataflow,ESTAT:ENV_WASMUN(1.0),Municipal waste by waste management operations,A,Annual,RCY_C_D,Recycling - composting and digestion,THS_T,Thousand tonnes,CY,Cyprus,2000,,0,,,,,
dataflow,ESTAT:ENV_WASMUN(1.0),Municipal waste by waste management operations,A,Annual,RCY_C_D,Recycling - composting and digestion,THS_T,Thousand tonnes,CY,Cyprus,2001,,0,,,,,
dataflow,ESTAT:ENV_WASMUN(1.0),Municipal waste by waste management operations,A,Annual,RCY_C_D,Recycling - composting and digestion,THS_T,Thousand tonnes,CY,Cyprus,2002,,0,,,,,
dataflow,ESTAT:ENV_WASMUN(1.0),Municipal waste by waste management operations,A,Annual,RCY_C_D,Recycling - composting and digestion,THS_T,Thousand tonnes,CY,Cyprus,2003,,0,,,,,
dataflow,ESTAT:ENV_WASMUN(1.0),Municipal waste by waste management operations,A,Annual,RCY_C_D,Recycling - composting and digestion,THS_T,Thousand tonnes,CY,Cyprus,2004,,0,,,,,
dataflow,ESTAT:ENV_WASMUN(1.0),Municipal waste by waste management operations,A,Annual,RCY_C_D,Recycling - composting and digestion,THS_T,Thousand tonnes,CY,Cyprus,2005,,0,,,,,
dataflow,ESTAT:ENV_WASMUN(1.0),Municipal waste by waste management operations,A,Annual,RCY_C_D,Recycling - composting and digestion,THS_T,Thousand tonnes,CY,Cyprus,2006,,0,,,,,
dataflow,ESTAT:ENV_WASMUN(1.0),Municipal waste by waste management operations,A,Annual,RCY_C_D,Recycling - composting and digestion,THS_T,Thousand tonnes,CY,Cyprus,2007,,0,,,,,
dataflow,ESTAT:ENV_WASMUN(1.0),Municipal waste by waste management operations,A,Annual,RCY_C_D,Recycling - composting and digestion,THS_T,Thousand tonnes,CY,Cyprus,2008,,0,,,,,
dataflow,ESTAT:ENV_WASMUN(1.0),Municipal waste by waste management operations,A,Annual,RCY_C_D,Recycling - composting and digestion,THS_T,Thousand tonnes,CY,Cyprus,2009,,0,,,,,
dataflow,ESTAT:ENV_WASMUN(1.0),Municipal waste by waste management operations,A,Annual,RCY_C_D,Recycling - composting and digestion,THS_T,Thousand tonnes,CY,Cyprus,2010,,0,,,,,
dataflow,ESTAT:ENV_WASMUN(1.0),Municipal waste by waste management operations,A,Annual,RCY_C_D,Recycling - composting and digestion,THS_T,Thousand tonnes,CY,Cyprus,2011,,0,,,,,
dataflow,ESTAT:ENV_WASMUN(1.0),Municipal waste by waste management operations,A,Annual,RCY_C_D,Recycling - composting and digestion,THS_T,Thousand tonnes,CY,Cyprus,2012,,7,,,,,
dataflow,ESTAT:ENV_WASMUN(1.0),Municipal waste by waste management operations,A,Annual,RCY_C_D,Recycling - composting and digestion,THS_T,Thousand tonnes,CY,Cyprus,2013,,8,,,,,
dataflow,ESTAT:ENV_WASMUN(1.0),Municipal waste by waste management operations,A,Annual,RCY_C_D,Recycling - composting and digestion,THS_T,Thousand tonnes,CY,Cyprus,2014,,16,,,,,
dataflow,ESTAT:ENV_WASMUN(1.0),Municipal waste by waste management operations,A,Annual,RCY_C_D,Recycling - composting and digestion,THS_T,Thousand tonnes,CY,Cyprus,2015,,18,,,,,
dataflow,ESTAT:ENV_WASMUN(1.0),Municipal waste by waste management operations,A,Annual,RCY_C_D,Recycling - composting and digestion,THS_T,Thousand tonnes,CY,Cyprus,2016,,16,,,,,
dataflow,ESTAT:ENV_WASMUN(1.0),Municipal waste by waste management operations,A,Annual,RCY_C_D,Recycling - composting and digestion,THS_T,Thousand tonnes,CY,Cyprus,2017,,8,,,,,
dataflow,ESTAT:ENV_WASMUN(1.0),Municipal waste by waste management operations,A,Annual,RCY_C_D,Recycling - composting and digestion,THS_T,Thousand tonnes,CY,Cyprus,2018,,9,,,,,
dataflow,ESTAT:ENV_WASMUN(1.0),Municipal waste by waste management operations,A,Annual,RCY_C_D,Recycling - composting and digestion,THS_T,Thousand tonnes,CY,Cyprus,2019,,8,,,,,
dataflow,ESTAT:ENV_WASMUN(1.0),Municipal waste by waste management operations,A,Annual,RCY_C_D,Recycling - composting and digestion,THS_T,Thousand tonnes,CY,Cyprus,2020,,6,,,,,
dataflow,ESTAT:ENV_WASMUN(1.0),Municipal waste by waste management operations,A,Annual,RCY_C_D,Recycling - composting and digestion,THS_T,Thousand tonnes,CY,Cyprus,2021,,7,,,,,
dataflow,ESTAT:ENV_WASMUN(1.0),Municipal waste by waste management operations,A,Annual,RCY_C_D,Recycling - composting and digestion,THS_T,Thousand tonnes,CY,Cyprus,2022,,10,,,,,
dataflow,ESTAT:ENV_WASMUN(1.0),Municipal waste by waste management operations,A,Annual,RCY_C_D,Recycling - composting and digestion,THS_T,Thousand tonnes,CY,Cyprus,2023,,19,,p,provisional,,
dataflow,ESTAT:ENV_WASMUN(1.0),Municipal waste by waste management operations,A,Annual,RCY_C_D,Recycling - composting and digestion,THS_T,Thousand tonnes,CZ,Czechia,1995,,0,,,,,
dataflow,ESTAT:ENV_WASMUN(1.0),Municipal waste by waste management operations,A,Annual,RCY_C_D,Recycling - composting and digestion,THS_T,Thousand tonnes,CZ,Czechia,1996,,0,,,,,
dataflow,ESTAT:ENV_WASMUN(1.0),Municipal waste by waste management operations,A,Annual,RCY_C_D,Recycling - composting and digestion,THS_T,Thousand tonnes,CZ,Czechia,1997,,0,,,,,
dataflow,ESTAT:ENV_WASMUN(1.0),Municipal waste by waste management operations,A,Annual,RCY_C_D,Recycling - composting and digestion,THS_T,Thousand tonnes,CZ,Czechia,1998,,0,,,,,
dataflow,ESTAT:ENV_WASMUN(1.0),Municipal waste by waste management operations,A,Annual,RCY_C_D,Recycling - composting and digestion,THS_T,Thousand tonnes,CZ,Czechia,1999,,11,,,,,
dataflow,ESTAT:ENV_WASMUN(1.0),Municipal waste by waste management operations,A,Annual,RCY_C_D,Recycling - composting and digestion,THS_T,Thousand tonnes,CZ,Czechia,2000,,11,,,,,
dataflow,ESTAT:ENV_WASMUN(1.0),Municipal waste by waste management operations,A,Annual,RCY_C_D,Recycling - composting and digestion,THS_T,Thousand tonnes,CZ,Czechia,2001,,9,,,,,
dataflow,ESTAT:ENV_WASMUN(1.0),Municipal waste by waste management operations,A,Annual,RCY_C_D,Recycling - composting and digestion,THS_T,Thousand tonnes,CZ,Czechia,2002,,10,,,,,
dataflow,ESTAT:ENV_WASMUN(1.0),Municipal waste by waste management operations,A,Annual,RCY_C_D,Recycling - composting and digestion,THS_T,Thousand tonnes,CZ,Czechia,2003,,10,,,,,
dataflow,ESTAT:ENV_WASMUN(1.0),Municipal waste by waste management operations,A,Annual,RCY_C_D,Recycling - composting and digestion,THS_T,Thousand tonnes,CZ,Czechia,2004,,17,,be,"break in time series, estimated",,
dataflow,ESTAT:ENV_WASMUN(1.0),Municipal waste by waste management operations,A,Annual,RCY_C_D,Recycling - composting and digestion,THS_T,Thousand tonnes,CZ,Czechia,2005,,16,,e,estimated,,
dataflow,ESTAT:ENV_WASMUN(1.0),Municipal waste by waste management operations,A,Annual,RCY_C_D,Recycling - composting and digestion,THS_T,Thousand tonnes,CZ,Czechia,2006,,23,,e,estimated,,
dataflow,ESTAT:ENV_WASMUN(1.0),Municipal waste by waste management operations,A,Annual,RCY_C_D,Recycling - composting and digestion,THS_T,Thousand tonnes,CZ,Czechia,2007,,30,,e,estimated,,
dataflow,ESTAT:ENV_WASMUN(1.0),Municipal waste by waste management operations,A,Annual,RCY_C_D,Recycling - composting and digestion,THS_T,Thousand tonnes,CZ,Czechia,2008,,50,,e,estimated,,
dataflow,ESTAT:ENV_WASMUN(1.0),Municipal waste by waste management operations,A,Annual,RCY_C_D,Recycling - composting and digestion,THS_T,Thousand tonnes,CZ,Czechia,2009,,56,,e,estimated,,
dataflow,ESTAT:ENV_WASMUN(1.0),Municipal waste by waste management operations,A,Annual,RCY_C_D,Recycling - composting and digestion,THS_T,Thousand tonnes,CZ,Czechia,2010,,76,,e,estimated,,
dataflow,ESTAT:ENV_WASMUN(1.0),Municipal waste by waste management operations,A,Annual,RCY_C_D,Recycling - composting and digestion,THS_T,Thousand tonnes,CZ,Czechia,2011,,74,,e,estimated,,
dataflow,ESTAT:ENV_WASMUN(1.0),Municipal waste by waste management operations,A,Annual,RCY_C_D,Recycling - composting and digestion,THS_T,Thousand tonnes,CZ,Czechia,2012,,85,,e,estimated,,
dataflow,ESTAT:ENV_WASMUN(1.0),Municipal waste by waste management operations,A,Annual,RCY_C_D,Recycling - composting and digestion,THS_T,Thousand tonnes,CZ,Czechia,2013,,96,,e,estimated,,
dataflow,ESTAT:ENV_WASMUN(1.0),Municipal waste by waste management operations,A,Annual,RCY_C_D,Recycling - composting and digestion,THS_T,Thousand tonnes,CZ,Czechia,2014,,93,,e,estimated,,
dataflow,ESTAT:ENV_WASMUN(1.0),Municipal waste by waste management operations,A,Annual,RCY_C_D,Recycling - composting and digestion,THS_T,Thousand tonnes,CZ,Czechia,2015,,141,,e,estimated,,
dataflow,ESTAT:ENV_WASMUN(1.0),Municipal waste by waste management operations,A,Annual,RCY_C_D,Recycling - composting and digestion,THS_T,Thousand tonnes,CZ,Czechia,2016,,245,,e,estimated,,
dataflow,ESTAT:ENV_WASMUN(1.0),Municipal waste by waste management operations,A,Annual,RCY_C_D,Recycling - composting and digestion,THS_T,Thousand tonnes,CZ,Czechia,2017,,525,,b,break in time series,,
dataflow,ESTAT:ENV_WASMUN(1.0),Municipal waste by waste management operations,A,Annual,RCY_C_D,Recycling - composting and digestion,THS_T,Thousand tonnes,CZ,Czechia,2018,,534,,,,,
dataflow,ESTAT:ENV_WASMUN(1.0),Municipal waste by waste management operations,A,Annual,RCY_C_D,Recycling - composting and digestion,THS_T,Thousand tonnes,CZ,Czechia,2019,,602,,,,,
dataflow,ESTAT:ENV_WASMUN(1.0),Municipal waste by waste management operations,A,Annual,RCY_C_D,Recycling - composting and digestion,THS_T,Thousand tonnes,CZ,Czechia,2020,,751,,,,,
dataflow,ESTAT:ENV_WASMUN(1.0),Municipal waste by waste management operations,A,Annual,RCY_C_D,Recycling - composting and digestion,THS_T,Thousand tonnes,CZ,Czechia,2021,,762,,,,,
dataflow,ESTAT:ENV_WASMUN(1.0),Municipal waste by waste management operations,A,Annual,RCY_C_D,Recycling - composting and digestion,THS_T,Thousand tonnes,DE,Germany,1995,,6678,,i,value imputed by Eurostat or other receiving agencies,,
dataflow,ESTAT:ENV_WASMUN(1.0),Municipal waste by waste management operations,A,Annual,RCY_C_D,Recycling - composting and digestion,THS_T,Thousand tonnes,DE,Germany,1996,,7129,,i,value imputed by Eurostat or other receiving agencies,,
dataflow,ESTAT:ENV_WASMUN(1.0),Municipal waste by waste management operations,A,Annual,RCY_C_D,Recycling - composting and digestion,THS_T,Thousand tonnes,DE,Germany,1997,,7368,,i,value imputed by Eurostat or other receiving agencies,,
dataflow,ESTAT:ENV_WASMUN(1.0),Municipal waste by waste management operations,A,Annual,RCY_C_D,Recycling - composting and digestion,THS_T,Thousand tonnes,DE,Germany,1998,,7640,,i,value imputed by Eurostat or other receiving agencies,,
dataflow,ESTAT:ENV_WASMUN(1.0),Municipal waste by waste management operations,A,Annual,RCY_C_D,Recycling - composting and digestion,THS_T,Thousand tonnes,DE,Germany,1999,,6883,,i,value imputed by Eurostat or other receiving agencies,,
dataflow,ESTAT:ENV_WASMUN(1.0),Municipal waste by waste management operations,A,Annual,RCY_C_D,Recycling - composting and digestion,THS_T,Thousand tonnes,DE,Germany,2000,,7588,,i,value imputed by Eurostat or other receiving agencies,,
dataflow,ESTAT:ENV_WASMUN(1.0),Municipal waste by waste management operations,A,Annual,RCY_C_D,Recycling - composting and digestion,THS_T,Thousand tonnes,DE,Germany,2001,,7604,,i,value imputed by Eurostat or other receiving agencies,,
dataflow,ESTAT:ENV_WASMUN(1.0),Municipal waste by waste management operations,A,Annual,RCY_C_D,Recycling - composting and digestion,THS_T,Thousand tonnes,DE,Germany,2002,,7575,,,,,
dataflow,ESTAT:ENV_WASMUN(1.0),Municipal waste by waste management operations,A,Annual,RCY_C_D,Recycling - composting and digestion,THS_T,Thousand tonnes,DE,Germany,2003,,7251,,,,,
dataflow,ESTAT:ENV_WASMUN(1.0),Municipal waste by waste management operations,A,Annual,RCY_C_D,Recycling - composting and digestion,THS_T,Thousand tonnes,DE,Germany,2004,,7752,,,,,
dataflow,ESTAT:ENV_WASMUN(1.0),Municipal waste by waste management operations,A,Annual,RCY_C_D,Recycling - composting and digestion,THS_T,Thousand tonnes,DE,Germany,2005,,7633,,,,,
dataflow,ESTAT:ENV_WASMUN(1.0),Municipal waste by waste management operations,A,Annual,RCY_C_D,Recycling - composting and digestion,THS_T,Thousand tonnes,DE,Germany,2006,,7631,,,,,
dataflow,ESTAT:ENV_WASMUN(1.0),Municipal waste by waste management operations,A,Annual,RCY_C_D,Recycling - composting and digestion,THS_T,Thousand tonnes,DE,Germany,2007,,7709,,,,,
dataflow,ESTAT:ENV_WASMUN(1.0),Municipal waste by waste management operations,A,Annual,RCY_C_D,Recycling - composting and digestion,THS_T,Thousand tonnes,DE,Germany,2008,,8082,,,,,
dataflow,ESTAT:ENV_WASMUN(1.0),Municipal waste by waste management operations,A,Annual,RCY_C_D,Recycling - composting and digestion,THS_T,Thousand tonnes,DE,Germany,2009,,8388,,,,,
dataflow,ESTAT:ENV_WASMUN(1.0),Municipal waste by waste management operations,A,Annual,RCY_C_D,Recycling - composting and digestion,THS_T,Thousand tonnes,DE,Germany,2010,,8298,,,,,
dataflow,ESTAT:ENV_WASMUN(1.0),Municipal waste by waste management operations,A,Annual,RCY_C_D,Recycling - composting and digestion,THS_T,Thousand tonnes,DE,Germany,2011,,8498,,,,,
dataflow,ESTAT:ENV_WASMUN(1.0),Municipal waste by waste management operations,A,Annual,RCY_C_D,Recycling - composting and digestion,THS_T,Thousand tonnes,DE,Germany,2012,,8864,,,,,
dataflow,ESTAT:ENV_WASMUN(1.0),Municipal waste by waste management operations,A,Annual,RCY_C_D,Recycling - composting and digestion,THS_T,Thousand tonnes,DE,Germany,2013,,8536,,,,,
dataflow,ESTAT:ENV_WASMUN(1.0),Municipal waste by waste management operations,A,Annual,RCY_C_D,Recycling - composting and digestion,THS_T,Thousand tonnes,DE,Germany,2014,,9242,,,,,
dataflow,ESTAT:ENV_WASMUN(1.0),Municipal waste by waste management operations,A,Annual,RCY_C_D,Recycling - composting and digestion,THS_T,Thousand tonnes,DE,Germany,2015,,9298,,,,,
dataflow,ESTAT:ENV_WASMUN(1.0),Municipal waste by waste management operations,A,Annual,RCY_C_D,Recycling - composting and digestion,THS_T,Thousand tonnes,DE,Germany,2016,,9523,,,,,
dataflow,ESTAT:ENV_WASMUN(1.0),Municipal waste by waste management operations,A,Annual,RCY_C_D,Recycling - composting and digestion,THS_T,Thousand tonnes,DE,Germany,2017,,9429,,,,,
dataflow,ESTAT:ENV_WASMUN(1.0),Municipal waste by waste management operations,A,Annual,RCY_C_D,Recycling - composting and digestion,THS_T,Thousand tonnes,DE,Germany,2018,,9019,,,,,
dataflow,ESTAT:ENV_WASMUN(1.0),Municipal waste by waste management operations,A,Annual,RCY_C_D,Recycling - composting and digestion,THS_T,Thousand tonnes,DE,Germany,2019,,9442,,e,estimated,,
dataflow,ESTAT:ENV_WASMUN(1.0),Municipal waste by waste management operations,A,Annual,RCY_C_D,Recycling - composting and digestion,THS_T,Thousand tonnes,DE,Germany,2020,,11862,,,,,
dataflow,ESTAT:ENV_WASMUN(1.0),Municipal waste by waste management operations,A,Annual,RCY_C_D,Recycling - composting and digestion,THS_T,Thousand tonnes,DE,Germany,2021,,12359,,,,,
dataflow,ESTAT:ENV_WASMUN(1.0),Municipal waste by waste management operations,A,Annual,RCY_C_D,Recycling - composting and digestion,THS_T,Thousand tonnes,DE,Germany,2022,,11378,,,,,
dataflow,ESTAT:ENV_WASMUN(1.0),Municipal waste by waste management operations,A,Annual,RCY_C_D,Recycling - composting and digestion,THS_T,Thousand tonnes,DE,Germany,2023,,11781,,e,estimated,,
dataflow,ESTAT:ENV_WASMUN(1.0),Municipal waste by waste management operations,A,Annual,RCY_C_D,Recycling - composting and digestion,THS_T,Thousand tonnes,DK,Denmark,1995,,297,,be,"break in time series, estimated",,
dataflow,ESTAT:ENV_WASMUN(1.0),Municipal waste by waste management operations,A,Annual,RCY_C_D,Recycling - composting and digestion,THS_T,Thousand tonnes,DK,Denmark,1996,,405,,,,,
dataflow,ESTAT:ENV_WASMUN(1.0),Municipal waste by waste management operations,A,Annual,RCY_C_D,Recycling - composting and digestion,THS_T,Thousand tonnes,DK,Denmark,1997,,436,,,,,
dataflow,ESTAT:ENV_WASMUN(1.0),Municipal waste by waste management operations,A,Annual,RCY_C_D,Recycling - composting and digestion,THS_T,Thousand tonnes,DK,Denmark,1998,,420,,,,,
dataflow,ESTAT:ENV_WASMUN(1.0),Municipal waste by waste management operations,A,Annual,RCY_C_D,Recycling - composting and digestion,THS_T,Thousand tonnes,DK,Denmark,1999,,476,,,,,
dataflow,ESTAT:ENV_WASMUN(1.0),Municipal waste by waste management operations,A,Annual,RCY_C_D,Recycling - composting and digestion,THS_T,Thousand tonnes,DK,Denmark,2000,,560,,,,,
dataflow,ESTAT:ENV_WASMUN(1.0),Municipal waste by waste management operations,A,Annual,RCY_C_D,Recycling - composting and digestion,THS_T,Thousand tonnes,DK,Denmark,2001,,483,,,,,
dataflow,ESTAT:ENV_WASMUN(1.0),Municipal waste by waste management operations,A,Annual,RCY_C_D,Recycling - composting and digestion,THS_T,Thousand tonnes,DK,Denmark,2002,,546,,,,,
dataflow,ESTAT:ENV_WASMUN(1.0),Municipal waste by waste management operations,A,Annual,RCY_C_D,Recycling - composting and digestion,THS_T,Thousand tonnes,DK,Denmark,2003,,553,,,,,
dataflow,ESTAT:ENV_WASMUN(1.0),Municipal waste by waste management operations,A,Annual,RCY_C_D,Recycling - composting and digestion,THS_T,Thousand tonnes,DK,Denmark,2004,,608,,,,,
dataflow,ESTAT:ENV_WASMUN(1.0),Municipal waste by waste management operations,A,Annual,RCY_C_D,Recycling - composting and digestion,THS_T,Thousand tonnes,DK,Denmark,2005,,660,,,,,
dataflow,ESTAT:ENV_WASMUN(1.0),Municipal waste by waste management operations,A,Annual,RCY_C_D,Recycling - composting and digestion,THS_T,Thousand tonnes,DK,Denmark,2006,,703,,,,,
dataflow,ESTAT:ENV_WASMUN(1.0),Municipal waste by waste management operations,A,Annual,RCY_C_D,Recycling - composting and digestion,THS_T,Thousand tonnes,DK,Denmark,2007,,757,,,,,
dataflow,ESTAT:ENV_WASMUN(1.0),Municipal waste by waste management operations,A,Annual,RCY_C_D,Recycling - composting and digestion,THS_T,Thousand tonnes,DK,Denmark,2008,,627,,,,,
dataflow,ESTAT:ENV_WASMUN(1.0),Municipal waste by waste management operations,A,Annual,RCY_C_D,Recycling - composting and digestion,THS_T,Thousand tonnes,DK,Denmark,2009,,741,,e,estimated,,
dataflow,ESTAT:ENV_WASMUN(1.0),Municipal waste by waste management operations,A,Annual,RCY_C_D,Recycling - composting and digestion,THS_T,Thousand tonnes,DK,Denmark,2011,,672,,b,break in time series,,
dataflow,ESTAT:ENV_WASMUN(1.0),Municipal waste by waste management operations,A,Annual,RCY_C_D,Recycling - composting and digestion,THS_T,Thousand tonnes,DK,Denmark,2012,,699,,,,,
dataflow,ESTAT:ENV_WASMUN(1.0),Municipal waste by waste management operations,A,Annual,RCY_C_D,Recycling - composting and digestion,THS_T,Thousand tonnes,DK,Denmark,2013,,728,,,,,
dataflow,ESTAT:ENV_WASMUN(1.0),Municipal waste by waste management operations,A,Annual,RCY_C_D,Recycling - composting and digestion,THS_T,Thousand tonnes,DK,Denmark,2014,,794,,,,,
dataflow,ESTAT:ENV_WASMUN(1.0),Municipal waste by waste management operations,A,Annual,RCY_C_D,Recycling - composting and digestion,THS_T,Thousand tonnes,DK,Denmark,2015,,858,,,,,
dataflow,ESTAT:ENV_WASMUN(1.0),Municipal waste by waste management operations,A,Annual,RCY_C_D,Recycling - composting and digestion,THS_T,Thousand tonnes,DK,Denmark,2016,,879,,,,,
dataflow,ESTAT:ENV_WASMUN(1.0),Municipal waste by waste management operations,A,Annual,RCY_C_D,Recycling - composting and digestion,THS_T,Thousand tonnes,DK,Denmark,2017,,889,,,,,
dataflow,ESTAT:ENV_WASMUN(1.0),Municipal waste by waste management operations,A,Annual,RCY_C_D,Recycling - composting and digestion,THS_T,Thousand tonnes,DK,Denmark,2018,,827,,,,,
dataflow,ESTAT:ENV_WASMUN(1.0),Municipal waste by waste management operations,A,Annual,RCY_C_D,Recycling - composting and digestion,THS_T,Thousand tonnes,DK,Denmark,2019,,882,,,,,
dataflow,ESTAT:ENV_WASMUN(1.0),Municipal waste by waste management operations,A,Annual,RCY_C_D,Recycling - composting and digestion,THS_T,Thousand tonnes,DK,Denmark,2020,,921,,,,,
dataflow,ESTAT:ENV_WASMUN(1.0),Municipal waste by waste management operations,A,Annual,RCY_C_D,Recycling - composting and digestion,THS_T,Thousand tonnes,DK,Denmark,2021,,1186,,,,,
dataflow,ESTAT:ENV_WASMUN(1.0),Municipal waste by waste management operations,A,Annual,RCY_C_D,Recycling - composting and digestion,THS_T,Thousand tonnes,DK,Denmark,2022,,1045,,,,,
dataflow,ESTAT:ENV_WASMUN(1.0),Municipal waste by waste management operations,A,Annual,RCY_C_D,Recycling - composting and digestion,THS_T,Thousand tonnes,EE,Estonia,1995,,3,,,,,
dataflow,ESTAT:ENV_WASMUN(1.0),Municipal waste by waste management operations,A,Annual,RCY_C_D,Recycling - composting and digestion,THS_T,Thousand tonnes,EE,Estonia,1996,,1,,,,,
dataflow,ESTAT:ENV_WASMUN(1.0),Municipal waste by waste management operations,A,Annual,RCY_C_D,Recycling - composting and digestion,THS_T,Thousand tonnes,EE,Estonia,1997,,1,,,,,
dataflow,ESTAT:ENV_WASMUN(1.0),Municipal waste by waste management operations,A,Annual,RCY_C_D,Recycling - composting and digestion,THS_T,Thousand tonnes,EE,Estonia,1998,,1,,,,,
dataflow,ESTAT:ENV_WASMUN(1.0),Municipal waste by waste management operations,A,Annual,RCY_C_D,Recycling - composting and digestion,THS_T,Thousand tonnes,EE,Estonia,1999,,0,,,,,
dataflow,ESTAT:ENV_WASMUN(1.0),Municipal waste by waste management operations,A,Annual,RCY_C_D,Recycling - composting and digestion,THS_T,Thousand tonnes,EE,Estonia,2000,,2,,,,,
dataflow,ESTAT:ENV_WASMUN(1.0),Municipal waste by waste management operations,A,Annual,RCY_C_D,Recycling - composting and digestion,THS_T,Thousand tonnes,EE,Estonia,2001,,11,,,,,
dataflow,ESTAT:ENV_WASMUN(1.0),Municipal waste by waste management operations,A,Annual,RCY_C_D,Recycling - composting and digestion,THS_T,Thousand tonnes,EE,Estonia,2002,,4,,,,,
dataflow,ESTAT:ENV_WASMUN(1.0),Municipal waste by waste management operations,A,Annual,RCY_C_D,Recycling - composting and digestion,THS_T,Thousand tonnes,EE,Estonia,2003,,8,,,,,
dataflow,ESTAT:ENV_WASMUN(1.0),Municipal waste by waste management operations,A,Annual,RCY_C_D,Recycling - composting and digestion,THS_T,Thousand tonnes,EE,Estonia,2004,,8,,,,,
dataflow,ESTAT:ENV_WASMUN(1.0),Municipal waste by waste management operations,A,Annual,RCY_C_D,Recycling - composting and digestion,THS_T,Thousand tonnes,EE,Estonia,2005,,11,,,,,
dataflow,ESTAT:ENV_WASMUN(1.0),Municipal waste by waste management operations,A,Annual,RCY_C_D,Recycling - composting and digestion,THS_T,Thousand tonnes,EE,Estonia,2006,,23,,,,,
dataflow,ESTAT:ENV_WASMUN(1.0),Municipal waste by waste management operations,A,Annual,RCY_C_D,Recycling - composting and digestion,THS_T,Thousand tonnes,EE,Estonia,2007,,17,,,,,
dataflow,ESTAT:ENV_WASMUN(1.0),Municipal waste by waste management operations,A,Annual,RCY_C_D,Recycling - composting and digestion,THS_T,Thousand tonnes,EE,Estonia,2008,,28,,,,,
dataflow,ESTAT:ENV_WASMUN(1.0),Municipal waste by waste management operations,A,Annual,RCY_C_D,Recycling - composting and digestion,THS_T,Thousand tonnes,EE,Estonia,2009,,43,,,,,
dataflow,ESTAT:ENV_WASMUN(1.0),Municipal waste by waste management operations,A,Annual,RCY_C_D,Recycling - composting and digestion,THS_T,Thousand tonnes,EE,Estonia,2010,,33,,,,,
dataflow,ESTAT:ENV_WASMUN(1.0),Municipal waste by waste management operations,A,Annual,RCY_C_D,Recycling - composting and digestion,THS_T,Thousand tonnes,EE,Estonia,2011,,35,,,,,
dataflow,ESTAT:ENV_WASMUN(1.0),Municipal waste by waste management operations,A,Annual,RCY_C_D,Recycling - composting and digestion,THS_T,Thousand tonnes,EE,Estonia,2012,,19,,,,,
dataflow,ESTAT:ENV_WASMUN(1.0),Municipal waste by waste management operations,A,Annual,RCY_C_D,Recycling - composting and digestion,THS_T,Thousand tonnes,EE,Estonia,2013,,20,,,,,
dataflow,ESTAT:ENV_WASMUN(1.0),Municipal waste by waste management operations,A,Annual,RCY_C_D,Recycling - composting and digestion,THS_T,Thousand tonnes,EE,Estonia,2014,,22,,,,,
dataflow,ESTAT:ENV_WASMUN(1.0),Municipal waste by waste management operations,A,Annual,RCY_C_D,Recycling - composting and digestion,THS_T,Thousand tonnes,EE,Estonia,2015,,17,,,,,
dataflow,ESTAT:ENV_WASMUN(1.0),Municipal waste by waste management operations,A,Annual,RCY_C_D,Recycling - composting and digestion,THS_T,Thousand tonnes,EE,Estonia,2016,,14,,,,,
dataflow,ESTAT:ENV_WASMUN(1.0),Municipal waste by waste management operations,A,Annual,RCY_C_D,Recycling - composting and digestion,THS_T,Thousand tonnes,EE,Estonia,2017,,19,,,,,
dataflow,ESTAT:ENV_WASMUN(1.0),Municipal waste by waste management operations,A,Annual,RCY_C_D,Recycling - composting and digestion,THS_T,Thousand tonnes,EE,Estonia,2018,,20,,,,,
dataflow,ESTAT:ENV_WASMUN(1.0),Municipal waste by waste management operations,A,Annual,RCY_C_D,Recycling - composting and digestion,THS_T,Thousand tonnes,EE,Estonia,2019,,12,,,,,
dataflow,ESTAT:ENV_WASMUN(1.0),Municipal waste by waste management operations,A,Annual,RCY_C_D,Recycling - composting and digestion,THS_T,Thousand tonnes,EE,Estonia,2020,,14,,,,,
dataflow,ESTAT:ENV_WASMUN(1.0),Municipal waste by waste management operations,A,Annual,RCY_C_D,Recycling - composting and digestion,THS_T,Thousand tonnes,EE,Estonia,2021,,18,,,,,
dataflow,ESTAT:ENV_WASMUN(1.0),Municipal waste by waste management operations,A,Annual,RCY_C_D,Recycling - composting and digestion,THS_T,Thousand tonnes,EE,Estonia,2022,,20,,,,,
dataflow,ESTAT:ENV_WASMUN(1.0),Municipal waste by waste management operations,A,Annual,RCY_C_D,Recycling - composting and digestion,THS_T,Thousand tonnes,EE,Estonia,2023,,49,,,,,
dataflow,ESTAT:ENV_WASMUN(1.0),Municipal waste by waste management operations,A,Annual,RCY_C_D,Recycling - composting and digestion,THS_T,Thousand tonnes,EL,Greece,1997,,32,,,,,
dataflow,ESTAT:ENV_WASMUN(1.0),Municipal waste by waste management operations,A,Annual,RCY_C_D,Recycling - composting and digestion,THS_T,Thousand tonnes,EL,Greece,1998,,32,,,,,
dataflow,ESTAT:ENV_WASMUN(1.0),Municipal waste by waste management operations,A,Annual,RCY_C_D,Recycling - composting and digestion,THS_T,Thousand tonnes,EL,Greece,1999,,32,,,,,
dataflow,ESTAT:ENV_WASMUN(1.0),Municipal waste by waste management operations,A,Annual,RCY_C_D,Recycling - composting and digestion,THS_T,Thousand tonnes,EL,Greece,2000,,32,,,,,
dataflow,ESTAT:ENV_WASMUN(1.0),Municipal waste by waste management operations,A,Annual,RCY_C_D,Recycling - composting and digestion,THS_T,Thousand tonnes,EL,Greece,2001,,32,,,,,
dataflow,ESTAT:ENV_WASMUN(1.0),Municipal waste by waste management operations,A,Annual,RCY_C_D,Recycling - composting and digestion,THS_T,Thousand tonnes,EL,Greece,2002,,32,,,,,
dataflow,ESTAT:ENV_WASMUN(1.0),Municipal waste by waste management operations,A,Annual,RCY_C_D,Recycling - composting and digestion,THS_T,Thousand tonnes,EL,Greece,2003,,0,,,,,
dataflow,ESTAT:ENV_WASMUN(1.0),Municipal waste by waste management operations,A,Annual,RCY_C_D,Recycling - composting and digestion,THS_T,Thousand tonnes,EL,Greece,2004,,2,,,,,
dataflow,ESTAT:ENV_WASMUN(1.0),Municipal waste by waste management operations,A,Annual,RCY_C_D,Recycling - composting and digestion,THS_T,Thousand tonnes,EL,Greece,2005,,29,,,,,
dataflow,ESTAT:ENV_WASMUN(1.0),Municipal waste by waste management operations,A,Annual,RCY_C_D,Recycling - composting and digestion,THS_T,Thousand tonnes,EL,Greece,2006,,81,,,,,
dataflow,ESTAT:ENV_WASMUN(1.0),Municipal waste by waste management operations,A,Annual,RCY_C_D,Recycling - composting and digestion,THS_T,Thousand tonnes,EL,Greece,2007,,98,,,,,
dataflow,ESTAT:ENV_WASMUN(1.0),Municipal waste by waste management operations,A,Annual,RCY_C_D,Recycling - composting and digestion,THS_T,Thousand tonnes,EL,Greece,2008,,100,,,,,
dataflow,ESTAT:ENV_WASMUN(1.0),Municipal waste by waste management operations,A,Annual,RCY_C_D,Recycling - composting and digestion,THS_T,Thousand tonnes,EL,Greece,2009,,37,,,,,
dataflow,ESTAT:ENV_WASMUN(1.0),Municipal waste by waste management operations,A,Annual,RCY_C_D,Recycling - composting and digestion,THS_T,Thousand tonnes,EL,Greece,2010,,142,,,,,
dataflow,ESTAT:ENV_WASMUN(1.0),Municipal waste by waste management operations,A,Annual,RCY_C_D,Recycling - composting and digestion,THS_T,Thousand tonnes,EL,Greece,2011,,160,,,,,
dataflow,ESTAT:ENV_WASMUN(1.0),Municipal waste by waste management operations,A,Annual,RCY_C_D,Recycling - composting and digestion,THS_T,Thousand tonnes,EL,Greece,2012,,180,,,,,
dataflow,ESTAT:ENV_WASMUN(1.0),Municipal waste by waste management operations,A,Annual,RCY_C_D,Recycling - composting and digestion,THS_T,Thousand tonnes,EL,Greece,2013,,187,,,,,
dataflow,ESTAT:ENV_WASMUN(1.0),Municipal waste by waste management operations,A,Annual,RCY_C_D,Recycling - composting and digestion,THS_T,Thousand tonnes,EL,Greece,2014,,168,,,,,
dataflow,ESTAT:ENV_WASMUN(1.0),Municipal waste by waste management operations,A,Annual,RCY_C_D,Recycling - composting and digestion,THS_T,Thousand tonnes,EL,Greece,2015,,135,,,,,
dataflow,ESTAT:ENV_WASMUN(1.0),Municipal waste by waste management operations,A,Annual,RCY_C_D,Recycling - composting and digestion,THS_T,Thousand tonnes,EL,Greece,2016,,182,,,,,
dataflow,ESTAT:ENV_WASMUN(1.0),Municipal waste by waste management operations,A,Annual,RCY_C_D,Recycling - composting and digestion,THS_T,Thousand tonnes,EL,Greece,2017,,224,,,,,
dataflow,ESTAT:ENV_WASMUN(1.0),Municipal waste by waste management operations,A,Annual,RCY_C_D,Recycling - composting and digestion,THS_T,Thousand tonnes,EL,Greece,2018,,281,,,,,
dataflow,ESTAT:ENV_WASMUN(1.0),Municipal waste by waste management operations,A,Annual,RCY_C_D,Recycling - composting and digestion,THS_T,Thousand tonnes,EL,Greece,2019,,283,,,,,
dataflow,ESTAT:ENV_WASMUN(1.0),Municipal waste by waste management operations,A,Annual,RCY_C_D,Recycling - composting and digestion,THS_T,Thousand tonnes,EL,Greece,2020,,85,,,,,
dataflow,ESTAT:ENV_WASMUN(1.0),Municipal waste by waste management operations,A,Annual,RCY_C_D,Recycling - composting and digestion,THS_T,Thousand tonnes,EL,Greece,2021,,84,,,,,
dataflow,ESTAT:ENV_WASMUN(1.0),Municipal waste by waste management operations,A,Annual,RCY_C_D,Recycling - composting and digestion,THS_T,Thousand tonnes,EL,Greece,2022,,75,,,,,
dataflow,ESTAT:ENV_WASMUN(1.0),Municipal waste by waste management operations,A,Annual,RCY_C_D,Recycling - composting and digestion,THS_T,Thousand tonnes,ES,Spain,1995,,0,,,,,
dataflow,ESTAT:ENV_WASMUN(1.0),Municipal waste by waste management operations,A,Annual,RCY_C_D,Recycling - composting and digestion,THS_T,Thousand tonnes,ES,Spain,1996,,0,,,,,
dataflow,ESTAT:ENV_WASMUN(1.0),Municipal waste by waste management operations,A,Annual,RCY_C_D,Recycling - composting and digestion,THS_T,Thousand tonnes,ES,Spain,1997,,0,,,,,
dataflow,ESTAT:ENV_WASMUN(1.0),Municipal waste by waste management operations,A,Annual,RCY_C_D,Recycling - composting and digestion,THS_T,Thousand tonnes,ES,Spain,1998,,0,,,,,
dataflow,ESTAT:ENV_WASMUN(1.0),Municipal waste by waste management operations,A,Annual,RCY_C_D,Recycling - composting and digestion,THS_T,Thousand tonnes,ES,Spain,1999,,1555,,,,,
dataflow,ESTAT:ENV_WASMUN(1.0),Municipal waste by waste management operations,A,Annual,RCY_C_D,Recycling - composting and digestion,THS_T,Thousand tonnes,ES,Spain,2000,,3106,,,,,
dataflow,ESTAT:ENV_WASMUN(1.0),Municipal waste by waste management operations,A,Annual,RCY_C_D,Recycling - composting and digestion,THS_T,Thousand tonnes,ES,Spain,2001,,2746,,,,,
dataflow,ESTAT:ENV_WASMUN(1.0),Municipal waste by waste management operations,A,Annual,RCY_C_D,Recycling - composting and digestion,THS_T,Thousand tonnes,ES,Spain,2002,,3914,,,,,
dataflow,ESTAT:ENV_WASMUN(1.0),Municipal waste by waste management operations,A,Annual,RCY_C_D,Recycling - composting and digestion,THS_T,Thousand tonnes,ES,Spain,2003,,4065,,,,,
dataflow,ESTAT:ENV_WASMUN(1.0),Municipal waste by waste management operations,A,Annual,RCY_C_D,Recycling - composting and digestion,THS_T,Thousand tonnes,ES,Spain,2004,,4220,,,,,
dataflow,ESTAT:ENV_WASMUN(1.0),Municipal waste by waste management operations,A,Annual,RCY_C_D,Recycling - composting and digestion,THS_T,Thousand tonnes,ES,Spain,2005,,4370,,,,,
dataflow,ESTAT:ENV_WASMUN(1.0),Municipal waste by waste management operations,A,Annual,RCY_C_D,Recycling - composting and digestion,THS_T,Thousand tonnes,ES,Spain,2006,,4523,,,,,
dataflow,ESTAT:ENV_WASMUN(1.0),Municipal waste by waste management operations,A,Annual,RCY_C_D,Recycling - composting and digestion,THS_T,Thousand tonnes,ES,Spain,2007,,4498,,,,,
dataflow,ESTAT:ENV_WASMUN(1.0),Municipal waste by waste management operations,A,Annual,RCY_C_D,Recycling - composting and digestion,THS_T,Thousand tonnes,ES,Spain,2008,,6158,,,,,
dataflow,ESTAT:ENV_WASMUN(1.0),Municipal waste by waste management operations,A,Annual,RCY_C_D,Recycling - composting and digestion,THS_T,Thousand tonnes,ES,Spain,2009,,4516,,,,,
dataflow,ESTAT:ENV_WASMUN(1.0),Municipal waste by waste management operations,A,Annual,RCY_C_D,Recycling - composting and digestion,THS_T,Thousand tonnes,ES,Spain,2010,,2767,,,,,
dataflow,ESTAT:ENV_WASMUN(1.0),Municipal waste by waste management operations,A,Annual,RCY_C_D,Recycling - composting and digestion,THS_T,Thousand tonnes,ES,Spain,2011,,2272,,,,,
dataflow,ESTAT:ENV_WASMUN(1.0),Municipal waste by waste management operations,A,Annual,RCY_C_D,Recycling - composting and digestion,THS_T,Thousand tonnes,ES,Spain,2012,,2245,,,,,
dataflow,ESTAT:ENV_WASMUN(1.0),Municipal waste by waste management operations,A,Annual,RCY_C_D,Recycling - composting and digestion,THS_T,Thousand tonnes,ES,Spain,2013,,3607,,,,,
dataflow,ESTAT:ENV_WASMUN(1.0),Municipal waste by waste management operations,A,Annual,RCY_C_D,Recycling - composting and digestion,THS_T,Thousand tonnes,ES,Spain,2014,,2894,,,,,
dataflow,ESTAT:ENV_WASMUN(1.0),Municipal waste by waste management operations,A,Annual,RCY_C_D,Recycling - composting and digestion,THS_T,Thousand tonnes,ES,Spain,2015,,2452,,,,,
dataflow,ESTAT:ENV_WASMUN(1.0),Municipal waste by waste management operations,A,Annual,RCY_C_D,Recycling - composting and digestion,THS_T,Thousand tonnes,ES,Spain,2016,,3350,,,,,
dataflow,ESTAT:ENV_WASMUN(1.0),Municipal waste by waste management operations,A,Annual,RCY_C_D,Recycling - composting and digestion,THS_T,Thousand tonnes,ES,Spain,2017,,3918,,,,,
dataflow,ESTAT:ENV_WASMUN(1.0),Municipal waste by waste management operations,A,Annual,RCY_C_D,Recycling - composting and digestion,THS_T,Thousand tonnes,ES,Spain,2018,,3724,,,,,
dataflow,ESTAT:ENV_WASMUN(1.0),Municipal waste by waste management operations,A,Annual,RCY_C_D,Recycling - composting and digestion,THS_T,Thousand tonnes,ES,Spain,2019,,4072,,,,,
dataflow,ESTAT:ENV_WASMUN(1.0),Municipal waste by waste management operations,A,Annual,RCY_C_D,Recycling - composting and digestion,THS_T,Thousand tonnes,ES,Spain,2020,,4424,,,,,
dataflow,ESTAT:ENV_WASMUN(1.0),Municipal waste by waste management operations,A,Annual,RCY_C_D,Recycling - composting and digestion,THS_T,Thousand tonnes,ES,Spain,2021,,4962,,,,,
dataflow,ESTAT:ENV_WASMUN(1.0),Municipal waste by waste management operations,A,Annual,RCY_C_D,Recycling - composting and digestion,THS_T,Thousand tonnes,ES,Spain,2022,,5045,,p,provisional,,
dataflow,ESTAT:ENV_WASMUN(1.0),Municipal waste by waste management operations,A,Annual,RCY_C_D,Recycling - composting and digestion,THS_T,Thousand tonnes,ES,Spain,2023,,4658,,e,estimated,,
dataflow,ESTAT:ENV_WASMUN(1.0),Municipal waste by waste management operations,A,Annual,RCY_C_D,Recycling - composting and digestion,THS_T,Thousand tonnes,EU27_2020,European Union - 27 countries (from 2020),1995,,14125,,i,value imputed by Eurostat or other receiving agencies,,
dataflow,ESTAT:ENV_WASMUN(1.0),Municipal waste by waste management operations,A,Annual,RCY_C_D,Recycling - composting and digestion,THS_T,Thousand tonnes,EU27_2020,European Union - 27 countries (from 2020),1996,,16085,,i,value imputed by Eurostat or other receiving agencies,,
dataflow,ESTAT:ENV_WASMUN(1.0),Municipal waste by waste management operations,A,Annual,RCY_C_D,Recycling - composting and digestion,THS_T,Thousand tonnes,EU27_2020,European Union - 27 countries (from 2020),1997,,17421,,i,value imputed by Eurostat or other receiving agencies,,
dataflow,ESTAT:ENV_WASMUN(1.0),Municipal waste by waste management operations,A,Annual,RCY_C_D,Recycling - composting and digestion,THS_T,Thousand tonnes,EU27_2020,European Union - 27 countries (from 2020),1998,,17977,,i,value imputed by Eurostat or other receiving agencies,,
dataflow,ESTAT:ENV_WASMUN(1.0),Municipal waste by waste management operations,A,Annual,RCY_C_D,Recycling - composting and digestion,THS_T,Thousand tonnes,EU27_2020,European Union - 27 countries (from 2020),1999,,19163,,i,value imputed by Eurostat or other receiving agencies,,
dataflow,ESTAT:ENV_WASMUN(1.0),Municipal waste by waste management operations,A,Annual,RCY_C_D,Recycling - composting and digestion,THS_T,Thousand tonnes,EU27_2020,European Union - 27 countries (from 2020),2000,,22656,,i,value imputed by Eurostat or other receiving agencies,,
dataflow,ESTAT:ENV_WASMUN(1.0),Municipal waste by waste management operations,A,Annual,RCY_C_D,Recycling - composting and digestion,THS_T,Thousand tonnes,EU27_2020,European Union - 27 countries (from 2020),2001,,23148,,i,value imputed by Eurostat or other receiving agencies,,
dataflow,ESTAT:ENV_WASMUN(1.0),Municipal waste by waste management operations,A,Annual,RCY_C_D,Recycling - composting and digestion,THS_T,Thousand tonnes,EU27_2020,European Union - 27 countries (from 2020),2002,,24470,,,,,
dataflow,ESTAT:ENV_WASMUN(1.0),Municipal waste by waste management operations,A,Annual,RCY_C_D,Recycling - composting and digestion,THS_T,Thousand tonnes,EU27_2020,European Union - 27 countries (from 2020),2003,,24437,,,,,
dataflow,ESTAT:ENV_WASMUN(1.0),Municipal waste by waste management operations,A,Annual,RCY_C_D,Recycling - composting and digestion,THS_T,Thousand tonnes,EU27_2020,European Union - 27 countries (from 2020),2004,,25550,,i,value imputed by Eurostat or other receiving agencies,,
dataflow,ESTAT:ENV_WASMUN(1.0),Municipal waste by waste management operations,A,Annual,RCY_C_D,Recycling - composting and digestion,THS_T,Thousand tonnes,EU27_2020,European Union - 27 countries (from 2020),2005,,25702,,i,value imputed by Eurostat or other receiving agencies,,
dataflow,ESTAT:ENV_WASMUN(1.0),Municipal waste by waste management operations,A,Annual,RCY_C_D,Recycling - composting and digestion,THS_T,Thousand tonnes,EU27_2020,European Union - 27 countries (from 2020),2006,,26802,,i,value imputed by Eurostat or other receiving agencies,,
dataflow,ESTAT:ENV_WASMUN(1.0),Municipal waste by waste management operations,A,Annual,RCY_C_D,Recycling - composting and digestion,THS_T,Thousand tonnes,EU27_2020,European Union - 27 countries (from 2020),2007,,27861,,,,,
dataflow,ESTAT:ENV_WASMUN(1.0),Municipal waste by waste management operations,A,Annual,RCY_C_D,Recycling - composting and digestion,THS_T,Thousand tonnes,EU27_2020,European Union - 27 countries (from 2020),2008,,30385,,,,,
dataflow,ESTAT:ENV_WASMUN(1.0),Municipal waste by waste management operations,A,Annual,RCY_C_D,Recycling - composting and digestion,THS_T,Thousand tonnes,EU27_2020,European Union - 27 countries (from 2020),2009,,29516,,,,,
dataflow,ESTAT:ENV_WASMUN(1.0),Municipal waste by waste management operations,A,Annual,RCY_C_D,Recycling - composting and digestion,THS_T,Thousand tonnes,EU27_2020,European Union - 27 countries (from 2020),2010,,28987,,,,,
dataflow,ESTAT:ENV_WASMUN(1.0),Municipal waste by waste management operations,A,Annual,RCY_C_D,Recycling - composting and digestion,THS_T,Thousand tonnes,EU27_2020,European Union - 27 countries (from 2020),2011,,28967,,,,,
dataflow,ESTAT:ENV_WASMUN(1.0),Municipal waste by waste management operations,A,Annual,RCY_C_D,Recycling - composting and digestion,THS_T,Thousand tonnes,EU27_2020,European Union - 27 countries (from 2020),2012,,30335,,,,,
dataflow,ESTAT:ENV_WASMUN(1.0),Municipal waste by waste management operations,A,Annual,RCY_C_D,Recycling - composting and digestion,THS_T,Thousand tonnes,EU27_2020,European Union - 27 countries (from 2020),2013,,31367,,,,,
dataflow,ESTAT:ENV_WASMUN(1.0),Municipal waste by waste management operations,A,Annual,RCY_C_D,Recycling - composting and digestion,THS_T,Thousand tonnes,EU27_2020,European Union - 27 countries (from 2020),2014,,32551,,,,,
dataflow,ESTAT:ENV_WASMUN(1.0),Municipal waste by waste management operations,A,Annual,RCY_C_D,Recycling - composting and digestion,THS_T,Thousand tonnes,EU27_2020,European Union - 27 countries (from 2020),2015,,33122,,,,,
dataflow,ESTAT:ENV_WASMUN(1.0),Municipal waste by waste management operations,A,Annual,RCY_C_D,Recycling - composting and digestion,THS_T,Thousand tonnes,EU27_2020,European Union - 27 countries (from 2020),2016,,36036,,,,,
dataflow,ESTAT:ENV_WASMUN(1.0),Municipal waste by waste management operations,A,Annual,RCY_C_D,Recycling - composting and digestion,THS_T,Thousand tonnes,EU27_2020,European Union - 27 countries (from 2020),2017,,37323,,,,,
dataflow,ESTAT:ENV_WASMUN(1.0),Municipal waste by waste management operations,A,Annual,RCY_C_D,Recycling - composting and digestion,THS_T,Thousand tonnes,EU27_2020,European Union - 27 countries (from 2020),2018,,37673,,,,,
dataflow,ESTAT:ENV_WASMUN(1.0),Municipal waste by waste management operations,A,Annual,RCY_C_D,Recycling - composting and digestion,THS_T,Thousand tonnes,EU27_2020,European Union - 27 countries (from 2020),2019,,39101,,i,value imputed by Eurostat or other receiving agencies,,
dataflow,ESTAT:ENV_WASMUN(1.0),Municipal waste by waste management operations,A,Annual,RCY_C_D,Recycling - composting and digestion,THS_T,Thousand tonnes,EU27_2020,European Union - 27 countries (from 2020),2020,,43152,,,,,
dataflow,ESTAT:ENV_WASMUN(1.0),Municipal waste by waste management operations,A,Annual,RCY_C_D,Recycling - composting and digestion,THS_T,Thousand tonnes,EU27_2020,European Union - 27 countries (from 2020),2021,,45648,,i,value imputed by Eurostat or other receiving agencies,,
dataflow,ESTAT:ENV_WASMUN(1.0),Municipal waste by waste management operations,A,Annual,RCY_C_D,Recycling - composting and digestion,THS_T,Thousand tonnes,EU27_2020,European Union - 27 countries (from 2020),2022,,43621,,i,value imputed by Eurostat or other receiving agencies,,
dataflow,ESTAT:ENV_WASMUN(1.0),Municipal waste by waste management operations,A,Annual,RCY_C_D,Recycling - composting and digestion,THS_T,Thousand tonnes,EU27_2020,European Union - 27 countries (from 2020),2023,,44203,,i,value imputed by Eurostat or other receiving agencies,,
dataflow,ESTAT:ENV_WASMUN(1.0),Municipal waste by waste management operations,A,Annual,RCY_C_D,Recycling - composting and digestion,THS_T,Thousand tonnes,FI,Finland,1995,,160,,,,,
dataflow,ESTAT:ENV_WASMUN(1.0),Municipal waste by waste management operations,A,Annual,RCY_C_D,Recycling - composting and digestion,THS_T,Thousand tonnes,FI,Finland,1996,,159,,,,,
dataflow,ESTAT:ENV_WASMUN(1.0),Municipal waste by waste management operations,A,Annual,RCY_C_D,Recycling - composting and digestion,THS_T,Thousand tonnes,FI,Finland,1997,,174,,,,,
dataflow,ESTAT:ENV_WASMUN(1.0),Municipal waste by waste management operations,A,Annual,RCY_C_D,Recycling - composting and digestion,THS_T,Thousand tonnes,FI,Finland,1998,,182,,,,,
dataflow,ESTAT:ENV_WASMUN(1.0),Municipal waste by waste management operations,A,Annual,RCY_C_D,Recycling - composting and digestion,THS_T,Thousand tonnes,FI,Finland,1999,,189,,,,,
dataflow,ESTAT:ENV_WASMUN(1.0),Municipal waste by waste management operations,A,Annual,RCY_C_D,Recycling - composting and digestion,THS_T,Thousand tonnes,FI,Finland,2000,,197,,,,,
dataflow,ESTAT:ENV_WASMUN(1.0),Municipal waste by waste management operations,A,Annual,RCY_C_D,Recycling - composting and digestion,THS_T,Thousand tonnes,FI,Finland,2001,,183,,,,,
dataflow,ESTAT:ENV_WASMUN(1.0),Municipal waste by waste management operations,A,Annual,RCY_C_D,Recycling - composting and digestion,THS_T,Thousand tonnes,FI,Finland,2002,,181,,,,,
dataflow,ESTAT:ENV_WASMUN(1.0),Municipal waste by waste management operations,A,Annual,RCY_C_D,Recycling - composting and digestion,THS_T,Thousand tonnes,FI,Finland,2003,,184,,,,,
dataflow,ESTAT:ENV_WASMUN(1.0),Municipal waste by waste management operations,A,Annual,RCY_C_D,Recycling - composting and digestion,THS_T,Thousand tonnes,FI,Finland,2004,,186,,,,,
dataflow,ESTAT:ENV_WASMUN(1.0),Municipal waste by waste management operations,A,Annual,RCY_C_D,Recycling - composting and digestion,THS_T,Thousand tonnes,FI,Finland,2005,,190,,,,,
dataflow,ESTAT:ENV_WASMUN(1.0),Municipal waste by waste management operations,A,Annual,RCY_C_D,Recycling - composting and digestion,THS_T,Thousand tonnes,FI,Finland,2006,,197,,,,,
dataflow,ESTAT:ENV_WASMUN(1.0),Municipal waste by waste management operations,A,Annual,RCY_C_D,Recycling - composting and digestion,THS_T,Thousand tonnes,FI,Finland,2007,,258,,,,,
dataflow,ESTAT:ENV_WASMUN(1.0),Municipal waste by waste management operations,A,Annual,RCY_C_D,Recycling - composting and digestion,THS_T,Thousand tonnes,FI,Finland,2008,,234,,,,,
dataflow,ESTAT:ENV_WASMUN(1.0),Municipal waste by waste management operations,A,Annual,RCY_C_D,Recycling - composting and digestion,THS_T,Thousand tonnes,FI,Finland,2009,,305,,,,,
dataflow,ESTAT:ENV_WASMUN(1.0),Municipal waste by waste management operations,A,Annual,RCY_C_D,Recycling - composting and digestion,THS_T,Thousand tonnes,FI,Finland,2010,,332,,,,,
dataflow,ESTAT:ENV_WASMUN(1.0),Municipal waste by waste management operations,A,Annual,RCY_C_D,Recycling - composting and digestion,THS_T,Thousand tonnes,FI,Finland,2011,,355,,,,,
dataflow,ESTAT:ENV_WASMUN(1.0),Municipal waste by waste management operations,A,Annual,RCY_C_D,Recycling - composting and digestion,THS_T,Thousand tonnes,FI,Finland,2012,,323,,,,,
dataflow,ESTAT:ENV_WASMUN(1.0),Municipal waste by waste management operations,A,Annual,RCY_C_D,Recycling - composting and digestion,THS_T,Thousand tonnes,FI,Finland,2013,,362,,,,,
dataflow,ESTAT:ENV_WASMUN(1.0),Municipal waste by waste management operations,A,Annual,RCY_C_D,Recycling - composting and digestion,THS_T,Thousand tonnes,FI,Finland,2014,,382,,,,,
dataflow,ESTAT:ENV_WASMUN(1.0),Municipal waste by waste management operations,A,Annual,RCY_C_D,Recycling - composting and digestion,THS_T,Thousand tonnes,FI,Finland,2015,,341,,,,,
dataflow,ESTAT:ENV_WASMUN(1.0),Municipal waste by waste management operations,A,Annual,RCY_C_D,Recycling - composting and digestion,THS_T,Thousand tonnes,FI,Finland,2016,,355,,,,,
dataflow,ESTAT:ENV_WASMUN(1.0),Municipal waste by waste management operations,A,Annual,RCY_C_D,Recycling - composting and digestion,THS_T,Thousand tonnes,FI,Finland,2017,,369,,,,,
dataflow,ESTAT:ENV_WASMUN(1.0),Municipal waste by waste management operations,A,Annual,RCY_C_D,Recycling - composting and digestion,THS_T,Thousand tonnes,FI,Finland,2018,,400,,,,,
dataflow,ESTAT:ENV_WASMUN(1.0),Municipal waste by waste management operations,A,Annual,RCY_C_D,Recycling - composting and digestion,THS_T,Thousand tonnes,FI,Finland,2019,,442,,,,,
dataflow,ESTAT:ENV_WASMUN(1.0),Municipal waste by waste management operations,A,Annual,RCY_C_D,Recycling - composting and digestion,THS_T,Thousand tonnes,FI,Finland,2020,,442,,,,,
dataflow,ESTAT:ENV_WASMUN(1.0),Municipal waste by waste management operations,A,Annual,RCY_C_D,Recycling - composting and digestion,THS_T,Thousand tonnes,FI,Finland,2021,,427,,,,,
dataflow,ESTAT:ENV_WASMUN(1.0),Municipal waste by waste management operations,A,Annual,RCY_C_D,Recycling - composting and digestion,THS_T,Thousand tonnes,FI,Finland,2022,,428,,,,,
dataflow,ESTAT:ENV_WASMUN(1.0),Municipal waste by waste management operations,A,Annual,RCY_C_D,Recycling - composting and digestion,THS_T,Thousand tonnes,FI,Finland,2023,,411,,,,,
dataflow,ESTAT:ENV_WASMUN(1.0),Municipal waste by waste management operations,A,Annual,RCY_C_D,Recycling - composting and digestion,THS_T,Thousand tonnes,FR,France,1995,,2531,,,,,
dataflow,ESTAT:ENV_WASMUN(1.0),Municipal waste by waste management operations,A,Annual,RCY_C_D,Recycling - composting and digestion,THS_T,Thousand tonnes,FR,France,1996,,2752,,,,,
dataflow,ESTAT:ENV_WASMUN(1.0),Municipal waste by waste management operations,A,Annual,RCY_C_D,Recycling - composting and digestion,THS_T,Thousand tonnes,FR,France,1997,,2886,,,,,
dataflow,ESTAT:ENV_WASMUN(1.0),Municipal waste by waste management operations,A,Annual,RCY_C_D,Recycling - composting and digestion,THS_T,Thousand tonnes,FR,France,1998,,3104,,,,,
dataflow,ESTAT:ENV_WASMUN(1.0),Municipal waste by waste management operations,A,Annual,RCY_C_D,Recycling - composting and digestion,THS_T,Thousand tonnes,FR,France,1999,,3180,,,,,
dataflow,ESTAT:ENV_WASMUN(1.0),Municipal waste by waste management operations,A,Annual,RCY_C_D,Recycling - composting and digestion,THS_T,Thousand tonnes,FR,France,2000,,3621,,,,,
dataflow,ESTAT:ENV_WASMUN(1.0),Municipal waste by waste management operations,A,Annual,RCY_C_D,Recycling - composting and digestion,THS_T,Thousand tonnes,FR,France,2001,,3994,,,,,
dataflow,ESTAT:ENV_WASMUN(1.0),Municipal waste by waste management operations,A,Annual,RCY_C_D,Recycling - composting and digestion,THS_T,Thousand tonnes,FR,France,2002,,4208,,,,,
dataflow,ESTAT:ENV_WASMUN(1.0),Municipal waste by waste management operations,A,Annual,RCY_C_D,Recycling - composting and digestion,THS_T,Thousand tonnes,FR,France,2003,,4069,,,,,
dataflow,ESTAT:ENV_WASMUN(1.0),Municipal waste by waste management operations,A,Annual,RCY_C_D,Recycling - composting and digestion,THS_T,Thousand tonnes,FR,France,2004,,4423,,,,,
dataflow,ESTAT:ENV_WASMUN(1.0),Municipal waste by waste management operations,A,Annual,RCY_C_D,Recycling - composting and digestion,THS_T,Thousand tonnes,FR,France,2005,,4141,,,,,
dataflow,ESTAT:ENV_WASMUN(1.0),Municipal waste by waste management operations,A,Annual,RCY_C_D,Recycling - composting and digestion,THS_T,Thousand tonnes,FR,France,2006,,4612,,e,estimated,,
dataflow,ESTAT:ENV_WASMUN(1.0),Municipal waste by waste management operations,A,Annual,RCY_C_D,Recycling - composting and digestion,THS_T,Thousand tonnes,FR,France,2007,,5084,,,,,
dataflow,ESTAT:ENV_WASMUN(1.0),Municipal waste by waste management operations,A,Annual,RCY_C_D,Recycling - composting and digestion,THS_T,Thousand tonnes,FR,France,2008,,5272,,e,estimated,,
dataflow,ESTAT:ENV_WASMUN(1.0),Municipal waste by waste management operations,A,Annual,RCY_C_D,Recycling - composting and digestion,THS_T,Thousand tonnes,FR,France,2009,,5462,,,,,
dataflow,ESTAT:ENV_WASMUN(1.0),Municipal waste by waste management operations,A,Annual,RCY_C_D,Recycling - composting and digestion,THS_T,Thousand tonnes,FR,France,2010,,5536,,e,estimated,,
dataflow,ESTAT:ENV_WASMUN(1.0),Municipal waste by waste management operations,A,Annual,RCY_C_D,Recycling - composting and digestion,THS_T,Thousand tonnes,FR,France,2011,,5610,,,,,
dataflow,ESTAT:ENV_WASMUN(1.0),Municipal waste by waste management operations,A,Annual,RCY_C_D,Recycling - composting and digestion,THS_T,Thousand tonnes,FR,France,2012,,5719,,e,estimated,,
dataflow,ESTAT:ENV_WASMUN(1.0),Municipal waste by waste management operations,A,Annual,RCY_C_D,Recycling - composting and digestion,THS_T,Thousand tonnes,FR,France,2013,,5828,,,,,
dataflow,ESTAT:ENV_WASMUN(1.0),Municipal waste by waste management operations,A,Annual,RCY_C_D,Recycling - composting and digestion,THS_T,Thousand tonnes,FR,France,2014,,6007,,e,estimated,,
dataflow,ESTAT:ENV_WASMUN(1.0),Municipal waste by waste management operations,A,Annual,RCY_C_D,Recycling - composting and digestion,THS_T,Thousand tonnes,FR,France,2015,,6186,,,,,
dataflow,ESTAT:ENV_WASMUN(1.0),Municipal waste by waste management operations,A,Annual,RCY_C_D,Recycling - composting and digestion,THS_T,Thousand tonnes,FR,France,2016,,6516,,e,estimated,,
dataflow,ESTAT:ENV_WASMUN(1.0),Municipal waste by waste management operations,A,Annual,RCY_C_D,Recycling - composting and digestion,THS_T,Thousand tonnes,FR,France,2017,,6662,,e,estimated,,
dataflow,ESTAT:ENV_WASMUN(1.0),Municipal waste by waste management operations,A,Annual,RCY_C_D,Recycling - composting and digestion,THS_T,Thousand tonnes,FR,France,2018,,7092,,e,estimated,,
dataflow,ESTAT:ENV_WASMUN(1.0),Municipal waste by waste management operations,A,Annual,RCY_C_D,Recycling - composting and digestion,THS_T,Thousand tonnes,FR,France,2019,,6992,,e,estimated,,
dataflow,ESTAT:ENV_WASMUN(1.0),Municipal waste by waste management operations,A,Annual,RCY_C_D,Recycling - composting and digestion,THS_T,Thousand tonnes,FR,France,2020,,6533,,e,estimated,,
dataflow,ESTAT:ENV_WASMUN(1.0),Municipal waste by waste management operations,A,Annual,RCY_C_D,Recycling - composting and digestion,THS_T,Thousand tonnes,FR,France,2021,,7056,,,,,
dataflow,ESTAT:ENV_WASMUN(1.0),Municipal waste by waste management operations,A,Annual,RCY_C_D,Recycling - composting and digestion,THS_T,Thousand tonnes,FR,France,2022,,6511,,ep,"estimated, provisional",,
dataflow,ESTAT:ENV_WASMUN(1.0),Municipal waste by waste management operations,A,Annual,RCY_C_D,Recycling - composting and digestion,THS_T,Thousand tonnes,FR,France,2023,,6861,,ep,"estimated, provisional",,
dataflow,ESTAT:ENV_WASMUN(1.0),Municipal waste by waste management operations,A,Annual,RCY_C_D,Recycling - composting and digestion,THS_T,Thousand tonnes,HR,Croatia,2007,,15,,,,,
dataflow,ESTAT:ENV_WASMUN(1.0),Municipal waste by waste management operations,A,Annual,RCY_C_D,Recycling - composting and digestion,THS_T,Thousand tonnes,HR,Croatia,2008,,15,,,,,
dataflow,ESTAT:ENV_WASMUN(1.0),Municipal waste by waste management operations,A,Annual,RCY_C_D,Recycling - composting and digestion,THS_T,Thousand tonnes,HR,Croatia,2009,,12,,,,,
dataflow,ESTAT:ENV_WASMUN(1.0),Municipal waste by waste management operations,A,Annual,RCY_C_D,Recycling - composting and digestion,THS_T,Thousand tonnes,HR,Croatia,2010,,13,,,,,
dataflow,ESTAT:ENV_WASMUN(1.0),Municipal waste by waste management operations,A,Annual,RCY_C_D,Recycling - composting and digestion,THS_T,Thousand tonnes,HR,Croatia,2011,,14,,,,,
dataflow,ESTAT:ENV_WASMUN(1.0),Municipal waste by waste management operations,A,Annual,RCY_C_D,Recycling - composting and digestion,THS_T,Thousand tonnes,HR,Croatia,2012,,26,,,,,
dataflow,ESTAT:ENV_WASMUN(1.0),Municipal waste by waste management operations,A,Annual,RCY_C_D,Recycling - composting and digestion,THS_T,Thousand tonnes,HR,Croatia,2013,,29,,,,,
dataflow,ESTAT:ENV_WASMUN(1.0),Municipal waste by waste management operations,A,Annual,RCY_C_D,Recycling - composting and digestion,THS_T,Thousand tonnes,HR,Croatia,2014,,34,,,,,
dataflow,ESTAT:ENV_WASMUN(1.0),Municipal waste by waste management operations,A,Annual,RCY_C_D,Recycling - composting and digestion,THS_T,Thousand tonnes,HR,Croatia,2015,,28,,,,,
dataflow,ESTAT:ENV_WASMUN(1.0),Municipal waste by waste management operations,A,Annual,RCY_C_D,Recycling - composting and digestion,THS_T,Thousand tonnes,HR,Croatia,2016,,31,,,,,
dataflow,ESTAT:ENV_WASMUN(1.0),Municipal waste by waste management operations,A,Annual,RCY_C_D,Recycling - composting and digestion,THS_T,Thousand tonnes,HR,Croatia,2017,,39,,,,,
dataflow,ESTAT:ENV_WASMUN(1.0),Municipal waste by waste management operations,A,Annual,RCY_C_D,Recycling - composting and digestion,THS_T,Thousand tonnes,HR,Croatia,2018,,49,,,,,
dataflow,ESTAT:ENV_WASMUN(1.0),Municipal waste by waste management operations,A,Annual,RCY_C_D,Recycling - composting and digestion,THS_T,Thousand tonnes,HR,Croatia,2019,,63,,,,,
dataflow,ESTAT:ENV_WASMUN(1.0),Municipal waste by waste management operations,A,Annual,RCY_C_D,Recycling - composting and digestion,THS_T,Thousand tonnes,HR,Croatia,2020,,87,,,,,
dataflow,ESTAT:ENV_WASMUN(1.0),Municipal waste by waste management operations,A,Annual,RCY_C_D,Recycling - composting and digestion,THS_T,Thousand tonnes,HR,Croatia,2021,,89,,,,,
dataflow,ESTAT:ENV_WASMUN(1.0),Municipal waste by waste management operations,A,Annual,RCY_C_D,Recycling - composting and digestion,THS_T,Thousand tonnes,HR,Croatia,2022,,93,,,,,
dataflow,ESTAT:ENV_WASMUN(1.0),Municipal waste by waste management operations,A,Annual,RCY_C_D,Recycling - composting and digestion,THS_T,Thousand tonnes,HR,Croatia,2023,,115,,,,,
dataflow,ESTAT:ENV_WASMUN(1.0),Municipal waste by waste management operations,A,Annual,RCY_C_D,Recycling - composting and digestion,THS_T,Thousand tonnes,HU,Hungary,1995,,18,,,,,
dataflow,ESTAT:ENV_WASMUN(1.0),Municipal waste by waste management operations,A,Annual,RCY_C_D,Recycling - composting and digestion,THS_T,Thousand tonnes,HU,Hungary,1996,,18,,,,,
dataflow,ESTAT:ENV_WASMUN(1.0),Municipal waste by waste management operations,A,Annual,RCY_C_D,Recycling - composting and digestion,THS_T,Thousand tonnes,HU,Hungary,1997,,19,,,,,
dataflow,ESTAT:ENV_WASMUN(1.0),Municipal waste by waste management operations,A,Annual,RCY_C_D,Recycling - composting and digestion,THS_T,Thousand tonnes,HU,Hungary,1998,,18,,,,,
dataflow,ESTAT:ENV_WASMUN(1.0),Municipal waste by waste management operations,A,Annual,RCY_C_D,Recycling - composting and digestion,THS_T,Thousand tonnes,HU,Hungary,1999,,18,,,,,
dataflow,ESTAT:ENV_WASMUN(1.0),Municipal waste by waste management operations,A,Annual,RCY_C_D,Recycling - composting and digestion,THS_T,Thousand tonnes,HU,Hungary,2000,,17,,,,,
dataflow,ESTAT:ENV_WASMUN(1.0),Municipal waste by waste management operations,A,Annual,RCY_C_D,Recycling - composting and digestion,THS_T,Thousand tonnes,HU,Hungary,2001,,17,,,,,
dataflow,ESTAT:ENV_WASMUN(1.0),Municipal waste by waste management operations,A,Annual,RCY_C_D,Recycling - composting and digestion,THS_T,Thousand tonnes,HU,Hungary,2002,,47,,,,,
dataflow,ESTAT:ENV_WASMUN(1.0),Municipal waste by waste management operations,A,Annual,RCY_C_D,Recycling - composting and digestion,THS_T,Thousand tonnes,HU,Hungary,2003,,47,,,,,
dataflow,ESTAT:ENV_WASMUN(1.0),Municipal waste by waste management operations,A,Annual,RCY_C_D,Recycling - composting and digestion,THS_T,Thousand tonnes,HU,Hungary,2004,,39,,b,break in time series,,
dataflow,ESTAT:ENV_WASMUN(1.0),Municipal waste by waste management operations,A,Annual,RCY_C_D,Recycling - composting and digestion,THS_T,Thousand tonnes,HU,Hungary,2005,,41,,,,,
dataflow,ESTAT:ENV_WASMUN(1.0),Municipal waste by waste management operations,A,Annual,RCY_C_D,Recycling - composting and digestion,THS_T,Thousand tonnes,HU,Hungary,2006,,58,,,,,
dataflow,ESTAT:ENV_WASMUN(1.0),Municipal waste by waste management operations,A,Annual,RCY_C_D,Recycling - composting and digestion,THS_T,Thousand tonnes,HU,Hungary,2007,,64,,,,,
dataflow,ESTAT:ENV_WASMUN(1.0),Municipal waste by waste management operations,A,Annual,RCY_C_D,Recycling - composting and digestion,THS_T,Thousand tonnes,HU,Hungary,2008,,85,,,,,
dataflow,ESTAT:ENV_WASMUN(1.0),Municipal waste by waste management operations,A,Annual,RCY_C_D,Recycling - composting and digestion,THS_T,Thousand tonnes,HU,Hungary,2009,,90,,,,,
dataflow,ESTAT:ENV_WASMUN(1.0),Municipal waste by waste management operations,A,Annual,RCY_C_D,Recycling - composting and digestion,THS_T,Thousand tonnes,HU,Hungary,2010,,148,,,,,
dataflow,ESTAT:ENV_WASMUN(1.0),Municipal waste by waste management operations,A,Annual,RCY_C_D,Recycling - composting and digestion,THS_T,Thousand tonnes,HU,Hungary,2011,,184,,,,,
dataflow,ESTAT:ENV_WASMUN(1.0),Municipal waste by waste management operations,A,Annual,RCY_C_D,Recycling - composting and digestion,THS_T,Thousand tonnes,HU,Hungary,2012,,183,,,,,
dataflow,ESTAT:ENV_WASMUN(1.0),Municipal waste by waste management operations,A,Annual,RCY_C_D,Recycling - composting and digestion,THS_T,Thousand tonnes,HU,Hungary,2013,,188,,,,,
dataflow,ESTAT:ENV_WASMUN(1.0),Municipal waste by waste management operations,A,Annual,RCY_C_D,Recycling - composting and digestion,THS_T,Thousand tonnes,HU,Hungary,2014,,236,,,,,
dataflow,ESTAT:ENV_WASMUN(1.0),Municipal waste by waste management operations,A,Annual,RCY_C_D,Recycling - composting and digestion,THS_T,Thousand tonnes,HU,Hungary,2015,,231,,,,,
dataflow,ESTAT:ENV_WASMUN(1.0),Municipal waste by waste management operations,A,Annual,RCY_C_D,Recycling - composting and digestion,THS_T,Thousand tonnes,HU,Hungary,2016,,294,,,,,
dataflow,ESTAT:ENV_WASMUN(1.0),Municipal waste by waste management operations,A,Annual,RCY_C_D,Recycling - composting and digestion,THS_T,Thousand tonnes,HU,Hungary,2017,,309,,,,,
dataflow,ESTAT:ENV_WASMUN(1.0),Municipal waste by waste management operations,A,Annual,RCY_C_D,Recycling - composting and digestion,THS_T,Thousand tonnes,HU,Hungary,2018,,309,,,,,
dataflow,ESTAT:ENV_WASMUN(1.0),Municipal waste by waste management operations,A,Annual,RCY_C_D,Recycling - composting and digestion,THS_T,Thousand tonnes,HU,Hungary,2019,,353,,,,,
dataflow,ESTAT:ENV_WASMUN(1.0),Municipal waste by waste management operations,A,Annual,RCY_C_D,Recycling - composting and digestion,THS_T,Thousand tonnes,HU,Hungary,2020,,384,,,,,
dataflow,ESTAT:ENV_WASMUN(1.0),Municipal waste by waste management operations,A,Annual,RCY_C_D,Recycling - composting and digestion,THS_T,Thousand tonnes,HU,Hungary,2021,,382,,,,,
dataflow,ESTAT:ENV_WASMUN(1.0),Municipal waste by waste management operations,A,Annual,RCY_C_D,Recycling - composting and digestion,THS_T,Thousand tonnes,HU,Hungary,2022,,311,,,,,
dataflow,ESTAT:ENV_WASMUN(1.0),Municipal waste by waste management operations,A,Annual,RCY_C_D,Recycling - composting and digestion,THS_T,Thousand tonnes,HU,Hungary,2023,,575,,,,,
dataflow,ESTAT:ENV_WASMUN(1.0),Municipal waste by waste management operations,A,Annual,RCY_C_D,Recycling - composting and digestion,THS_T,Thousand tonnes,IE,Ireland,1998,,6,,,,,
dataflow,ESTAT:ENV_WASMUN(1.0),Municipal waste by waste management operations,A,Annual,RCY_C_D,Recycling - composting and digestion,THS_T,Thousand tonnes,IE,Ireland,2000,,17,,,,,
dataflow,ESTAT:ENV_WASMUN(1.0),Municipal waste by waste management operations,A,Annual,RCY_C_D,Recycling - composting and digestion,THS_T,Thousand tonnes,IE,Ireland,2001,,22,,,,,
dataflow,ESTAT:ENV_WASMUN(1.0),Municipal waste by waste management operations,A,Annual,RCY_C_D,Recycling - composting and digestion,THS_T,Thousand tonnes,IE,Ireland,2002,,34,,,,,
dataflow,ESTAT:ENV_WASMUN(1.0),Municipal waste by waste management operations,A,Annual,RCY_C_D,Recycling - composting and digestion,THS_T,Thousand tonnes,IE,Ireland,2003,,40,,,,,
dataflow,ESTAT:ENV_WASMUN(1.0),Municipal waste by waste management operations,A,Annual,RCY_C_D,Recycling - composting and digestion,THS_T,Thousand tonnes,IE,Ireland,2004,,50,,,,,
dataflow,ESTAT:ENV_WASMUN(1.0),Municipal waste by waste management operations,A,Annual,RCY_C_D,Recycling - composting and digestion,THS_T,Thousand tonnes,IE,Ireland,2005,,48,,,,,
dataflow,ESTAT:ENV_WASMUN(1.0),Municipal waste by waste management operations,A,Annual,RCY_C_D,Recycling - composting and digestion,THS_T,Thousand tonnes,IE,Ireland,2006,,55,,,,,
dataflow,ESTAT:ENV_WASMUN(1.0),Municipal waste by waste management operations,A,Annual,RCY_C_D,Recycling - composting and digestion,THS_T,Thousand tonnes,IE,Ireland,2007,,79,,,,,
dataflow,ESTAT:ENV_WASMUN(1.0),Municipal waste by waste management operations,A,Annual,RCY_C_D,Recycling - composting and digestion,THS_T,Thousand tonnes,IE,Ireland,2008,,107,,,,,
dataflow,ESTAT:ENV_WASMUN(1.0),Municipal waste by waste management operations,A,Annual,RCY_C_D,Recycling - composting and digestion,THS_T,Thousand tonnes,IE,Ireland,2009,,88,,,,,
dataflow,ESTAT:ENV_WASMUN(1.0),Municipal waste by waste management operations,A,Annual,RCY_C_D,Recycling - composting and digestion,THS_T,Thousand tonnes,IE,Ireland,2010,,107,,,,,
dataflow,ESTAT:ENV_WASMUN(1.0),Municipal waste by waste management operations,A,Annual,RCY_C_D,Recycling - composting and digestion,THS_T,Thousand tonnes,IE,Ireland,2011,,157,,,,,
dataflow,ESTAT:ENV_WASMUN(1.0),Municipal waste by waste management operations,A,Annual,RCY_C_D,Recycling - composting and digestion,THS_T,Thousand tonnes,IE,Ireland,2012,,156,,,,,
dataflow,ESTAT:ENV_WASMUN(1.0),Municipal waste by waste management operations,A,Annual,RCY_C_D,Recycling - composting and digestion,THS_T,Thousand tonnes,IE,Ireland,2014,,180,,,,,
dataflow,ESTAT:ENV_WASMUN(1.0),Municipal waste by waste management operations,A,Annual,RCY_C_D,Recycling - composting and digestion,THS_T,Thousand tonnes,IE,Ireland,2016,,190,,,,,
dataflow,ESTAT:ENV_WASMUN(1.0),Municipal waste by waste management operations,A,Annual,RCY_C_D,Recycling - composting and digestion,THS_T,Thousand tonnes,IE,Ireland,2017,,246,,,,,
dataflow,ESTAT:ENV_WASMUN(1.0),Municipal waste by waste management operations,A,Annual,RCY_C_D,Recycling - composting and digestion,THS_T,Thousand tonnes,IE,Ireland,2018,,245,,,,,
dataflow,ESTAT:ENV_WASMUN(1.0),Municipal waste by waste management operations,A,Annual,RCY_C_D,Recycling - composting and digestion,THS_T,Thousand tonnes,IE,Ireland,2019,,295,,,,,
dataflow,ESTAT:ENV_WASMUN(1.0),Municipal waste by waste management operations,A,Annual,RCY_C_D,Recycling - composting and digestion,THS_T,Thousand tonnes,IE,Ireland,2020,,351,,,,,
dataflow,ESTAT:ENV_WASMUN(1.0),Municipal waste by waste management operations,A,Annual,RCY_C_D,Recycling - composting and digestion,THS_T,Thousand tonnes,IS,Iceland,1995,,2,,,,,
dataflow,ESTAT:ENV_WASMUN(1.0),Municipal waste by waste management operations,A,Annual,RCY_C_D,Recycling - composting and digestion,THS_T,Thousand tonnes,IS,Iceland,1996,,2,,,,,
dataflow,ESTAT:ENV_WASMUN(1.0),Municipal waste by waste management operations,A,Annual,RCY_C_D,Recycling - composting and digestion,THS_T,Thousand tonnes,IS,Iceland,1997,,2,,,,,
dataflow,ESTAT:ENV_WASMUN(1.0),Municipal waste by waste management operations,A,Annual,RCY_C_D,Recycling - composting and digestion,THS_T,Thousand tonnes,IS,Iceland,1998,,2,,,,,
dataflow,ESTAT:ENV_WASMUN(1.0),Municipal waste by waste management operations,A,Annual,RCY_C_D,Recycling - composting and digestion,THS_T,Thousand tonnes,IS,Iceland,1999,,2,,,,,
dataflow,ESTAT:ENV_WASMUN(1.0),Municipal waste by waste management operations,A,Annual,RCY_C_D,Recycling - composting and digestion,THS_T,Thousand tonnes,IS,Iceland,2000,,3,,,,,
dataflow,ESTAT:ENV_WASMUN(1.0),Municipal waste by waste management operations,A,Annual,RCY_C_D,Recycling - composting and digestion,THS_T,Thousand tonnes,IS,Iceland,2001,,3,,,,,
dataflow,ESTAT:ENV_WASMUN(1.0),Municipal waste by waste management operations,A,Annual,RCY_C_D,Recycling - composting and digestion,THS_T,Thousand tonnes,IS,Iceland,2002,,3,,,,,
dataflow,ESTAT:ENV_WASMUN(1.0),Municipal waste by waste management operations,A,Annual,RCY_C_D,Recycling - composting and digestion,THS_T,Thousand tonnes,IS,Iceland,2003,,3,,,,,
dataflow,ESTAT:ENV_WASMUN(1.0),Municipal waste by waste management operations,A,Annual,RCY_C_D,Recycling - composting and digestion,THS_T,Thousand tonnes,IS,Iceland,2008,,4,,,,,
dataflow,ESTAT:ENV_WASMUN(1.0),Municipal waste by waste management operations,A,Annual,RCY_C_D,Recycling - composting and digestion,THS_T,Thousand tonnes,IS,Iceland,2009,,6,,,,,
dataflow,ESTAT:ENV_WASMUN(1.0),Municipal waste by waste management operations,A,Annual,RCY_C_D,Recycling - composting and digestion,THS_T,Thousand tonnes,IS,Iceland,2010,,8,,,,,
dataflow,ESTAT:ENV_WASMUN(1.0),Municipal waste by waste management operations,A,Annual,RCY_C_D,Recycling - composting and digestion,THS_T,Thousand tonnes,IS,Iceland,2011,,8,,,,,
dataflow,ESTAT:ENV_WASMUN(1.0),Municipal waste by waste management operations,A,Annual,RCY_C_D,Recycling - composting and digestion,THS_T,Thousand tonnes,IS,Iceland,2012,,7,,,,,
dataflow,ESTAT:ENV_WASMUN(1.0),Municipal waste by waste management operations,A,Annual,RCY_C_D,Recycling - composting and digestion,THS_T,Thousand tonnes,IS,Iceland,2013,,8,,,,,
dataflow,ESTAT:ENV_WASMUN(1.0),Municipal waste by waste management operations,A,Annual,RCY_C_D,Recycling - composting and digestion,THS_T,Thousand tonnes,IS,Iceland,2014,,15,,,,,
dataflow,ESTAT:ENV_WASMUN(1.0),Municipal waste by waste management operations,A,Annual,RCY_C_D,Recycling - composting and digestion,THS_T,Thousand tonnes,IS,Iceland,2015,,14,,,,,
dataflow,ESTAT:ENV_WASMUN(1.0),Municipal waste by waste management operations,A,Annual,RCY_C_D,Recycling - composting and digestion,THS_T,Thousand tonnes,IS,Iceland,2016,,17,,,,,
dataflow,ESTAT:ENV_WASMUN(1.0),Municipal waste by waste management operations,A,Annual,RCY_C_D,Recycling - composting and digestion,THS_T,Thousand tonnes,IS,Iceland,2017,,15,,,,,
dataflow,ESTAT:ENV_WASMUN(1.0),Municipal waste by waste management operations,A,Annual,RCY_C_D,Recycling - composting and digestion,THS_T,Thousand tonnes,IS,Iceland,2018,,17,,,,,
dataflow,ESTAT:ENV_WASMUN(1.0),Municipal waste by waste management operations,A,Annual,RCY_C_D,Recycling - composting and digestion,THS_T,Thousand tonnes,IS,Iceland,2020,,20,,,,,
dataflow,ESTAT:ENV_WASMUN(1.0),Municipal waste by waste management operations,A,Annual,RCY_C_D,Recycling - composting and digestion,THS_T,Thousand tonnes,IS,Iceland,2021,,11,,,,,
dataflow,ESTAT:ENV_WASMUN(1.0),Municipal waste by waste management operations,A,Annual,RCY_C_D,Recycling - composting and digestion,THS_T,Thousand tonnes,IS,Iceland,2022,,6,,,,,
dataflow,ESTAT:ENV_WASMUN(1.0),Municipal waste by waste management operations,A,Annual,RCY_C_D,Recycling - composting and digestion,THS_T,Thousand tonnes,IT,Italy,1995,,315,,,,,
dataflow,ESTAT:ENV_WASMUN(1.0),Municipal waste by waste management operations,A,Annual,RCY_C_D,Recycling - composting and digestion,THS_T,Thousand tonnes,IT,Italy,1996,,465,,,,,
dataflow,ESTAT:ENV_WASMUN(1.0),Municipal waste by waste management operations,A,Annual,RCY_C_D,Recycling - composting and digestion,THS_T,Thousand tonnes,IT,Italy,1997,,604,,,,,
dataflow,ESTAT:ENV_WASMUN(1.0),Municipal waste by waste management operations,A,Annual,RCY_C_D,Recycling - composting and digestion,THS_T,Thousand tonnes,IT,Italy,1998,,723,,,,,
dataflow,ESTAT:ENV_WASMUN(1.0),Municipal waste by waste management operations,A,Annual,RCY_C_D,Recycling - composting and digestion,THS_T,Thousand tonnes,IT,Italy,1999,,841,,,,,
dataflow,ESTAT:ENV_WASMUN(1.0),Municipal waste by waste management operations,A,Annual,RCY_C_D,Recycling - composting and digestion,THS_T,Thousand tonnes,IT,Italy,2000,,1237,,,,,
dataflow,ESTAT:ENV_WASMUN(1.0),Municipal waste by waste management operations,A,Annual,RCY_C_D,Recycling - composting and digestion,THS_T,Thousand tonnes,IT,Italy,2001,,1727,,,,,
dataflow,ESTAT:ENV_WASMUN(1.0),Municipal waste by waste management operations,A,Annual,RCY_C_D,Recycling - composting and digestion,THS_T,Thousand tonnes,IT,Italy,2002,,1696,,,,,
dataflow,ESTAT:ENV_WASMUN(1.0),Municipal waste by waste management operations,A,Annual,RCY_C_D,Recycling - composting and digestion,THS_T,Thousand tonnes,IT,Italy,2003,,1796,,,,,
dataflow,ESTAT:ENV_WASMUN(1.0),Municipal waste by waste management operations,A,Annual,RCY_C_D,Recycling - composting and digestion,THS_T,Thousand tonnes,IT,Italy,2004,,1958,,,,,
dataflow,ESTAT:ENV_WASMUN(1.0),Municipal waste by waste management operations,A,Annual,RCY_C_D,Recycling - composting and digestion,THS_T,Thousand tonnes,IT,Italy,2005,,2185,,,,,
dataflow,ESTAT:ENV_WASMUN(1.0),Municipal waste by waste management operations,A,Annual,RCY_C_D,Recycling - composting and digestion,THS_T,Thousand tonnes,IT,Italy,2006,,2433,,,,,
dataflow,ESTAT:ENV_WASMUN(1.0),Municipal waste by waste management operations,A,Annual,RCY_C_D,Recycling - composting and digestion,THS_T,Thousand tonnes,IT,Italy,2007,,2599,,,,,
dataflow,ESTAT:ENV_WASMUN(1.0),Municipal waste by waste management operations,A,Annual,RCY_C_D,Recycling - composting and digestion,THS_T,Thousand tonnes,IT,Italy,2008,,3106,,,,,
dataflow,ESTAT:ENV_WASMUN(1.0),Municipal waste by waste management operations,A,Annual,RCY_C_D,Recycling - composting and digestion,THS_T,Thousand tonnes,IT,Italy,2009,,3490,,,,,
dataflow,ESTAT:ENV_WASMUN(1.0),Municipal waste by waste management operations,A,Annual,RCY_C_D,Recycling - composting and digestion,THS_T,Thousand tonnes,IT,Italy,2010,,3943,,,,,
dataflow,ESTAT:ENV_WASMUN(1.0),Municipal waste by waste management operations,A,Annual,RCY_C_D,Recycling - composting and digestion,THS_T,Thousand tonnes,IT,Italy,2011,,3980,,,,,
dataflow,ESTAT:ENV_WASMUN(1.0),Municipal waste by waste management operations,A,Annual,RCY_C_D,Recycling - composting and digestion,THS_T,Thousand tonnes,IT,Italy,2012,,4339,,,,,
dataflow,ESTAT:ENV_WASMUN(1.0),Municipal waste by waste management operations,A,Annual,RCY_C_D,Recycling - composting and digestion,THS_T,Thousand tonnes,IT,Italy,2013,,4319,,,,,
dataflow,ESTAT:ENV_WASMUN(1.0),Municipal waste by waste management operations,A,Annual,RCY_C_D,Recycling - composting and digestion,THS_T,Thousand tonnes,IT,Italy,2014,,4865,,,,,
dataflow,ESTAT:ENV_WASMUN(1.0),Municipal waste by waste management operations,A,Annual,RCY_C_D,Recycling - composting and digestion,THS_T,Thousand tonnes,IT,Italy,2015,,5203,,,,,
dataflow,ESTAT:ENV_WASMUN(1.0),Municipal waste by waste management operations,A,Annual,RCY_C_D,Recycling - composting and digestion,THS_T,Thousand tonnes,IT,Italy,2016,,5721,,,,,
dataflow,ESTAT:ENV_WASMUN(1.0),Municipal waste by waste management operations,A,Annual,RCY_C_D,Recycling - composting and digestion,THS_T,Thousand tonnes,IT,Italy,2017,,5903,,,,,
dataflow,ESTAT:ENV_WASMUN(1.0),Municipal waste by waste management operations,A,Annual,RCY_C_D,Recycling - composting and digestion,THS_T,Thousand tonnes,IT,Italy,2018,,6334,,,,,
dataflow,ESTAT:ENV_WASMUN(1.0),Municipal waste by waste management operations,A,Annual,RCY_C_D,Recycling - composting and digestion,THS_T,Thousand tonnes,IT,Italy,2019,,6387,,,,,
dataflow,ESTAT:ENV_WASMUN(1.0),Municipal waste by waste management operations,A,Annual,RCY_C_D,Recycling - composting and digestion,THS_T,Thousand tonnes,IT,Italy,2020,,6868,,,,,
dataflow,ESTAT:ENV_WASMUN(1.0),Municipal waste by waste management operations,A,Annual,RCY_C_D,Recycling - composting and digestion,THS_T,Thousand tonnes,IT,Italy,2021,,7047,,,,,
dataflow,ESTAT:ENV_WASMUN(1.0),Municipal waste by waste management operations,A,Annual,RCY_C_D,Recycling - composting and digestion,THS_T,Thousand tonnes,IT,Italy,2022,,6951,,,,,
dataflow,ESTAT:ENV_WASMUN(1.0),Municipal waste by waste management operations,A,Annual,RCY_C_D,Recycling - composting and digestion,THS_T,Thousand tonnes,LT,Lithuania,1995,,0,,,,,
dataflow,ESTAT:ENV_WASMUN(1.0),Municipal waste by waste management operations,A,Annual,RCY_C_D,Recycling - composting and digestion,THS_T,Thousand tonnes,LT,Lithuania,1996,,0,,,,,
dataflow,ESTAT:ENV_WASMUN(1.0),Municipal waste by waste management operations,A,Annual,RCY_C_D,Recycling - composting and digestion,THS_T,Thousand tonnes,LT,Lithuania,1997,,0,,,,,
dataflow,ESTAT:ENV_WASMUN(1.0),Municipal waste by waste management operations,A,Annual,RCY_C_D,Recycling - composting and digestion,THS_T,Thousand tonnes,LT,Lithuania,1998,,0,,,,,
dataflow,ESTAT:ENV_WASMUN(1.0),Municipal waste by waste management operations,A,Annual,RCY_C_D,Recycling - composting and digestion,THS_T,Thousand tonnes,LT,Lithuania,1999,,0,,,,,
dataflow,ESTAT:ENV_WASMUN(1.0),Municipal waste by waste management operations,A,Annual,RCY_C_D,Recycling - composting and digestion,THS_T,Thousand tonnes,LT,Lithuania,2000,,0,,,,,
dataflow,ESTAT:ENV_WASMUN(1.0),Municipal waste by waste management operations,A,Annual,RCY_C_D,Recycling - composting and digestion,THS_T,Thousand tonnes,LT,Lithuania,2001,,0,,,,,
dataflow,ESTAT:ENV_WASMUN(1.0),Municipal waste by waste management operations,A,Annual,RCY_C_D,Recycling - composting and digestion,THS_T,Thousand tonnes,LT,Lithuania,2002,,0,,,,,
dataflow,ESTAT:ENV_WASMUN(1.0),Municipal waste by waste management operations,A,Annual,RCY_C_D,Recycling - composting and digestion,THS_T,Thousand tonnes,LT,Lithuania,2003,,0,,,,,
dataflow,ESTAT:ENV_WASMUN(1.0),Municipal waste by waste management operations,A,Annual,RCY_C_D,Recycling - composting and digestion,THS_T,Thousand tonnes,LT,Lithuania,2004,,10,,i,value imputed by Eurostat or other receiving agencies,,
dataflow,ESTAT:ENV_WASMUN(1.0),Municipal waste by waste management operations,A,Annual,RCY_C_D,Recycling - composting and digestion,THS_T,Thousand tonnes,LT,Lithuania,2005,,10,,i,value imputed by Eurostat or other receiving agencies,,
dataflow,ESTAT:ENV_WASMUN(1.0),Municipal waste by waste management operations,A,Annual,RCY_C_D,Recycling - composting and digestion,THS_T,Thousand tonnes,LT,Lithuania,2006,,11,,i,value imputed by Eurostat or other receiving agencies,,
dataflow,ESTAT:ENV_WASMUN(1.0),Municipal waste by waste management operations,A,Annual,RCY_C_D,Recycling - composting and digestion,THS_T,Thousand tonnes,LT,Lithuania,2007,,22,,,,,
dataflow,ESTAT:ENV_WASMUN(1.0),Municipal waste by waste management operations,A,Annual,RCY_C_D,Recycling - composting and digestion,THS_T,Thousand tonnes,LT,Lithuania,2008,,15,,,,,
dataflow,ESTAT:ENV_WASMUN(1.0),Municipal waste by waste management operations,A,Annual,RCY_C_D,Recycling - composting and digestion,THS_T,Thousand tonnes,LT,Lithuania,2009,,16,,,,,
dataflow,ESTAT:ENV_WASMUN(1.0),Municipal waste by waste management operations,A,Annual,RCY_C_D,Recycling - composting and digestion,THS_T,Thousand tonnes,LT,Lithuania,2010,,19,,,,,
dataflow,ESTAT:ENV_WASMUN(1.0),Municipal waste by waste management operations,A,Annual,RCY_C_D,Recycling - composting and digestion,THS_T,Thousand tonnes,LT,Lithuania,2011,,23,,,,,
dataflow,ESTAT:ENV_WASMUN(1.0),Municipal waste by waste management operations,A,Annual,RCY_C_D,Recycling - composting and digestion,THS_T,Thousand tonnes,LT,Lithuania,2012,,51,,,,,
dataflow,ESTAT:ENV_WASMUN(1.0),Municipal waste by waste management operations,A,Annual,RCY_C_D,Recycling - composting and digestion,THS_T,Thousand tonnes,LT,Lithuania,2013,,95,,,,,
dataflow,ESTAT:ENV_WASMUN(1.0),Municipal waste by waste management operations,A,Annual,RCY_C_D,Recycling - composting and digestion,THS_T,Thousand tonnes,LT,Lithuania,2014,,119,,,,,
dataflow,ESTAT:ENV_WASMUN(1.0),Municipal waste by waste management operations,A,Annual,RCY_C_D,Recycling - composting and digestion,THS_T,Thousand tonnes,LT,Lithuania,2015,,132,,,,,
dataflow,ESTAT:ENV_WASMUN(1.0),Municipal waste by waste management operations,A,Annual,RCY_C_D,Recycling - composting and digestion,THS_T,Thousand tonnes,LT,Lithuania,2016,,299,,b,break in time series,,
dataflow,ESTAT:ENV_WASMUN(1.0),Municipal waste by waste management operations,A,Annual,RCY_C_D,Recycling - composting and digestion,THS_T,Thousand tonnes,LT,Lithuania,2017,,308,,,,,
dataflow,ESTAT:ENV_WASMUN(1.0),Municipal waste by waste management operations,A,Annual,RCY_C_D,Recycling - composting and digestion,THS_T,Thousand tonnes,LT,Lithuania,2018,,368,,,,,
dataflow,ESTAT:ENV_WASMUN(1.0),Municipal waste by waste management operations,A,Annual,RCY_C_D,Recycling - composting and digestion,THS_T,Thousand tonnes,LT,Lithuania,2019,,293,,,,,
dataflow,ESTAT:ENV_WASMUN(1.0),Municipal waste by waste management operations,A,Annual,RCY_C_D,Recycling - composting and digestion,THS_T,Thousand tonnes,LT,Lithuania,2020,,280,,,,,
dataflow,ESTAT:ENV_WASMUN(1.0),Municipal waste by waste management operations,A,Annual,RCY_C_D,Recycling - composting and digestion,THS_T,Thousand tonnes,LT,Lithuania,2021,,240,,,,,
dataflow,ESTAT:ENV_WASMUN(1.0),Municipal waste by waste management operations,A,Annual,RCY_C_D,Recycling - composting and digestion,THS_T,Thousand tonnes,LT,Lithuania,2022,,288,,,,,
dataflow,ESTAT:ENV_WASMUN(1.0),Municipal waste by waste management operations,A,Annual,RCY_C_D,Recycling - composting and digestion,THS_T,Thousand tonnes,LT,Lithuania,2023,,308,,,,,
dataflow,ESTAT:ENV_WASMUN(1.0),Municipal waste by waste management operations,A,Annual,RCY_C_D,Recycling - composting and digestion,THS_T,Thousand tonnes,LU,Luxembourg,1995,,17,,,,,
dataflow,ESTAT:ENV_WASMUN(1.0),Municipal waste by waste management operations,A,Annual,RCY_C_D,Recycling - composting and digestion,THS_T,Thousand tonnes,LU,Luxembourg,1996,,12,,,,,
dataflow,ESTAT:ENV_WASMUN(1.0),Municipal waste by waste management operations,A,Annual,RCY_C_D,Recycling - composting and digestion,THS_T,Thousand tonnes,LU,Luxembourg,1997,,22,,,,,
dataflow,ESTAT:ENV_WASMUN(1.0),Municipal waste by waste management operations,A,Annual,RCY_C_D,Recycling - composting and digestion,THS_T,Thousand tonnes,LU,Luxembourg,1998,,30,,,,,
dataflow,ESTAT:ENV_WASMUN(1.0),Municipal waste by waste management operations,A,Annual,RCY_C_D,Recycling - composting and digestion,THS_T,Thousand tonnes,LU,Luxembourg,1999,,33,,,,,
dataflow,ESTAT:ENV_WASMUN(1.0),Municipal waste by waste management operations,A,Annual,RCY_C_D,Recycling - composting and digestion,THS_T,Thousand tonnes,LU,Luxembourg,2000,,41,,,,,
dataflow,ESTAT:ENV_WASMUN(1.0),Municipal waste by waste management operations,A,Annual,RCY_C_D,Recycling - composting and digestion,THS_T,Thousand tonnes,LU,Luxembourg,2001,,40,,,,,
dataflow,ESTAT:ENV_WASMUN(1.0),Municipal waste by waste management operations,A,Annual,RCY_C_D,Recycling - composting and digestion,THS_T,Thousand tonnes,LU,Luxembourg,2002,,45,,,,,
dataflow,ESTAT:ENV_WASMUN(1.0),Municipal waste by waste management operations,A,Annual,RCY_C_D,Recycling - composting and digestion,THS_T,Thousand tonnes,LU,Luxembourg,2003,,59,,,,,
dataflow,ESTAT:ENV_WASMUN(1.0),Municipal waste by waste management operations,A,Annual,RCY_C_D,Recycling - composting and digestion,THS_T,Thousand tonnes,LU,Luxembourg,2004,,57,,,,,
dataflow,ESTAT:ENV_WASMUN(1.0),Municipal waste by waste management operations,A,Annual,RCY_C_D,Recycling - composting and digestion,THS_T,Thousand tonnes,LU,Luxembourg,2005,,56,,,,,
dataflow,ESTAT:ENV_WASMUN(1.0),Municipal waste by waste management operations,A,Annual,RCY_C_D,Recycling - composting and digestion,THS_T,Thousand tonnes,LU,Luxembourg,2006,,57,,,,,
dataflow,ESTAT:ENV_WASMUN(1.0),Municipal waste by waste management operations,A,Annual,RCY_C_D,Recycling - composting and digestion,THS_T,Thousand tonnes,LU,Luxembourg,2007,,64,,,,,
dataflow,ESTAT:ENV_WASMUN(1.0),Municipal waste by waste management operations,A,Annual,RCY_C_D,Recycling - composting and digestion,THS_T,Thousand tonnes,LU,Luxembourg,2008,,68,,,,,
dataflow,ESTAT:ENV_WASMUN(1.0),Municipal waste by waste management operations,A,Annual,RCY_C_D,Recycling - composting and digestion,THS_T,Thousand tonnes,LU,Luxembourg,2009,,67,,,,,
dataflow,ESTAT:ENV_WASMUN(1.0),Municipal waste by waste management operations,A,Annual,RCY_C_D,Recycling - composting and digestion,THS_T,Thousand tonnes,LU,Luxembourg,2010,,67,,,,,
dataflow,ESTAT:ENV_WASMUN(1.0),Municipal waste by waste management operations,A,Annual,RCY_C_D,Recycling - composting and digestion,THS_T,Thousand tonnes,LU,Luxembourg,2011,,62,,,,,
dataflow,ESTAT:ENV_WASMUN(1.0),Municipal waste by waste management operations,A,Annual,RCY_C_D,Recycling - composting and digestion,THS_T,Thousand tonnes,LU,Luxembourg,2012,,68,,,,,
dataflow,ESTAT:ENV_WASMUN(1.0),Municipal waste by waste management operations,A,Annual,RCY_C_D,Recycling - composting and digestion,THS_T,Thousand tonnes,LU,Luxembourg,2013,,61,,,,,
dataflow,ESTAT:ENV_WASMUN(1.0),Municipal waste by waste management operations,A,Annual,RCY_C_D,Recycling - composting and digestion,THS_T,Thousand tonnes,LU,Luxembourg,2014,,67,,,,,
dataflow,ESTAT:ENV_WASMUN(1.0),Municipal waste by waste management operations,A,Annual,RCY_C_D,Recycling - composting and digestion,THS_T,Thousand tonnes,LU,Luxembourg,2015,,63,,,,,
dataflow,ESTAT:ENV_WASMUN(1.0),Municipal waste by waste management operations,A,Annual,RCY_C_D,Recycling - composting and digestion,THS_T,Thousand tonnes,LU,Luxembourg,2016,,97,,b,break in time series,,
dataflow,ESTAT:ENV_WASMUN(1.0),Municipal waste by waste management operations,A,Annual,RCY_C_D,Recycling - composting and digestion,THS_T,Thousand tonnes,LU,Luxembourg,2017,,91,,,,,
dataflow,ESTAT:ENV_WASMUN(1.0),Municipal waste by waste management operations,A,Annual,RCY_C_D,Recycling - composting and digestion,THS_T,Thousand tonnes,LU,Luxembourg,2018,,94,,,,,
dataflow,ESTAT:ENV_WASMUN(1.0),Municipal waste by waste management operations,A,Annual,RCY_C_D,Recycling - composting and digestion,THS_T,Thousand tonnes,LU,Luxembourg,2019,,94,,e,estimated,,
dataflow,ESTAT:ENV_WASMUN(1.0),Municipal waste by waste management operations,A,Annual,RCY_C_D,Recycling - composting and digestion,THS_T,Thousand tonnes,LU,Luxembourg,2020,,117,,,,,
dataflow,ESTAT:ENV_WASMUN(1.0),Municipal waste by waste management operations,A,Annual,RCY_C_D,Recycling - composting and digestion,THS_T,Thousand tonnes,LU,Luxembourg,2021,,128,,,,,
dataflow,ESTAT:ENV_WASMUN(1.0),Municipal waste by waste management operations,A,Annual,RCY_C_D,Recycling - composting and digestion,THS_T,Thousand tonnes,LU,Luxembourg,2022,,112,,,,,
dataflow,ESTAT:ENV_WASMUN(1.0),Municipal waste by waste management operations,A,Annual,RCY_C_D,Recycling - composting and digestion,THS_T,Thousand tonnes,LU,Luxembourg,2023,,118,,,,,
dataflow,ESTAT:ENV_WASMUN(1.0),Municipal waste by waste management operations,A,Annual,RCY_C_D,Recycling - composting and digestion,THS_T,Thousand tonnes,LV,Latvia,1995,,0,,e,estimated,,
dataflow,ESTAT:ENV_WASMUN(1.0),Municipal waste by waste management operations,A,Annual,RCY_C_D,Recycling - composting and digestion,THS_T,Thousand tonnes,LV,Latvia,1996,,0,,e,estimated,,
dataflow,ESTAT:ENV_WASMUN(1.0),Municipal waste by waste management operations,A,Annual,RCY_C_D,Recycling - composting and digestion,THS_T,Thousand tonnes,LV,Latvia,1997,,0,,e,estimated,,
dataflow,ESTAT:ENV_WASMUN(1.0),Municipal waste by waste management operations,A,Annual,RCY_C_D,Recycling - composting and digestion,THS_T,Thousand tonnes,LV,Latvia,1998,,0,,e,estimated,,
dataflow,ESTAT:ENV_WASMUN(1.0),Municipal waste by waste management operations,A,Annual,RCY_C_D,Recycling - composting and digestion,THS_T,Thousand tonnes,LV,Latvia,1999,,0,,e,estimated,,
dataflow,ESTAT:ENV_WASMUN(1.0),Municipal waste by waste management operations,A,Annual,RCY_C_D,Recycling - composting and digestion,THS_T,Thousand tonnes,LV,Latvia,2000,,0,,e,estimated,,
dataflow,ESTAT:ENV_WASMUN(1.0),Municipal waste by waste management operations,A,Annual,RCY_C_D,Recycling - composting and digestion,THS_T,Thousand tonnes,LV,Latvia,2001,,3,,,,,
dataflow,ESTAT:ENV_WASMUN(1.0),Municipal waste by waste management operations,A,Annual,RCY_C_D,Recycling - composting and digestion,THS_T,Thousand tonnes,LV,Latvia,2002,,0,,,,,
dataflow,ESTAT:ENV_WASMUN(1.0),Municipal waste by waste management operations,A,Annual,RCY_C_D,Recycling - composting and digestion,THS_T,Thousand tonnes,LV,Latvia,2003,,2,,,,,
dataflow,ESTAT:ENV_WASMUN(1.0),Municipal waste by waste management operations,A,Annual,RCY_C_D,Recycling - composting and digestion,THS_T,Thousand tonnes,LV,Latvia,2004,,8,,,,,
dataflow,ESTAT:ENV_WASMUN(1.0),Municipal waste by waste management operations,A,Annual,RCY_C_D,Recycling - composting and digestion,THS_T,Thousand tonnes,LV,Latvia,2005,,1,,,,,
dataflow,ESTAT:ENV_WASMUN(1.0),Municipal waste by waste management operations,A,Annual,RCY_C_D,Recycling - composting and digestion,THS_T,Thousand tonnes,LV,Latvia,2006,,5,,,,,
dataflow,ESTAT:ENV_WASMUN(1.0),Municipal waste by waste management operations,A,Annual,RCY_C_D,Recycling - composting and digestion,THS_T,Thousand tonnes,LV,Latvia,2007,,5,,,,,
dataflow,ESTAT:ENV_WASMUN(1.0),Municipal waste by waste management operations,A,Annual,RCY_C_D,Recycling - composting and digestion,THS_T,Thousand tonnes,LV,Latvia,2008,,5,,,,,
dataflow,ESTAT:ENV_WASMUN(1.0),Municipal waste by waste management operations,A,Annual,RCY_C_D,Recycling - composting and digestion,THS_T,Thousand tonnes,LV,Latvia,2009,,2,,,,,
dataflow,ESTAT:ENV_WASMUN(1.0),Municipal waste by waste management operations,A,Annual,RCY_C_D,Recycling - composting and digestion,THS_T,Thousand tonnes,LV,Latvia,2010,,4,,,,,
dataflow,ESTAT:ENV_WASMUN(1.0),Municipal waste by waste management operations,A,Annual,RCY_C_D,Recycling - composting and digestion,THS_T,Thousand tonnes,LV,Latvia,2011,,8,,,,,
dataflow,ESTAT:ENV_WASMUN(1.0),Municipal waste by waste management operations,A,Annual,RCY_C_D,Recycling - composting and digestion,THS_T,Thousand tonnes,LV,Latvia,2012,,13,,,,,
dataflow,ESTAT:ENV_WASMUN(1.0),Municipal waste by waste management operations,A,Annual,RCY_C_D,Recycling - composting and digestion,THS_T,Thousand tonnes,LV,Latvia,2013,,40,,,,,
dataflow,ESTAT:ENV_WASMUN(1.0),Municipal waste by waste management operations,A,Annual,RCY_C_D,Recycling - composting and digestion,THS_T,Thousand tonnes,LV,Latvia,2014,,26,,,,,
dataflow,ESTAT:ENV_WASMUN(1.0),Municipal waste by waste management operations,A,Annual,RCY_C_D,Recycling - composting and digestion,THS_T,Thousand tonnes,LV,Latvia,2015,,47,,,,,
dataflow,ESTAT:ENV_WASMUN(1.0),Municipal waste by waste management operations,A,Annual,RCY_C_D,Recycling - composting and digestion,THS_T,Thousand tonnes,LV,Latvia,2016,,81,,,,,
dataflow,ESTAT:ENV_WASMUN(1.0),Municipal waste by waste management operations,A,Annual,RCY_C_D,Recycling - composting and digestion,THS_T,Thousand tonnes,LV,Latvia,2017,,57,,,,,
dataflow,ESTAT:ENV_WASMUN(1.0),Municipal waste by waste management operations,A,Annual,RCY_C_D,Recycling - composting and digestion,THS_T,Thousand tonnes,LV,Latvia,2018,,48,,,,,
dataflow,ESTAT:ENV_WASMUN(1.0),Municipal waste by waste management operations,A,Annual,RCY_C_D,Recycling - composting and digestion,THS_T,Thousand tonnes,LV,Latvia,2019,,42,,,,,
dataflow,ESTAT:ENV_WASMUN(1.0),Municipal waste by waste management operations,A,Annual,RCY_C_D,Recycling - composting and digestion,THS_T,Thousand tonnes,LV,Latvia,2020,,66,,,,,
dataflow,ESTAT:ENV_WASMUN(1.0),Municipal waste by waste management operations,A,Annual,RCY_C_D,Recycling - composting and digestion,THS_T,Thousand tonnes,LV,Latvia,2021,,69,,,,,
dataflow,ESTAT:ENV_WASMUN(1.0),Municipal waste by waste management operations,A,Annual,RCY_C_D,Recycling - composting and digestion,THS_T,Thousand tonnes,LV,Latvia,2022,,148,,,,,
dataflow,ESTAT:ENV_WASMUN(1.0),Municipal waste by waste management operations,A,Annual,RCY_C_D,Recycling - composting and digestion,THS_T,Thousand tonnes,ME,Montenegro,2018,,1,,e,estimated,,
dataflow,ESTAT:ENV_WASMUN(1.0),Municipal waste by waste management operations,A,Annual,RCY_C_D,Recycling - composting and digestion,THS_T,Thousand tonnes,ME,Montenegro,2019,,1,,e,estimated,,
dataflow,ESTAT:ENV_WASMUN(1.0),Municipal waste by waste management operations,A,Annual,RCY_C_D,Recycling - composting and digestion,THS_T,Thousand tonnes,ME,Montenegro,2020,,1,,e,estimated,,
dataflow,ESTAT:ENV_WASMUN(1.0),Municipal waste by waste management operations,A,Annual,RCY_C_D,Recycling - composting and digestion,THS_T,Thousand tonnes,ME,Montenegro,2021,,1,,e,estimated,,
dataflow,ESTAT:ENV_WASMUN(1.0),Municipal waste by waste management operations,A,Annual,RCY_C_D,Recycling - composting and digestion,THS_T,Thousand tonnes,ME,Montenegro,2022,,1,,e,estimated,,
dataflow,ESTAT:ENV_WASMUN(1.0),Municipal waste by waste management operations,A,Annual,RCY_C_D,Recycling - composting and digestion,THS_T,Thousand tonnes,ME,Montenegro,2023,,1,,e,estimated,,
dataflow,ESTAT:ENV_WASMUN(1.0),Municipal waste by waste management operations,A,Annual,RCY_C_D,Recycling - composting and digestion,THS_T,Thousand tonnes,MK,North Macedonia,2008,,0,,,,,
dataflow,ESTAT:ENV_WASMUN(1.0),Municipal waste by waste management operations,A,Annual,RCY_C_D,Recycling - composting and digestion,THS_T,Thousand tonnes,MK,North Macedonia,2011,,0,,,,,
dataflow,ESTAT:ENV_WASMUN(1.0),Municipal waste by waste management operations,A,Annual,RCY_C_D,Recycling - composting and digestion,THS_T,Thousand tonnes,MK,North Macedonia,2022,,0,,,,,
dataflow,ESTAT:ENV_WASMUN(1.0),Municipal waste by waste management operations,A,Annual,RCY_C_D,Recycling - composting and digestion,THS_T,Thousand tonnes,MT,Malta,1995,,20,,e,estimated,,
dataflow,ESTAT:ENV_WASMUN(1.0),Municipal waste by waste management operations,A,Annual,RCY_C_D,Recycling - composting and digestion,THS_T,Thousand tonnes,MT,Malta,1996,,19,,e,estimated,,
dataflow,ESTAT:ENV_WASMUN(1.0),Municipal waste by waste management operations,A,Annual,RCY_C_D,Recycling - composting and digestion,THS_T,Thousand tonnes,MT,Malta,1997,,18,,e,estimated,,
dataflow,ESTAT:ENV_WASMUN(1.0),Municipal waste by waste management operations,A,Annual,RCY_C_D,Recycling - composting and digestion,THS_T,Thousand tonnes,MT,Malta,1998,,17,,e,estimated,,
dataflow,ESTAT:ENV_WASMUN(1.0),Municipal waste by waste management operations,A,Annual,RCY_C_D,Recycling - composting and digestion,THS_T,Thousand tonnes,MT,Malta,1999,,13,,,,,
dataflow,ESTAT:ENV_WASMUN(1.0),Municipal waste by waste management operations,A,Annual,RCY_C_D,Recycling - composting and digestion,THS_T,Thousand tonnes,MT,Malta,2000,,20,,,,,
dataflow,ESTAT:ENV_WASMUN(1.0),Municipal waste by waste management operations,A,Annual,RCY_C_D,Recycling - composting and digestion,THS_T,Thousand tonnes,MT,Malta,2001,,18,,,,,
dataflow,ESTAT:ENV_WASMUN(1.0),Municipal waste by waste management operations,A,Annual,RCY_C_D,Recycling - composting and digestion,THS_T,Thousand tonnes,MT,Malta,2002,,10,,,,,
dataflow,ESTAT:ENV_WASMUN(1.0),Municipal waste by waste management operations,A,Annual,RCY_C_D,Recycling - composting and digestion,THS_T,Thousand tonnes,MT,Malta,2003,,14,,,,,
dataflow,ESTAT:ENV_WASMUN(1.0),Municipal waste by waste management operations,A,Annual,RCY_C_D,Recycling - composting and digestion,THS_T,Thousand tonnes,MT,Malta,2004,,13,,,,,
dataflow,ESTAT:ENV_WASMUN(1.0),Municipal waste by waste management operations,A,Annual,RCY_C_D,Recycling - composting and digestion,THS_T,Thousand tonnes,MT,Malta,2005,,18,,,,,
dataflow,ESTAT:ENV_WASMUN(1.0),Municipal waste by waste management operations,A,Annual,RCY_C_D,Recycling - composting and digestion,THS_T,Thousand tonnes,MT,Malta,2006,,28,,,,,
dataflow,ESTAT:ENV_WASMUN(1.0),Municipal waste by waste management operations,A,Annual,RCY_C_D,Recycling - composting and digestion,THS_T,Thousand tonnes,MT,Malta,2007,,6,,,,,
dataflow,ESTAT:ENV_WASMUN(1.0),Municipal waste by waste management operations,A,Annual,RCY_C_D,Recycling - composting and digestion,THS_T,Thousand tonnes,MT,Malta,2008,,0,,,,,
dataflow,ESTAT:ENV_WASMUN(1.0),Municipal waste by waste management operations,A,Annual,RCY_C_D,Recycling - composting and digestion,THS_T,Thousand tonnes,MT,Malta,2009,,0,,,,,
dataflow,ESTAT:ENV_WASMUN(1.0),Municipal waste by waste management operations,A,Annual,RCY_C_D,Recycling - composting and digestion,THS_T,Thousand tonnes,MT,Malta,2010,,0,,,,,
dataflow,ESTAT:ENV_WASMUN(1.0),Municipal waste by waste management operations,A,Annual,RCY_C_D,Recycling - composting and digestion,THS_T,Thousand tonnes,MT,Malta,2011,,3,,,,,
dataflow,ESTAT:ENV_WASMUN(1.0),Municipal waste by waste management operations,A,Annual,RCY_C_D,Recycling - composting and digestion,THS_T,Thousand tonnes,MT,Malta,2012,,5,,,,,
dataflow,ESTAT:ENV_WASMUN(1.0),Municipal waste by waste management operations,A,Annual,RCY_C_D,Recycling - composting and digestion,THS_T,Thousand tonnes,MT,Malta,2013,,0,,,,,
dataflow,ESTAT:ENV_WASMUN(1.0),Municipal waste by waste management operations,A,Annual,RCY_C_D,Recycling - composting and digestion,THS_T,Thousand tonnes,MT,Malta,2014,,0,,,,,
dataflow,ESTAT:ENV_WASMUN(1.0),Municipal waste by waste management operations,A,Annual,RCY_C_D,Recycling - composting and digestion,THS_T,Thousand tonnes,MT,Malta,2015,,0,,,,,
dataflow,ESTAT:ENV_WASMUN(1.0),Municipal waste by waste management operations,A,Annual,RCY_C_D,Recycling - composting and digestion,THS_T,Thousand tonnes,MT,Malta,2016,,0,,,,,
dataflow,ESTAT:ENV_WASMUN(1.0),Municipal waste by waste management operations,A,Annual,RCY_C_D,Recycling - composting and digestion,THS_T,Thousand tonnes,MT,Malta,2017,,0,,,,,
dataflow,ESTAT:ENV_WASMUN(1.0),Municipal waste by waste management operations,A,Annual,RCY_C_D,Recycling - composting and digestion,THS_T,Thousand tonnes,MT,Malta,2018,,0,,,,,
dataflow,ESTAT:ENV_WASMUN(1.0),Municipal waste by waste management operations,A,Annual,RCY_C_D,Recycling - composting and digestion,THS_T,Thousand tonnes,MT,Malta,2019,,0,,,,,
dataflow,ESTAT:ENV_WASMUN(1.0),Municipal waste by waste management operations,A,Annual,RCY_C_D,Recycling - composting and digestion,THS_T,Thousand tonnes,MT,Malta,2020,,0,,,,,
dataflow,ESTAT:ENV_WASMUN(1.0),Municipal waste by waste management operations,A,Annual,RCY_C_D,Recycling - composting and digestion,THS_T,Thousand tonnes,MT,Malta,2021,,0,,,,,
dataflow,ESTAT:ENV_WASMUN(1.0),Municipal waste by waste management operations,A,Annual,RCY_C_D,Recycling - composting and digestion,THS_T,Thousand tonnes,MT,Malta,2022,,0,,,,,
dataflow,ESTAT:ENV_WASMUN(1.0),Municipal waste by waste management operations,A,Annual,RCY_C_D,Recycling - composting and digestion,THS_T,Thousand tonnes,MT,Malta,2023,,0,,,,,
dataflow,ESTAT:ENV_WASMUN(1.0),Municipal waste by waste management operations,A,Annual,RCY_C_D,Recycling - composting and digestion,THS_T,Thousand tonnes,NL,Netherlands,1995,,2013,,,,,
dataflow,ESTAT:ENV_WASMUN(1.0),Municipal waste by waste management operations,A,Annual,RCY_C_D,Recycling - composting and digestion,THS_T,Thousand tonnes,NL,Netherlands,1996,,2121,,,,,
dataflow,ESTAT:ENV_WASMUN(1.0),Municipal waste by waste management operations,A,Annual,RCY_C_D,Recycling - composting and digestion,THS_T,Thousand tonnes,NL,Netherlands,1997,,2313,,,,,
dataflow,ESTAT:ENV_WASMUN(1.0),Municipal waste by waste management operations,A,Annual,RCY_C_D,Recycling - composting and digestion,THS_T,Thousand tonnes,NL,Netherlands,1998,,2269,,,,,
dataflow,ESTAT:ENV_WASMUN(1.0),Municipal waste by waste management operations,A,Annual,RCY_C_D,Recycling - composting and digestion,THS_T,Thousand tonnes,NL,Netherlands,1999,,2209,,,,,
dataflow,ESTAT:ENV_WASMUN(1.0),Municipal waste by waste management operations,A,Annual,RCY_C_D,Recycling - composting and digestion,THS_T,Thousand tonnes,NL,Netherlands,2000,,2303,,,,,
dataflow,ESTAT:ENV_WASMUN(1.0),Municipal waste by waste management operations,A,Annual,RCY_C_D,Recycling - composting and digestion,THS_T,Thousand tonnes,NL,Netherlands,2001,,2261,,,,,
dataflow,ESTAT:ENV_WASMUN(1.0),Municipal waste by waste management operations,A,Annual,RCY_C_D,Recycling - composting and digestion,THS_T,Thousand tonnes,NL,Netherlands,2002,,2366,,,,,
dataflow,ESTAT:ENV_WASMUN(1.0),Municipal waste by waste management operations,A,Annual,RCY_C_D,Recycling - composting and digestion,THS_T,Thousand tonnes,NL,Netherlands,2003,,2293,,,,,
dataflow,ESTAT:ENV_WASMUN(1.0),Municipal waste by waste management operations,A,Annual,RCY_C_D,Recycling - composting and digestion,THS_T,Thousand tonnes,NL,Netherlands,2004,,2387,,,,,
dataflow,ESTAT:ENV_WASMUN(1.0),Municipal waste by waste management operations,A,Annual,RCY_C_D,Recycling - composting and digestion,THS_T,Thousand tonnes,NL,Netherlands,2005,,2424,,,,,
dataflow,ESTAT:ENV_WASMUN(1.0),Municipal waste by waste management operations,A,Annual,RCY_C_D,Recycling - composting and digestion,THS_T,Thousand tonnes,NL,Netherlands,2006,,2317,,,,,
dataflow,ESTAT:ENV_WASMUN(1.0),Municipal waste by waste management operations,A,Annual,RCY_C_D,Recycling - composting and digestion,THS_T,Thousand tonnes,NL,Netherlands,2007,,2401,,,,,
dataflow,ESTAT:ENV_WASMUN(1.0),Municipal waste by waste management operations,A,Annual,RCY_C_D,Recycling - composting and digestion,THS_T,Thousand tonnes,NL,Netherlands,2008,,2330,,b,break in time series,,
dataflow,ESTAT:ENV_WASMUN(1.0),Municipal waste by waste management operations,A,Annual,RCY_C_D,Recycling - composting and digestion,THS_T,Thousand tonnes,NL,Netherlands,2009,,2393,,,,,
dataflow,ESTAT:ENV_WASMUN(1.0),Municipal waste by waste management operations,A,Annual,RCY_C_D,Recycling - composting and digestion,THS_T,Thousand tonnes,NL,Netherlands,2010,,2310,,,,,
dataflow,ESTAT:ENV_WASMUN(1.0),Municipal waste by waste management operations,A,Annual,RCY_C_D,Recycling - composting and digestion,THS_T,Thousand tonnes,NL,Netherlands,2011,,2360,,,,,
dataflow,ESTAT:ENV_WASMUN(1.0),Municipal waste by waste management operations,A,Annual,RCY_C_D,Recycling - composting and digestion,THS_T,Thousand tonnes,NL,Netherlands,2012,,2353,,,,,
dataflow,ESTAT:ENV_WASMUN(1.0),Municipal waste by waste management operations,A,Annual,RCY_C_D,Recycling - composting and digestion,THS_T,Thousand tonnes,NL,Netherlands,2013,,2294,,,,,
dataflow,ESTAT:ENV_WASMUN(1.0),Municipal waste by waste management operations,A,Annual,RCY_C_D,Recycling - composting and digestion,THS_T,Thousand tonnes,NL,Netherlands,2014,,2415,,,,,
dataflow,ESTAT:ENV_WASMUN(1.0),Municipal waste by waste management operations,A,Annual,RCY_C_D,Recycling - composting and digestion,THS_T,Thousand tonnes,NL,Netherlands,2015,,2414,,,,,
dataflow,ESTAT:ENV_WASMUN(1.0),Municipal waste by waste management operations,A,Annual,RCY_C_D,Recycling - composting and digestion,THS_T,Thousand tonnes,NL,Netherlands,2016,,2449,,,,,
dataflow,ESTAT:ENV_WASMUN(1.0),Municipal waste by waste management operations,A,Annual,RCY_C_D,Recycling - composting and digestion,THS_T,Thousand tonnes,NL,Netherlands,2017,,2474,,,,,
dataflow,ESTAT:ENV_WASMUN(1.0),Municipal waste by waste management operations,A,Annual,RCY_C_D,Recycling - composting and digestion,THS_T,Thousand tonnes,NL,Netherlands,2018,,2527,,,,,
dataflow,ESTAT:ENV_WASMUN(1.0),Municipal waste by waste management operations,A,Annual,RCY_C_D,Recycling - composting and digestion,THS_T,Thousand tonnes,NL,Netherlands,2019,,2569,,,,,
dataflow,ESTAT:ENV_WASMUN(1.0),Municipal waste by waste management operations,A,Annual,RCY_C_D,Recycling - composting and digestion,THS_T,Thousand tonnes,NL,Netherlands,2020,,2714,,,,,
dataflow,ESTAT:ENV_WASMUN(1.0),Municipal waste by waste management operations,A,Annual,RCY_C_D,Recycling - composting and digestion,THS_T,Thousand tonnes,NL,Netherlands,2021,,2689,,,,,
dataflow,ESTAT:ENV_WASMUN(1.0),Municipal waste by waste management operations,A,Annual,RCY_C_D,Recycling - composting and digestion,THS_T,Thousand tonnes,NL,Netherlands,2022,,2463,,p,provisional,,
dataflow,ESTAT:ENV_WASMUN(1.0),Municipal waste by waste management operations,A,Annual,RCY_C_D,Recycling - composting and digestion,THS_T,Thousand tonnes,NL,Netherlands,2023,,2573,,,,,
dataflow,ESTAT:ENV_WASMUN(1.0),Municipal waste by waste management operations,A,Annual,RCY_C_D,Recycling - composting and digestion,THS_T,Thousand tonnes,NO,Norway,1995,,51,,,,,
dataflow,ESTAT:ENV_WASMUN(1.0),Municipal waste by waste management operations,A,Annual,RCY_C_D,Recycling - composting and digestion,THS_T,Thousand tonnes,NO,Norway,1996,,82,,,,,
dataflow,ESTAT:ENV_WASMUN(1.0),Municipal waste by waste management operations,A,Annual,RCY_C_D,Recycling - composting and digestion,THS_T,Thousand tonnes,NO,Norway,1997,,124,,,,,
dataflow,ESTAT:ENV_WASMUN(1.0),Municipal waste by waste management operations,A,Annual,RCY_C_D,Recycling - composting and digestion,THS_T,Thousand tonnes,NO,Norway,1998,,158,,,,,
dataflow,ESTAT:ENV_WASMUN(1.0),Municipal waste by waste management operations,A,Annual,RCY_C_D,Recycling - composting and digestion,THS_T,Thousand tonnes,NO,Norway,1999,,202,,,,,
dataflow,ESTAT:ENV_WASMUN(1.0),Municipal waste by waste management operations,A,Annual,RCY_C_D,Recycling - composting and digestion,THS_T,Thousand tonnes,NO,Norway,2000,,237,,,,,
dataflow,ESTAT:ENV_WASMUN(1.0),Municipal waste by waste management operations,A,Annual,RCY_C_D,Recycling - composting and digestion,THS_T,Thousand tonnes,NO,Norway,2001,,226,,b,break in time series,,
dataflow,ESTAT:ENV_WASMUN(1.0),Municipal waste by waste management operations,A,Annual,RCY_C_D,Recycling - composting and digestion,THS_T,Thousand tonnes,NO,Norway,2002,,248,,,,,
dataflow,ESTAT:ENV_WASMUN(1.0),Municipal waste by waste management operations,A,Annual,RCY_C_D,Recycling - composting and digestion,THS_T,Thousand tonnes,NO,Norway,2003,,264,,,,,
dataflow,ESTAT:ENV_WASMUN(1.0),Municipal waste by waste management operations,A,Annual,RCY_C_D,Recycling - composting and digestion,THS_T,Thousand tonnes,NO,Norway,2004,,220,,,,,
dataflow,ESTAT:ENV_WASMUN(1.0),Municipal waste by waste management operations,A,Annual,RCY_C_D,Recycling - composting and digestion,THS_T,Thousand tonnes,NO,Norway,2005,,255,,,,,
dataflow,ESTAT:ENV_WASMUN(1.0),Municipal waste by waste management operations,A,Annual,RCY_C_D,Recycling - composting and digestion,THS_T,Thousand tonnes,NO,Norway,2006,,289,,,,,
dataflow,ESTAT:ENV_WASMUN(1.0),Municipal waste by waste management operations,A,Annual,RCY_C_D,Recycling - composting and digestion,THS_T,Thousand tonnes,NO,Norway,2007,,344,,,,,
dataflow,ESTAT:ENV_WASMUN(1.0),Municipal waste by waste management operations,A,Annual,RCY_C_D,Recycling - composting and digestion,THS_T,Thousand tonnes,NO,Norway,2008,,343,,,,,
dataflow,ESTAT:ENV_WASMUN(1.0),Municipal waste by waste management operations,A,Annual,RCY_C_D,Recycling - composting and digestion,THS_T,Thousand tonnes,NO,Norway,2009,,356,,,,,
dataflow,ESTAT:ENV_WASMUN(1.0),Municipal waste by waste management operations,A,Annual,RCY_C_D,Recycling - composting and digestion,THS_T,Thousand tonnes,NO,Norway,2010,,358,,,,,
dataflow,ESTAT:ENV_WASMUN(1.0),Municipal waste by waste management operations,A,Annual,RCY_C_D,Recycling - composting and digestion,THS_T,Thousand tonnes,NO,Norway,2011,,361,,,,,
dataflow,ESTAT:ENV_WASMUN(1.0),Municipal waste by waste management operations,A,Annual,RCY_C_D,Recycling - composting and digestion,THS_T,Thousand tonnes,NO,Norway,2012,,333,,,,,
dataflow,ESTAT:ENV_WASMUN(1.0),Municipal waste by waste management operations,A,Annual,RCY_C_D,Recycling - composting and digestion,THS_T,Thousand tonnes,NO,Norway,2013,,397,,,,,
dataflow,ESTAT:ENV_WASMUN(1.0),Municipal waste by waste management operations,A,Annual,RCY_C_D,Recycling - composting and digestion,THS_T,Thousand tonnes,NO,Norway,2014,,351,,b,break in time series,,
dataflow,ESTAT:ENV_WASMUN(1.0),Municipal waste by waste management operations,A,Annual,RCY_C_D,Recycling - composting and digestion,THS_T,Thousand tonnes,NO,Norway,2015,,365,,,,,
dataflow,ESTAT:ENV_WASMUN(1.0),Municipal waste by waste management operations,A,Annual,RCY_C_D,Recycling - composting and digestion,THS_T,Thousand tonnes,NO,Norway,2016,,404,,b,break in time series,,
dataflow,ESTAT:ENV_WASMUN(1.0),Municipal waste by waste management operations,A,Annual,RCY_C_D,Recycling - composting and digestion,THS_T,Thousand tonnes,NO,Norway,2017,,395,,,,,
dataflow,ESTAT:ENV_WASMUN(1.0),Municipal waste by waste management operations,A,Annual,RCY_C_D,Recycling - composting and digestion,THS_T,Thousand tonnes,NO,Norway,2018,,382,,,,,
dataflow,ESTAT:ENV_WASMUN(1.0),Municipal waste by waste management operations,A,Annual,RCY_C_D,Recycling - composting and digestion,THS_T,Thousand tonnes,NO,Norway,2019,,455,,,,,
dataflow,ESTAT:ENV_WASMUN(1.0),Municipal waste by waste management operations,A,Annual,RCY_C_D,Recycling - composting and digestion,THS_T,Thousand tonnes,NO,Norway,2020,,376,,b,break in time series,,
dataflow,ESTAT:ENV_WASMUN(1.0),Municipal waste by waste management operations,A,Annual,RCY_C_D,Recycling - composting and digestion,THS_T,Thousand tonnes,NO,Norway,2021,,417,,,,,
dataflow,ESTAT:ENV_WASMUN(1.0),Municipal waste by waste management operations,A,Annual,RCY_C_D,Recycling - composting and digestion,THS_T,Thousand tonnes,NO,Norway,2022,,434,,,,,
dataflow,ESTAT:ENV_WASMUN(1.0),Municipal waste by waste management operations,A,Annual,RCY_C_D,Recycling - composting and digestion,THS_T,Thousand tonnes,NO,Norway,2023,,416,,,,,
dataflow,ESTAT:ENV_WASMUN(1.0),Municipal waste by waste management operations,A,Annual,RCY_C_D,Recycling - composting and digestion,THS_T,Thousand tonnes,PL,Poland,1995,,201,,,,,
dataflow,ESTAT:ENV_WASMUN(1.0),Municipal waste by waste management operations,A,Annual,RCY_C_D,Recycling - composting and digestion,THS_T,Thousand tonnes,PL,Poland,1996,,219,,,,,
dataflow,ESTAT:ENV_WASMUN(1.0),Municipal waste by waste management operations,A,Annual,RCY_C_D,Recycling - composting and digestion,THS_T,Thousand tonnes,PL,Poland,1997,,369,,,,,
dataflow,ESTAT:ENV_WASMUN(1.0),Municipal waste by waste management operations,A,Annual,RCY_C_D,Recycling - composting and digestion,THS_T,Thousand tonnes,PL,Poland,1998,,222,,,,,
dataflow,ESTAT:ENV_WASMUN(1.0),Municipal waste by waste management operations,A,Annual,RCY_C_D,Recycling - composting and digestion,THS_T,Thousand tonnes,PL,Poland,1999,,225,,,,,
dataflow,ESTAT:ENV_WASMUN(1.0),Municipal waste by waste management operations,A,Annual,RCY_C_D,Recycling - composting and digestion,THS_T,Thousand tonnes,PL,Poland,2000,,248,,,,,
dataflow,ESTAT:ENV_WASMUN(1.0),Municipal waste by waste management operations,A,Annual,RCY_C_D,Recycling - composting and digestion,THS_T,Thousand tonnes,PL,Poland,2001,,309,,,,,
dataflow,ESTAT:ENV_WASMUN(1.0),Municipal waste by waste management operations,A,Annual,RCY_C_D,Recycling - composting and digestion,THS_T,Thousand tonnes,PL,Poland,2002,,215,,,,,
dataflow,ESTAT:ENV_WASMUN(1.0),Municipal waste by waste management operations,A,Annual,RCY_C_D,Recycling - composting and digestion,THS_T,Thousand tonnes,PL,Poland,2003,,129,,,,,
dataflow,ESTAT:ENV_WASMUN(1.0),Municipal waste by waste management operations,A,Annual,RCY_C_D,Recycling - composting and digestion,THS_T,Thousand tonnes,PL,Poland,2004,,234,,,,,
dataflow,ESTAT:ENV_WASMUN(1.0),Municipal waste by waste management operations,A,Annual,RCY_C_D,Recycling - composting and digestion,THS_T,Thousand tonnes,PL,Poland,2005,,318,,,,,
dataflow,ESTAT:ENV_WASMUN(1.0),Municipal waste by waste management operations,A,Annual,RCY_C_D,Recycling - composting and digestion,THS_T,Thousand tonnes,PL,Poland,2006,,358,,,,,
dataflow,ESTAT:ENV_WASMUN(1.0),Municipal waste by waste management operations,A,Annual,RCY_C_D,Recycling - composting and digestion,THS_T,Thousand tonnes,PL,Poland,2007,,363,,,,,
dataflow,ESTAT:ENV_WASMUN(1.0),Municipal waste by waste management operations,A,Annual,RCY_C_D,Recycling - composting and digestion,THS_T,Thousand tonnes,PL,Poland,2008,,386,,,,,
dataflow,ESTAT:ENV_WASMUN(1.0),Municipal waste by waste management operations,A,Annual,RCY_C_D,Recycling - composting and digestion,THS_T,Thousand tonnes,PL,Poland,2009,,164,,b,break in time series,,
dataflow,ESTAT:ENV_WASMUN(1.0),Municipal waste by waste management operations,A,Annual,RCY_C_D,Recycling - composting and digestion,THS_T,Thousand tonnes,PL,Poland,2010,,181,,,,,
dataflow,ESTAT:ENV_WASMUN(1.0),Municipal waste by waste management operations,A,Annual,RCY_C_D,Recycling - composting and digestion,THS_T,Thousand tonnes,PL,Poland,2011,,210,,,,,
dataflow,ESTAT:ENV_WASMUN(1.0),Municipal waste by waste management operations,A,Annual,RCY_C_D,Recycling - composting and digestion,THS_T,Thousand tonnes,PL,Poland,2012,,202,,,,,
dataflow,ESTAT:ENV_WASMUN(1.0),Municipal waste by waste management operations,A,Annual,RCY_C_D,Recycling - composting and digestion,THS_T,Thousand tonnes,PL,Poland,2013,,212,,,,,
dataflow,ESTAT:ENV_WASMUN(1.0),Municipal waste by waste management operations,A,Annual,RCY_C_D,Recycling - composting and digestion,THS_T,Thousand tonnes,PL,Poland,2014,,560,,be,"break in time series, estimated",,
dataflow,ESTAT:ENV_WASMUN(1.0),Municipal waste by waste management operations,A,Annual,RCY_C_D,Recycling - composting and digestion,THS_T,Thousand tonnes,PL,Poland,2015,,661,,e,estimated,,
dataflow,ESTAT:ENV_WASMUN(1.0),Municipal waste by waste management operations,A,Annual,RCY_C_D,Recycling - composting and digestion,THS_T,Thousand tonnes,PL,Poland,2016,,814,,e,estimated,,
dataflow,ESTAT:ENV_WASMUN(1.0),Municipal waste by waste management operations,A,Annual,RCY_C_D,Recycling - composting and digestion,THS_T,Thousand tonnes,PL,Poland,2017,,848,,e,estimated,,
dataflow,ESTAT:ENV_WASMUN(1.0),Municipal waste by waste management operations,A,Annual,RCY_C_D,Recycling - composting and digestion,THS_T,Thousand tonnes,PL,Poland,2018,,1012,,e,estimated,,
dataflow,ESTAT:ENV_WASMUN(1.0),Municipal waste by waste management operations,A,Annual,RCY_C_D,Recycling - composting and digestion,THS_T,Thousand tonnes,PL,Poland,2019,,1153,,e,estimated,,
dataflow,ESTAT:ENV_WASMUN(1.0),Municipal waste by waste management operations,A,Annual,RCY_C_D,Recycling - composting and digestion,THS_T,Thousand tonnes,PL,Poland,2020,,1578,,,,,
dataflow,ESTAT:ENV_WASMUN(1.0),Municipal waste by waste management operations,A,Annual,RCY_C_D,Recycling - composting and digestion,THS_T,Thousand tonnes,PL,Poland,2021,,1824,,,,,
dataflow,ESTAT:ENV_WASMUN(1.0),Municipal waste by waste management operations,A,Annual,RCY_C_D,Recycling - composting and digestion,THS_T,Thousand tonnes,PL,Poland,2022,,1900,,,,,
dataflow,ESTAT:ENV_WASMUN(1.0),Municipal waste by waste management operations,A,Annual,RCY_C_D,Recycling - composting and digestion,THS_T,Thousand tonnes,PL,Poland,2023,,1586,,b,break in time series,,
dataflow,ESTAT:ENV_WASMUN(1.0),Municipal waste by waste management operations,A,Annual,RCY_C_D,Recycling - composting and digestion,THS_T,Thousand tonnes,PT,Portugal,1995,,302,,,,,
dataflow,ESTAT:ENV_WASMUN(1.0),Municipal waste by waste management operations,A,Annual,RCY_C_D,Recycling - composting and digestion,THS_T,Thousand tonnes,PT,Portugal,1996,,311,,,,,
dataflow,ESTAT:ENV_WASMUN(1.0),Municipal waste by waste management operations,A,Annual,RCY_C_D,Recycling - composting and digestion,THS_T,Thousand tonnes,PT,Portugal,1997,,332,,,,,
dataflow,ESTAT:ENV_WASMUN(1.0),Municipal waste by waste management operations,A,Annual,RCY_C_D,Recycling - composting and digestion,THS_T,Thousand tonnes,PT,Portugal,1998,,351,,,,,
dataflow,ESTAT:ENV_WASMUN(1.0),Municipal waste by waste management operations,A,Annual,RCY_C_D,Recycling - composting and digestion,THS_T,Thousand tonnes,PT,Portugal,1999,,364,,,,,
dataflow,ESTAT:ENV_WASMUN(1.0),Municipal waste by waste management operations,A,Annual,RCY_C_D,Recycling - composting and digestion,THS_T,Thousand tonnes,PT,Portugal,2000,,339,,,,,
dataflow,ESTAT:ENV_WASMUN(1.0),Municipal waste by waste management operations,A,Annual,RCY_C_D,Recycling - composting and digestion,THS_T,Thousand tonnes,PT,Portugal,2001,,370,,,,,
dataflow,ESTAT:ENV_WASMUN(1.0),Municipal waste by waste management operations,A,Annual,RCY_C_D,Recycling - composting and digestion,THS_T,Thousand tonnes,PT,Portugal,2002,,135,,b,break in time series,,
dataflow,ESTAT:ENV_WASMUN(1.0),Municipal waste by waste management operations,A,Annual,RCY_C_D,Recycling - composting and digestion,THS_T,Thousand tonnes,PT,Portugal,2003,,286,,,,,
dataflow,ESTAT:ENV_WASMUN(1.0),Municipal waste by waste management operations,A,Annual,RCY_C_D,Recycling - composting and digestion,THS_T,Thousand tonnes,PT,Portugal,2004,,308,,,,,
dataflow,ESTAT:ENV_WASMUN(1.0),Municipal waste by waste management operations,A,Annual,RCY_C_D,Recycling - composting and digestion,THS_T,Thousand tonnes,PT,Portugal,2005,,313,,,,,
dataflow,ESTAT:ENV_WASMUN(1.0),Municipal waste by waste management operations,A,Annual,RCY_C_D,Recycling - composting and digestion,THS_T,Thousand tonnes,PT,Portugal,2006,,302,,,,,
dataflow,ESTAT:ENV_WASMUN(1.0),Municipal waste by waste management operations,A,Annual,RCY_C_D,Recycling - composting and digestion,THS_T,Thousand tonnes,PT,Portugal,2007,,321,,b,break in time series,,
dataflow,ESTAT:ENV_WASMUN(1.0),Municipal waste by waste management operations,A,Annual,RCY_C_D,Recycling - composting and digestion,THS_T,Thousand tonnes,PT,Portugal,2008,,382,,,,,
dataflow,ESTAT:ENV_WASMUN(1.0),Municipal waste by waste management operations,A,Annual,RCY_C_D,Recycling - composting and digestion,THS_T,Thousand tonnes,PT,Portugal,2009,,424,,,,,
dataflow,ESTAT:ENV_WASMUN(1.0),Municipal waste by waste management operations,A,Annual,RCY_C_D,Recycling - composting and digestion,THS_T,Thousand tonnes,PT,Portugal,2010,,399,,,,,
dataflow,ESTAT:ENV_WASMUN(1.0),Municipal waste by waste management operations,A,Annual,RCY_C_D,Recycling - composting and digestion,THS_T,Thousand tonnes,PT,Portugal,2011,,447,,,,,
dataflow,ESTAT:ENV_WASMUN(1.0),Municipal waste by waste management operations,A,Annual,RCY_C_D,Recycling - composting and digestion,THS_T,Thousand tonnes,PT,Portugal,2012,,694,,,,,
dataflow,ESTAT:ENV_WASMUN(1.0),Municipal waste by waste management operations,A,Annual,RCY_C_D,Recycling - composting and digestion,THS_T,Thousand tonnes,PT,Portugal,2013,,593,,,,,
dataflow,ESTAT:ENV_WASMUN(1.0),Municipal waste by waste management operations,A,Annual,RCY_C_D,Recycling - composting and digestion,THS_T,Thousand tonnes,PT,Portugal,2014,,665,,,,,
dataflow,ESTAT:ENV_WASMUN(1.0),Municipal waste by waste management operations,A,Annual,RCY_C_D,Recycling - composting and digestion,THS_T,Thousand tonnes,PT,Portugal,2015,,745,,,,,
dataflow,ESTAT:ENV_WASMUN(1.0),Municipal waste by waste management operations,A,Annual,RCY_C_D,Recycling - composting and digestion,THS_T,Thousand tonnes,PT,Portugal,2016,,814,,,,,
dataflow,ESTAT:ENV_WASMUN(1.0),Municipal waste by waste management operations,A,Annual,RCY_C_D,Recycling - composting and digestion,THS_T,Thousand tonnes,PT,Portugal,2017,,854,,,,,
dataflow,ESTAT:ENV_WASMUN(1.0),Municipal waste by waste management operations,A,Annual,RCY_C_D,Recycling - composting and digestion,THS_T,Thousand tonnes,PT,Portugal,2018,,881,,,,,
dataflow,ESTAT:ENV_WASMUN(1.0),Municipal waste by waste management operations,A,Annual,RCY_C_D,Recycling - composting and digestion,THS_T,Thousand tonnes,PT,Portugal,2019,,883,,,,,
dataflow,ESTAT:ENV_WASMUN(1.0),Municipal waste by waste management operations,A,Annual,RCY_C_D,Recycling - composting and digestion,THS_T,Thousand tonnes,PT,Portugal,2020,,740,,,,,
dataflow,ESTAT:ENV_WASMUN(1.0),Municipal waste by waste management operations,A,Annual,RCY_C_D,Recycling - composting and digestion,THS_T,Thousand tonnes,PT,Portugal,2021,,893,,,,,
dataflow,ESTAT:ENV_WASMUN(1.0),Municipal waste by waste management operations,A,Annual,RCY_C_D,Recycling - composting and digestion,THS_T,Thousand tonnes,PT,Portugal,2022,,911,,,,,
dataflow,ESTAT:ENV_WASMUN(1.0),Municipal waste by waste management operations,A,Annual,RCY_C_D,Recycling - composting and digestion,THS_T,Thousand tonnes,PT,Portugal,2023,,935,,,,,
dataflow,ESTAT:ENV_WASMUN(1.0),Municipal waste by waste management operations,A,Annual,RCY_C_D,Recycling - composting and digestion,THS_T,Thousand tonnes,RO,Romania,1995,,0,,,,,
dataflow,ESTAT:ENV_WASMUN(1.0),Municipal waste by waste management operations,A,Annual,RCY_C_D,Recycling - composting and digestion,THS_T,Thousand tonnes,RO,Romania,1996,,0,,,,,
dataflow,ESTAT:ENV_WASMUN(1.0),Municipal waste by waste management operations,A,Annual,RCY_C_D,Recycling - composting and digestion,THS_T,Thousand tonnes,RO,Romania,1997,,0,,,,,
dataflow,ESTAT:ENV_WASMUN(1.0),Municipal waste by waste management operations,A,Annual,RCY_C_D,Recycling - composting and digestion,THS_T,Thousand tonnes,RO,Romania,1998,,0,,,,,
dataflow,ESTAT:ENV_WASMUN(1.0),Municipal waste by waste management operations,A,Annual,RCY_C_D,Recycling - composting and digestion,THS_T,Thousand tonnes,RO,Romania,1999,,0,,,,,
dataflow,ESTAT:ENV_WASMUN(1.0),Municipal waste by waste management operations,A,Annual,RCY_C_D,Recycling - composting and digestion,THS_T,Thousand tonnes,RO,Romania,2000,,0,,,,,
dataflow,ESTAT:ENV_WASMUN(1.0),Municipal waste by waste management operations,A,Annual,RCY_C_D,Recycling - composting and digestion,THS_T,Thousand tonnes,RO,Romania,2001,,0,,,,,
dataflow,ESTAT:ENV_WASMUN(1.0),Municipal waste by waste management operations,A,Annual,RCY_C_D,Recycling - composting and digestion,THS_T,Thousand tonnes,RO,Romania,2002,,0,,,,,
dataflow,ESTAT:ENV_WASMUN(1.0),Municipal waste by waste management operations,A,Annual,RCY_C_D,Recycling - composting and digestion,THS_T,Thousand tonnes,RO,Romania,2003,,0,,,,,
dataflow,ESTAT:ENV_WASMUN(1.0),Municipal waste by waste management operations,A,Annual,RCY_C_D,Recycling - composting and digestion,THS_T,Thousand tonnes,RO,Romania,2004,,0,,,,,
dataflow,ESTAT:ENV_WASMUN(1.0),Municipal waste by waste management operations,A,Annual,RCY_C_D,Recycling - composting and digestion,THS_T,Thousand tonnes,RO,Romania,2005,,0,,,,,
dataflow,ESTAT:ENV_WASMUN(1.0),Municipal waste by waste management operations,A,Annual,RCY_C_D,Recycling - composting and digestion,THS_T,Thousand tonnes,RO,Romania,2006,,0,,,,,
dataflow,ESTAT:ENV_WASMUN(1.0),Municipal waste by waste management operations,A,Annual,RCY_C_D,Recycling - composting and digestion,THS_T,Thousand tonnes,RO,Romania,2007,,2,,,,,
dataflow,ESTAT:ENV_WASMUN(1.0),Municipal waste by waste management operations,A,Annual,RCY_C_D,Recycling - composting and digestion,THS_T,Thousand tonnes,RO,Romania,2008,,3,,,,,
dataflow,ESTAT:ENV_WASMUN(1.0),Municipal waste by waste management operations,A,Annual,RCY_C_D,Recycling - composting and digestion,THS_T,Thousand tonnes,RO,Romania,2009,,4,,,,,
dataflow,ESTAT:ENV_WASMUN(1.0),Municipal waste by waste management operations,A,Annual,RCY_C_D,Recycling - composting and digestion,THS_T,Thousand tonnes,RO,Romania,2010,,650,,b,break in time series,,
dataflow,ESTAT:ENV_WASMUN(1.0),Municipal waste by waste management operations,A,Annual,RCY_C_D,Recycling - composting and digestion,THS_T,Thousand tonnes,RO,Romania,2011,,436,,,,,
dataflow,ESTAT:ENV_WASMUN(1.0),Municipal waste by waste management operations,A,Annual,RCY_C_D,Recycling - composting and digestion,THS_T,Thousand tonnes,RO,Romania,2012,,580,,,,,
dataflow,ESTAT:ENV_WASMUN(1.0),Municipal waste by waste management operations,A,Annual,RCY_C_D,Recycling - composting and digestion,THS_T,Thousand tonnes,RO,Romania,2013,,455,,,,,
dataflow,ESTAT:ENV_WASMUN(1.0),Municipal waste by waste management operations,A,Annual,RCY_C_D,Recycling - composting and digestion,THS_T,Thousand tonnes,RO,Romania,2014,,391,,,,,
dataflow,ESTAT:ENV_WASMUN(1.0),Municipal waste by waste management operations,A,Annual,RCY_C_D,Recycling - composting and digestion,THS_T,Thousand tonnes,RO,Romania,2015,,365,,,,,
dataflow,ESTAT:ENV_WASMUN(1.0),Municipal waste by waste management operations,A,Annual,RCY_C_D,Recycling - composting and digestion,THS_T,Thousand tonnes,RO,Romania,2016,,352,,,,,
dataflow,ESTAT:ENV_WASMUN(1.0),Municipal waste by waste management operations,A,Annual,RCY_C_D,Recycling - composting and digestion,THS_T,Thousand tonnes,RO,Romania,2017,,353,,,,,
dataflow,ESTAT:ENV_WASMUN(1.0),Municipal waste by waste management operations,A,Annual,RCY_C_D,Recycling - composting and digestion,THS_T,Thousand tonnes,RO,Romania,2018,,181,,,,,
dataflow,ESTAT:ENV_WASMUN(1.0),Municipal waste by waste management operations,A,Annual,RCY_C_D,Recycling - composting and digestion,THS_T,Thousand tonnes,RO,Romania,2019,,239,,,,,
dataflow,ESTAT:ENV_WASMUN(1.0),Municipal waste by waste management operations,A,Annual,RCY_C_D,Recycling - composting and digestion,THS_T,Thousand tonnes,RO,Romania,2020,,353,,,,,
dataflow,ESTAT:ENV_WASMUN(1.0),Municipal waste by waste management operations,A,Annual,RCY_C_D,Recycling - composting and digestion,THS_T,Thousand tonnes,RO,Romania,2021,,270,,,,,
dataflow,ESTAT:ENV_WASMUN(1.0),Municipal waste by waste management operations,A,Annual,RCY_C_D,Recycling - composting and digestion,THS_T,Thousand tonnes,RO,Romania,2022,,291,,,,,
dataflow,ESTAT:ENV_WASMUN(1.0),Municipal waste by waste management operations,A,Annual,RCY_C_D,Recycling - composting and digestion,THS_T,Thousand tonnes,RS,Serbia,2006,,0,,,,,
dataflow,ESTAT:ENV_WASMUN(1.0),Municipal waste by waste management operations,A,Annual,RCY_C_D,Recycling - composting and digestion,THS_T,Thousand tonnes,RS,Serbia,2007,,0,,,,,
dataflow,ESTAT:ENV_WASMUN(1.0),Municipal waste by waste management operations,A,Annual,RCY_C_D,Recycling - composting and digestion,THS_T,Thousand tonnes,RS,Serbia,2008,,0,,,,,
dataflow,ESTAT:ENV_WASMUN(1.0),Municipal waste by waste management operations,A,Annual,RCY_C_D,Recycling - composting and digestion,THS_T,Thousand tonnes,RS,Serbia,2009,,0,,,,,
dataflow,ESTAT:ENV_WASMUN(1.0),Municipal waste by waste management operations,A,Annual,RCY_C_D,Recycling - composting and digestion,THS_T,Thousand tonnes,RS,Serbia,2010,,0,,,,,
dataflow,ESTAT:ENV_WASMUN(1.0),Municipal waste by waste management operations,A,Annual,RCY_C_D,Recycling - composting and digestion,THS_T,Thousand tonnes,RS,Serbia,2011,,0,,,,,
dataflow,ESTAT:ENV_WASMUN(1.0),Municipal waste by waste management operations,A,Annual,RCY_C_D,Recycling - composting and digestion,THS_T,Thousand tonnes,RS,Serbia,2012,,0,,,,,
dataflow,ESTAT:ENV_WASMUN(1.0),Municipal waste by waste management operations,A,Annual,RCY_C_D,Recycling - composting and digestion,THS_T,Thousand tonnes,RS,Serbia,2013,,0,,,,,
dataflow,ESTAT:ENV_WASMUN(1.0),Municipal waste by waste management operations,A,Annual,RCY_C_D,Recycling - composting and digestion,THS_T,Thousand tonnes,RS,Serbia,2014,,0,,,,,
dataflow,ESTAT:ENV_WASMUN(1.0),Municipal waste by waste management operations,A,Annual,RCY_C_D,Recycling - composting and digestion,THS_T,Thousand tonnes,RS,Serbia,2015,,0,,,,,
dataflow,ESTAT:ENV_WASMUN(1.0),Municipal waste by waste management operations,A,Annual,RCY_C_D,Recycling - composting and digestion,THS_T,Thousand tonnes,RS,Serbia,2016,,0,,,,,
dataflow,ESTAT:ENV_WASMUN(1.0),Municipal waste by waste management operations,A,Annual,RCY_C_D,Recycling - composting and digestion,THS_T,Thousand tonnes,RS,Serbia,2017,,0,,,,,
dataflow,ESTAT:ENV_WASMUN(1.0),Municipal waste by waste management operations,A,Annual,RCY_C_D,Recycling - composting and digestion,THS_T,Thousand tonnes,RS,Serbia,2018,,0,,,,,
dataflow,ESTAT:ENV_WASMUN(1.0),Municipal waste by waste management operations,A,Annual,RCY_C_D,Recycling - composting and digestion,THS_T,Thousand tonnes,RS,Serbia,2020,,11,,,,,
dataflow,ESTAT:ENV_WASMUN(1.0),Municipal waste by waste management operations,A,Annual,RCY_C_D,Recycling - composting and digestion,THS_T,Thousand tonnes,RS,Serbia,2021,,12,,,,,
dataflow,ESTAT:ENV_WASMUN(1.0),Municipal waste by waste management operations,A,Annual,RCY_C_D,Recycling - composting and digestion,THS_T,Thousand tonnes,RS,Serbia,2022,,9,,,,,
dataflow,ESTAT:ENV_WASMUN(1.0),Municipal waste by waste management operations,A,Annual,RCY_C_D,Recycling - composting and digestion,THS_T,Thousand tonnes,RS,Serbia,2023,,11,,,,,
dataflow,ESTAT:ENV_WASMUN(1.0),Municipal waste by waste management operations,A,Annual,RCY_C_D,Recycling - composting and digestion,THS_T,Thousand tonnes,SE,Sweden,1995,,210,,,,,
dataflow,ESTAT:ENV_WASMUN(1.0),Municipal waste by waste management operations,A,Annual,RCY_C_D,Recycling - composting and digestion,THS_T,Thousand tonnes,SE,Sweden,1996,,240,,,,,
dataflow,ESTAT:ENV_WASMUN(1.0),Municipal waste by waste management operations,A,Annual,RCY_C_D,Recycling - composting and digestion,THS_T,Thousand tonnes,SE,Sweden,1997,,275,,,,,
dataflow,ESTAT:ENV_WASMUN(1.0),Municipal waste by waste management operations,A,Annual,RCY_C_D,Recycling - composting and digestion,THS_T,Thousand tonnes,SE,Sweden,1998,,309,,,,,
dataflow,ESTAT:ENV_WASMUN(1.0),Municipal waste by waste management operations,A,Annual,RCY_C_D,Recycling - composting and digestion,THS_T,Thousand tonnes,SE,Sweden,1999,,320,,,,,
dataflow,ESTAT:ENV_WASMUN(1.0),Municipal waste by waste management operations,A,Annual,RCY_C_D,Recycling - composting and digestion,THS_T,Thousand tonnes,SE,Sweden,2000,,360,,,,,
dataflow,ESTAT:ENV_WASMUN(1.0),Municipal waste by waste management operations,A,Annual,RCY_C_D,Recycling - composting and digestion,THS_T,Thousand tonnes,SE,Sweden,2001,,388,,,,,
dataflow,ESTAT:ENV_WASMUN(1.0),Municipal waste by waste management operations,A,Annual,RCY_C_D,Recycling - composting and digestion,THS_T,Thousand tonnes,SE,Sweden,2002,,354,,,,,
dataflow,ESTAT:ENV_WASMUN(1.0),Municipal waste by waste management operations,A,Annual,RCY_C_D,Recycling - composting and digestion,THS_T,Thousand tonnes,SE,Sweden,2003,,403,,,,,
dataflow,ESTAT:ENV_WASMUN(1.0),Municipal waste by waste management operations,A,Annual,RCY_C_D,Recycling - composting and digestion,THS_T,Thousand tonnes,SE,Sweden,2004,,434,,,,,
dataflow,ESTAT:ENV_WASMUN(1.0),Municipal waste by waste management operations,A,Annual,RCY_C_D,Recycling - composting and digestion,THS_T,Thousand tonnes,SE,Sweden,2005,,454,,,,,
dataflow,ESTAT:ENV_WASMUN(1.0),Municipal waste by waste management operations,A,Annual,RCY_C_D,Recycling - composting and digestion,THS_T,Thousand tonnes,SE,Sweden,2006,,470,,,,,
dataflow,ESTAT:ENV_WASMUN(1.0),Municipal waste by waste management operations,A,Annual,RCY_C_D,Recycling - composting and digestion,THS_T,Thousand tonnes,SE,Sweden,2007,,491,,,,,
dataflow,ESTAT:ENV_WASMUN(1.0),Municipal waste by waste management operations,A,Annual,RCY_C_D,Recycling - composting and digestion,THS_T,Thousand tonnes,SE,Sweden,2008,,522,,,,,
dataflow,ESTAT:ENV_WASMUN(1.0),Municipal waste by waste management operations,A,Annual,RCY_C_D,Recycling - composting and digestion,THS_T,Thousand tonnes,SE,Sweden,2009,,555,,,,,
dataflow,ESTAT:ENV_WASMUN(1.0),Municipal waste by waste management operations,A,Annual,RCY_C_D,Recycling - composting and digestion,THS_T,Thousand tonnes,SE,Sweden,2010,,564,,,,,
dataflow,ESTAT:ENV_WASMUN(1.0),Municipal waste by waste management operations,A,Annual,RCY_C_D,Recycling - composting and digestion,THS_T,Thousand tonnes,SE,Sweden,2011,,602,,,,,
dataflow,ESTAT:ENV_WASMUN(1.0),Municipal waste by waste management operations,A,Annual,RCY_C_D,Recycling - composting and digestion,THS_T,Thousand tonnes,SE,Sweden,2012,,621,,,,,
dataflow,ESTAT:ENV_WASMUN(1.0),Municipal waste by waste management operations,A,Annual,RCY_C_D,Recycling - composting and digestion,THS_T,Thousand tonnes,SE,Sweden,2013,,663,,,,,
dataflow,ESTAT:ENV_WASMUN(1.0),Municipal waste by waste management operations,A,Annual,RCY_C_D,Recycling - composting and digestion,THS_T,Thousand tonnes,SE,Sweden,2014,,699,,,,,
dataflow,ESTAT:ENV_WASMUN(1.0),Municipal waste by waste management operations,A,Annual,RCY_C_D,Recycling - composting and digestion,THS_T,Thousand tonnes,SE,Sweden,2015,,684,,,,,
dataflow,ESTAT:ENV_WASMUN(1.0),Municipal waste by waste management operations,A,Annual,RCY_C_D,Recycling - composting and digestion,THS_T,Thousand tonnes,SE,Sweden,2016,,715,,,,,
dataflow,ESTAT:ENV_WASMUN(1.0),Municipal waste by waste management operations,A,Annual,RCY_C_D,Recycling - composting and digestion,THS_T,Thousand tonnes,SE,Sweden,2017,,704,,,,,
dataflow,ESTAT:ENV_WASMUN(1.0),Municipal waste by waste management operations,A,Annual,RCY_C_D,Recycling - composting and digestion,THS_T,Thousand tonnes,SE,Sweden,2018,,704,,,,,
dataflow,ESTAT:ENV_WASMUN(1.0),Municipal waste by waste management operations,A,Annual,RCY_C_D,Recycling - composting and digestion,THS_T,Thousand tonnes,SE,Sweden,2019,,653,,,,,
dataflow,ESTAT:ENV_WASMUN(1.0),Municipal waste by waste management operations,A,Annual,RCY_C_D,Recycling - composting and digestion,THS_T,Thousand tonnes,SE,Sweden,2020,,808,,b,break in time series,,
dataflow,ESTAT:ENV_WASMUN(1.0),Municipal waste by waste management operations,A,Annual,RCY_C_D,Recycling - composting and digestion,THS_T,Thousand tonnes,SE,Sweden,2021,,851,,,,,
dataflow,ESTAT:ENV_WASMUN(1.0),Municipal waste by waste management operations,A,Annual,RCY_C_D,Recycling - composting and digestion,THS_T,Thousand tonnes,SE,Sweden,2022,,782,,,,,
dataflow,ESTAT:ENV_WASMUN(1.0),Municipal waste by waste management operations,A,Annual,RCY_C_D,Recycling - composting and digestion,THS_T,Thousand tonnes,SE,Sweden,2023,,789,,,,,
dataflow,ESTAT:ENV_WASMUN(1.0),Municipal waste by waste management operations,A,Annual,RCY_C_D,Recycling - composting and digestion,THS_T,Thousand tonnes,SI,Slovenia,1995,,3,,,,,
dataflow,ESTAT:ENV_WASMUN(1.0),Municipal waste by waste management operations,A,Annual,RCY_C_D,Recycling - composting and digestion,THS_T,Thousand tonnes,SI,Slovenia,1996,,8,,,,,
dataflow,ESTAT:ENV_WASMUN(1.0),Municipal waste by waste management operations,A,Annual,RCY_C_D,Recycling - composting and digestion,THS_T,Thousand tonnes,SI,Slovenia,1997,,16,,,,,
dataflow,ESTAT:ENV_WASMUN(1.0),Municipal waste by waste management operations,A,Annual,RCY_C_D,Recycling - composting and digestion,THS_T,Thousand tonnes,SI,Slovenia,1998,,21,,,,,
dataflow,ESTAT:ENV_WASMUN(1.0),Municipal waste by waste management operations,A,Annual,RCY_C_D,Recycling - composting and digestion,THS_T,Thousand tonnes,SI,Slovenia,1999,,19,,,,,
dataflow,ESTAT:ENV_WASMUN(1.0),Municipal waste by waste management operations,A,Annual,RCY_C_D,Recycling - composting and digestion,THS_T,Thousand tonnes,SI,Slovenia,2000,,14,,,,,
dataflow,ESTAT:ENV_WASMUN(1.0),Municipal waste by waste management operations,A,Annual,RCY_C_D,Recycling - composting and digestion,THS_T,Thousand tonnes,SI,Slovenia,2001,,12,,,,,
dataflow,ESTAT:ENV_WASMUN(1.0),Municipal waste by waste management operations,A,Annual,RCY_C_D,Recycling - composting and digestion,THS_T,Thousand tonnes,SI,Slovenia,2002,,11,,,,,
dataflow,ESTAT:ENV_WASMUN(1.0),Municipal waste by waste management operations,A,Annual,RCY_C_D,Recycling - composting and digestion,THS_T,Thousand tonnes,SI,Slovenia,2003,,13,,,,,
dataflow,ESTAT:ENV_WASMUN(1.0),Municipal waste by waste management operations,A,Annual,RCY_C_D,Recycling - composting and digestion,THS_T,Thousand tonnes,SI,Slovenia,2004,,15,,,,,
dataflow,ESTAT:ENV_WASMUN(1.0),Municipal waste by waste management operations,A,Annual,RCY_C_D,Recycling - composting and digestion,THS_T,Thousand tonnes,SI,Slovenia,2005,,15,,,,,
dataflow,ESTAT:ENV_WASMUN(1.0),Municipal waste by waste management operations,A,Annual,RCY_C_D,Recycling - composting and digestion,THS_T,Thousand tonnes,SI,Slovenia,2006,,15,,,,,
dataflow,ESTAT:ENV_WASMUN(1.0),Municipal waste by waste management operations,A,Annual,RCY_C_D,Recycling - composting and digestion,THS_T,Thousand tonnes,SI,Slovenia,2007,,15,,,,,
dataflow,ESTAT:ENV_WASMUN(1.0),Municipal waste by waste management operations,A,Annual,RCY_C_D,Recycling - composting and digestion,THS_T,Thousand tonnes,SI,Slovenia,2008,,17,,,,,
dataflow,ESTAT:ENV_WASMUN(1.0),Municipal waste by waste management operations,A,Annual,RCY_C_D,Recycling - composting and digestion,THS_T,Thousand tonnes,SI,Slovenia,2009,,20,,,,,
dataflow,ESTAT:ENV_WASMUN(1.0),Municipal waste by waste management operations,A,Annual,RCY_C_D,Recycling - composting and digestion,THS_T,Thousand tonnes,SI,Slovenia,2010,,22,,,,,
dataflow,ESTAT:ENV_WASMUN(1.0),Municipal waste by waste management operations,A,Annual,RCY_C_D,Recycling - composting and digestion,THS_T,Thousand tonnes,SI,Slovenia,2011,,45,,,,,
dataflow,ESTAT:ENV_WASMUN(1.0),Municipal waste by waste management operations,A,Annual,RCY_C_D,Recycling - composting and digestion,THS_T,Thousand tonnes,SI,Slovenia,2012,,42,,,,,
dataflow,ESTAT:ENV_WASMUN(1.0),Municipal waste by waste management operations,A,Annual,RCY_C_D,Recycling - composting and digestion,THS_T,Thousand tonnes,SI,Slovenia,2013,,58,,,,,
dataflow,ESTAT:ENV_WASMUN(1.0),Municipal waste by waste management operations,A,Annual,RCY_C_D,Recycling - composting and digestion,THS_T,Thousand tonnes,SI,Slovenia,2014,,62,,,,,
dataflow,ESTAT:ENV_WASMUN(1.0),Municipal waste by waste management operations,A,Annual,RCY_C_D,Recycling - composting and digestion,THS_T,Thousand tonnes,SI,Slovenia,2015,,71,,e,estimated,,
dataflow,ESTAT:ENV_WASMUN(1.0),Municipal waste by waste management operations,A,Annual,RCY_C_D,Recycling - composting and digestion,THS_T,Thousand tonnes,SI,Slovenia,2016,,144,,e,estimated,,
dataflow,ESTAT:ENV_WASMUN(1.0),Municipal waste by waste management operations,A,Annual,RCY_C_D,Recycling - composting and digestion,THS_T,Thousand tonnes,SI,Slovenia,2017,,151,,,,,
dataflow,ESTAT:ENV_WASMUN(1.0),Municipal waste by waste management operations,A,Annual,RCY_C_D,Recycling - composting and digestion,THS_T,Thousand tonnes,SI,Slovenia,2018,,165,,,,,
dataflow,ESTAT:ENV_WASMUN(1.0),Municipal waste by waste management operations,A,Annual,RCY_C_D,Recycling - composting and digestion,THS_T,Thousand tonnes,SI,Slovenia,2019,,176,,,,,
dataflow,ESTAT:ENV_WASMUN(1.0),Municipal waste by waste management operations,A,Annual,RCY_C_D,Recycling - composting and digestion,THS_T,Thousand tonnes,SI,Slovenia,2020,,147,,,,,
dataflow,ESTAT:ENV_WASMUN(1.0),Municipal waste by waste management operations,A,Annual,RCY_C_D,Recycling - composting and digestion,THS_T,Thousand tonnes,SI,Slovenia,2021,,152,,,,,
dataflow,ESTAT:ENV_WASMUN(1.0),Municipal waste by waste management operations,A,Annual,RCY_C_D,Recycling - composting and digestion,THS_T,Thousand tonnes,SI,Slovenia,2022,,165,,,,,
dataflow,ESTAT:ENV_WASMUN(1.0),Municipal waste by waste management operations,A,Annual,RCY_C_D,Recycling - composting and digestion,THS_T,Thousand tonnes,SI,Slovenia,2023,,164,,,,,
dataflow,ESTAT:ENV_WASMUN(1.0),Municipal waste by waste management operations,A,Annual,RCY_C_D,Recycling - composting and digestion,THS_T,Thousand tonnes,SK,Slovakia,1995,,20,,i,value imputed by Eurostat or other receiving agencies,,
dataflow,ESTAT:ENV_WASMUN(1.0),Municipal waste by waste management operations,A,Annual,RCY_C_D,Recycling - composting and digestion,THS_T,Thousand tonnes,SK,Slovakia,1996,,19,,i,value imputed by Eurostat or other receiving agencies,,
dataflow,ESTAT:ENV_WASMUN(1.0),Municipal waste by waste management operations,A,Annual,RCY_C_D,Recycling - composting and digestion,THS_T,Thousand tonnes,SK,Slovakia,1997,,39,,e,estimated,,
dataflow,ESTAT:ENV_WASMUN(1.0),Municipal waste by waste management operations,A,Annual,RCY_C_D,Recycling - composting and digestion,THS_T,Thousand tonnes,SK,Slovakia,1998,,38,,,,,
dataflow,ESTAT:ENV_WASMUN(1.0),Municipal waste by waste management operations,A,Annual,RCY_C_D,Recycling - composting and digestion,THS_T,Thousand tonnes,SK,Slovakia,1999,,39,,,,,
dataflow,ESTAT:ENV_WASMUN(1.0),Municipal waste by waste management operations,A,Annual,RCY_C_D,Recycling - composting and digestion,THS_T,Thousand tonnes,SK,Slovakia,2000,,36,,,,,
dataflow,ESTAT:ENV_WASMUN(1.0),Municipal waste by waste management operations,A,Annual,RCY_C_D,Recycling - composting and digestion,THS_T,Thousand tonnes,SK,Slovakia,2001,,34,,,,,
dataflow,ESTAT:ENV_WASMUN(1.0),Municipal waste by waste management operations,A,Annual,RCY_C_D,Recycling - composting and digestion,THS_T,Thousand tonnes,SK,Slovakia,2002,,35,,,,,
dataflow,ESTAT:ENV_WASMUN(1.0),Municipal waste by waste management operations,A,Annual,RCY_C_D,Recycling - composting and digestion,THS_T,Thousand tonnes,SK,Slovakia,2003,,37,,,,,
dataflow,ESTAT:ENV_WASMUN(1.0),Municipal waste by waste management operations,A,Annual,RCY_C_D,Recycling - composting and digestion,THS_T,Thousand tonnes,SK,Slovakia,2004,,41,,,,,
dataflow,ESTAT:ENV_WASMUN(1.0),Municipal waste by waste management operations,A,Annual,RCY_C_D,Recycling - composting and digestion,THS_T,Thousand tonnes,SK,Slovakia,2005,,16,,b,break in time series,,
dataflow,ESTAT:ENV_WASMUN(1.0),Municipal waste by waste management operations,A,Annual,RCY_C_D,Recycling - composting and digestion,THS_T,Thousand tonnes,SK,Slovakia,2006,,48,,,,,
dataflow,ESTAT:ENV_WASMUN(1.0),Municipal waste by waste management operations,A,Annual,RCY_C_D,Recycling - composting and digestion,THS_T,Thousand tonnes,SK,Slovakia,2007,,65,,,,,
dataflow,ESTAT:ENV_WASMUN(1.0),Municipal waste by waste management operations,A,Annual,RCY_C_D,Recycling - composting and digestion,THS_T,Thousand tonnes,SK,Slovakia,2008,,64,,,,,
dataflow,ESTAT:ENV_WASMUN(1.0),Municipal waste by waste management operations,A,Annual,RCY_C_D,Recycling - composting and digestion,THS_T,Thousand tonnes,SK,Slovakia,2009,,64,,,,,
dataflow,ESTAT:ENV_WASMUN(1.0),Municipal waste by waste management operations,A,Annual,RCY_C_D,Recycling - composting and digestion,THS_T,Thousand tonnes,SK,Slovakia,2010,,59,,,,,
dataflow,ESTAT:ENV_WASMUN(1.0),Municipal waste by waste management operations,A,Annual,RCY_C_D,Recycling - composting and digestion,THS_T,Thousand tonnes,SK,Slovakia,2011,,69,,,,,
dataflow,ESTAT:ENV_WASMUN(1.0),Municipal waste by waste management operations,A,Annual,RCY_C_D,Recycling - composting and digestion,THS_T,Thousand tonnes,SK,Slovakia,2012,,81,,,,,
dataflow,ESTAT:ENV_WASMUN(1.0),Municipal waste by waste management operations,A,Annual,RCY_C_D,Recycling - composting and digestion,THS_T,Thousand tonnes,SK,Slovakia,2013,,69,,,,,
dataflow,ESTAT:ENV_WASMUN(1.0),Municipal waste by waste management operations,A,Annual,RCY_C_D,Recycling - composting and digestion,THS_T,Thousand tonnes,SK,Slovakia,2014,,91,,,,,
dataflow,ESTAT:ENV_WASMUN(1.0),Municipal waste by waste management operations,A,Annual,RCY_C_D,Recycling - composting and digestion,THS_T,Thousand tonnes,SK,Slovakia,2015,,130,,,,,
dataflow,ESTAT:ENV_WASMUN(1.0),Municipal waste by waste management operations,A,Annual,RCY_C_D,Recycling - composting and digestion,THS_T,Thousand tonnes,SK,Slovakia,2016,,143,,,,,
dataflow,ESTAT:ENV_WASMUN(1.0),Municipal waste by waste management operations,A,Annual,RCY_C_D,Recycling - composting and digestion,THS_T,Thousand tonnes,SK,Slovakia,2017,,181,,,,,
dataflow,ESTAT:ENV_WASMUN(1.0),Municipal waste by waste management operations,A,Annual,RCY_C_D,Recycling - composting and digestion,THS_T,Thousand tonnes,SK,Slovakia,2018,,215,,,,,
dataflow,ESTAT:ENV_WASMUN(1.0),Municipal waste by waste management operations,A,Annual,RCY_C_D,Recycling - composting and digestion,THS_T,Thousand tonnes,SK,Slovakia,2019,,269,,,,,
dataflow,ESTAT:ENV_WASMUN(1.0),Municipal waste by waste management operations,A,Annual,RCY_C_D,Recycling - composting and digestion,THS_T,Thousand tonnes,SK,Slovakia,2020,,355,,,,,
dataflow,ESTAT:ENV_WASMUN(1.0),Municipal waste by waste management operations,A,Annual,RCY_C_D,Recycling - composting and digestion,THS_T,Thousand tonnes,SK,Slovakia,2021,,420,,,,,
dataflow,ESTAT:ENV_WASMUN(1.0),Municipal waste by waste management operations,A,Annual,RCY_C_D,Recycling - composting and digestion,THS_T,Thousand tonnes,SK,Slovakia,2022,,430,,,,,
dataflow,ESTAT:ENV_WASMUN(1.0),Municipal waste by waste management operations,A,Annual,RCY_C_D,Recycling - composting and digestion,THS_T,Thousand tonnes,SK,Slovakia,2023,,451,,,,,
dataflow,ESTAT:ENV_WASMUN(1.0),Municipal waste by waste management operations,A,Annual,RCY_C_D,Recycling - composting and digestion,THS_T,Thousand tonnes,TR,Türkiye,1995,,159,,,,,
dataflow,ESTAT:ENV_WASMUN(1.0),Municipal waste by waste management operations,A,Annual,RCY_C_D,Recycling - composting and digestion,THS_T,Thousand tonnes,TR,Türkiye,1996,,179,,,,,
dataflow,ESTAT:ENV_WASMUN(1.0),Municipal waste by waste management operations,A,Annual,RCY_C_D,Recycling - composting and digestion,THS_T,Thousand tonnes,TR,Türkiye,1997,,180,,,,,
dataflow,ESTAT:ENV_WASMUN(1.0),Municipal waste by waste management operations,A,Annual,RCY_C_D,Recycling - composting and digestion,THS_T,Thousand tonnes,TR,Türkiye,1998,,166,,,,,
dataflow,ESTAT:ENV_WASMUN(1.0),Municipal waste by waste management operations,A,Annual,RCY_C_D,Recycling - composting and digestion,THS_T,Thousand tonnes,TR,Türkiye,1999,,225,,e,estimated,,
dataflow,ESTAT:ENV_WASMUN(1.0),Municipal waste by waste management operations,A,Annual,RCY_C_D,Recycling - composting and digestion,THS_T,Thousand tonnes,TR,Türkiye,2000,,239,,e,estimated,,
dataflow,ESTAT:ENV_WASMUN(1.0),Municipal waste by waste management operations,A,Annual,RCY_C_D,Recycling - composting and digestion,THS_T,Thousand tonnes,TR,Türkiye,2001,,218,,,,,
dataflow,ESTAT:ENV_WASMUN(1.0),Municipal waste by waste management operations,A,Annual,RCY_C_D,Recycling - composting and digestion,THS_T,Thousand tonnes,TR,Türkiye,2002,,383,,,,,
dataflow,ESTAT:ENV_WASMUN(1.0),Municipal waste by waste management operations,A,Annual,RCY_C_D,Recycling - composting and digestion,THS_T,Thousand tonnes,TR,Türkiye,2003,,326,,,,,
dataflow,ESTAT:ENV_WASMUN(1.0),Municipal waste by waste management operations,A,Annual,RCY_C_D,Recycling - composting and digestion,THS_T,Thousand tonnes,TR,Türkiye,2004,,351,,,,,
dataflow,ESTAT:ENV_WASMUN(1.0),Municipal waste by waste management operations,A,Annual,RCY_C_D,Recycling - composting and digestion,THS_T,Thousand tonnes,TR,Türkiye,2005,,339,,e,estimated,,
dataflow,ESTAT:ENV_WASMUN(1.0),Municipal waste by waste management operations,A,Annual,RCY_C_D,Recycling - composting and digestion,THS_T,Thousand tonnes,TR,Türkiye,2006,,255,,,,,
dataflow,ESTAT:ENV_WASMUN(1.0),Municipal waste by waste management operations,A,Annual,RCY_C_D,Recycling - composting and digestion,THS_T,Thousand tonnes,TR,Türkiye,2007,,334,,e,estimated,,
dataflow,ESTAT:ENV_WASMUN(1.0),Municipal waste by waste management operations,A,Annual,RCY_C_D,Recycling - composting and digestion,THS_T,Thousand tonnes,TR,Türkiye,2008,,276,,,,,
dataflow,ESTAT:ENV_WASMUN(1.0),Municipal waste by waste management operations,A,Annual,RCY_C_D,Recycling - composting and digestion,THS_T,Thousand tonnes,TR,Türkiye,2009,,315,,e,estimated,,
dataflow,ESTAT:ENV_WASMUN(1.0),Municipal waste by waste management operations,A,Annual,RCY_C_D,Recycling - composting and digestion,THS_T,Thousand tonnes,TR,Türkiye,2010,,194,,,,,
dataflow,ESTAT:ENV_WASMUN(1.0),Municipal waste by waste management operations,A,Annual,RCY_C_D,Recycling - composting and digestion,THS_T,Thousand tonnes,TR,Türkiye,2011,,291,,e,estimated,,
dataflow,ESTAT:ENV_WASMUN(1.0),Municipal waste by waste management operations,A,Annual,RCY_C_D,Recycling - composting and digestion,THS_T,Thousand tonnes,TR,Türkiye,2012,,155,,,,,
dataflow,ESTAT:ENV_WASMUN(1.0),Municipal waste by waste management operations,A,Annual,RCY_C_D,Recycling - composting and digestion,THS_T,Thousand tonnes,TR,Türkiye,2013,,160,,e,estimated,,
dataflow,ESTAT:ENV_WASMUN(1.0),Municipal waste by waste management operations,A,Annual,RCY_C_D,Recycling - composting and digestion,THS_T,Thousand tonnes,TR,Türkiye,2014,,126,,,,,
dataflow,ESTAT:ENV_WASMUN(1.0),Municipal waste by waste management operations,A,Annual,RCY_C_D,Recycling - composting and digestion,THS_T,Thousand tonnes,TR,Türkiye,2015,,154,,e,estimated,,
dataflow,ESTAT:ENV_WASMUN(1.0),Municipal waste by waste management operations,A,Annual,RCY_C_D,Recycling - composting and digestion,THS_T,Thousand tonnes,TR,Türkiye,2016,,146,,,,,
dataflow,ESTAT:ENV_WASMUN(1.0),Municipal waste by waste management operations,A,Annual,RCY_C_D,Recycling - composting and digestion,THS_T,Thousand tonnes,TR,Türkiye,2017,,148,,e,estimated,,
dataflow,ESTAT:ENV_WASMUN(1.0),Municipal waste by waste management operations,A,Annual,RCY_C_D,Recycling - composting and digestion,THS_T,Thousand tonnes,TR,Türkiye,2018,,123,,,,,
dataflow,ESTAT:ENV_WASMUN(1.0),Municipal waste by waste management operations,A,Annual,RCY_C_D,Recycling - composting and digestion,THS_T,Thousand tonnes,TR,Türkiye,2019,,125,,e,estimated,,
dataflow,ESTAT:ENV_WASMUN(1.0),Municipal waste by waste management operations,A,Annual,RCY_C_D,Recycling - composting and digestion,THS_T,Thousand tonnes,TR,Türkiye,2020,,117,,,,,
dataflow,ESTAT:ENV_WASMUN(1.0),Municipal waste by waste management operations,A,Annual,RCY_C_D,Recycling - composting and digestion,THS_T,Thousand tonnes,TR,Türkiye,2021,,119,,e,estimated,,
dataflow,ESTAT:ENV_WASMUN(1.0),Municipal waste by waste management operations,A,Annual,RCY_C_D,Recycling - composting and digestion,THS_T,Thousand tonnes,XK,Kosovo*,2020,,0,,,,,
dataflow,ESTAT:ENV_WASMUN(1.0),Municipal waste by waste management operations,A,Annual,RCY_C_D,Recycling - composting and digestion,THS_T,Thousand tonnes,XK,Kosovo*,2021,,0,,,,,
dataflow,ESTAT:ENV_WASMUN(1.0),Municipal waste by waste management operations,A,Annual,RCY_C_D,Recycling - composting and digestion,THS_T,Thousand tonnes,XK,Kosovo*,2022,,0,,,,,
dataflow,ESTAT:ENV_WASMUN(1.0),Municipal waste by waste management operations,A,Annual,RCY_M,Recycling - material,KG_HAB,Kilograms per capita,AL,Albania,2013,,78,,,,,
dataflow,ESTAT:ENV_WASMUN(1.0),Municipal waste by waste management operations,A,Annual,RCY_M,Recycling - material,KG_HAB,Kilograms per capita,AL,Albania,2014,,92,,,,,
dataflow,ESTAT:ENV_WASMUN(1.0),Municipal waste by waste management operations,A,Annual,RCY_M,Recycling - material,KG_HAB,Kilograms per capita,AL,Albania,2015,,89,,,,,
dataflow,ESTAT:ENV_WASMUN(1.0),Municipal waste by waste management operations,A,Annual,RCY_M,Recycling - material,KG_HAB,Kilograms per capita,AL,Albania,2016,,78,,,,,
dataflow,ESTAT:ENV_WASMUN(1.0),Municipal waste by waste management operations,A,Annual,RCY_M,Recycling - material,KG_HAB,Kilograms per capita,AL,Albania,2017,,76,,,,,
dataflow,ESTAT:ENV_WASMUN(1.0),Municipal waste by waste management operations,A,Annual,RCY_M,Recycling - material,KG_HAB,Kilograms per capita,AL,Albania,2018,,85,,,,,
dataflow,ESTAT:ENV_WASMUN(1.0),Municipal waste by waste management operations,A,Annual,RCY_M,Recycling - material,KG_HAB,Kilograms per capita,AL,Albania,2019,,71,,,,,
dataflow,ESTAT:ENV_WASMUN(1.0),Municipal waste by waste management operations,A,Annual,RCY_M,Recycling - material,KG_HAB,Kilograms per capita,AL,Albania,2020,,67,,,,,
dataflow,ESTAT:ENV_WASMUN(1.0),Municipal waste by waste management operations,A,Annual,RCY_M,Recycling - material,KG_HAB,Kilograms per capita,AL,Albania,2021,,58,,,,,
dataflow,ESTAT:ENV_WASMUN(1.0),Municipal waste by waste management operations,A,Annual,RCY_M,Recycling - material,KG_HAB,Kilograms per capita,AL,Albania,2022,,56,,,,,
dataflow,ESTAT:ENV_WASMUN(1.0),Municipal waste by waste management operations,A,Annual,RCY_M,Recycling - material,KG_HAB,Kilograms per capita,AT,Austria,1995,,103,,,,,
dataflow,ESTAT:ENV_WASMUN(1.0),Municipal waste by waste management operations,A,Annual,RCY_M,Recycling - material,KG_HAB,Kilograms per capita,AT,Austria,1996,,110,,,,,
dataflow,ESTAT:ENV_WASMUN(1.0),Municipal waste by waste management operations,A,Annual,RCY_M,Recycling - material,KG_HAB,Kilograms per capita,AT,Austria,1997,,118,,,,,
dataflow,ESTAT:ENV_WASMUN(1.0),Municipal waste by waste management operations,A,Annual,RCY_M,Recycling - material,KG_HAB,Kilograms per capita,AT,Austria,1998,,124,,,,,
dataflow,ESTAT:ENV_WASMUN(1.0),Municipal waste by waste management operations,A,Annual,RCY_M,Recycling - material,KG_HAB,Kilograms per capita,AT,Austria,1999,,133,,,,,
dataflow,ESTAT:ENV_WASMUN(1.0),Municipal waste by waste management operations,A,Annual,RCY_M,Recycling - material,KG_HAB,Kilograms per capita,AT,Austria,2000,,141,,,,,
dataflow,ESTAT:ENV_WASMUN(1.0),Municipal waste by waste management operations,A,Annual,RCY_M,Recycling - material,KG_HAB,Kilograms per capita,AT,Austria,2001,,140,,e,estimated,,
dataflow,ESTAT:ENV_WASMUN(1.0),Municipal waste by waste management operations,A,Annual,RCY_M,Recycling - material,KG_HAB,Kilograms per capita,AT,Austria,2002,,138,,e,estimated,,
dataflow,ESTAT:ENV_WASMUN(1.0),Municipal waste by waste management operations,A,Annual,RCY_M,Recycling - material,KG_HAB,Kilograms per capita,AT,Austria,2003,,137,,e,estimated,,
dataflow,ESTAT:ENV_WASMUN(1.0),Municipal waste by waste management operations,A,Annual,RCY_M,Recycling - material,KG_HAB,Kilograms per capita,AT,Austria,2004,,137,,,,,
dataflow,ESTAT:ENV_WASMUN(1.0),Municipal waste by waste management operations,A,Annual,RCY_M,Recycling - material,KG_HAB,Kilograms per capita,AT,Austria,2005,,143,,,,,
dataflow,ESTAT:ENV_WASMUN(1.0),Municipal waste by waste management operations,A,Annual,RCY_M,Recycling - material,KG_HAB,Kilograms per capita,AT,Austria,2006,,152,,,,,
dataflow,ESTAT:ENV_WASMUN(1.0),Municipal waste by waste management operations,A,Annual,RCY_M,Recycling - material,KG_HAB,Kilograms per capita,AT,Austria,2007,,159,,,,,
dataflow,ESTAT:ENV_WASMUN(1.0),Municipal waste by waste management operations,A,Annual,RCY_M,Recycling - material,KG_HAB,Kilograms per capita,AT,Austria,2008,,177,,,,,
dataflow,ESTAT:ENV_WASMUN(1.0),Municipal waste by waste management operations,A,Annual,RCY_M,Recycling - material,KG_HAB,Kilograms per capita,AT,Austria,2009,,179,,,,,
dataflow,ESTAT:ENV_WASMUN(1.0),Municipal waste by waste management operations,A,Annual,RCY_M,Recycling - material,KG_HAB,Kilograms per capita,AT,Austria,2010,,152,,,,,
dataflow,ESTAT:ENV_WASMUN(1.0),Municipal waste by waste management operations,A,Annual,RCY_M,Recycling - material,KG_HAB,Kilograms per capita,AT,Austria,2011,,137,,,,,
dataflow,ESTAT:ENV_WASMUN(1.0),Municipal waste by waste management operations,A,Annual,RCY_M,Recycling - material,KG_HAB,Kilograms per capita,AT,Austria,2012,,139,,,,,
dataflow,ESTAT:ENV_WASMUN(1.0),Municipal waste by waste management operations,A,Annual,RCY_M,Recycling - material,KG_HAB,Kilograms per capita,AT,Austria,2013,,142,,,,,
dataflow,ESTAT:ENV_WASMUN(1.0),Municipal waste by waste management operations,A,Annual,RCY_M,Recycling - material,KG_HAB,Kilograms per capita,AT,Austria,2014,,144,,,,,
dataflow,ESTAT:ENV_WASMUN(1.0),Municipal waste by waste management operations,A,Annual,RCY_M,Recycling - material,KG_HAB,Kilograms per capita,AT,Austria,2015,,144,,,,,
dataflow,ESTAT:ENV_WASMUN(1.0),Municipal waste by waste management operations,A,Annual,RCY_M,Recycling - material,KG_HAB,Kilograms per capita,AT,Austria,2016,,144,,,,,
dataflow,ESTAT:ENV_WASMUN(1.0),Municipal waste by waste management operations,A,Annual,RCY_M,Recycling - material,KG_HAB,Kilograms per capita,AT,Austria,2017,,147,,,,,
dataflow,ESTAT:ENV_WASMUN(1.0),Municipal waste by waste management operations,A,Annual,RCY_M,Recycling - material,KG_HAB,Kilograms per capita,AT,Austria,2018,,147,,,,,
dataflow,ESTAT:ENV_WASMUN(1.0),Municipal waste by waste management operations,A,Annual,RCY_M,Recycling - material,KG_HAB,Kilograms per capita,AT,Austria,2019,,154,,,,,
dataflow,ESTAT:ENV_WASMUN(1.0),Municipal waste by waste management operations,A,Annual,RCY_M,Recycling - material,KG_HAB,Kilograms per capita,AT,Austria,2020,,337,,b,break in time series,,
dataflow,ESTAT:ENV_WASMUN(1.0),Municipal waste by waste management operations,A,Annual,RCY_M,Recycling - material,KG_HAB,Kilograms per capita,AT,Austria,2021,,343,,,,,
dataflow,ESTAT:ENV_WASMUN(1.0),Municipal waste by waste management operations,A,Annual,RCY_M,Recycling - material,KG_HAB,Kilograms per capita,AT,Austria,2022,,334,,,,,
dataflow,ESTAT:ENV_WASMUN(1.0),Municipal waste by waste management operations,A,Annual,RCY_M,Recycling - material,KG_HAB,Kilograms per capita,BA,Bosnia and Herzegovina,2008,,0,,,,,
dataflow,ESTAT:ENV_WASMUN(1.0),Municipal waste by waste management operations,A,Annual,RCY_M,Recycling - material,KG_HAB,Kilograms per capita,BA,Bosnia and Herzegovina,2009,,0,,,,,
dataflow,ESTAT:ENV_WASMUN(1.0),Municipal waste by waste management operations,A,Annual,RCY_M,Recycling - material,KG_HAB,Kilograms per capita,BA,Bosnia and Herzegovina,2010,,0,,,,,
dataflow,ESTAT:ENV_WASMUN(1.0),Municipal waste by waste management operations,A,Annual,RCY_M,Recycling - material,KG_HAB,Kilograms per capita,BA,Bosnia and Herzegovina,2011,,0,,,,,
dataflow,ESTAT:ENV_WASMUN(1.0),Municipal waste by waste management operations,A,Annual,RCY_M,Recycling - material,KG_HAB,Kilograms per capita,BA,Bosnia and Herzegovina,2012,,0,,,,,
dataflow,ESTAT:ENV_WASMUN(1.0),Municipal waste by waste management operations,A,Annual,RCY_M,Recycling - material,KG_HAB,Kilograms per capita,BA,Bosnia and Herzegovina,2013,,0,,,,,
dataflow,ESTAT:ENV_WASMUN(1.0),Municipal waste by waste management operations,A,Annual,RCY_M,Recycling - material,KG_HAB,Kilograms per capita,BA,Bosnia and Herzegovina,2014,,0,,,,,
dataflow,ESTAT:ENV_WASMUN(1.0),Municipal waste by waste management operations,A,Annual,RCY_M,Recycling - material,KG_HAB,Kilograms per capita,BA,Bosnia and Herzegovina,2015,,0,,,,,
dataflow,ESTAT:ENV_WASMUN(1.0),Municipal waste by waste management operations,A,Annual,RCY_M,Recycling - material,KG_HAB,Kilograms per capita,BA,Bosnia and Herzegovina,2016,,0,,,,,
dataflow,ESTAT:ENV_WASMUN(1.0),Municipal waste by waste management operations,A,Annual,RCY_M,Recycling - material,KG_HAB,Kilograms per capita,BA,Bosnia and Herzegovina,2017,,0,,,,,
dataflow,ESTAT:ENV_WASMUN(1.0),Municipal waste by waste management operations,A,Annual,RCY_M,Recycling - material,KG_HAB,Kilograms per capita,BA,Bosnia and Herzegovina,2022,,2,,,,,
dataflow,ESTAT:ENV_WASMUN(1.0),Municipal waste by waste management operations,A,Annual,RCY_M,Recycling - material,KG_HAB,Kilograms per capita,BE,Belgium,1995,,51,,,,,
dataflow,ESTAT:ENV_WASMUN(1.0),Municipal waste by waste management operations,A,Annual,RCY_M,Recycling - material,KG_HAB,Kilograms per capita,BE,Belgium,1996,,65,,,,,
dataflow,ESTAT:ENV_WASMUN(1.0),Municipal waste by waste management operations,A,Annual,RCY_M,Recycling - material,KG_HAB,Kilograms per capita,BE,Belgium,1997,,83,,,,,
dataflow,ESTAT:ENV_WASMUN(1.0),Municipal waste by waste management operations,A,Annual,RCY_M,Recycling - material,KG_HAB,Kilograms per capita,BE,Belgium,1998,,106,,,,,
dataflow,ESTAT:ENV_WASMUN(1.0),Municipal waste by waste management operations,A,Annual,RCY_M,Recycling - material,KG_HAB,Kilograms per capita,BE,Belgium,1999,,119,,,,,
dataflow,ESTAT:ENV_WASMUN(1.0),Municipal waste by waste management operations,A,Annual,RCY_M,Recycling - material,KG_HAB,Kilograms per capita,BE,Belgium,2000,,128,,,,,
dataflow,ESTAT:ENV_WASMUN(1.0),Municipal waste by waste management operations,A,Annual,RCY_M,Recycling - material,KG_HAB,Kilograms per capita,BE,Belgium,2001,,135,,,,,
dataflow,ESTAT:ENV_WASMUN(1.0),Municipal waste by waste management operations,A,Annual,RCY_M,Recycling - material,KG_HAB,Kilograms per capita,BE,Belgium,2002,,142,,,,,
dataflow,ESTAT:ENV_WASMUN(1.0),Municipal waste by waste management operations,A,Annual,RCY_M,Recycling - material,KG_HAB,Kilograms per capita,BE,Belgium,2003,,138,,,,,
dataflow,ESTAT:ENV_WASMUN(1.0),Municipal waste by waste management operations,A,Annual,RCY_M,Recycling - material,KG_HAB,Kilograms per capita,BE,Belgium,2004,,144,,,,,
dataflow,ESTAT:ENV_WASMUN(1.0),Municipal waste by waste management operations,A,Annual,RCY_M,Recycling - material,KG_HAB,Kilograms per capita,BE,Belgium,2005,,156,,,,,
dataflow,ESTAT:ENV_WASMUN(1.0),Municipal waste by waste management operations,A,Annual,RCY_M,Recycling - material,KG_HAB,Kilograms per capita,BE,Belgium,2006,,160,,,,,
dataflow,ESTAT:ENV_WASMUN(1.0),Municipal waste by waste management operations,A,Annual,RCY_M,Recycling - material,KG_HAB,Kilograms per capita,BE,Belgium,2007,,164,,,,,
dataflow,ESTAT:ENV_WASMUN(1.0),Municipal waste by waste management operations,A,Annual,RCY_M,Recycling - material,KG_HAB,Kilograms per capita,BE,Belgium,2008,,155,,,,,
dataflow,ESTAT:ENV_WASMUN(1.0),Municipal waste by waste management operations,A,Annual,RCY_M,Recycling - material,KG_HAB,Kilograms per capita,BE,Belgium,2009,,157,,,,,
dataflow,ESTAT:ENV_WASMUN(1.0),Municipal waste by waste management operations,A,Annual,RCY_M,Recycling - material,KG_HAB,Kilograms per capita,BE,Belgium,2010,,153,,,,,
dataflow,ESTAT:ENV_WASMUN(1.0),Municipal waste by waste management operations,A,Annual,RCY_M,Recycling - material,KG_HAB,Kilograms per capita,BE,Belgium,2011,,154,,,,,
dataflow,ESTAT:ENV_WASMUN(1.0),Municipal waste by waste management operations,A,Annual,RCY_M,Recycling - material,KG_HAB,Kilograms per capita,BE,Belgium,2012,,144,,,,,
dataflow,ESTAT:ENV_WASMUN(1.0),Municipal waste by waste management operations,A,Annual,RCY_M,Recycling - material,KG_HAB,Kilograms per capita,BE,Belgium,2013,,138,,,,,
dataflow,ESTAT:ENV_WASMUN(1.0),Municipal waste by waste management operations,A,Annual,RCY_M,Recycling - material,KG_HAB,Kilograms per capita,BE,Belgium,2014,,142,,,,,
dataflow,ESTAT:ENV_WASMUN(1.0),Municipal waste by waste management operations,A,Annual,RCY_M,Recycling - material,KG_HAB,Kilograms per capita,BE,Belgium,2015,,140,,,,,
dataflow,ESTAT:ENV_WASMUN(1.0),Municipal waste by waste management operations,A,Annual,RCY_M,Recycling - material,KG_HAB,Kilograms per capita,BE,Belgium,2016,,139,,,,,
dataflow,ESTAT:ENV_WASMUN(1.0),Municipal waste by waste management operations,A,Annual,RCY_M,Recycling - material,KG_HAB,Kilograms per capita,BE,Belgium,2017,,140,,,,,
dataflow,ESTAT:ENV_WASMUN(1.0),Municipal waste by waste management operations,A,Annual,RCY_M,Recycling - material,KG_HAB,Kilograms per capita,BE,Belgium,2018,,141,,,,,
dataflow,ESTAT:ENV_WASMUN(1.0),Municipal waste by waste management operations,A,Annual,RCY_M,Recycling - material,KG_HAB,Kilograms per capita,BE,Belgium,2019,,142,,,,,
dataflow,ESTAT:ENV_WASMUN(1.0),Municipal waste by waste management operations,A,Annual,RCY_M,Recycling - material,KG_HAB,Kilograms per capita,BE,Belgium,2020,,235,,,,,
dataflow,ESTAT:ENV_WASMUN(1.0),Municipal waste by waste management operations,A,Annual,RCY_M,Recycling - material,KG_HAB,Kilograms per capita,BE,Belgium,2021,,260,,,,,
dataflow,ESTAT:ENV_WASMUN(1.0),Municipal waste by waste management operations,A,Annual,RCY_M,Recycling - material,KG_HAB,Kilograms per capita,BE,Belgium,2022,,233,,,,,
dataflow,ESTAT:ENV_WASMUN(1.0),Municipal waste by waste management operations,A,Annual,RCY_M,Recycling - material,KG_HAB,Kilograms per capita,BE,Belgium,2023,,232,,,,,
dataflow,ESTAT:ENV_WASMUN(1.0),Municipal waste by waste management operations,A,Annual,RCY_M,Recycling - material,KG_HAB,Kilograms per capita,BG,Bulgaria,1995,,0,,,,,
dataflow,ESTAT:ENV_WASMUN(1.0),Municipal waste by waste management operations,A,Annual,RCY_M,Recycling - material,KG_HAB,Kilograms per capita,BG,Bulgaria,1996,,0,,,,,
dataflow,ESTAT:ENV_WASMUN(1.0),Municipal waste by waste management operations,A,Annual,RCY_M,Recycling - material,KG_HAB,Kilograms per capita,BG,Bulgaria,1997,,0,,,,,
dataflow,ESTAT:ENV_WASMUN(1.0),Municipal waste by waste management operations,A,Annual,RCY_M,Recycling - material,KG_HAB,Kilograms per capita,BG,Bulgaria,1998,,94,,e,estimated,,
dataflow,ESTAT:ENV_WASMUN(1.0),Municipal waste by waste management operations,A,Annual,RCY_M,Recycling - material,KG_HAB,Kilograms per capita,BG,Bulgaria,1999,,94,,e,estimated,,
dataflow,ESTAT:ENV_WASMUN(1.0),Municipal waste by waste management operations,A,Annual,RCY_M,Recycling - material,KG_HAB,Kilograms per capita,BG,Bulgaria,2000,,95,,e,estimated,,
dataflow,ESTAT:ENV_WASMUN(1.0),Municipal waste by waste management operations,A,Annual,RCY_M,Recycling - material,KG_HAB,Kilograms per capita,BG,Bulgaria,2001,,96,,e,estimated,,
dataflow,ESTAT:ENV_WASMUN(1.0),Municipal waste by waste management operations,A,Annual,RCY_M,Recycling - material,KG_HAB,Kilograms per capita,BG,Bulgaria,2002,,98,,e,estimated,,
dataflow,ESTAT:ENV_WASMUN(1.0),Municipal waste by waste management operations,A,Annual,RCY_M,Recycling - material,KG_HAB,Kilograms per capita,BG,Bulgaria,2003,,100,,e,estimated,,
dataflow,ESTAT:ENV_WASMUN(1.0),Municipal waste by waste management operations,A,Annual,RCY_M,Recycling - material,KG_HAB,Kilograms per capita,BG,Bulgaria,2004,,103,,e,estimated,,
dataflow,ESTAT:ENV_WASMUN(1.0),Municipal waste by waste management operations,A,Annual,RCY_M,Recycling - material,KG_HAB,Kilograms per capita,BG,Bulgaria,2005,,107,,e,estimated,,
dataflow,ESTAT:ENV_WASMUN(1.0),Municipal waste by waste management operations,A,Annual,RCY_M,Recycling - material,KG_HAB,Kilograms per capita,BG,Bulgaria,2006,,110,,e,estimated,,
dataflow,ESTAT:ENV_WASMUN(1.0),Municipal waste by waste management operations,A,Annual,RCY_M,Recycling - material,KG_HAB,Kilograms per capita,BG,Bulgaria,2007,,114,,e,estimated,,
dataflow,ESTAT:ENV_WASMUN(1.0),Municipal waste by waste management operations,A,Annual,RCY_M,Recycling - material,KG_HAB,Kilograms per capita,BG,Bulgaria,2008,,116,,e,estimated,,
dataflow,ESTAT:ENV_WASMUN(1.0),Municipal waste by waste management operations,A,Annual,RCY_M,Recycling - material,KG_HAB,Kilograms per capita,BG,Bulgaria,2009,,119,,e,estimated,,
dataflow,ESTAT:ENV_WASMUN(1.0),Municipal waste by waste management operations,A,Annual,RCY_M,Recycling - material,KG_HAB,Kilograms per capita,BG,Bulgaria,2010,,136,,,,,
dataflow,ESTAT:ENV_WASMUN(1.0),Municipal waste by waste management operations,A,Annual,RCY_M,Recycling - material,KG_HAB,Kilograms per capita,BG,Bulgaria,2011,,122,,,,,
dataflow,ESTAT:ENV_WASMUN(1.0),Municipal waste by waste management operations,A,Annual,RCY_M,Recycling - material,KG_HAB,Kilograms per capita,BG,Bulgaria,2012,,103,,,,,
dataflow,ESTAT:ENV_WASMUN(1.0),Municipal waste by waste management operations,A,Annual,RCY_M,Recycling - material,KG_HAB,Kilograms per capita,BG,Bulgaria,2013,,110,,,,,
dataflow,ESTAT:ENV_WASMUN(1.0),Municipal waste by waste management operations,A,Annual,RCY_M,Recycling - material,KG_HAB,Kilograms per capita,BG,Bulgaria,2014,,96,,,,,
dataflow,ESTAT:ENV_WASMUN(1.0),Municipal waste by waste management operations,A,Annual,RCY_M,Recycling - material,KG_HAB,Kilograms per capita,BG,Bulgaria,2015,,82,,,,,
dataflow,ESTAT:ENV_WASMUN(1.0),Municipal waste by waste management operations,A,Annual,RCY_M,Recycling - material,KG_HAB,Kilograms per capita,BG,Bulgaria,2016,,95,,,,,
dataflow,ESTAT:ENV_WASMUN(1.0),Municipal waste by waste management operations,A,Annual,RCY_M,Recycling - material,KG_HAB,Kilograms per capita,BG,Bulgaria,2017,,122,,,,,
dataflow,ESTAT:ENV_WASMUN(1.0),Municipal waste by waste management operations,A,Annual,RCY_M,Recycling - material,KG_HAB,Kilograms per capita,BG,Bulgaria,2018,,127,,,,,
dataflow,ESTAT:ENV_WASMUN(1.0),Municipal waste by waste management operations,A,Annual,RCY_M,Recycling - material,KG_HAB,Kilograms per capita,BG,Bulgaria,2019,,125,,i,value imputed by Eurostat or other receiving agencies,,
dataflow,ESTAT:ENV_WASMUN(1.0),Municipal waste by waste management operations,A,Annual,RCY_M,Recycling - material,KG_HAB,Kilograms per capita,BG,Bulgaria,2020,,139,,,,,
dataflow,ESTAT:ENV_WASMUN(1.0),Municipal waste by waste management operations,A,Annual,RCY_M,Recycling - material,KG_HAB,Kilograms per capita,BG,Bulgaria,2021,,122,,,,,
dataflow,ESTAT:ENV_WASMUN(1.0),Municipal waste by waste management operations,A,Annual,RCY_M,Recycling - material,KG_HAB,Kilograms per capita,BG,Bulgaria,2022,,105,,,,,
dataflow,ESTAT:ENV_WASMUN(1.0),Municipal waste by waste management operations,A,Annual,RCY_M,Recycling - material,KG_HAB,Kilograms per capita,CH,Switzerland,1995,,176,,,,,
dataflow,ESTAT:ENV_WASMUN(1.0),Municipal waste by waste management operations,A,Annual,RCY_M,Recycling - material,KG_HAB,Kilograms per capita,CH,Switzerland,1996,,186,,,,,
dataflow,ESTAT:ENV_WASMUN(1.0),Municipal waste by waste management operations,A,Annual,RCY_M,Recycling - material,KG_HAB,Kilograms per capita,CH,Switzerland,1997,,190,,,,,
dataflow,ESTAT:ENV_WASMUN(1.0),Municipal waste by waste management operations,A,Annual,RCY_M,Recycling - material,KG_HAB,Kilograms per capita,CH,Switzerland,1998,,198,,,,,
dataflow,ESTAT:ENV_WASMUN(1.0),Municipal waste by waste management operations,A,Annual,RCY_M,Recycling - material,KG_HAB,Kilograms per capita,CH,Switzerland,1999,,202,,,,,
dataflow,ESTAT:ENV_WASMUN(1.0),Municipal waste by waste management operations,A,Annual,RCY_M,Recycling - material,KG_HAB,Kilograms per capita,CH,Switzerland,2000,,209,,,,,
dataflow,ESTAT:ENV_WASMUN(1.0),Municipal waste by waste management operations,A,Annual,RCY_M,Recycling - material,KG_HAB,Kilograms per capita,CH,Switzerland,2001,,219,,,,,
dataflow,ESTAT:ENV_WASMUN(1.0),Municipal waste by waste management operations,A,Annual,RCY_M,Recycling - material,KG_HAB,Kilograms per capita,CH,Switzerland,2002,,217,,,,,
dataflow,ESTAT:ENV_WASMUN(1.0),Municipal waste by waste management operations,A,Annual,RCY_M,Recycling - material,KG_HAB,Kilograms per capita,CH,Switzerland,2003,,217,,,,,
dataflow,ESTAT:ENV_WASMUN(1.0),Municipal waste by waste management operations,A,Annual,RCY_M,Recycling - material,KG_HAB,Kilograms per capita,CH,Switzerland,2004,,222,,,,,
dataflow,ESTAT:ENV_WASMUN(1.0),Municipal waste by waste management operations,A,Annual,RCY_M,Recycling - material,KG_HAB,Kilograms per capita,CH,Switzerland,2005,,233,,,,,
dataflow,ESTAT:ENV_WASMUN(1.0),Municipal waste by waste management operations,A,Annual,RCY_M,Recycling - material,KG_HAB,Kilograms per capita,CH,Switzerland,2006,,239,,,,,
dataflow,ESTAT:ENV_WASMUN(1.0),Municipal waste by waste management operations,A,Annual,RCY_M,Recycling - material,KG_HAB,Kilograms per capita,CH,Switzerland,2007,,246,,,,,
dataflow,ESTAT:ENV_WASMUN(1.0),Municipal waste by waste management operations,A,Annual,RCY_M,Recycling - material,KG_HAB,Kilograms per capita,CH,Switzerland,2008,,248,,,,,
dataflow,ESTAT:ENV_WASMUN(1.0),Municipal waste by waste management operations,A,Annual,RCY_M,Recycling - material,KG_HAB,Kilograms per capita,CH,Switzerland,2009,,242,,,,,
dataflow,ESTAT:ENV_WASMUN(1.0),Municipal waste by waste management operations,A,Annual,RCY_M,Recycling - material,KG_HAB,Kilograms per capita,CH,Switzerland,2010,,240,,,,,
dataflow,ESTAT:ENV_WASMUN(1.0),Municipal waste by waste management operations,A,Annual,RCY_M,Recycling - material,KG_HAB,Kilograms per capita,CH,Switzerland,2011,,239,,,,,
dataflow,ESTAT:ENV_WASMUN(1.0),Municipal waste by waste management operations,A,Annual,RCY_M,Recycling - material,KG_HAB,Kilograms per capita,CH,Switzerland,2012,,242,,,,,
dataflow,ESTAT:ENV_WASMUN(1.0),Municipal waste by waste management operations,A,Annual,RCY_M,Recycling - material,KG_HAB,Kilograms per capita,CH,Switzerland,2013,,237,,,,,
dataflow,ESTAT:ENV_WASMUN(1.0),Municipal waste by waste management operations,A,Annual,RCY_M,Recycling - material,KG_HAB,Kilograms per capita,CH,Switzerland,2014,,239,,,,,
dataflow,ESTAT:ENV_WASMUN(1.0),Municipal waste by waste management operations,A,Annual,RCY_M,Recycling - material,KG_HAB,Kilograms per capita,CH,Switzerland,2015,,232,,,,,
dataflow,ESTAT:ENV_WASMUN(1.0),Municipal waste by waste management operations,A,Annual,RCY_M,Recycling - material,KG_HAB,Kilograms per capita,CH,Switzerland,2016,,224,,,,,
dataflow,ESTAT:ENV_WASMUN(1.0),Municipal waste by waste management operations,A,Annual,RCY_M,Recycling - material,KG_HAB,Kilograms per capita,CH,Switzerland,2017,,218,,,,,
dataflow,ESTAT:ENV_WASMUN(1.0),Municipal waste by waste management operations,A,Annual,RCY_M,Recycling - material,KG_HAB,Kilograms per capita,CH,Switzerland,2018,,218,,,,,
dataflow,ESTAT:ENV_WASMUN(1.0),Municipal waste by waste management operations,A,Annual,RCY_M,Recycling - material,KG_HAB,Kilograms per capita,CH,Switzerland,2019,,212,,,,,
dataflow,ESTAT:ENV_WASMUN(1.0),Municipal waste by waste management operations,A,Annual,RCY_M,Recycling - material,KG_HAB,Kilograms per capita,CH,Switzerland,2020,,210,,,,,
dataflow,ESTAT:ENV_WASMUN(1.0),Municipal waste by waste management operations,A,Annual,RCY_M,Recycling - material,KG_HAB,Kilograms per capita,CH,Switzerland,2021,,207,,,,,
dataflow,ESTAT:ENV_WASMUN(1.0),Municipal waste by waste management operations,A,Annual,RCY_M,Recycling - material,KG_HAB,Kilograms per capita,CH,Switzerland,2022,,193,,,,,
dataflow,ESTAT:ENV_WASMUN(1.0),Municipal waste by waste management operations,A,Annual,RCY_M,Recycling - material,KG_HAB,Kilograms per capita,CY,Cyprus,1995,,0,,,,,
dataflow,ESTAT:ENV_WASMUN(1.0),Municipal waste by waste management operations,A,Annual,RCY_M,Recycling - material,KG_HAB,Kilograms per capita,CY,Cyprus,1996,,17,,,,,
dataflow,ESTAT:ENV_WASMUN(1.0),Municipal waste by waste management operations,A,Annual,RCY_M,Recycling - material,KG_HAB,Kilograms per capita,CY,Cyprus,1997,,19,,,,,
dataflow,ESTAT:ENV_WASMUN(1.0),Municipal waste by waste management operations,A,Annual,RCY_M,Recycling - material,KG_HAB,Kilograms per capita,CY,Cyprus,1998,,18,,,,,
dataflow,ESTAT:ENV_WASMUN(1.0),Municipal waste by waste management operations,A,Annual,RCY_M,Recycling - material,KG_HAB,Kilograms per capita,CY,Cyprus,1999,,19,,,,,
dataflow,ESTAT:ENV_WASMUN(1.0),Municipal waste by waste management operations,A,Annual,RCY_M,Recycling - material,KG_HAB,Kilograms per capita,CY,Cyprus,2000,,19,,,,,
dataflow,ESTAT:ENV_WASMUN(1.0),Municipal waste by waste management operations,A,Annual,RCY_M,Recycling - material,KG_HAB,Kilograms per capita,CY,Cyprus,2001,,20,,,,,
dataflow,ESTAT:ENV_WASMUN(1.0),Municipal waste by waste management operations,A,Annual,RCY_M,Recycling - material,KG_HAB,Kilograms per capita,CY,Cyprus,2002,,21,,,,,
dataflow,ESTAT:ENV_WASMUN(1.0),Municipal waste by waste management operations,A,Annual,RCY_M,Recycling - material,KG_HAB,Kilograms per capita,CY,Cyprus,2003,,21,,,,,
dataflow,ESTAT:ENV_WASMUN(1.0),Municipal waste by waste management operations,A,Annual,RCY_M,Recycling - material,KG_HAB,Kilograms per capita,CY,Cyprus,2004,,23,,,,,
dataflow,ESTAT:ENV_WASMUN(1.0),Municipal waste by waste management operations,A,Annual,RCY_M,Recycling - material,KG_HAB,Kilograms per capita,CY,Cyprus,2005,,25,,,,,
dataflow,ESTAT:ENV_WASMUN(1.0),Municipal waste by waste management operations,A,Annual,RCY_M,Recycling - material,KG_HAB,Kilograms per capita,CY,Cyprus,2006,,30,,b,break in time series,,
dataflow,ESTAT:ENV_WASMUN(1.0),Municipal waste by waste management operations,A,Annual,RCY_M,Recycling - material,KG_HAB,Kilograms per capita,CY,Cyprus,2007,,36,,,,,
dataflow,ESTAT:ENV_WASMUN(1.0),Municipal waste by waste management operations,A,Annual,RCY_M,Recycling - material,KG_HAB,Kilograms per capita,CY,Cyprus,2008,,54,,,,,
dataflow,ESTAT:ENV_WASMUN(1.0),Municipal waste by waste management operations,A,Annual,RCY_M,Recycling - material,KG_HAB,Kilograms per capita,CY,Cyprus,2009,,61,,,,,
dataflow,ESTAT:ENV_WASMUN(1.0),Municipal waste by waste management operations,A,Annual,RCY_M,Recycling - material,KG_HAB,Kilograms per capita,CY,Cyprus,2010,,79,,,,,
dataflow,ESTAT:ENV_WASMUN(1.0),Municipal waste by waste management operations,A,Annual,RCY_M,Recycling - material,KG_HAB,Kilograms per capita,CY,Cyprus,2011,,77,,,,,
dataflow,ESTAT:ENV_WASMUN(1.0),Municipal waste by waste management operations,A,Annual,RCY_M,Recycling - material,KG_HAB,Kilograms per capita,CY,Cyprus,2012,,79,,,,,
dataflow,ESTAT:ENV_WASMUN(1.0),Municipal waste by waste management operations,A,Annual,RCY_M,Recycling - material,KG_HAB,Kilograms per capita,CY,Cyprus,2013,,79,,,,,
dataflow,ESTAT:ENV_WASMUN(1.0),Municipal waste by waste management operations,A,Annual,RCY_M,Recycling - material,KG_HAB,Kilograms per capita,CY,Cyprus,2014,,73,,,,,
dataflow,ESTAT:ENV_WASMUN(1.0),Municipal waste by waste management operations,A,Annual,RCY_M,Recycling - material,KG_HAB,Kilograms per capita,CY,Cyprus,2015,,85,,,,,
dataflow,ESTAT:ENV_WASMUN(1.0),Municipal waste by waste management operations,A,Annual,RCY_M,Recycling - material,KG_HAB,Kilograms per capita,CY,Cyprus,2016,,87,,,,,
dataflow,ESTAT:ENV_WASMUN(1.0),Municipal waste by waste management operations,A,Annual,RCY_M,Recycling - material,KG_HAB,Kilograms per capita,CY,Cyprus,2017,,97,,,,,
dataflow,ESTAT:ENV_WASMUN(1.0),Municipal waste by waste management operations,A,Annual,RCY_M,Recycling - material,KG_HAB,Kilograms per capita,CY,Cyprus,2018,,101,,,,,
dataflow,ESTAT:ENV_WASMUN(1.0),Municipal waste by waste management operations,A,Annual,RCY_M,Recycling - material,KG_HAB,Kilograms per capita,CY,Cyprus,2019,,101,,,,,
dataflow,ESTAT:ENV_WASMUN(1.0),Municipal waste by waste management operations,A,Annual,RCY_M,Recycling - material,KG_HAB,Kilograms per capita,CY,Cyprus,2020,,98,,,,,
dataflow,ESTAT:ENV_WASMUN(1.0),Municipal waste by waste management operations,A,Annual,RCY_M,Recycling - material,KG_HAB,Kilograms per capita,CY,Cyprus,2021,,81,,,,,
dataflow,ESTAT:ENV_WASMUN(1.0),Municipal waste by waste management operations,A,Annual,RCY_M,Recycling - material,KG_HAB,Kilograms per capita,CY,Cyprus,2022,,86,,,,,
dataflow,ESTAT:ENV_WASMUN(1.0),Municipal waste by waste management operations,A,Annual,RCY_M,Recycling - material,KG_HAB,Kilograms per capita,CY,Cyprus,2023,,85,,p,provisional,,
dataflow,ESTAT:ENV_WASMUN(1.0),Municipal waste by waste management operations,A,Annual,RCY_M,Recycling - material,KG_HAB,Kilograms per capita,CZ,Czechia,1995,,0,,,,,
dataflow,ESTAT:ENV_WASMUN(1.0),Municipal waste by waste management operations,A,Annual,RCY_M,Recycling - material,KG_HAB,Kilograms per capita,CZ,Czechia,1996,,0,,,,,
dataflow,ESTAT:ENV_WASMUN(1.0),Municipal waste by waste management operations,A,Annual,RCY_M,Recycling - material,KG_HAB,Kilograms per capita,CZ,Czechia,1997,,0,,,,,
dataflow,ESTAT:ENV_WASMUN(1.0),Municipal waste by waste management operations,A,Annual,RCY_M,Recycling - material,KG_HAB,Kilograms per capita,CZ,Czechia,1998,,2,,,,,
dataflow,ESTAT:ENV_WASMUN(1.0),Municipal waste by waste management operations,A,Annual,RCY_M,Recycling - material,KG_HAB,Kilograms per capita,CZ,Czechia,1999,,2,,,,,
dataflow,ESTAT:ENV_WASMUN(1.0),Municipal waste by waste management operations,A,Annual,RCY_M,Recycling - material,KG_HAB,Kilograms per capita,CZ,Czechia,2000,,2,,,,,
dataflow,ESTAT:ENV_WASMUN(1.0),Municipal waste by waste management operations,A,Annual,RCY_M,Recycling - material,KG_HAB,Kilograms per capita,CZ,Czechia,2001,,1,,,,,
dataflow,ESTAT:ENV_WASMUN(1.0),Municipal waste by waste management operations,A,Annual,RCY_M,Recycling - material,KG_HAB,Kilograms per capita,CZ,Czechia,2002,,2,,,,,
dataflow,ESTAT:ENV_WASMUN(1.0),Municipal waste by waste management operations,A,Annual,RCY_M,Recycling - material,KG_HAB,Kilograms per capita,CZ,Czechia,2003,,2,,,,,
dataflow,ESTAT:ENV_WASMUN(1.0),Municipal waste by waste management operations,A,Annual,RCY_M,Recycling - material,KG_HAB,Kilograms per capita,CZ,Czechia,2004,,14,,be,"break in time series, estimated",,
dataflow,ESTAT:ENV_WASMUN(1.0),Municipal waste by waste management operations,A,Annual,RCY_M,Recycling - material,KG_HAB,Kilograms per capita,CZ,Czechia,2005,,16,,e,estimated,,
dataflow,ESTAT:ENV_WASMUN(1.0),Municipal waste by waste management operations,A,Annual,RCY_M,Recycling - material,KG_HAB,Kilograms per capita,CZ,Czechia,2006,,20,,e,estimated,,
dataflow,ESTAT:ENV_WASMUN(1.0),Municipal waste by waste management operations,A,Annual,RCY_M,Recycling - material,KG_HAB,Kilograms per capita,CZ,Czechia,2007,,27,,e,estimated,,
dataflow,ESTAT:ENV_WASMUN(1.0),Municipal waste by waste management operations,A,Annual,RCY_M,Recycling - material,KG_HAB,Kilograms per capita,CZ,Czechia,2008,,27,,e,estimated,,
dataflow,ESTAT:ENV_WASMUN(1.0),Municipal waste by waste management operations,A,Annual,RCY_M,Recycling - material,KG_HAB,Kilograms per capita,CZ,Czechia,2009,,34,,e,estimated,,
dataflow,ESTAT:ENV_WASMUN(1.0),Municipal waste by waste management operations,A,Annual,RCY_M,Recycling - material,KG_HAB,Kilograms per capita,CZ,Czechia,2010,,43,,e,estimated,,
dataflow,ESTAT:ENV_WASMUN(1.0),Municipal waste by waste management operations,A,Annual,RCY_M,Recycling - material,KG_HAB,Kilograms per capita,CZ,Czechia,2011,,47,,e,estimated,,
dataflow,ESTAT:ENV_WASMUN(1.0),Municipal waste by waste management operations,A,Annual,RCY_M,Recycling - material,KG_HAB,Kilograms per capita,CZ,Czechia,2012,,63,,e,estimated,,
dataflow,ESTAT:ENV_WASMUN(1.0),Municipal waste by waste management operations,A,Annual,RCY_M,Recycling - material,KG_HAB,Kilograms per capita,CZ,Czechia,2013,,65,,e,estimated,,
dataflow,ESTAT:ENV_WASMUN(1.0),Municipal waste by waste management operations,A,Annual,RCY_M,Recycling - material,KG_HAB,Kilograms per capita,CZ,Czechia,2014,,70,,e,estimated,,
dataflow,ESTAT:ENV_WASMUN(1.0),Municipal waste by waste management operations,A,Annual,RCY_M,Recycling - material,KG_HAB,Kilograms per capita,CZ,Czechia,2015,,81,,e,estimated,,
dataflow,ESTAT:ENV_WASMUN(1.0),Municipal waste by waste management operations,A,Annual,RCY_M,Recycling - material,KG_HAB,Kilograms per capita,CZ,Czechia,2016,,91,,e,estimated,,
dataflow,ESTAT:ENV_WASMUN(1.0),Municipal waste by waste management operations,A,Annual,RCY_M,Recycling - material,KG_HAB,Kilograms per capita,CZ,Czechia,2017,,107,,b,break in time series,,
dataflow,ESTAT:ENV_WASMUN(1.0),Municipal waste by waste management operations,A,Annual,RCY_M,Recycling - material,KG_HAB,Kilograms per capita,CZ,Czechia,2018,,109,,,,,
dataflow,ESTAT:ENV_WASMUN(1.0),Municipal waste by waste management operations,A,Annual,RCY_M,Recycling - material,KG_HAB,Kilograms per capita,CZ,Czechia,2019,,110,,,,,
dataflow,ESTAT:ENV_WASMUN(1.0),Municipal waste by waste management operations,A,Annual,RCY_M,Recycling - material,KG_HAB,Kilograms per capita,CZ,Czechia,2020,,150,,,,,
dataflow,ESTAT:ENV_WASMUN(1.0),Municipal waste by waste management operations,A,Annual,RCY_M,Recycling - material,KG_HAB,Kilograms per capita,CZ,Czechia,2021,,175,,,,,
dataflow,ESTAT:ENV_WASMUN(1.0),Municipal waste by waste management operations,A,Annual,RCY_M,Recycling - material,KG_HAB,Kilograms per capita,DE,Germany,1995,,164,,i,value imputed by Eurostat or other receiving agencies,,
dataflow,ESTAT:ENV_WASMUN(1.0),Municipal waste by waste management operations,A,Annual,RCY_M,Recycling - material,KG_HAB,Kilograms per capita,DE,Germany,1996,,184,,i,value imputed by Eurostat or other receiving agencies,,
dataflow,ESTAT:ENV_WASMUN(1.0),Municipal waste by waste management operations,A,Annual,RCY_M,Recycling - material,KG_HAB,Kilograms per capita,DE,Germany,1997,,200,,i,value imputed by Eurostat or other receiving agencies,,
dataflow,ESTAT:ENV_WASMUN(1.0),Municipal waste by waste management operations,A,Annual,RCY_M,Recycling - material,KG_HAB,Kilograms per capita,DE,Germany,1998,,201,,i,value imputed by Eurostat or other receiving agencies,,
dataflow,ESTAT:ENV_WASMUN(1.0),Municipal waste by waste management operations,A,Annual,RCY_M,Recycling - material,KG_HAB,Kilograms per capita,DE,Germany,1999,,242,,i,value imputed by Eurostat or other receiving agencies,,
dataflow,ESTAT:ENV_WASMUN(1.0),Municipal waste by waste management operations,A,Annual,RCY_M,Recycling - material,KG_HAB,Kilograms per capita,DE,Germany,2000,,245,,i,value imputed by Eurostat or other receiving agencies,,
dataflow,ESTAT:ENV_WASMUN(1.0),Municipal waste by waste management operations,A,Annual,RCY_M,Recycling - material,KG_HAB,Kilograms per capita,DE,Germany,2001,,238,,i,value imputed by Eurostat or other receiving agencies,,
dataflow,ESTAT:ENV_WASMUN(1.0),Municipal waste by waste management operations,A,Annual,RCY_M,Recycling - material,KG_HAB,Kilograms per capita,DE,Germany,2002,,267,,,,,
dataflow,ESTAT:ENV_WASMUN(1.0),Municipal waste by waste management operations,A,Annual,RCY_M,Recycling - material,KG_HAB,Kilograms per capita,DE,Germany,2003,,260,,,,,
dataflow,ESTAT:ENV_WASMUN(1.0),Municipal waste by waste management operations,A,Annual,RCY_M,Recycling - material,KG_HAB,Kilograms per capita,DE,Germany,2004,,237,,,,,
dataflow,ESTAT:ENV_WASMUN(1.0),Municipal waste by waste management operations,A,Annual,RCY_M,Recycling - material,KG_HAB,Kilograms per capita,DE,Germany,2005,,251,,,,,
dataflow,ESTAT:ENV_WASMUN(1.0),Municipal waste by waste management operations,A,Annual,RCY_M,Recycling - material,KG_HAB,Kilograms per capita,DE,Germany,2006,,257,,,,,
dataflow,ESTAT:ENV_WASMUN(1.0),Municipal waste by waste management operations,A,Annual,RCY_M,Recycling - material,KG_HAB,Kilograms per capita,DE,Germany,2007,,274,,,,,
dataflow,ESTAT:ENV_WASMUN(1.0),Municipal waste by waste management operations,A,Annual,RCY_M,Recycling - material,KG_HAB,Kilograms per capita,DE,Germany,2008,,277,,,,,
dataflow,ESTAT:ENV_WASMUN(1.0),Municipal waste by waste management operations,A,Annual,RCY_M,Recycling - material,KG_HAB,Kilograms per capita,DE,Germany,2009,,271,,,,,
dataflow,ESTAT:ENV_WASMUN(1.0),Municipal waste by waste management operations,A,Annual,RCY_M,Recycling - material,KG_HAB,Kilograms per capita,DE,Germany,2010,,275,,,,,
dataflow,ESTAT:ENV_WASMUN(1.0),Municipal waste by waste management operations,A,Annual,RCY_M,Recycling - material,KG_HAB,Kilograms per capita,DE,Germany,2011,,288,,,,,
dataflow,ESTAT:ENV_WASMUN(1.0),Municipal waste by waste management operations,A,Annual,RCY_M,Recycling - material,KG_HAB,Kilograms per capita,DE,Germany,2012,,293,,,,,
dataflow,ESTAT:ENV_WASMUN(1.0),Municipal waste by waste management operations,A,Annual,RCY_M,Recycling - material,KG_HAB,Kilograms per capita,DE,Germany,2013,,286,,,,,
dataflow,ESTAT:ENV_WASMUN(1.0),Municipal waste by waste management operations,A,Annual,RCY_M,Recycling - material,KG_HAB,Kilograms per capita,DE,Germany,2014,,300,,,,,
dataflow,ESTAT:ENV_WASMUN(1.0),Municipal waste by waste management operations,A,Annual,RCY_M,Recycling - material,KG_HAB,Kilograms per capita,DE,Germany,2015,,308,,,,,
dataflow,ESTAT:ENV_WASMUN(1.0),Municipal waste by waste management operations,A,Annual,RCY_M,Recycling - material,KG_HAB,Kilograms per capita,DE,Germany,2016,,309,,,,,
dataflow,ESTAT:ENV_WASMUN(1.0),Municipal waste by waste management operations,A,Annual,RCY_M,Recycling - material,KG_HAB,Kilograms per capita,DE,Germany,2017,,307,,,,,
dataflow,ESTAT:ENV_WASMUN(1.0),Municipal waste by waste management operations,A,Annual,RCY_M,Recycling - material,KG_HAB,Kilograms per capita,DE,Germany,2018,,298,,,,,
dataflow,ESTAT:ENV_WASMUN(1.0),Municipal waste by waste management operations,A,Annual,RCY_M,Recycling - material,KG_HAB,Kilograms per capita,DE,Germany,2019,,292,,e,estimated,,
dataflow,ESTAT:ENV_WASMUN(1.0),Municipal waste by waste management operations,A,Annual,RCY_M,Recycling - material,KG_HAB,Kilograms per capita,DE,Germany,2020,,300,,,,,
dataflow,ESTAT:ENV_WASMUN(1.0),Municipal waste by waste management operations,A,Annual,RCY_M,Recycling - material,KG_HAB,Kilograms per capita,DE,Germany,2021,,302,,,,,
dataflow,ESTAT:ENV_WASMUN(1.0),Municipal waste by waste management operations,A,Annual,RCY_M,Recycling - material,KG_HAB,Kilograms per capita,DE,Germany,2022,,284,,,,,
dataflow,ESTAT:ENV_WASMUN(1.0),Municipal waste by waste management operations,A,Annual,RCY_M,Recycling - material,KG_HAB,Kilograms per capita,DE,Germany,2023,,270,,e,estimated,,
dataflow,ESTAT:ENV_WASMUN(1.0),Municipal waste by waste management operations,A,Annual,RCY_M,Recycling - material,KG_HAB,Kilograms per capita,DK,Denmark,1995,,75,,be,"break in time series, estimated",,
dataflow,ESTAT:ENV_WASMUN(1.0),Municipal waste by waste management operations,A,Annual,RCY_M,Recycling - material,KG_HAB,Kilograms per capita,DK,Denmark,1996,,152,,,,,
dataflow,ESTAT:ENV_WASMUN(1.0),Municipal waste by waste management operations,A,Annual,RCY_M,Recycling - material,KG_HAB,Kilograms per capita,DK,Denmark,1997,,125,,,,,
dataflow,ESTAT:ENV_WASMUN(1.0),Municipal waste by waste management operations,A,Annual,RCY_M,Recycling - material,KG_HAB,Kilograms per capita,DK,Denmark,1998,,134,,,,,
dataflow,ESTAT:ENV_WASMUN(1.0),Municipal waste by waste management operations,A,Annual,RCY_M,Recycling - material,KG_HAB,Kilograms per capita,DK,Denmark,1999,,154,,,,,
dataflow,ESTAT:ENV_WASMUN(1.0),Municipal waste by waste management operations,A,Annual,RCY_M,Recycling - material,KG_HAB,Kilograms per capita,DK,Denmark,2000,,141,,,,,
dataflow,ESTAT:ENV_WASMUN(1.0),Municipal waste by waste management operations,A,Annual,RCY_M,Recycling - material,KG_HAB,Kilograms per capita,DK,Denmark,2001,,147,,,,,
dataflow,ESTAT:ENV_WASMUN(1.0),Municipal waste by waste management operations,A,Annual,RCY_M,Recycling - material,KG_HAB,Kilograms per capita,DK,Denmark,2002,,148,,,,,
dataflow,ESTAT:ENV_WASMUN(1.0),Municipal waste by waste management operations,A,Annual,RCY_M,Recycling - material,KG_HAB,Kilograms per capita,DK,Denmark,2003,,172,,,,,
dataflow,ESTAT:ENV_WASMUN(1.0),Municipal waste by waste management operations,A,Annual,RCY_M,Recycling - material,KG_HAB,Kilograms per capita,DK,Denmark,2004,,173,,,,,
dataflow,ESTAT:ENV_WASMUN(1.0),Municipal waste by waste management operations,A,Annual,RCY_M,Recycling - material,KG_HAB,Kilograms per capita,DK,Denmark,2005,,180,,,,,
dataflow,ESTAT:ENV_WASMUN(1.0),Municipal waste by waste management operations,A,Annual,RCY_M,Recycling - material,KG_HAB,Kilograms per capita,DK,Denmark,2006,,180,,,,,
dataflow,ESTAT:ENV_WASMUN(1.0),Municipal waste by waste management operations,A,Annual,RCY_M,Recycling - material,KG_HAB,Kilograms per capita,DK,Denmark,2007,,210,,,,,
dataflow,ESTAT:ENV_WASMUN(1.0),Municipal waste by waste management operations,A,Annual,RCY_M,Recycling - material,KG_HAB,Kilograms per capita,DK,Denmark,2008,,284,,,,,
dataflow,ESTAT:ENV_WASMUN(1.0),Municipal waste by waste management operations,A,Annual,RCY_M,Recycling - material,KG_HAB,Kilograms per capita,DK,Denmark,2009,,237,,e,estimated,,
dataflow,ESTAT:ENV_WASMUN(1.0),Municipal waste by waste management operations,A,Annual,RCY_M,Recycling - material,KG_HAB,Kilograms per capita,DK,Denmark,2011,,245,,b,break in time series,,
dataflow,ESTAT:ENV_WASMUN(1.0),Municipal waste by waste management operations,A,Annual,RCY_M,Recycling - material,KG_HAB,Kilograms per capita,DK,Denmark,2012,,217,,,,,
dataflow,ESTAT:ENV_WASMUN(1.0),Municipal waste by waste management operations,A,Annual,RCY_M,Recycling - material,KG_HAB,Kilograms per capita,DK,Denmark,2013,,222,,,,,
dataflow,ESTAT:ENV_WASMUN(1.0),Municipal waste by waste management operations,A,Annual,RCY_M,Recycling - material,KG_HAB,Kilograms per capita,DK,Denmark,2014,,226,,,,,
dataflow,ESTAT:ENV_WASMUN(1.0),Municipal waste by waste management operations,A,Annual,RCY_M,Recycling - material,KG_HAB,Kilograms per capita,DK,Denmark,2015,,239,,,,,
dataflow,ESTAT:ENV_WASMUN(1.0),Municipal waste by waste management operations,A,Annual,RCY_M,Recycling - material,KG_HAB,Kilograms per capita,DK,Denmark,2016,,248,,,,,
dataflow,ESTAT:ENV_WASMUN(1.0),Municipal waste by waste management operations,A,Annual,RCY_M,Recycling - material,KG_HAB,Kilograms per capita,DK,Denmark,2017,,236,,,,,
dataflow,ESTAT:ENV_WASMUN(1.0),Municipal waste by waste management operations,A,Annual,RCY_M,Recycling - material,KG_HAB,Kilograms per capita,DK,Denmark,2018,,263,,,,,
dataflow,ESTAT:ENV_WASMUN(1.0),Municipal waste by waste management operations,A,Annual,RCY_M,Recycling - material,KG_HAB,Kilograms per capita,DK,Denmark,2019,,283,,,,,
dataflow,ESTAT:ENV_WASMUN(1.0),Municipal waste by waste management operations,A,Annual,RCY_M,Recycling - material,KG_HAB,Kilograms per capita,DK,Denmark,2020,,208,,,,,
dataflow,ESTAT:ENV_WASMUN(1.0),Municipal waste by waste management operations,A,Annual,RCY_M,Recycling - material,KG_HAB,Kilograms per capita,DK,Denmark,2021,,240,,,,,
dataflow,ESTAT:ENV_WASMUN(1.0),Municipal waste by waste management operations,A,Annual,RCY_M,Recycling - material,KG_HAB,Kilograms per capita,DK,Denmark,2022,,187,,,,,
dataflow,ESTAT:ENV_WASMUN(1.0),Municipal waste by waste management operations,A,Annual,RCY_M,Recycling - material,KG_HAB,Kilograms per capita,EE,Estonia,1995,,0,,,,,
dataflow,ESTAT:ENV_WASMUN(1.0),Municipal waste by waste management operations,A,Annual,RCY_M,Recycling - material,KG_HAB,Kilograms per capita,EE,Estonia,1996,,0,,,,,
dataflow,ESTAT:ENV_WASMUN(1.0),Municipal waste by waste management operations,A,Annual,RCY_M,Recycling - material,KG_HAB,Kilograms per capita,EE,Estonia,1997,,0,,,,,
dataflow,ESTAT:ENV_WASMUN(1.0),Municipal waste by waste management operations,A,Annual,RCY_M,Recycling - material,KG_HAB,Kilograms per capita,EE,Estonia,1998,,0,,,,,
dataflow,ESTAT:ENV_WASMUN(1.0),Municipal waste by waste management operations,A,Annual,RCY_M,Recycling - material,KG_HAB,Kilograms per capita,EE,Estonia,1999,,0,,,,,
dataflow,ESTAT:ENV_WASMUN(1.0),Municipal waste by waste management operations,A,Annual,RCY_M,Recycling - material,KG_HAB,Kilograms per capita,EE,Estonia,2000,,9,,,,,
dataflow,ESTAT:ENV_WASMUN(1.0),Municipal waste by waste management operations,A,Annual,RCY_M,Recycling - material,KG_HAB,Kilograms per capita,EE,Estonia,2001,,11,,,,,
dataflow,ESTAT:ENV_WASMUN(1.0),Municipal waste by waste management operations,A,Annual,RCY_M,Recycling - material,KG_HAB,Kilograms per capita,EE,Estonia,2002,,8,,,,,
dataflow,ESTAT:ENV_WASMUN(1.0),Municipal waste by waste management operations,A,Annual,RCY_M,Recycling - material,KG_HAB,Kilograms per capita,EE,Estonia,2003,,56,,,,,
dataflow,ESTAT:ENV_WASMUN(1.0),Municipal waste by waste management operations,A,Annual,RCY_M,Recycling - material,KG_HAB,Kilograms per capita,EE,Estonia,2004,,104,,,,,
dataflow,ESTAT:ENV_WASMUN(1.0),Municipal waste by waste management operations,A,Annual,RCY_M,Recycling - material,KG_HAB,Kilograms per capita,EE,Estonia,2005,,90,,,,,
dataflow,ESTAT:ENV_WASMUN(1.0),Municipal waste by waste management operations,A,Annual,RCY_M,Recycling - material,KG_HAB,Kilograms per capita,EE,Estonia,2006,,52,,,,,
dataflow,ESTAT:ENV_WASMUN(1.0),Municipal waste by waste management operations,A,Annual,RCY_M,Recycling - material,KG_HAB,Kilograms per capita,EE,Estonia,2007,,91,,,,,
dataflow,ESTAT:ENV_WASMUN(1.0),Municipal waste by waste management operations,A,Annual,RCY_M,Recycling - material,KG_HAB,Kilograms per capita,EE,Estonia,2008,,58,,b,break in time series,,
dataflow,ESTAT:ENV_WASMUN(1.0),Municipal waste by waste management operations,A,Annual,RCY_M,Recycling - material,KG_HAB,Kilograms per capita,EE,Estonia,2009,,39,,,,,
dataflow,ESTAT:ENV_WASMUN(1.0),Municipal waste by waste management operations,A,Annual,RCY_M,Recycling - material,KG_HAB,Kilograms per capita,EE,Estonia,2010,,31,,,,,
dataflow,ESTAT:ENV_WASMUN(1.0),Municipal waste by waste management operations,A,Annual,RCY_M,Recycling - material,KG_HAB,Kilograms per capita,EE,Estonia,2011,,44,,,,,
dataflow,ESTAT:ENV_WASMUN(1.0),Municipal waste by waste management operations,A,Annual,RCY_M,Recycling - material,KG_HAB,Kilograms per capita,EE,Estonia,2012,,40,,,,,
dataflow,ESTAT:ENV_WASMUN(1.0),Municipal waste by waste management operations,A,Annual,RCY_M,Recycling - material,KG_HAB,Kilograms per capita,EE,Estonia,2013,,37,,,,,
dataflow,ESTAT:ENV_WASMUN(1.0),Municipal waste by waste management operations,A,Annual,RCY_M,Recycling - material,KG_HAB,Kilograms per capita,EE,Estonia,2014,,95,,,,,
dataflow,ESTAT:ENV_WASMUN(1.0),Municipal waste by waste management operations,A,Annual,RCY_M,Recycling - material,KG_HAB,Kilograms per capita,EE,Estonia,2015,,89,,,,,
dataflow,ESTAT:ENV_WASMUN(1.0),Municipal waste by waste management operations,A,Annual,RCY_M,Recycling - material,KG_HAB,Kilograms per capita,EE,Estonia,2016,,95,,,,,
dataflow,ESTAT:ENV_WASMUN(1.0),Municipal waste by waste management operations,A,Annual,RCY_M,Recycling - material,KG_HAB,Kilograms per capita,EE,Estonia,2017,,96,,,,,
dataflow,ESTAT:ENV_WASMUN(1.0),Municipal waste by waste management operations,A,Annual,RCY_M,Recycling - material,KG_HAB,Kilograms per capita,EE,Estonia,2018,,98,,,,,
dataflow,ESTAT:ENV_WASMUN(1.0),Municipal waste by waste management operations,A,Annual,RCY_M,Recycling - material,KG_HAB,Kilograms per capita,EE,Estonia,2019,,104,,,,,
dataflow,ESTAT:ENV_WASMUN(1.0),Municipal waste by waste management operations,A,Annual,RCY_M,Recycling - material,KG_HAB,Kilograms per capita,EE,Estonia,2020,,100,,,,,
dataflow,ESTAT:ENV_WASMUN(1.0),Municipal waste by waste management operations,A,Annual,RCY_M,Recycling - material,KG_HAB,Kilograms per capita,EE,Estonia,2021,,107,,,,,
dataflow,ESTAT:ENV_WASMUN(1.0),Municipal waste by waste management operations,A,Annual,RCY_M,Recycling - material,KG_HAB,Kilograms per capita,EE,Estonia,2022,,108,,,,,
dataflow,ESTAT:ENV_WASMUN(1.0),Municipal waste by waste management operations,A,Annual,RCY_M,Recycling - material,KG_HAB,Kilograms per capita,EE,Estonia,2023,,142,,,,,
dataflow,ESTAT:ENV_WASMUN(1.0),Municipal waste by waste management operations,A,Annual,RCY_M,Recycling - material,KG_HAB,Kilograms per capita,EL,Greece,1997,,31,,,,,
dataflow,ESTAT:ENV_WASMUN(1.0),Municipal waste by waste management operations,A,Annual,RCY_M,Recycling - material,KG_HAB,Kilograms per capita,EL,Greece,1998,,31,,,,,
dataflow,ESTAT:ENV_WASMUN(1.0),Municipal waste by waste management operations,A,Annual,RCY_M,Recycling - material,KG_HAB,Kilograms per capita,EL,Greece,1999,,32,,,,,
dataflow,ESTAT:ENV_WASMUN(1.0),Municipal waste by waste management operations,A,Annual,RCY_M,Recycling - material,KG_HAB,Kilograms per capita,EL,Greece,2000,,33,,,,,
dataflow,ESTAT:ENV_WASMUN(1.0),Municipal waste by waste management operations,A,Annual,RCY_M,Recycling - material,KG_HAB,Kilograms per capita,EL,Greece,2001,,34,,,,,
dataflow,ESTAT:ENV_WASMUN(1.0),Municipal waste by waste management operations,A,Annual,RCY_M,Recycling - material,KG_HAB,Kilograms per capita,EL,Greece,2002,,34,,,,,
dataflow,ESTAT:ENV_WASMUN(1.0),Municipal waste by waste management operations,A,Annual,RCY_M,Recycling - material,KG_HAB,Kilograms per capita,EL,Greece,2003,,35,,,,,
dataflow,ESTAT:ENV_WASMUN(1.0),Municipal waste by waste management operations,A,Annual,RCY_M,Recycling - material,KG_HAB,Kilograms per capita,EL,Greece,2004,,44,,,,,
dataflow,ESTAT:ENV_WASMUN(1.0),Municipal waste by waste management operations,A,Annual,RCY_M,Recycling - material,KG_HAB,Kilograms per capita,EL,Greece,2005,,49,,,,,
dataflow,ESTAT:ENV_WASMUN(1.0),Municipal waste by waste management operations,A,Annual,RCY_M,Recycling - material,KG_HAB,Kilograms per capita,EL,Greece,2006,,50,,,,,
dataflow,ESTAT:ENV_WASMUN(1.0),Municipal waste by waste management operations,A,Annual,RCY_M,Recycling - material,KG_HAB,Kilograms per capita,EL,Greece,2007,,82,,,,,
dataflow,ESTAT:ENV_WASMUN(1.0),Municipal waste by waste management operations,A,Annual,RCY_M,Recycling - material,KG_HAB,Kilograms per capita,EL,Greece,2008,,72,,,,,
dataflow,ESTAT:ENV_WASMUN(1.0),Municipal waste by waste management operations,A,Annual,RCY_M,Recycling - material,KG_HAB,Kilograms per capita,EL,Greece,2009,,84,,,,,
dataflow,ESTAT:ENV_WASMUN(1.0),Municipal waste by waste management operations,A,Annual,RCY_M,Recycling - material,KG_HAB,Kilograms per capita,EL,Greece,2010,,78,,,,,
dataflow,ESTAT:ENV_WASMUN(1.0),Municipal waste by waste management operations,A,Annual,RCY_M,Recycling - material,KG_HAB,Kilograms per capita,EL,Greece,2011,,75,,,,,
dataflow,ESTAT:ENV_WASMUN(1.0),Municipal waste by waste management operations,A,Annual,RCY_M,Recycling - material,KG_HAB,Kilograms per capita,EL,Greece,2012,,68,,,,,
dataflow,ESTAT:ENV_WASMUN(1.0),Municipal waste by waste management operations,A,Annual,RCY_M,Recycling - material,KG_HAB,Kilograms per capita,EL,Greece,2013,,59,,,,,
dataflow,ESTAT:ENV_WASMUN(1.0),Municipal waste by waste management operations,A,Annual,RCY_M,Recycling - material,KG_HAB,Kilograms per capita,EL,Greece,2014,,60,,,,,
dataflow,ESTAT:ENV_WASMUN(1.0),Municipal waste by waste management operations,A,Annual,RCY_M,Recycling - material,KG_HAB,Kilograms per capita,EL,Greece,2015,,65,,,,,
dataflow,ESTAT:ENV_WASMUN(1.0),Municipal waste by waste management operations,A,Annual,RCY_M,Recycling - material,KG_HAB,Kilograms per capita,EL,Greece,2016,,69,,,,,
dataflow,ESTAT:ENV_WASMUN(1.0),Municipal waste by waste management operations,A,Annual,RCY_M,Recycling - material,KG_HAB,Kilograms per capita,EL,Greece,2017,,74,,,,,
dataflow,ESTAT:ENV_WASMUN(1.0),Municipal waste by waste management operations,A,Annual,RCY_M,Recycling - material,KG_HAB,Kilograms per capita,EL,Greece,2018,,77,,,,,
dataflow,ESTAT:ENV_WASMUN(1.0),Municipal waste by waste management operations,A,Annual,RCY_M,Recycling - material,KG_HAB,Kilograms per capita,EL,Greece,2019,,84,,,,,
dataflow,ESTAT:ENV_WASMUN(1.0),Municipal waste by waste management operations,A,Annual,RCY_M,Recycling - material,KG_HAB,Kilograms per capita,EL,Greece,2020,,82,,,,,
dataflow,ESTAT:ENV_WASMUN(1.0),Municipal waste by waste management operations,A,Annual,RCY_M,Recycling - material,KG_HAB,Kilograms per capita,EL,Greece,2021,,81,,,,,
dataflow,ESTAT:ENV_WASMUN(1.0),Municipal waste by waste management operations,A,Annual,RCY_M,Recycling - material,KG_HAB,Kilograms per capita,EL,Greece,2022,,82,,,,,
dataflow,ESTAT:ENV_WASMUN(1.0),Municipal waste by waste management operations,A,Annual,RCY_M,Recycling - material,KG_HAB,Kilograms per capita,ES,Spain,1995,,36,,,,,
dataflow,ESTAT:ENV_WASMUN(1.0),Municipal waste by waste management operations,A,Annual,RCY_M,Recycling - material,KG_HAB,Kilograms per capita,ES,Spain,1996,,41,,,,,
dataflow,ESTAT:ENV_WASMUN(1.0),Municipal waste by waste management operations,A,Annual,RCY_M,Recycling - material,KG_HAB,Kilograms per capita,ES,Spain,1997,,46,,,,,
dataflow,ESTAT:ENV_WASMUN(1.0),Municipal waste by waste management operations,A,Annual,RCY_M,Recycling - material,KG_HAB,Kilograms per capita,ES,Spain,1998,,51,,,,,
dataflow,ESTAT:ENV_WASMUN(1.0),Municipal waste by waste management operations,A,Annual,RCY_M,Recycling - material,KG_HAB,Kilograms per capita,ES,Spain,1999,,48,,,,,
dataflow,ESTAT:ENV_WASMUN(1.0),Municipal waste by waste management operations,A,Annual,RCY_M,Recycling - material,KG_HAB,Kilograms per capita,ES,Spain,2000,,44,,,,,
dataflow,ESTAT:ENV_WASMUN(1.0),Municipal waste by waste management operations,A,Annual,RCY_M,Recycling - material,KG_HAB,Kilograms per capita,ES,Spain,2001,,72,,,,,
dataflow,ESTAT:ENV_WASMUN(1.0),Municipal waste by waste management operations,A,Annual,RCY_M,Recycling - material,KG_HAB,Kilograms per capita,ES,Spain,2002,,92,,,,,
dataflow,ESTAT:ENV_WASMUN(1.0),Municipal waste by waste management operations,A,Annual,RCY_M,Recycling - material,KG_HAB,Kilograms per capita,ES,Spain,2003,,89,,,,,
dataflow,ESTAT:ENV_WASMUN(1.0),Municipal waste by waste management operations,A,Annual,RCY_M,Recycling - material,KG_HAB,Kilograms per capita,ES,Spain,2004,,87,,,,,
dataflow,ESTAT:ENV_WASMUN(1.0),Municipal waste by waste management operations,A,Annual,RCY_M,Recycling - material,KG_HAB,Kilograms per capita,ES,Spain,2005,,84,,,,,
dataflow,ESTAT:ENV_WASMUN(1.0),Municipal waste by waste management operations,A,Annual,RCY_M,Recycling - material,KG_HAB,Kilograms per capita,ES,Spain,2006,,82,,,,,
dataflow,ESTAT:ENV_WASMUN(1.0),Municipal waste by waste management operations,A,Annual,RCY_M,Recycling - material,KG_HAB,Kilograms per capita,ES,Spain,2007,,77,,,,,
dataflow,ESTAT:ENV_WASMUN(1.0),Municipal waste by waste management operations,A,Annual,RCY_M,Recycling - material,KG_HAB,Kilograms per capita,ES,Spain,2008,,85,,,,,
dataflow,ESTAT:ENV_WASMUN(1.0),Municipal waste by waste management operations,A,Annual,RCY_M,Recycling - material,KG_HAB,Kilograms per capita,ES,Spain,2009,,82,,,,,
dataflow,ESTAT:ENV_WASMUN(1.0),Municipal waste by waste management operations,A,Annual,RCY_M,Recycling - material,KG_HAB,Kilograms per capita,ES,Spain,2010,,90,,,,,
dataflow,ESTAT:ENV_WASMUN(1.0),Municipal waste by waste management operations,A,Annual,RCY_M,Recycling - material,KG_HAB,Kilograms per capita,ES,Spain,2011,,81,,,,,
dataflow,ESTAT:ENV_WASMUN(1.0),Municipal waste by waste management operations,A,Annual,RCY_M,Recycling - material,KG_HAB,Kilograms per capita,ES,Spain,2012,,91,,,,,
dataflow,ESTAT:ENV_WASMUN(1.0),Municipal waste by waste management operations,A,Annual,RCY_M,Recycling - material,KG_HAB,Kilograms per capita,ES,Spain,2013,,70,,,,,
dataflow,ESTAT:ENV_WASMUN(1.0),Municipal waste by waste management operations,A,Annual,RCY_M,Recycling - material,KG_HAB,Kilograms per capita,ES,Spain,2014,,76,,,,,
dataflow,ESTAT:ENV_WASMUN(1.0),Municipal waste by waste management operations,A,Annual,RCY_M,Recycling - material,KG_HAB,Kilograms per capita,ES,Spain,2015,,84,,,,,
dataflow,ESTAT:ENV_WASMUN(1.0),Municipal waste by waste management operations,A,Annual,RCY_M,Recycling - material,KG_HAB,Kilograms per capita,ES,Spain,2016,,85,,,,,
dataflow,ESTAT:ENV_WASMUN(1.0),Municipal waste by waste management operations,A,Annual,RCY_M,Recycling - material,KG_HAB,Kilograms per capita,ES,Spain,2017,,87,,,,,
dataflow,ESTAT:ENV_WASMUN(1.0),Municipal waste by waste management operations,A,Annual,RCY_M,Recycling - material,KG_HAB,Kilograms per capita,ES,Spain,2018,,86,,,,,
dataflow,ESTAT:ENV_WASMUN(1.0),Municipal waste by waste management operations,A,Annual,RCY_M,Recycling - material,KG_HAB,Kilograms per capita,ES,Spain,2019,,93,,,,,
dataflow,ESTAT:ENV_WASMUN(1.0),Municipal waste by waste management operations,A,Annual,RCY_M,Recycling - material,KG_HAB,Kilograms per capita,ES,Spain,2020,,94,,,,,
dataflow,ESTAT:ENV_WASMUN(1.0),Municipal waste by waste management operations,A,Annual,RCY_M,Recycling - material,KG_HAB,Kilograms per capita,ES,Spain,2021,,106,,,,,
dataflow,ESTAT:ENV_WASMUN(1.0),Municipal waste by waste management operations,A,Annual,RCY_M,Recycling - material,KG_HAB,Kilograms per capita,ES,Spain,2022,,101,,p,provisional,,
dataflow,ESTAT:ENV_WASMUN(1.0),Municipal waste by waste management operations,A,Annual,RCY_M,Recycling - material,KG_HAB,Kilograms per capita,ES,Spain,2023,,96,,e,estimated,,
dataflow,ESTAT:ENV_WASMUN(1.0),Municipal waste by waste management operations,A,Annual,RCY_M,Recycling - material,KG_HAB,Kilograms per capita,EU27_2020,European Union - 27 countries (from 2020),1995,,54,,i,value imputed by Eurostat or other receiving agencies,,
dataflow,ESTAT:ENV_WASMUN(1.0),Municipal waste by waste management operations,A,Annual,RCY_M,Recycling - material,KG_HAB,Kilograms per capita,EU27_2020,European Union - 27 countries (from 2020),1996,,62,,i,value imputed by Eurostat or other receiving agencies,,
dataflow,ESTAT:ENV_WASMUN(1.0),Municipal waste by waste management operations,A,Annual,RCY_M,Recycling - material,KG_HAB,Kilograms per capita,EU27_2020,European Union - 27 countries (from 2020),1997,,69,,i,value imputed by Eurostat or other receiving agencies,,
dataflow,ESTAT:ENV_WASMUN(1.0),Municipal waste by waste management operations,A,Annual,RCY_M,Recycling - material,KG_HAB,Kilograms per capita,EU27_2020,European Union - 27 countries (from 2020),1998,,75,,i,value imputed by Eurostat or other receiving agencies,,
dataflow,ESTAT:ENV_WASMUN(1.0),Municipal waste by waste management operations,A,Annual,RCY_M,Recycling - material,KG_HAB,Kilograms per capita,EU27_2020,European Union - 27 countries (from 2020),1999,,85,,i,value imputed by Eurostat or other receiving agencies,,
dataflow,ESTAT:ENV_WASMUN(1.0),Municipal waste by waste management operations,A,Annual,RCY_M,Recycling - material,KG_HAB,Kilograms per capita,EU27_2020,European Union - 27 countries (from 2020),2000,,87,,i,value imputed by Eurostat or other receiving agencies,,
dataflow,ESTAT:ENV_WASMUN(1.0),Municipal waste by waste management operations,A,Annual,RCY_M,Recycling - material,KG_HAB,Kilograms per capita,EU27_2020,European Union - 27 countries (from 2020),2001,,92,,i,value imputed by Eurostat or other receiving agencies,,
dataflow,ESTAT:ENV_WASMUN(1.0),Municipal waste by waste management operations,A,Annual,RCY_M,Recycling - material,KG_HAB,Kilograms per capita,EU27_2020,European Union - 27 countries (from 2020),2002,,100,,i,value imputed by Eurostat or other receiving agencies,,
dataflow,ESTAT:ENV_WASMUN(1.0),Municipal waste by waste management operations,A,Annual,RCY_M,Recycling - material,KG_HAB,Kilograms per capita,EU27_2020,European Union - 27 countries (from 2020),2003,,100,,i,value imputed by Eurostat or other receiving agencies,,
dataflow,ESTAT:ENV_WASMUN(1.0),Municipal waste by waste management operations,A,Annual,RCY_M,Recycling - material,KG_HAB,Kilograms per capita,EU27_2020,European Union - 27 countries (from 2020),2004,,100,,i,value imputed by Eurostat or other receiving agencies,,
dataflow,ESTAT:ENV_WASMUN(1.0),Municipal waste by waste management operations,A,Annual,RCY_M,Recycling - material,KG_HAB,Kilograms per capita,EU27_2020,European Union - 27 countries (from 2020),2005,,105,,i,value imputed by Eurostat or other receiving agencies,,
dataflow,ESTAT:ENV_WASMUN(1.0),Municipal waste by waste management operations,A,Annual,RCY_M,Recycling - material,KG_HAB,Kilograms per capita,EU27_2020,European Union - 27 countries (from 2020),2006,,109,,i,value imputed by Eurostat or other receiving agencies,,
dataflow,ESTAT:ENV_WASMUN(1.0),Municipal waste by waste management operations,A,Annual,RCY_M,Recycling - material,KG_HAB,Kilograms per capita,EU27_2020,European Union - 27 countries (from 2020),2007,,119,,,,,
dataflow,ESTAT:ENV_WASMUN(1.0),Municipal waste by waste management operations,A,Annual,RCY_M,Recycling - material,KG_HAB,Kilograms per capita,EU27_2020,European Union - 27 countries (from 2020),2008,,120,,,,,
dataflow,ESTAT:ENV_WASMUN(1.0),Municipal waste by waste management operations,A,Annual,RCY_M,Recycling - material,KG_HAB,Kilograms per capita,EU27_2020,European Union - 27 countries (from 2020),2009,,123,,,,,
dataflow,ESTAT:ENV_WASMUN(1.0),Municipal waste by waste management operations,A,Annual,RCY_M,Recycling - material,KG_HAB,Kilograms per capita,EU27_2020,European Union - 27 countries (from 2020),2010,,125,,,,,
dataflow,ESTAT:ENV_WASMUN(1.0),Municipal waste by waste management operations,A,Annual,RCY_M,Recycling - material,KG_HAB,Kilograms per capita,EU27_2020,European Union - 27 countries (from 2020),2011,,128,,,,,
dataflow,ESTAT:ENV_WASMUN(1.0),Municipal waste by waste management operations,A,Annual,RCY_M,Recycling - material,KG_HAB,Kilograms per capita,EU27_2020,European Union - 27 countries (from 2020),2012,,130,,,,,
dataflow,ESTAT:ENV_WASMUN(1.0),Municipal waste by waste management operations,A,Annual,RCY_M,Recycling - material,KG_HAB,Kilograms per capita,EU27_2020,European Union - 27 countries (from 2020),2013,,128,,,,,
dataflow,ESTAT:ENV_WASMUN(1.0),Municipal waste by waste management operations,A,Annual,RCY_M,Recycling - material,KG_HAB,Kilograms per capita,EU27_2020,European Union - 27 countries (from 2020),2014,,134,,,,,
dataflow,ESTAT:ENV_WASMUN(1.0),Municipal waste by waste management operations,A,Annual,RCY_M,Recycling - material,KG_HAB,Kilograms per capita,EU27_2020,European Union - 27 countries (from 2020),2015,,141,,,,,
dataflow,ESTAT:ENV_WASMUN(1.0),Municipal waste by waste management operations,A,Annual,RCY_M,Recycling - material,KG_HAB,Kilograms per capita,EU27_2020,European Union - 27 countries (from 2020),2016,,145,,,,,
dataflow,ESTAT:ENV_WASMUN(1.0),Municipal waste by waste management operations,A,Annual,RCY_M,Recycling - material,KG_HAB,Kilograms per capita,EU27_2020,European Union - 27 countries (from 2020),2017,,147,,,,,
dataflow,ESTAT:ENV_WASMUN(1.0),Municipal waste by waste management operations,A,Annual,RCY_M,Recycling - material,KG_HAB,Kilograms per capita,EU27_2020,European Union - 27 countries (from 2020),2018,,147,,,,,
dataflow,ESTAT:ENV_WASMUN(1.0),Municipal waste by waste management operations,A,Annual,RCY_M,Recycling - material,KG_HAB,Kilograms per capita,EU27_2020,European Union - 27 countries (from 2020),2019,,150,,i,value imputed by Eurostat or other receiving agencies,,
dataflow,ESTAT:ENV_WASMUN(1.0),Municipal waste by waste management operations,A,Annual,RCY_M,Recycling - material,KG_HAB,Kilograms per capita,EU27_2020,European Union - 27 countries (from 2020),2020,,156,,,,,
dataflow,ESTAT:ENV_WASMUN(1.0),Municipal waste by waste management operations,A,Annual,RCY_M,Recycling - material,KG_HAB,Kilograms per capita,EU27_2020,European Union - 27 countries (from 2020),2021,,163,,i,value imputed by Eurostat or other receiving agencies,,
dataflow,ESTAT:ENV_WASMUN(1.0),Municipal waste by waste management operations,A,Annual,RCY_M,Recycling - material,KG_HAB,Kilograms per capita,EU27_2020,European Union - 27 countries (from 2020),2022,,154,,i,value imputed by Eurostat or other receiving agencies,,
dataflow,ESTAT:ENV_WASMUN(1.0),Municipal waste by waste management operations,A,Annual,RCY_M,Recycling - material,KG_HAB,Kilograms per capita,EU27_2020,European Union - 27 countries (from 2020),2023,,147,,i,value imputed by Eurostat or other receiving agencies,,
dataflow,ESTAT:ENV_WASMUN(1.0),Municipal waste by waste management operations,A,Annual,RCY_M,Recycling - material,KG_HAB,Kilograms per capita,FI,Finland,1995,,107,,,,,
dataflow,ESTAT:ENV_WASMUN(1.0),Municipal waste by waste management operations,A,Annual,RCY_M,Recycling - material,KG_HAB,Kilograms per capita,FI,Finland,1996,,107,,,,,
dataflow,ESTAT:ENV_WASMUN(1.0),Municipal waste by waste management operations,A,Annual,RCY_M,Recycling - material,KG_HAB,Kilograms per capita,FI,Finland,1997,,116,,,,,
dataflow,ESTAT:ENV_WASMUN(1.0),Municipal waste by waste management operations,A,Annual,RCY_M,Recycling - material,KG_HAB,Kilograms per capita,FI,Finland,1998,,121,,,,,
dataflow,ESTAT:ENV_WASMUN(1.0),Municipal waste by waste management operations,A,Annual,RCY_M,Recycling - material,KG_HAB,Kilograms per capita,FI,Finland,1999,,126,,,,,
dataflow,ESTAT:ENV_WASMUN(1.0),Municipal waste by waste management operations,A,Annual,RCY_M,Recycling - material,KG_HAB,Kilograms per capita,FI,Finland,2000,,131,,,,,
dataflow,ESTAT:ENV_WASMUN(1.0),Municipal waste by waste management operations,A,Annual,RCY_M,Recycling - material,KG_HAB,Kilograms per capita,FI,Finland,2001,,121,,,,,
dataflow,ESTAT:ENV_WASMUN(1.0),Municipal waste by waste management operations,A,Annual,RCY_M,Recycling - material,KG_HAB,Kilograms per capita,FI,Finland,2002,,119,,,,,
dataflow,ESTAT:ENV_WASMUN(1.0),Municipal waste by waste management operations,A,Annual,RCY_M,Recycling - material,KG_HAB,Kilograms per capita,FI,Finland,2003,,121,,,,,
dataflow,ESTAT:ENV_WASMUN(1.0),Municipal waste by waste management operations,A,Annual,RCY_M,Recycling - material,KG_HAB,Kilograms per capita,FI,Finland,2004,,122,,,,,
dataflow,ESTAT:ENV_WASMUN(1.0),Municipal waste by waste management operations,A,Annual,RCY_M,Recycling - material,KG_HAB,Kilograms per capita,FI,Finland,2005,,124,,,,,
dataflow,ESTAT:ENV_WASMUN(1.0),Municipal waste by waste management operations,A,Annual,RCY_M,Recycling - material,KG_HAB,Kilograms per capita,FI,Finland,2006,,129,,,,,
dataflow,ESTAT:ENV_WASMUN(1.0),Municipal waste by waste management operations,A,Annual,RCY_M,Recycling - material,KG_HAB,Kilograms per capita,FI,Finland,2007,,131,,,,,
dataflow,ESTAT:ENV_WASMUN(1.0),Municipal waste by waste management operations,A,Annual,RCY_M,Recycling - material,KG_HAB,Kilograms per capita,FI,Finland,2008,,134,,,,,
dataflow,ESTAT:ENV_WASMUN(1.0),Municipal waste by waste management operations,A,Annual,RCY_M,Recycling - material,KG_HAB,Kilograms per capita,FI,Finland,2009,,115,,,,,
dataflow,ESTAT:ENV_WASMUN(1.0),Municipal waste by waste management operations,A,Annual,RCY_M,Recycling - material,KG_HAB,Kilograms per capita,FI,Finland,2010,,92,,,,,
dataflow,ESTAT:ENV_WASMUN(1.0),Municipal waste by waste management operations,A,Annual,RCY_M,Recycling - material,KG_HAB,Kilograms per capita,FI,Finland,2011,,110,,,,,
dataflow,ESTAT:ENV_WASMUN(1.0),Municipal waste by waste management operations,A,Annual,RCY_M,Recycling - material,KG_HAB,Kilograms per capita,FI,Finland,2012,,109,,,,,
dataflow,ESTAT:ENV_WASMUN(1.0),Municipal waste by waste management operations,A,Annual,RCY_M,Recycling - material,KG_HAB,Kilograms per capita,FI,Finland,2013,,94,,,,,
dataflow,ESTAT:ENV_WASMUN(1.0),Municipal waste by waste management operations,A,Annual,RCY_M,Recycling - material,KG_HAB,Kilograms per capita,FI,Finland,2014,,87,,,,,
dataflow,ESTAT:ENV_WASMUN(1.0),Municipal waste by waste management operations,A,Annual,RCY_M,Recycling - material,KG_HAB,Kilograms per capita,FI,Finland,2015,,141,,b,break in time series,,
dataflow,ESTAT:ENV_WASMUN(1.0),Municipal waste by waste management operations,A,Annual,RCY_M,Recycling - material,KG_HAB,Kilograms per capita,FI,Finland,2016,,147,,,,,
dataflow,ESTAT:ENV_WASMUN(1.0),Municipal waste by waste management operations,A,Annual,RCY_M,Recycling - material,KG_HAB,Kilograms per capita,FI,Finland,2017,,140,,,,,
dataflow,ESTAT:ENV_WASMUN(1.0),Municipal waste by waste management operations,A,Annual,RCY_M,Recycling - material,KG_HAB,Kilograms per capita,FI,Finland,2018,,161,,,,,
dataflow,ESTAT:ENV_WASMUN(1.0),Municipal waste by waste management operations,A,Annual,RCY_M,Recycling - material,KG_HAB,Kilograms per capita,FI,Finland,2019,,166,,,,,
dataflow,ESTAT:ENV_WASMUN(1.0),Municipal waste by waste management operations,A,Annual,RCY_M,Recycling - material,KG_HAB,Kilograms per capita,FI,Finland,2020,,177,,,,,
dataflow,ESTAT:ENV_WASMUN(1.0),Municipal waste by waste management operations,A,Annual,RCY_M,Recycling - material,KG_HAB,Kilograms per capita,FI,Finland,2021,,168,,,,,
dataflow,ESTAT:ENV_WASMUN(1.0),Municipal waste by waste management operations,A,Annual,RCY_M,Recycling - material,KG_HAB,Kilograms per capita,FI,Finland,2022,,149,,,,,
dataflow,ESTAT:ENV_WASMUN(1.0),Municipal waste by waste management operations,A,Annual,RCY_M,Recycling - material,KG_HAB,Kilograms per capita,FI,Finland,2023,,135,,,,,
dataflow,ESTAT:ENV_WASMUN(1.0),Municipal waste by waste management operations,A,Annual,RCY_M,Recycling - material,KG_HAB,Kilograms per capita,FR,France,1995,,42,,,,,
dataflow,ESTAT:ENV_WASMUN(1.0),Municipal waste by waste management operations,A,Annual,RCY_M,Recycling - material,KG_HAB,Kilograms per capita,FR,France,1996,,44,,,,,
dataflow,ESTAT:ENV_WASMUN(1.0),Municipal waste by waste management operations,A,Annual,RCY_M,Recycling - material,KG_HAB,Kilograms per capita,FR,France,1997,,51,,,,,
dataflow,ESTAT:ENV_WASMUN(1.0),Municipal waste by waste management operations,A,Annual,RCY_M,Recycling - material,KG_HAB,Kilograms per capita,FR,France,1998,,59,,,,,
dataflow,ESTAT:ENV_WASMUN(1.0),Municipal waste by waste management operations,A,Annual,RCY_M,Recycling - material,KG_HAB,Kilograms per capita,FR,France,1999,,63,,,,,
dataflow,ESTAT:ENV_WASMUN(1.0),Municipal waste by waste management operations,A,Annual,RCY_M,Recycling - material,KG_HAB,Kilograms per capita,FR,France,2000,,67,,,,,
dataflow,ESTAT:ENV_WASMUN(1.0),Municipal waste by waste management operations,A,Annual,RCY_M,Recycling - material,KG_HAB,Kilograms per capita,FR,France,2001,,72,,,,,
dataflow,ESTAT:ENV_WASMUN(1.0),Municipal waste by waste management operations,A,Annual,RCY_M,Recycling - material,KG_HAB,Kilograms per capita,FR,France,2002,,76,,,,,
dataflow,ESTAT:ENV_WASMUN(1.0),Municipal waste by waste management operations,A,Annual,RCY_M,Recycling - material,KG_HAB,Kilograms per capita,FR,France,2003,,76,,,,,
dataflow,ESTAT:ENV_WASMUN(1.0),Municipal waste by waste management operations,A,Annual,RCY_M,Recycling - material,KG_HAB,Kilograms per capita,FR,France,2004,,79,,,,,
dataflow,ESTAT:ENV_WASMUN(1.0),Municipal waste by waste management operations,A,Annual,RCY_M,Recycling - material,KG_HAB,Kilograms per capita,FR,France,2005,,88,,,,,
dataflow,ESTAT:ENV_WASMUN(1.0),Municipal waste by waste management operations,A,Annual,RCY_M,Recycling - material,KG_HAB,Kilograms per capita,FR,France,2006,,92,,e,estimated,,
dataflow,ESTAT:ENV_WASMUN(1.0),Municipal waste by waste management operations,A,Annual,RCY_M,Recycling - material,KG_HAB,Kilograms per capita,FR,France,2007,,95,,,,,
dataflow,ESTAT:ENV_WASMUN(1.0),Municipal waste by waste management operations,A,Annual,RCY_M,Recycling - material,KG_HAB,Kilograms per capita,FR,France,2008,,99,,e,estimated,,
dataflow,ESTAT:ENV_WASMUN(1.0),Municipal waste by waste management operations,A,Annual,RCY_M,Recycling - material,KG_HAB,Kilograms per capita,FR,France,2009,,104,,,,,
dataflow,ESTAT:ENV_WASMUN(1.0),Municipal waste by waste management operations,A,Annual,RCY_M,Recycling - material,KG_HAB,Kilograms per capita,FR,France,2010,,107,,e,estimated,,
dataflow,ESTAT:ENV_WASMUN(1.0),Municipal waste by waste management operations,A,Annual,RCY_M,Recycling - material,KG_HAB,Kilograms per capita,FR,France,2011,,110,,,,,
dataflow,ESTAT:ENV_WASMUN(1.0),Municipal waste by waste management operations,A,Annual,RCY_M,Recycling - material,KG_HAB,Kilograms per capita,FR,France,2012,,111,,e,estimated,,
dataflow,ESTAT:ENV_WASMUN(1.0),Municipal waste by waste management operations,A,Annual,RCY_M,Recycling - material,KG_HAB,Kilograms per capita,FR,France,2013,,113,,,,,
dataflow,ESTAT:ENV_WASMUN(1.0),Municipal waste by waste management operations,A,Annual,RCY_M,Recycling - material,KG_HAB,Kilograms per capita,FR,France,2014,,115,,e,estimated,,
dataflow,ESTAT:ENV_WASMUN(1.0),Municipal waste by waste management operations,A,Annual,RCY_M,Recycling - material,KG_HAB,Kilograms per capita,FR,France,2015,,117,,,,,
dataflow,ESTAT:ENV_WASMUN(1.0),Municipal waste by waste management operations,A,Annual,RCY_M,Recycling - material,KG_HAB,Kilograms per capita,FR,France,2016,,120,,e,estimated,,
dataflow,ESTAT:ENV_WASMUN(1.0),Municipal waste by waste management operations,A,Annual,RCY_M,Recycling - material,KG_HAB,Kilograms per capita,FR,France,2017,,122,,e,estimated,,
dataflow,ESTAT:ENV_WASMUN(1.0),Municipal waste by waste management operations,A,Annual,RCY_M,Recycling - material,KG_HAB,Kilograms per capita,FR,France,2018,,119,,e,estimated,,
dataflow,ESTAT:ENV_WASMUN(1.0),Municipal waste by waste management operations,A,Annual,RCY_M,Recycling - material,KG_HAB,Kilograms per capita,FR,France,2019,,121,,e,estimated,,
dataflow,ESTAT:ENV_WASMUN(1.0),Municipal waste by waste management operations,A,Annual,RCY_M,Recycling - material,KG_HAB,Kilograms per capita,FR,France,2020,,126,,e,estimated,,
dataflow,ESTAT:ENV_WASMUN(1.0),Municipal waste by waste management operations,A,Annual,RCY_M,Recycling - material,KG_HAB,Kilograms per capita,FR,France,2021,,140,,,,,
dataflow,ESTAT:ENV_WASMUN(1.0),Municipal waste by waste management operations,A,Annual,RCY_M,Recycling - material,KG_HAB,Kilograms per capita,FR,France,2022,,122,,ep,"estimated, provisional",,
dataflow,ESTAT:ENV_WASMUN(1.0),Municipal waste by waste management operations,A,Annual,RCY_M,Recycling - material,KG_HAB,Kilograms per capita,FR,France,2023,,120,,ep,"estimated, provisional",,
dataflow,ESTAT:ENV_WASMUN(1.0),Municipal waste by waste management operations,A,Annual,RCY_M,Recycling - material,KG_HAB,Kilograms per capita,HR,Croatia,2007,,9,,,,,
dataflow,ESTAT:ENV_WASMUN(1.0),Municipal waste by waste management operations,A,Annual,RCY_M,Recycling - material,KG_HAB,Kilograms per capita,HR,Croatia,2008,,8,,,,,
dataflow,ESTAT:ENV_WASMUN(1.0),Municipal waste by waste management operations,A,Annual,RCY_M,Recycling - material,KG_HAB,Kilograms per capita,HR,Croatia,2009,,7,,,,,
dataflow,ESTAT:ENV_WASMUN(1.0),Municipal waste by waste management operations,A,Annual,RCY_M,Recycling - material,KG_HAB,Kilograms per capita,HR,Croatia,2010,,12,,,,,
dataflow,ESTAT:ENV_WASMUN(1.0),Municipal waste by waste management operations,A,Annual,RCY_M,Recycling - material,KG_HAB,Kilograms per capita,HR,Croatia,2011,,29,,,,,
dataflow,ESTAT:ENV_WASMUN(1.0),Municipal waste by waste management operations,A,Annual,RCY_M,Recycling - material,KG_HAB,Kilograms per capita,HR,Croatia,2012,,51,,,,,
dataflow,ESTAT:ENV_WASMUN(1.0),Municipal waste by waste management operations,A,Annual,RCY_M,Recycling - material,KG_HAB,Kilograms per capita,HR,Croatia,2013,,54,,,,,
dataflow,ESTAT:ENV_WASMUN(1.0),Municipal waste by waste management operations,A,Annual,RCY_M,Recycling - material,KG_HAB,Kilograms per capita,HR,Croatia,2014,,56,,,,,
dataflow,ESTAT:ENV_WASMUN(1.0),Municipal waste by waste management operations,A,Annual,RCY_M,Recycling - material,KG_HAB,Kilograms per capita,HR,Croatia,2015,,65,,,,,
dataflow,ESTAT:ENV_WASMUN(1.0),Municipal waste by waste management operations,A,Annual,RCY_M,Recycling - material,KG_HAB,Kilograms per capita,HR,Croatia,2016,,79,,,,,
dataflow,ESTAT:ENV_WASMUN(1.0),Municipal waste by waste management operations,A,Annual,RCY_M,Recycling - material,KG_HAB,Kilograms per capita,HR,Croatia,2017,,91,,,,,
dataflow,ESTAT:ENV_WASMUN(1.0),Municipal waste by waste management operations,A,Annual,RCY_M,Recycling - material,KG_HAB,Kilograms per capita,HR,Croatia,2018,,100,,,,,
dataflow,ESTAT:ENV_WASMUN(1.0),Municipal waste by waste management operations,A,Annual,RCY_M,Recycling - material,KG_HAB,Kilograms per capita,HR,Croatia,2019,,123,,,,,
dataflow,ESTAT:ENV_WASMUN(1.0),Municipal waste by waste management operations,A,Annual,RCY_M,Recycling - material,KG_HAB,Kilograms per capita,HR,Croatia,2020,,105,,,,,
dataflow,ESTAT:ENV_WASMUN(1.0),Municipal waste by waste management operations,A,Annual,RCY_M,Recycling - material,KG_HAB,Kilograms per capita,HR,Croatia,2021,,120,,,,,
dataflow,ESTAT:ENV_WASMUN(1.0),Municipal waste by waste management operations,A,Annual,RCY_M,Recycling - material,KG_HAB,Kilograms per capita,HR,Croatia,2022,,139,,,,,
dataflow,ESTAT:ENV_WASMUN(1.0),Municipal waste by waste management operations,A,Annual,RCY_M,Recycling - material,KG_HAB,Kilograms per capita,HR,Croatia,2023,,141,,,,,
dataflow,ESTAT:ENV_WASMUN(1.0),Municipal waste by waste management operations,A,Annual,RCY_M,Recycling - material,KG_HAB,Kilograms per capita,HU,Hungary,1995,,6,,,,,
dataflow,ESTAT:ENV_WASMUN(1.0),Municipal waste by waste management operations,A,Annual,RCY_M,Recycling - material,KG_HAB,Kilograms per capita,HU,Hungary,1996,,6,,,,,
dataflow,ESTAT:ENV_WASMUN(1.0),Municipal waste by waste management operations,A,Annual,RCY_M,Recycling - material,KG_HAB,Kilograms per capita,HU,Hungary,1997,,6,,,,,
dataflow,ESTAT:ENV_WASMUN(1.0),Municipal waste by waste management operations,A,Annual,RCY_M,Recycling - material,KG_HAB,Kilograms per capita,HU,Hungary,1998,,6,,,,,
dataflow,ESTAT:ENV_WASMUN(1.0),Municipal waste by waste management operations,A,Annual,RCY_M,Recycling - material,KG_HAB,Kilograms per capita,HU,Hungary,1999,,6,,,,,
dataflow,ESTAT:ENV_WASMUN(1.0),Municipal waste by waste management operations,A,Annual,RCY_M,Recycling - material,KG_HAB,Kilograms per capita,HU,Hungary,2000,,6,,,,,
dataflow,ESTAT:ENV_WASMUN(1.0),Municipal waste by waste management operations,A,Annual,RCY_M,Recycling - material,KG_HAB,Kilograms per capita,HU,Hungary,2001,,6,,,,,
dataflow,ESTAT:ENV_WASMUN(1.0),Municipal waste by waste management operations,A,Annual,RCY_M,Recycling - material,KG_HAB,Kilograms per capita,HU,Hungary,2002,,7,,,,,
dataflow,ESTAT:ENV_WASMUN(1.0),Municipal waste by waste management operations,A,Annual,RCY_M,Recycling - material,KG_HAB,Kilograms per capita,HU,Hungary,2003,,12,,,,,
dataflow,ESTAT:ENV_WASMUN(1.0),Municipal waste by waste management operations,A,Annual,RCY_M,Recycling - material,KG_HAB,Kilograms per capita,HU,Hungary,2004,,50,,b,break in time series,,
dataflow,ESTAT:ENV_WASMUN(1.0),Municipal waste by waste management operations,A,Annual,RCY_M,Recycling - material,KG_HAB,Kilograms per capita,HU,Hungary,2005,,40,,,,,
dataflow,ESTAT:ENV_WASMUN(1.0),Municipal waste by waste management operations,A,Annual,RCY_M,Recycling - material,KG_HAB,Kilograms per capita,HU,Hungary,2006,,43,,,,,
dataflow,ESTAT:ENV_WASMUN(1.0),Municipal waste by waste management operations,A,Annual,RCY_M,Recycling - material,KG_HAB,Kilograms per capita,HU,Hungary,2007,,49,,,,,
dataflow,ESTAT:ENV_WASMUN(1.0),Municipal waste by waste management operations,A,Annual,RCY_M,Recycling - material,KG_HAB,Kilograms per capita,HU,Hungary,2008,,60,,,,,
dataflow,ESTAT:ENV_WASMUN(1.0),Municipal waste by waste management operations,A,Annual,RCY_M,Recycling - material,KG_HAB,Kilograms per capita,HU,Hungary,2009,,57,,,,,
dataflow,ESTAT:ENV_WASMUN(1.0),Municipal waste by waste management operations,A,Annual,RCY_M,Recycling - material,KG_HAB,Kilograms per capita,HU,Hungary,2010,,64,,,,,
dataflow,ESTAT:ENV_WASMUN(1.0),Municipal waste by waste management operations,A,Annual,RCY_M,Recycling - material,KG_HAB,Kilograms per capita,HU,Hungary,2011,,66,,,,,
dataflow,ESTAT:ENV_WASMUN(1.0),Municipal waste by waste management operations,A,Annual,RCY_M,Recycling - material,KG_HAB,Kilograms per capita,HU,Hungary,2012,,84,,,,,
dataflow,ESTAT:ENV_WASMUN(1.0),Municipal waste by waste management operations,A,Annual,RCY_M,Recycling - material,KG_HAB,Kilograms per capita,HU,Hungary,2013,,81,,,,,
dataflow,ESTAT:ENV_WASMUN(1.0),Municipal waste by waste management operations,A,Annual,RCY_M,Recycling - material,KG_HAB,Kilograms per capita,HU,Hungary,2014,,94,,,,,
dataflow,ESTAT:ENV_WASMUN(1.0),Municipal waste by waste management operations,A,Annual,RCY_M,Recycling - material,KG_HAB,Kilograms per capita,HU,Hungary,2015,,98,,,,,
dataflow,ESTAT:ENV_WASMUN(1.0),Municipal waste by waste management operations,A,Annual,RCY_M,Recycling - material,KG_HAB,Kilograms per capita,HU,Hungary,2016,,102,,,,,
dataflow,ESTAT:ENV_WASMUN(1.0),Municipal waste by waste management operations,A,Annual,RCY_M,Recycling - material,KG_HAB,Kilograms per capita,HU,Hungary,2017,,104,,,,,
dataflow,ESTAT:ENV_WASMUN(1.0),Municipal waste by waste management operations,A,Annual,RCY_M,Recycling - material,KG_HAB,Kilograms per capita,HU,Hungary,2018,,112,,,,,
dataflow,ESTAT:ENV_WASMUN(1.0),Municipal waste by waste management operations,A,Annual,RCY_M,Recycling - material,KG_HAB,Kilograms per capita,HU,Hungary,2019,,104,,,,,
dataflow,ESTAT:ENV_WASMUN(1.0),Municipal waste by waste management operations,A,Annual,RCY_M,Recycling - material,KG_HAB,Kilograms per capita,HU,Hungary,2020,,90,,,,,
dataflow,ESTAT:ENV_WASMUN(1.0),Municipal waste by waste management operations,A,Annual,RCY_M,Recycling - material,KG_HAB,Kilograms per capita,HU,Hungary,2021,,107,,,,,
dataflow,ESTAT:ENV_WASMUN(1.0),Municipal waste by waste management operations,A,Annual,RCY_M,Recycling - material,KG_HAB,Kilograms per capita,HU,Hungary,2022,,101,,,,,
dataflow,ESTAT:ENV_WASMUN(1.0),Municipal waste by waste management operations,A,Annual,RCY_M,Recycling - material,KG_HAB,Kilograms per capita,HU,Hungary,2023,,83,,,,,
dataflow,ESTAT:ENV_WASMUN(1.0),Municipal waste by waste management operations,A,Annual,RCY_M,Recycling - material,KG_HAB,Kilograms per capita,IE,Ireland,1995,,34,,,,,
dataflow,ESTAT:ENV_WASMUN(1.0),Municipal waste by waste management operations,A,Annual,RCY_M,Recycling - material,KG_HAB,Kilograms per capita,IE,Ireland,1996,,36,,,,,
dataflow,ESTAT:ENV_WASMUN(1.0),Municipal waste by waste management operations,A,Annual,RCY_M,Recycling - material,KG_HAB,Kilograms per capita,IE,Ireland,1997,,41,,,,,
dataflow,ESTAT:ENV_WASMUN(1.0),Municipal waste by waste management operations,A,Annual,RCY_M,Recycling - material,KG_HAB,Kilograms per capita,IE,Ireland,1998,,43,,,,,
dataflow,ESTAT:ENV_WASMUN(1.0),Municipal waste by waste management operations,A,Annual,RCY_M,Recycling - material,KG_HAB,Kilograms per capita,IE,Ireland,1999,,55,,,,,
dataflow,ESTAT:ENV_WASMUN(1.0),Municipal waste by waste management operations,A,Annual,RCY_M,Recycling - material,KG_HAB,Kilograms per capita,IE,Ireland,2000,,67,,,,,
dataflow,ESTAT:ENV_WASMUN(1.0),Municipal waste by waste management operations,A,Annual,RCY_M,Recycling - material,KG_HAB,Kilograms per capita,IE,Ireland,2001,,73,,,,,
dataflow,ESTAT:ENV_WASMUN(1.0),Municipal waste by waste management operations,A,Annual,RCY_M,Recycling - material,KG_HAB,Kilograms per capita,IE,Ireland,2002,,118,,,,,
dataflow,ESTAT:ENV_WASMUN(1.0),Municipal waste by waste management operations,A,Annual,RCY_M,Recycling - material,KG_HAB,Kilograms per capita,IE,Ireland,2003,,163,,,,,
dataflow,ESTAT:ENV_WASMUN(1.0),Municipal waste by waste management operations,A,Annual,RCY_M,Recycling - material,KG_HAB,Kilograms per capita,IE,Ireland,2004,,205,,,,,
dataflow,ESTAT:ENV_WASMUN(1.0),Municipal waste by waste management operations,A,Annual,RCY_M,Recycling - material,KG_HAB,Kilograms per capita,IE,Ireland,2005,,216,,,,,
dataflow,ESTAT:ENV_WASMUN(1.0),Municipal waste by waste management operations,A,Annual,RCY_M,Recycling - material,KG_HAB,Kilograms per capita,IE,Ireland,2006,,249,,,,,
dataflow,ESTAT:ENV_WASMUN(1.0),Municipal waste by waste management operations,A,Annual,RCY_M,Recycling - material,KG_HAB,Kilograms per capita,IE,Ireland,2007,,246,,,,,
dataflow,ESTAT:ENV_WASMUN(1.0),Municipal waste by waste management operations,A,Annual,RCY_M,Recycling - material,KG_HAB,Kilograms per capita,IE,Ireland,2008,,218,,,,,
dataflow,ESTAT:ENV_WASMUN(1.0),Municipal waste by waste management operations,A,Annual,RCY_M,Recycling - material,KG_HAB,Kilograms per capita,IE,Ireland,2009,,199,,,,,
dataflow,ESTAT:ENV_WASMUN(1.0),Municipal waste by waste management operations,A,Annual,RCY_M,Recycling - material,KG_HAB,Kilograms per capita,IE,Ireland,2010,,200,,,,,
dataflow,ESTAT:ENV_WASMUN(1.0),Municipal waste by waste management operations,A,Annual,RCY_M,Recycling - material,KG_HAB,Kilograms per capita,IE,Ireland,2011,,188,,,,,
dataflow,ESTAT:ENV_WASMUN(1.0),Municipal waste by waste management operations,A,Annual,RCY_M,Recycling - material,KG_HAB,Kilograms per capita,IE,Ireland,2012,,180,,,,,
dataflow,ESTAT:ENV_WASMUN(1.0),Municipal waste by waste management operations,A,Annual,RCY_M,Recycling - material,KG_HAB,Kilograms per capita,IE,Ireland,2014,,185,,,,,
dataflow,ESTAT:ENV_WASMUN(1.0),Municipal waste by waste management operations,A,Annual,RCY_M,Recycling - material,KG_HAB,Kilograms per capita,IE,Ireland,2016,,196,,,,,
dataflow,ESTAT:ENV_WASMUN(1.0),Municipal waste by waste management operations,A,Annual,RCY_M,Recycling - material,KG_HAB,Kilograms per capita,IE,Ireland,2017,,181,,,,,
dataflow,ESTAT:ENV_WASMUN(1.0),Municipal waste by waste management operations,A,Annual,RCY_M,Recycling - material,KG_HAB,Kilograms per capita,IE,Ireland,2018,,174,,,,,
dataflow,ESTAT:ENV_WASMUN(1.0),Municipal waste by waste management operations,A,Annual,RCY_M,Recycling - material,KG_HAB,Kilograms per capita,IE,Ireland,2019,,172,,b,break in time series,,
dataflow,ESTAT:ENV_WASMUN(1.0),Municipal waste by waste management operations,A,Annual,RCY_M,Recycling - material,KG_HAB,Kilograms per capita,IE,Ireland,2020,,188,,b,break in time series,,
dataflow,ESTAT:ENV_WASMUN(1.0),Municipal waste by waste management operations,A,Annual,RCY_M,Recycling - material,KG_HAB,Kilograms per capita,IS,Iceland,1995,,26,,,,,
dataflow,ESTAT:ENV_WASMUN(1.0),Municipal waste by waste management operations,A,Annual,RCY_M,Recycling - material,KG_HAB,Kilograms per capita,IS,Iceland,1996,,33,,,,,
dataflow,ESTAT:ENV_WASMUN(1.0),Municipal waste by waste management operations,A,Annual,RCY_M,Recycling - material,KG_HAB,Kilograms per capita,IS,Iceland,1997,,30,,,,,
dataflow,ESTAT:ENV_WASMUN(1.0),Municipal waste by waste management operations,A,Annual,RCY_M,Recycling - material,KG_HAB,Kilograms per capita,IS,Iceland,1998,,40,,,,,
dataflow,ESTAT:ENV_WASMUN(1.0),Municipal waste by waste management operations,A,Annual,RCY_M,Recycling - material,KG_HAB,Kilograms per capita,IS,Iceland,1999,,50,,,,,
dataflow,ESTAT:ENV_WASMUN(1.0),Municipal waste by waste management operations,A,Annual,RCY_M,Recycling - material,KG_HAB,Kilograms per capita,IS,Iceland,2000,,60,,,,,
dataflow,ESTAT:ENV_WASMUN(1.0),Municipal waste by waste management operations,A,Annual,RCY_M,Recycling - material,KG_HAB,Kilograms per capita,IS,Iceland,2001,,63,,,,,
dataflow,ESTAT:ENV_WASMUN(1.0),Municipal waste by waste management operations,A,Annual,RCY_M,Recycling - material,KG_HAB,Kilograms per capita,IS,Iceland,2002,,66,,,,,
dataflow,ESTAT:ENV_WASMUN(1.0),Municipal waste by waste management operations,A,Annual,RCY_M,Recycling - material,KG_HAB,Kilograms per capita,IS,Iceland,2003,,69,,,,,
dataflow,ESTAT:ENV_WASMUN(1.0),Municipal waste by waste management operations,A,Annual,RCY_M,Recycling - material,KG_HAB,Kilograms per capita,IS,Iceland,2004,,79,,,,,
dataflow,ESTAT:ENV_WASMUN(1.0),Municipal waste by waste management operations,A,Annual,RCY_M,Recycling - material,KG_HAB,Kilograms per capita,IS,Iceland,2008,,113,,,,,
dataflow,ESTAT:ENV_WASMUN(1.0),Municipal waste by waste management operations,A,Annual,RCY_M,Recycling - material,KG_HAB,Kilograms per capita,IS,Iceland,2009,,66,,,,,
dataflow,ESTAT:ENV_WASMUN(1.0),Municipal waste by waste management operations,A,Annual,RCY_M,Recycling - material,KG_HAB,Kilograms per capita,IS,Iceland,2010,,75,,,,,
dataflow,ESTAT:ENV_WASMUN(1.0),Municipal waste by waste management operations,A,Annual,RCY_M,Recycling - material,KG_HAB,Kilograms per capita,IS,Iceland,2011,,100,,,,,
dataflow,ESTAT:ENV_WASMUN(1.0),Municipal waste by waste management operations,A,Annual,RCY_M,Recycling - material,KG_HAB,Kilograms per capita,IS,Iceland,2012,,122,,,,,
dataflow,ESTAT:ENV_WASMUN(1.0),Municipal waste by waste management operations,A,Annual,RCY_M,Recycling - material,KG_HAB,Kilograms per capita,IS,Iceland,2013,,130,,,,,
dataflow,ESTAT:ENV_WASMUN(1.0),Municipal waste by waste management operations,A,Annual,RCY_M,Recycling - material,KG_HAB,Kilograms per capita,IS,Iceland,2014,,113,,,,,
dataflow,ESTAT:ENV_WASMUN(1.0),Municipal waste by waste management operations,A,Annual,RCY_M,Recycling - material,KG_HAB,Kilograms per capita,IS,Iceland,2015,,122,,,,,
dataflow,ESTAT:ENV_WASMUN(1.0),Municipal waste by waste management operations,A,Annual,RCY_M,Recycling - material,KG_HAB,Kilograms per capita,IS,Iceland,2016,,167,,,,,
dataflow,ESTAT:ENV_WASMUN(1.0),Municipal waste by waste management operations,A,Annual,RCY_M,Recycling - material,KG_HAB,Kilograms per capita,IS,Iceland,2017,,124,,,,,
dataflow,ESTAT:ENV_WASMUN(1.0),Municipal waste by waste management operations,A,Annual,RCY_M,Recycling - material,KG_HAB,Kilograms per capita,IS,Iceland,2018,,144,,,,,
dataflow,ESTAT:ENV_WASMUN(1.0),Municipal waste by waste management operations,A,Annual,RCY_M,Recycling - material,KG_HAB,Kilograms per capita,IS,Iceland,2020,,108,,,,,
dataflow,ESTAT:ENV_WASMUN(1.0),Municipal waste by waste management operations,A,Annual,RCY_M,Recycling - material,KG_HAB,Kilograms per capita,IS,Iceland,2021,,145,,,,,
dataflow,ESTAT:ENV_WASMUN(1.0),Municipal waste by waste management operations,A,Annual,RCY_M,Recycling - material,KG_HAB,Kilograms per capita,IS,Iceland,2022,,123,,,,,
dataflow,ESTAT:ENV_WASMUN(1.0),Municipal waste by waste management operations,A,Annual,RCY_M,Recycling - material,KG_HAB,Kilograms per capita,IT,Italy,1995,,16,,,,,
dataflow,ESTAT:ENV_WASMUN(1.0),Municipal waste by waste management operations,A,Annual,RCY_M,Recycling - material,KG_HAB,Kilograms per capita,IT,Italy,1996,,21,,,,,
dataflow,ESTAT:ENV_WASMUN(1.0),Municipal waste by waste management operations,A,Annual,RCY_M,Recycling - material,KG_HAB,Kilograms per capita,IT,Italy,1997,,33,,,,,
dataflow,ESTAT:ENV_WASMUN(1.0),Municipal waste by waste management operations,A,Annual,RCY_M,Recycling - material,KG_HAB,Kilograms per capita,IT,Italy,1998,,39,,,,,
dataflow,ESTAT:ENV_WASMUN(1.0),Municipal waste by waste management operations,A,Annual,RCY_M,Recycling - material,KG_HAB,Kilograms per capita,IT,Italy,1999,,46,,,,,
dataflow,ESTAT:ENV_WASMUN(1.0),Municipal waste by waste management operations,A,Annual,RCY_M,Recycling - material,KG_HAB,Kilograms per capita,IT,Italy,2000,,51,,,,,
dataflow,ESTAT:ENV_WASMUN(1.0),Municipal waste by waste management operations,A,Annual,RCY_M,Recycling - material,KG_HAB,Kilograms per capita,IT,Italy,2001,,62,,,,,
dataflow,ESTAT:ENV_WASMUN(1.0),Municipal waste by waste management operations,A,Annual,RCY_M,Recycling - material,KG_HAB,Kilograms per capita,IT,Italy,2002,,48,,,,,
dataflow,ESTAT:ENV_WASMUN(1.0),Municipal waste by waste management operations,A,Annual,RCY_M,Recycling - material,KG_HAB,Kilograms per capita,IT,Italy,2003,,54,,,,,
dataflow,ESTAT:ENV_WASMUN(1.0),Municipal waste by waste management operations,A,Annual,RCY_M,Recycling - material,KG_HAB,Kilograms per capita,IT,Italy,2004,,61,,,,,
dataflow,ESTAT:ENV_WASMUN(1.0),Municipal waste by waste management operations,A,Annual,RCY_M,Recycling - material,KG_HAB,Kilograms per capita,IT,Italy,2005,,63,,,,,
dataflow,ESTAT:ENV_WASMUN(1.0),Municipal waste by waste management operations,A,Annual,RCY_M,Recycling - material,KG_HAB,Kilograms per capita,IT,Italy,2006,,65,,,,,
dataflow,ESTAT:ENV_WASMUN(1.0),Municipal waste by waste management operations,A,Annual,RCY_M,Recycling - material,KG_HAB,Kilograms per capita,IT,Italy,2007,,94,,b,break in time series,,
dataflow,ESTAT:ENV_WASMUN(1.0),Municipal waste by waste management operations,A,Annual,RCY_M,Recycling - material,KG_HAB,Kilograms per capita,IT,Italy,2008,,78,,,,,
dataflow,ESTAT:ENV_WASMUN(1.0),Municipal waste by waste management operations,A,Annual,RCY_M,Recycling - material,KG_HAB,Kilograms per capita,IT,Italy,2009,,101,,,,,
dataflow,ESTAT:ENV_WASMUN(1.0),Municipal waste by waste management operations,A,Annual,RCY_M,Recycling - material,KG_HAB,Kilograms per capita,IT,Italy,2010,,102,,,,,
dataflow,ESTAT:ENV_WASMUN(1.0),Municipal waste by waste management operations,A,Annual,RCY_M,Recycling - material,KG_HAB,Kilograms per capita,IT,Italy,2011,,119,,,,,
dataflow,ESTAT:ENV_WASMUN(1.0),Municipal waste by waste management operations,A,Annual,RCY_M,Recycling - material,KG_HAB,Kilograms per capita,IT,Italy,2012,,119,,,,,
dataflow,ESTAT:ENV_WASMUN(1.0),Municipal waste by waste management operations,A,Annual,RCY_M,Recycling - material,KG_HAB,Kilograms per capita,IT,Italy,2013,,122,,,,,
dataflow,ESTAT:ENV_WASMUN(1.0),Municipal waste by waste management operations,A,Annual,RCY_M,Recycling - material,KG_HAB,Kilograms per capita,IT,Italy,2014,,124,,,,,
dataflow,ESTAT:ENV_WASMUN(1.0),Municipal waste by waste management operations,A,Annual,RCY_M,Recycling - material,KG_HAB,Kilograms per capita,IT,Italy,2015,,131,,b,break in time series,,
dataflow,ESTAT:ENV_WASMUN(1.0),Municipal waste by waste management operations,A,Annual,RCY_M,Recycling - material,KG_HAB,Kilograms per capita,IT,Italy,2016,,135,,,,,
dataflow,ESTAT:ENV_WASMUN(1.0),Municipal waste by waste management operations,A,Annual,RCY_M,Recycling - material,KG_HAB,Kilograms per capita,IT,Italy,2017,,137,,,,,
dataflow,ESTAT:ENV_WASMUN(1.0),Municipal waste by waste management operations,A,Annual,RCY_M,Recycling - material,KG_HAB,Kilograms per capita,IT,Italy,2018,,144,,,,,
dataflow,ESTAT:ENV_WASMUN(1.0),Municipal waste by waste management operations,A,Annual,RCY_M,Recycling - material,KG_HAB,Kilograms per capita,IT,Italy,2019,,151,,,,,
dataflow,ESTAT:ENV_WASMUN(1.0),Municipal waste by waste management operations,A,Annual,RCY_M,Recycling - material,KG_HAB,Kilograms per capita,IT,Italy,2020,,135,,,,,
dataflow,ESTAT:ENV_WASMUN(1.0),Municipal waste by waste management operations,A,Annual,RCY_M,Recycling - material,KG_HAB,Kilograms per capita,IT,Italy,2021,,137,,,,,
dataflow,ESTAT:ENV_WASMUN(1.0),Municipal waste by waste management operations,A,Annual,RCY_M,Recycling - material,KG_HAB,Kilograms per capita,IT,Italy,2022,,141,,,,,
dataflow,ESTAT:ENV_WASMUN(1.0),Municipal waste by waste management operations,A,Annual,RCY_M,Recycling - material,KG_HAB,Kilograms per capita,LT,Lithuania,1995,,0,,,,,
dataflow,ESTAT:ENV_WASMUN(1.0),Municipal waste by waste management operations,A,Annual,RCY_M,Recycling - material,KG_HAB,Kilograms per capita,LT,Lithuania,1996,,0,,,,,
dataflow,ESTAT:ENV_WASMUN(1.0),Municipal waste by waste management operations,A,Annual,RCY_M,Recycling - material,KG_HAB,Kilograms per capita,LT,Lithuania,1997,,0,,,,,
dataflow,ESTAT:ENV_WASMUN(1.0),Municipal waste by waste management operations,A,Annual,RCY_M,Recycling - material,KG_HAB,Kilograms per capita,LT,Lithuania,1998,,0,,,,,
dataflow,ESTAT:ENV_WASMUN(1.0),Municipal waste by waste management operations,A,Annual,RCY_M,Recycling - material,KG_HAB,Kilograms per capita,LT,Lithuania,1999,,0,,,,,
dataflow,ESTAT:ENV_WASMUN(1.0),Municipal waste by waste management operations,A,Annual,RCY_M,Recycling - material,KG_HAB,Kilograms per capita,LT,Lithuania,2000,,0,,,,,
dataflow,ESTAT:ENV_WASMUN(1.0),Municipal waste by waste management operations,A,Annual,RCY_M,Recycling - material,KG_HAB,Kilograms per capita,LT,Lithuania,2001,,0,,,,,
dataflow,ESTAT:ENV_WASMUN(1.0),Municipal waste by waste management operations,A,Annual,RCY_M,Recycling - material,KG_HAB,Kilograms per capita,LT,Lithuania,2002,,0,,,,,
dataflow,ESTAT:ENV_WASMUN(1.0),Municipal waste by waste management operations,A,Annual,RCY_M,Recycling - material,KG_HAB,Kilograms per capita,LT,Lithuania,2003,,0,,,,,
dataflow,ESTAT:ENV_WASMUN(1.0),Municipal waste by waste management operations,A,Annual,RCY_M,Recycling - material,KG_HAB,Kilograms per capita,LT,Lithuania,2004,,4,,i,value imputed by Eurostat or other receiving agencies,,
dataflow,ESTAT:ENV_WASMUN(1.0),Municipal waste by waste management operations,A,Annual,RCY_M,Recycling - material,KG_HAB,Kilograms per capita,LT,Lithuania,2005,,4,,i,value imputed by Eurostat or other receiving agencies,,
dataflow,ESTAT:ENV_WASMUN(1.0),Municipal waste by waste management operations,A,Annual,RCY_M,Recycling - material,KG_HAB,Kilograms per capita,LT,Lithuania,2006,,4,,i,value imputed by Eurostat or other receiving agencies,,
dataflow,ESTAT:ENV_WASMUN(1.0),Municipal waste by waste management operations,A,Annual,RCY_M,Recycling - material,KG_HAB,Kilograms per capita,LT,Lithuania,2007,,25,,,,,
dataflow,ESTAT:ENV_WASMUN(1.0),Municipal waste by waste management operations,A,Annual,RCY_M,Recycling - material,KG_HAB,Kilograms per capita,LT,Lithuania,2008,,31,,b,break in time series,,
dataflow,ESTAT:ENV_WASMUN(1.0),Municipal waste by waste management operations,A,Annual,RCY_M,Recycling - material,KG_HAB,Kilograms per capita,LT,Lithuania,2009,,27,,,,,
dataflow,ESTAT:ENV_WASMUN(1.0),Municipal waste by waste management operations,A,Annual,RCY_M,Recycling - material,KG_HAB,Kilograms per capita,LT,Lithuania,2010,,14,,,,,
dataflow,ESTAT:ENV_WASMUN(1.0),Municipal waste by waste management operations,A,Annual,RCY_M,Recycling - material,KG_HAB,Kilograms per capita,LT,Lithuania,2011,,81,,,,,
dataflow,ESTAT:ENV_WASMUN(1.0),Municipal waste by waste management operations,A,Annual,RCY_M,Recycling - material,KG_HAB,Kilograms per capita,LT,Lithuania,2012,,87,,,,,
dataflow,ESTAT:ENV_WASMUN(1.0),Municipal waste by waste management operations,A,Annual,RCY_M,Recycling - material,KG_HAB,Kilograms per capita,LT,Lithuania,2013,,88,,,,,
dataflow,ESTAT:ENV_WASMUN(1.0),Municipal waste by waste management operations,A,Annual,RCY_M,Recycling - material,KG_HAB,Kilograms per capita,LT,Lithuania,2014,,91,,,,,
dataflow,ESTAT:ENV_WASMUN(1.0),Municipal waste by waste management operations,A,Annual,RCY_M,Recycling - material,KG_HAB,Kilograms per capita,LT,Lithuania,2015,,102,,,,,
dataflow,ESTAT:ENV_WASMUN(1.0),Municipal waste by waste management operations,A,Annual,RCY_M,Recycling - material,KG_HAB,Kilograms per capita,LT,Lithuania,2016,,109,,,,,
dataflow,ESTAT:ENV_WASMUN(1.0),Municipal waste by waste management operations,A,Annual,RCY_M,Recycling - material,KG_HAB,Kilograms per capita,LT,Lithuania,2017,,109,,,,,
dataflow,ESTAT:ENV_WASMUN(1.0),Municipal waste by waste management operations,A,Annual,RCY_M,Recycling - material,KG_HAB,Kilograms per capita,LT,Lithuania,2018,,112,,,,,
dataflow,ESTAT:ENV_WASMUN(1.0),Municipal waste by waste management operations,A,Annual,RCY_M,Recycling - material,KG_HAB,Kilograms per capita,LT,Lithuania,2019,,129,,,,,
dataflow,ESTAT:ENV_WASMUN(1.0),Municipal waste by waste management operations,A,Annual,RCY_M,Recycling - material,KG_HAB,Kilograms per capita,LT,Lithuania,2020,,117,,,,,
dataflow,ESTAT:ENV_WASMUN(1.0),Municipal waste by waste management operations,A,Annual,RCY_M,Recycling - material,KG_HAB,Kilograms per capita,LT,Lithuania,2021,,126,,,,,
dataflow,ESTAT:ENV_WASMUN(1.0),Municipal waste by waste management operations,A,Annual,RCY_M,Recycling - material,KG_HAB,Kilograms per capita,LT,Lithuania,2022,,122,,,,,
dataflow,ESTAT:ENV_WASMUN(1.0),Municipal waste by waste management operations,A,Annual,RCY_M,Recycling - material,KG_HAB,Kilograms per capita,LT,Lithuania,2023,,110,,,,,
dataflow,ESTAT:ENV_WASMUN(1.0),Municipal waste by waste management operations,A,Annual,RCY_M,Recycling - material,KG_HAB,Kilograms per capita,LU,Luxembourg,1995,,77,,,,,
dataflow,ESTAT:ENV_WASMUN(1.0),Municipal waste by waste management operations,A,Annual,RCY_M,Recycling - material,KG_HAB,Kilograms per capita,LU,Luxembourg,1996,,90,,,,,
dataflow,ESTAT:ENV_WASMUN(1.0),Municipal waste by waste management operations,A,Annual,RCY_M,Recycling - material,KG_HAB,Kilograms per capita,LU,Luxembourg,1997,,109,,,,,
dataflow,ESTAT:ENV_WASMUN(1.0),Municipal waste by waste management operations,A,Annual,RCY_M,Recycling - material,KG_HAB,Kilograms per capita,LU,Luxembourg,1998,,124,,,,,
dataflow,ESTAT:ENV_WASMUN(1.0),Municipal waste by waste management operations,A,Annual,RCY_M,Recycling - material,KG_HAB,Kilograms per capita,LU,Luxembourg,1999,,121,,,,,
dataflow,ESTAT:ENV_WASMUN(1.0),Municipal waste by waste management operations,A,Annual,RCY_M,Recycling - material,KG_HAB,Kilograms per capita,LU,Luxembourg,2000,,141,,,,,
dataflow,ESTAT:ENV_WASMUN(1.0),Municipal waste by waste management operations,A,Annual,RCY_M,Recycling - material,KG_HAB,Kilograms per capita,LU,Luxembourg,2001,,150,,,,,
dataflow,ESTAT:ENV_WASMUN(1.0),Municipal waste by waste management operations,A,Annual,RCY_M,Recycling - material,KG_HAB,Kilograms per capita,LU,Luxembourg,2002,,149,,,,,
dataflow,ESTAT:ENV_WASMUN(1.0),Municipal waste by waste management operations,A,Annual,RCY_M,Recycling - material,KG_HAB,Kilograms per capita,LU,Luxembourg,2003,,156,,,,,
dataflow,ESTAT:ENV_WASMUN(1.0),Municipal waste by waste management operations,A,Annual,RCY_M,Recycling - material,KG_HAB,Kilograms per capita,LU,Luxembourg,2004,,158,,,,,
dataflow,ESTAT:ENV_WASMUN(1.0),Municipal waste by waste management operations,A,Annual,RCY_M,Recycling - material,KG_HAB,Kilograms per capita,LU,Luxembourg,2005,,172,,,,,
dataflow,ESTAT:ENV_WASMUN(1.0),Municipal waste by waste management operations,A,Annual,RCY_M,Recycling - material,KG_HAB,Kilograms per capita,LU,Luxembourg,2006,,178,,,,,
dataflow,ESTAT:ENV_WASMUN(1.0),Municipal waste by waste management operations,A,Annual,RCY_M,Recycling - material,KG_HAB,Kilograms per capita,LU,Luxembourg,2007,,179,,,,,
dataflow,ESTAT:ENV_WASMUN(1.0),Municipal waste by waste management operations,A,Annual,RCY_M,Recycling - material,KG_HAB,Kilograms per capita,LU,Luxembourg,2008,,182,,,,,
dataflow,ESTAT:ENV_WASMUN(1.0),Municipal waste by waste management operations,A,Annual,RCY_M,Recycling - material,KG_HAB,Kilograms per capita,LU,Luxembourg,2009,,179,,,,,
dataflow,ESTAT:ENV_WASMUN(1.0),Municipal waste by waste management operations,A,Annual,RCY_M,Recycling - material,KG_HAB,Kilograms per capita,LU,Luxembourg,2010,,183,,,,,
dataflow,ESTAT:ENV_WASMUN(1.0),Municipal waste by waste management operations,A,Annual,RCY_M,Recycling - material,KG_HAB,Kilograms per capita,LU,Luxembourg,2011,,188,,,,,
dataflow,ESTAT:ENV_WASMUN(1.0),Municipal waste by waste management operations,A,Annual,RCY_M,Recycling - material,KG_HAB,Kilograms per capita,LU,Luxembourg,2012,,182,,,,,
dataflow,ESTAT:ENV_WASMUN(1.0),Municipal waste by waste management operations,A,Annual,RCY_M,Recycling - material,KG_HAB,Kilograms per capita,LU,Luxembourg,2013,,174,,,,,
dataflow,ESTAT:ENV_WASMUN(1.0),Municipal waste by waste management operations,A,Annual,RCY_M,Recycling - material,KG_HAB,Kilograms per capita,LU,Luxembourg,2014,,178,,,,,
dataflow,ESTAT:ENV_WASMUN(1.0),Municipal waste by waste management operations,A,Annual,RCY_M,Recycling - material,KG_HAB,Kilograms per capita,LU,Luxembourg,2015,,177,,,,,
dataflow,ESTAT:ENV_WASMUN(1.0),Municipal waste by waste management operations,A,Annual,RCY_M,Recycling - material,KG_HAB,Kilograms per capita,LU,Luxembourg,2016,,233,,b,break in time series,,
dataflow,ESTAT:ENV_WASMUN(1.0),Municipal waste by waste management operations,A,Annual,RCY_M,Recycling - material,KG_HAB,Kilograms per capita,LU,Luxembourg,2017,,237,,,,,
dataflow,ESTAT:ENV_WASMUN(1.0),Municipal waste by waste management operations,A,Annual,RCY_M,Recycling - material,KG_HAB,Kilograms per capita,LU,Luxembourg,2018,,239,,,,,
dataflow,ESTAT:ENV_WASMUN(1.0),Municipal waste by waste management operations,A,Annual,RCY_M,Recycling - material,KG_HAB,Kilograms per capita,LU,Luxembourg,2019,,235,,e,estimated,,
dataflow,ESTAT:ENV_WASMUN(1.0),Municipal waste by waste management operations,A,Annual,RCY_M,Recycling - material,KG_HAB,Kilograms per capita,LU,Luxembourg,2020,,232,,,,,
dataflow,ESTAT:ENV_WASMUN(1.0),Municipal waste by waste management operations,A,Annual,RCY_M,Recycling - material,KG_HAB,Kilograms per capita,LU,Luxembourg,2021,,238,,,,,
dataflow,ESTAT:ENV_WASMUN(1.0),Municipal waste by waste management operations,A,Annual,RCY_M,Recycling - material,KG_HAB,Kilograms per capita,LU,Luxembourg,2022,,230,,,,,
dataflow,ESTAT:ENV_WASMUN(1.0),Municipal waste by waste management operations,A,Annual,RCY_M,Recycling - material,KG_HAB,Kilograms per capita,LU,Luxembourg,2023,,224,,,,,
dataflow,ESTAT:ENV_WASMUN(1.0),Municipal waste by waste management operations,A,Annual,RCY_M,Recycling - material,KG_HAB,Kilograms per capita,LV,Latvia,1995,,0,,e,estimated,,
dataflow,ESTAT:ENV_WASMUN(1.0),Municipal waste by waste management operations,A,Annual,RCY_M,Recycling - material,KG_HAB,Kilograms per capita,LV,Latvia,1996,,0,,e,estimated,,
dataflow,ESTAT:ENV_WASMUN(1.0),Municipal waste by waste management operations,A,Annual,RCY_M,Recycling - material,KG_HAB,Kilograms per capita,LV,Latvia,1997,,0,,e,estimated,,
dataflow,ESTAT:ENV_WASMUN(1.0),Municipal waste by waste management operations,A,Annual,RCY_M,Recycling - material,KG_HAB,Kilograms per capita,LV,Latvia,1998,,0,,e,estimated,,
dataflow,ESTAT:ENV_WASMUN(1.0),Municipal waste by waste management operations,A,Annual,RCY_M,Recycling - material,KG_HAB,Kilograms per capita,LV,Latvia,1999,,0,,e,estimated,,
dataflow,ESTAT:ENV_WASMUN(1.0),Municipal waste by waste management operations,A,Annual,RCY_M,Recycling - material,KG_HAB,Kilograms per capita,LV,Latvia,2000,,0,,e,estimated,,
dataflow,ESTAT:ENV_WASMUN(1.0),Municipal waste by waste management operations,A,Annual,RCY_M,Recycling - material,KG_HAB,Kilograms per capita,LV,Latvia,2001,,0,,,,,
dataflow,ESTAT:ENV_WASMUN(1.0),Municipal waste by waste management operations,A,Annual,RCY_M,Recycling - material,KG_HAB,Kilograms per capita,LV,Latvia,2002,,1,,,,,
dataflow,ESTAT:ENV_WASMUN(1.0),Municipal waste by waste management operations,A,Annual,RCY_M,Recycling - material,KG_HAB,Kilograms per capita,LV,Latvia,2003,,6,,,,,
dataflow,ESTAT:ENV_WASMUN(1.0),Municipal waste by waste management operations,A,Annual,RCY_M,Recycling - material,KG_HAB,Kilograms per capita,LV,Latvia,2004,,11,,,,,
dataflow,ESTAT:ENV_WASMUN(1.0),Municipal waste by waste management operations,A,Annual,RCY_M,Recycling - material,KG_HAB,Kilograms per capita,LV,Latvia,2005,,12,,,,,
dataflow,ESTAT:ENV_WASMUN(1.0),Municipal waste by waste management operations,A,Annual,RCY_M,Recycling - material,KG_HAB,Kilograms per capita,LV,Latvia,2006,,13,,,,,
dataflow,ESTAT:ENV_WASMUN(1.0),Municipal waste by waste management operations,A,Annual,RCY_M,Recycling - material,KG_HAB,Kilograms per capita,LV,Latvia,2007,,17,,,,,
dataflow,ESTAT:ENV_WASMUN(1.0),Municipal waste by waste management operations,A,Annual,RCY_M,Recycling - material,KG_HAB,Kilograms per capita,LV,Latvia,2008,,20,,,,,
dataflow,ESTAT:ENV_WASMUN(1.0),Municipal waste by waste management operations,A,Annual,RCY_M,Recycling - material,KG_HAB,Kilograms per capita,LV,Latvia,2009,,26,,,,,
dataflow,ESTAT:ENV_WASMUN(1.0),Municipal waste by waste management operations,A,Annual,RCY_M,Recycling - material,KG_HAB,Kilograms per capita,LV,Latvia,2010,,28,,,,,
dataflow,ESTAT:ENV_WASMUN(1.0),Municipal waste by waste management operations,A,Annual,RCY_M,Recycling - material,KG_HAB,Kilograms per capita,LV,Latvia,2011,,30,,,,,
dataflow,ESTAT:ENV_WASMUN(1.0),Municipal waste by waste management operations,A,Annual,RCY_M,Recycling - material,KG_HAB,Kilograms per capita,LV,Latvia,2012,,41,,,,,
dataflow,ESTAT:ENV_WASMUN(1.0),Municipal waste by waste management operations,A,Annual,RCY_M,Recycling - material,KG_HAB,Kilograms per capita,LV,Latvia,2013,,71,,,,,
dataflow,ESTAT:ENV_WASMUN(1.0),Municipal waste by waste management operations,A,Annual,RCY_M,Recycling - material,KG_HAB,Kilograms per capita,LV,Latvia,2014,,85,,,,,
dataflow,ESTAT:ENV_WASMUN(1.0),Municipal waste by waste management operations,A,Annual,RCY_M,Recycling - material,KG_HAB,Kilograms per capita,LV,Latvia,2015,,92,,,,,
dataflow,ESTAT:ENV_WASMUN(1.0),Municipal waste by waste management operations,A,Annual,RCY_M,Recycling - material,KG_HAB,Kilograms per capita,LV,Latvia,2016,,62,,,,,
dataflow,ESTAT:ENV_WASMUN(1.0),Municipal waste by waste management operations,A,Annual,RCY_M,Recycling - material,KG_HAB,Kilograms per capita,LV,Latvia,2017,,73,,,,,
dataflow,ESTAT:ENV_WASMUN(1.0),Municipal waste by waste management operations,A,Annual,RCY_M,Recycling - material,KG_HAB,Kilograms per capita,LV,Latvia,2018,,78,,,,,
dataflow,ESTAT:ENV_WASMUN(1.0),Municipal waste by waste management operations,A,Annual,RCY_M,Recycling - material,KG_HAB,Kilograms per capita,LV,Latvia,2019,,158,,,,,
dataflow,ESTAT:ENV_WASMUN(1.0),Municipal waste by waste management operations,A,Annual,RCY_M,Recycling - material,KG_HAB,Kilograms per capita,LV,Latvia,2020,,155,,,,,
dataflow,ESTAT:ENV_WASMUN(1.0),Municipal waste by waste management operations,A,Annual,RCY_M,Recycling - material,KG_HAB,Kilograms per capita,LV,Latvia,2021,,167,,,,,
dataflow,ESTAT:ENV_WASMUN(1.0),Municipal waste by waste management operations,A,Annual,RCY_M,Recycling - material,KG_HAB,Kilograms per capita,LV,Latvia,2022,,157,,,,,
dataflow,ESTAT:ENV_WASMUN(1.0),Municipal waste by waste management operations,A,Annual,RCY_M,Recycling - material,KG_HAB,Kilograms per capita,ME,Montenegro,2011,,1,,e,estimated,,
dataflow,ESTAT:ENV_WASMUN(1.0),Municipal waste by waste management operations,A,Annual,RCY_M,Recycling - material,KG_HAB,Kilograms per capita,ME,Montenegro,2012,,14,,e,estimated,,
dataflow,ESTAT:ENV_WASMUN(1.0),Municipal waste by waste management operations,A,Annual,RCY_M,Recycling - material,KG_HAB,Kilograms per capita,ME,Montenegro,2013,,14,,e,estimated,,
dataflow,ESTAT:ENV_WASMUN(1.0),Municipal waste by waste management operations,A,Annual,RCY_M,Recycling - material,KG_HAB,Kilograms per capita,ME,Montenegro,2014,,14,,e,estimated,,
dataflow,ESTAT:ENV_WASMUN(1.0),Municipal waste by waste management operations,A,Annual,RCY_M,Recycling - material,KG_HAB,Kilograms per capita,ME,Montenegro,2015,,17,,e,estimated,,
dataflow,ESTAT:ENV_WASMUN(1.0),Municipal waste by waste management operations,A,Annual,RCY_M,Recycling - material,KG_HAB,Kilograms per capita,ME,Montenegro,2016,,17,,e,estimated,,
dataflow,ESTAT:ENV_WASMUN(1.0),Municipal waste by waste management operations,A,Annual,RCY_M,Recycling - material,KG_HAB,Kilograms per capita,ME,Montenegro,2017,,18,,e,estimated,,
dataflow,ESTAT:ENV_WASMUN(1.0),Municipal waste by waste management operations,A,Annual,RCY_M,Recycling - material,KG_HAB,Kilograms per capita,ME,Montenegro,2018,,18,,e,estimated,,
dataflow,ESTAT:ENV_WASMUN(1.0),Municipal waste by waste management operations,A,Annual,RCY_M,Recycling - material,KG_HAB,Kilograms per capita,ME,Montenegro,2019,,27,,e,estimated,,
dataflow,ESTAT:ENV_WASMUN(1.0),Municipal waste by waste management operations,A,Annual,RCY_M,Recycling - material,KG_HAB,Kilograms per capita,ME,Montenegro,2020,,21,,e,estimated,,
dataflow,ESTAT:ENV_WASMUN(1.0),Municipal waste by waste management operations,A,Annual,RCY_M,Recycling - material,KG_HAB,Kilograms per capita,ME,Montenegro,2021,,22,,e,estimated,,
dataflow,ESTAT:ENV_WASMUN(1.0),Municipal waste by waste management operations,A,Annual,RCY_M,Recycling - material,KG_HAB,Kilograms per capita,ME,Montenegro,2022,,21,,e,estimated,,
dataflow,ESTAT:ENV_WASMUN(1.0),Municipal waste by waste management operations,A,Annual,RCY_M,Recycling - material,KG_HAB,Kilograms per capita,ME,Montenegro,2023,,19,,e,estimated,,
dataflow,ESTAT:ENV_WASMUN(1.0),Municipal waste by waste management operations,A,Annual,RCY_M,Recycling - material,KG_HAB,Kilograms per capita,MK,North Macedonia,2008,,0,,,,,
dataflow,ESTAT:ENV_WASMUN(1.0),Municipal waste by waste management operations,A,Annual,RCY_M,Recycling - material,KG_HAB,Kilograms per capita,MK,North Macedonia,2011,,0,,,,,
dataflow,ESTAT:ENV_WASMUN(1.0),Municipal waste by waste management operations,A,Annual,RCY_M,Recycling - material,KG_HAB,Kilograms per capita,MK,North Macedonia,2022,,0,,,,,
dataflow,ESTAT:ENV_WASMUN(1.0),Municipal waste by waste management operations,A,Annual,RCY_M,Recycling - material,KG_HAB,Kilograms per capita,MT,Malta,1995,,0,,e,estimated,,
dataflow,ESTAT:ENV_WASMUN(1.0),Municipal waste by waste management operations,A,Annual,RCY_M,Recycling - material,KG_HAB,Kilograms per capita,MT,Malta,1996,,0,,e,estimated,,
dataflow,ESTAT:ENV_WASMUN(1.0),Municipal waste by waste management operations,A,Annual,RCY_M,Recycling - material,KG_HAB,Kilograms per capita,MT,Malta,1997,,1,,e,estimated,,
dataflow,ESTAT:ENV_WASMUN(1.0),Municipal waste by waste management operations,A,Annual,RCY_M,Recycling - material,KG_HAB,Kilograms per capita,MT,Malta,1998,,1,,e,estimated,,
dataflow,ESTAT:ENV_WASMUN(1.0),Municipal waste by waste management operations,A,Annual,RCY_M,Recycling - material,KG_HAB,Kilograms per capita,MT,Malta,1999,,1,,,,,
dataflow,ESTAT:ENV_WASMUN(1.0),Municipal waste by waste management operations,A,Annual,RCY_M,Recycling - material,KG_HAB,Kilograms per capita,MT,Malta,2000,,2,,,,,
dataflow,ESTAT:ENV_WASMUN(1.0),Municipal waste by waste management operations,A,Annual,RCY_M,Recycling - material,KG_HAB,Kilograms per capita,MT,Malta,2001,,2,,,,,
dataflow,ESTAT:ENV_WASMUN(1.0),Municipal waste by waste management operations,A,Annual,RCY_M,Recycling - material,KG_HAB,Kilograms per capita,MT,Malta,2002,,2,,,,,
dataflow,ESTAT:ENV_WASMUN(1.0),Municipal waste by waste management operations,A,Annual,RCY_M,Recycling - material,KG_HAB,Kilograms per capita,MT,Malta,2003,,3,,,,,
dataflow,ESTAT:ENV_WASMUN(1.0),Municipal waste by waste management operations,A,Annual,RCY_M,Recycling - material,KG_HAB,Kilograms per capita,MT,Malta,2004,,8,,,,,
dataflow,ESTAT:ENV_WASMUN(1.0),Municipal waste by waste management operations,A,Annual,RCY_M,Recycling - material,KG_HAB,Kilograms per capita,MT,Malta,2005,,12,,,,,
dataflow,ESTAT:ENV_WASMUN(1.0),Municipal waste by waste management operations,A,Annual,RCY_M,Recycling - material,KG_HAB,Kilograms per capita,MT,Malta,2006,,20,,,,,
dataflow,ESTAT:ENV_WASMUN(1.0),Municipal waste by waste management operations,A,Annual,RCY_M,Recycling - material,KG_HAB,Kilograms per capita,MT,Malta,2007,,16,,,,,
dataflow,ESTAT:ENV_WASMUN(1.0),Municipal waste by waste management operations,A,Annual,RCY_M,Recycling - material,KG_HAB,Kilograms per capita,MT,Malta,2008,,34,,,,,
dataflow,ESTAT:ENV_WASMUN(1.0),Municipal waste by waste management operations,A,Annual,RCY_M,Recycling - material,KG_HAB,Kilograms per capita,MT,Malta,2009,,46,,,,,
dataflow,ESTAT:ENV_WASMUN(1.0),Municipal waste by waste management operations,A,Annual,RCY_M,Recycling - material,KG_HAB,Kilograms per capita,MT,Malta,2010,,55,,,,,
dataflow,ESTAT:ENV_WASMUN(1.0),Municipal waste by waste management operations,A,Annual,RCY_M,Recycling - material,KG_HAB,Kilograms per capita,MT,Malta,2011,,89,,,,,
dataflow,ESTAT:ENV_WASMUN(1.0),Municipal waste by waste management operations,A,Annual,RCY_M,Recycling - material,KG_HAB,Kilograms per capita,MT,Malta,2012,,77,,,,,
dataflow,ESTAT:ENV_WASMUN(1.0),Municipal waste by waste management operations,A,Annual,RCY_M,Recycling - material,KG_HAB,Kilograms per capita,MT,Malta,2013,,76,,,,,
dataflow,ESTAT:ENV_WASMUN(1.0),Municipal waste by waste management operations,A,Annual,RCY_M,Recycling - material,KG_HAB,Kilograms per capita,MT,Malta,2014,,73,,,,,
dataflow,ESTAT:ENV_WASMUN(1.0),Municipal waste by waste management operations,A,Annual,RCY_M,Recycling - material,KG_HAB,Kilograms per capita,MT,Malta,2015,,70,,,,,
dataflow,ESTAT:ENV_WASMUN(1.0),Municipal waste by waste management operations,A,Annual,RCY_M,Recycling - material,KG_HAB,Kilograms per capita,MT,Malta,2016,,81,,,,,
dataflow,ESTAT:ENV_WASMUN(1.0),Municipal waste by waste management operations,A,Annual,RCY_M,Recycling - material,KG_HAB,Kilograms per capita,MT,Malta,2017,,77,,,,,
dataflow,ESTAT:ENV_WASMUN(1.0),Municipal waste by waste management operations,A,Annual,RCY_M,Recycling - material,KG_HAB,Kilograms per capita,MT,Malta,2018,,70,,,,,
dataflow,ESTAT:ENV_WASMUN(1.0),Municipal waste by waste management operations,A,Annual,RCY_M,Recycling - material,KG_HAB,Kilograms per capita,MT,Malta,2019,,63,,,,,
dataflow,ESTAT:ENV_WASMUN(1.0),Municipal waste by waste management operations,A,Annual,RCY_M,Recycling - material,KG_HAB,Kilograms per capita,MT,Malta,2020,,70,,,,,
dataflow,ESTAT:ENV_WASMUN(1.0),Municipal waste by waste management operations,A,Annual,RCY_M,Recycling - material,KG_HAB,Kilograms per capita,MT,Malta,2021,,82,,,,,
dataflow,ESTAT:ENV_WASMUN(1.0),Municipal waste by waste management operations,A,Annual,RCY_M,Recycling - material,KG_HAB,Kilograms per capita,MT,Malta,2022,,76,,,,,
dataflow,ESTAT:ENV_WASMUN(1.0),Municipal waste by waste management operations,A,Annual,RCY_M,Recycling - material,KG_HAB,Kilograms per capita,MT,Malta,2023,,102,,,,,
dataflow,ESTAT:ENV_WASMUN(1.0),Municipal waste by waste management operations,A,Annual,RCY_M,Recycling - material,KG_HAB,Kilograms per capita,NL,Netherlands,1995,,84,,,,,
dataflow,ESTAT:ENV_WASMUN(1.0),Municipal waste by waste management operations,A,Annual,RCY_M,Recycling - material,KG_HAB,Kilograms per capita,NL,Netherlands,1996,,93,,,,,
dataflow,ESTAT:ENV_WASMUN(1.0),Municipal waste by waste management operations,A,Annual,RCY_M,Recycling - material,KG_HAB,Kilograms per capita,NL,Netherlands,1997,,103,,,,,
dataflow,ESTAT:ENV_WASMUN(1.0),Municipal waste by waste management operations,A,Annual,RCY_M,Recycling - material,KG_HAB,Kilograms per capita,NL,Netherlands,1998,,109,,,,,
dataflow,ESTAT:ENV_WASMUN(1.0),Municipal waste by waste management operations,A,Annual,RCY_M,Recycling - material,KG_HAB,Kilograms per capita,NL,Netherlands,1999,,115,,,,,
dataflow,ESTAT:ENV_WASMUN(1.0),Municipal waste by waste management operations,A,Annual,RCY_M,Recycling - material,KG_HAB,Kilograms per capita,NL,Netherlands,2000,,119,,,,,
dataflow,ESTAT:ENV_WASMUN(1.0),Municipal waste by waste management operations,A,Annual,RCY_M,Recycling - material,KG_HAB,Kilograms per capita,NL,Netherlands,2001,,119,,,,,
dataflow,ESTAT:ENV_WASMUN(1.0),Municipal waste by waste management operations,A,Annual,RCY_M,Recycling - material,KG_HAB,Kilograms per capita,NL,Netherlands,2002,,125,,,,,
dataflow,ESTAT:ENV_WASMUN(1.0),Municipal waste by waste management operations,A,Annual,RCY_M,Recycling - material,KG_HAB,Kilograms per capita,NL,Netherlands,2003,,126,,,,,
dataflow,ESTAT:ENV_WASMUN(1.0),Municipal waste by waste management operations,A,Annual,RCY_M,Recycling - material,KG_HAB,Kilograms per capita,NL,Netherlands,2004,,134,,,,,
dataflow,ESTAT:ENV_WASMUN(1.0),Municipal waste by waste management operations,A,Annual,RCY_M,Recycling - material,KG_HAB,Kilograms per capita,NL,Netherlands,2005,,131,,,,,
dataflow,ESTAT:ENV_WASMUN(1.0),Municipal waste by waste management operations,A,Annual,RCY_M,Recycling - material,KG_HAB,Kilograms per capita,NL,Netherlands,2006,,137,,,,,
dataflow,ESTAT:ENV_WASMUN(1.0),Municipal waste by waste management operations,A,Annual,RCY_M,Recycling - material,KG_HAB,Kilograms per capita,NL,Netherlands,2007,,146,,,,,
dataflow,ESTAT:ENV_WASMUN(1.0),Municipal waste by waste management operations,A,Annual,RCY_M,Recycling - material,KG_HAB,Kilograms per capita,NL,Netherlands,2008,,149,,b,break in time series,,
dataflow,ESTAT:ENV_WASMUN(1.0),Municipal waste by waste management operations,A,Annual,RCY_M,Recycling - material,KG_HAB,Kilograms per capita,NL,Netherlands,2009,,144,,,,,
dataflow,ESTAT:ENV_WASMUN(1.0),Municipal waste by waste management operations,A,Annual,RCY_M,Recycling - material,KG_HAB,Kilograms per capita,NL,Netherlands,2010,,142,,,,,
dataflow,ESTAT:ENV_WASMUN(1.0),Municipal waste by waste management operations,A,Annual,RCY_M,Recycling - material,KG_HAB,Kilograms per capita,NL,Netherlands,2011,,137,,,,,
dataflow,ESTAT:ENV_WASMUN(1.0),Municipal waste by waste management operations,A,Annual,RCY_M,Recycling - material,KG_HAB,Kilograms per capita,NL,Netherlands,2012,,131,,,,,
dataflow,ESTAT:ENV_WASMUN(1.0),Municipal waste by waste management operations,A,Annual,RCY_M,Recycling - material,KG_HAB,Kilograms per capita,NL,Netherlands,2013,,126,,,,,
dataflow,ESTAT:ENV_WASMUN(1.0),Municipal waste by waste management operations,A,Annual,RCY_M,Recycling - material,KG_HAB,Kilograms per capita,NL,Netherlands,2014,,125,,,,,
dataflow,ESTAT:ENV_WASMUN(1.0),Municipal waste by waste management operations,A,Annual,RCY_M,Recycling - material,KG_HAB,Kilograms per capita,NL,Netherlands,2015,,128,,,,,
dataflow,ESTAT:ENV_WASMUN(1.0),Municipal waste by waste management operations,A,Annual,RCY_M,Recycling - material,KG_HAB,Kilograms per capita,NL,Netherlands,2016,,135,,,,,
dataflow,ESTAT:ENV_WASMUN(1.0),Municipal waste by waste management operations,A,Annual,RCY_M,Recycling - material,KG_HAB,Kilograms per capita,NL,Netherlands,2017,,136,,,,,
dataflow,ESTAT:ENV_WASMUN(1.0),Municipal waste by waste management operations,A,Annual,RCY_M,Recycling - material,KG_HAB,Kilograms per capita,NL,Netherlands,2018,,139,,,,,
dataflow,ESTAT:ENV_WASMUN(1.0),Municipal waste by waste management operations,A,Annual,RCY_M,Recycling - material,KG_HAB,Kilograms per capita,NL,Netherlands,2019,,141,,,,,
dataflow,ESTAT:ENV_WASMUN(1.0),Municipal waste by waste management operations,A,Annual,RCY_M,Recycling - material,KG_HAB,Kilograms per capita,NL,Netherlands,2020,,148,,,,,
dataflow,ESTAT:ENV_WASMUN(1.0),Municipal waste by waste management operations,A,Annual,RCY_M,Recycling - material,KG_HAB,Kilograms per capita,NL,Netherlands,2021,,143,,,,,
dataflow,ESTAT:ENV_WASMUN(1.0),Municipal waste by waste management operations,A,Annual,RCY_M,Recycling - material,KG_HAB,Kilograms per capita,NL,Netherlands,2022,,133,,p,provisional,,
dataflow,ESTAT:ENV_WASMUN(1.0),Municipal waste by waste management operations,A,Annual,RCY_M,Recycling - material,KG_HAB,Kilograms per capita,NL,Netherlands,2023,,129,,,,,
dataflow,ESTAT:ENV_WASMUN(1.0),Municipal waste by waste management operations,A,Annual,RCY_M,Recycling - material,KG_HAB,Kilograms per capita,NO,Norway,1995,,74,,,,,
dataflow,ESTAT:ENV_WASMUN(1.0),Municipal waste by waste management operations,A,Annual,RCY_M,Recycling - material,KG_HAB,Kilograms per capita,NO,Norway,1996,,107,,,,,
dataflow,ESTAT:ENV_WASMUN(1.0),Municipal waste by waste management operations,A,Annual,RCY_M,Recycling - material,KG_HAB,Kilograms per capita,NO,Norway,1997,,124,,,,,
dataflow,ESTAT:ENV_WASMUN(1.0),Municipal waste by waste management operations,A,Annual,RCY_M,Recycling - material,KG_HAB,Kilograms per capita,NO,Norway,1998,,109,,,,,
dataflow,ESTAT:ENV_WASMUN(1.0),Municipal waste by waste management operations,A,Annual,RCY_M,Recycling - material,KG_HAB,Kilograms per capita,NO,Norway,1999,,130,,,,,
dataflow,ESTAT:ENV_WASMUN(1.0),Municipal waste by waste management operations,A,Annual,RCY_M,Recycling - material,KG_HAB,Kilograms per capita,NO,Norway,2000,,135,,,,,
dataflow,ESTAT:ENV_WASMUN(1.0),Municipal waste by waste management operations,A,Annual,RCY_M,Recycling - material,KG_HAB,Kilograms per capita,NO,Norway,2001,,110,,b,break in time series,,
dataflow,ESTAT:ENV_WASMUN(1.0),Municipal waste by waste management operations,A,Annual,RCY_M,Recycling - material,KG_HAB,Kilograms per capita,NO,Norway,2002,,123,,,,,
dataflow,ESTAT:ENV_WASMUN(1.0),Municipal waste by waste management operations,A,Annual,RCY_M,Recycling - material,KG_HAB,Kilograms per capita,NO,Norway,2003,,126,,,,,
dataflow,ESTAT:ENV_WASMUN(1.0),Municipal waste by waste management operations,A,Annual,RCY_M,Recycling - material,KG_HAB,Kilograms per capita,NO,Norway,2004,,103,,,,,
dataflow,ESTAT:ENV_WASMUN(1.0),Municipal waste by waste management operations,A,Annual,RCY_M,Recycling - material,KG_HAB,Kilograms per capita,NO,Norway,2005,,112,,,,,
dataflow,ESTAT:ENV_WASMUN(1.0),Municipal waste by waste management operations,A,Annual,RCY_M,Recycling - material,KG_HAB,Kilograms per capita,NO,Norway,2006,,123,,,,,
dataflow,ESTAT:ENV_WASMUN(1.0),Municipal waste by waste management operations,A,Annual,RCY_M,Recycling - material,KG_HAB,Kilograms per capita,NO,Norway,2007,,136,,,,,
dataflow,ESTAT:ENV_WASMUN(1.0),Municipal waste by waste management operations,A,Annual,RCY_M,Recycling - material,KG_HAB,Kilograms per capita,NO,Norway,2008,,140,,,,,
dataflow,ESTAT:ENV_WASMUN(1.0),Municipal waste by waste management operations,A,Annual,RCY_M,Recycling - material,KG_HAB,Kilograms per capita,NO,Norway,2009,,128,,,,,
dataflow,ESTAT:ENV_WASMUN(1.0),Municipal waste by waste management operations,A,Annual,RCY_M,Recycling - material,KG_HAB,Kilograms per capita,NO,Norway,2010,,125,,,,,
dataflow,ESTAT:ENV_WASMUN(1.0),Municipal waste by waste management operations,A,Annual,RCY_M,Recycling - material,KG_HAB,Kilograms per capita,NO,Norway,2011,,121,,,,,
dataflow,ESTAT:ENV_WASMUN(1.0),Municipal waste by waste management operations,A,Annual,RCY_M,Recycling - material,KG_HAB,Kilograms per capita,NO,Norway,2012,,124,,,,,
dataflow,ESTAT:ENV_WASMUN(1.0),Municipal waste by waste management operations,A,Annual,RCY_M,Recycling - material,KG_HAB,Kilograms per capita,NO,Norway,2013,,116,,,,,
dataflow,ESTAT:ENV_WASMUN(1.0),Municipal waste by waste management operations,A,Annual,RCY_M,Recycling - material,KG_HAB,Kilograms per capita,NO,Norway,2014,,110,,b,break in time series,,
dataflow,ESTAT:ENV_WASMUN(1.0),Municipal waste by waste management operations,A,Annual,RCY_M,Recycling - material,KG_HAB,Kilograms per capita,NO,Norway,2015,,110,,,,,
dataflow,ESTAT:ENV_WASMUN(1.0),Municipal waste by waste management operations,A,Annual,RCY_M,Recycling - material,KG_HAB,Kilograms per capita,NO,Norway,2016,,211,,b,break in time series,,
dataflow,ESTAT:ENV_WASMUN(1.0),Municipal waste by waste management operations,A,Annual,RCY_M,Recycling - material,KG_HAB,Kilograms per capita,NO,Norway,2017,,216,,,,,
dataflow,ESTAT:ENV_WASMUN(1.0),Municipal waste by waste management operations,A,Annual,RCY_M,Recycling - material,KG_HAB,Kilograms per capita,NO,Norway,2018,,229,,,,,
dataflow,ESTAT:ENV_WASMUN(1.0),Municipal waste by waste management operations,A,Annual,RCY_M,Recycling - material,KG_HAB,Kilograms per capita,NO,Norway,2019,,232,,,,,
dataflow,ESTAT:ENV_WASMUN(1.0),Municipal waste by waste management operations,A,Annual,RCY_M,Recycling - material,KG_HAB,Kilograms per capita,NO,Norway,2020,,256,,b,break in time series,,
dataflow,ESTAT:ENV_WASMUN(1.0),Municipal waste by waste management operations,A,Annual,RCY_M,Recycling - material,KG_HAB,Kilograms per capita,NO,Norway,2021,,228,,,,,
dataflow,ESTAT:ENV_WASMUN(1.0),Municipal waste by waste management operations,A,Annual,RCY_M,Recycling - material,KG_HAB,Kilograms per capita,NO,Norway,2022,,237,,,,,
dataflow,ESTAT:ENV_WASMUN(1.0),Municipal waste by waste management operations,A,Annual,RCY_M,Recycling - material,KG_HAB,Kilograms per capita,NO,Norway,2023,,227,,,,,
dataflow,ESTAT:ENV_WASMUN(1.0),Municipal waste by waste management operations,A,Annual,RCY_M,Recycling - material,KG_HAB,Kilograms per capita,PL,Poland,1995,,0,,,,,
dataflow,ESTAT:ENV_WASMUN(1.0),Municipal waste by waste management operations,A,Annual,RCY_M,Recycling - material,KG_HAB,Kilograms per capita,PL,Poland,1996,,0,,,,,
dataflow,ESTAT:ENV_WASMUN(1.0),Municipal waste by waste management operations,A,Annual,RCY_M,Recycling - material,KG_HAB,Kilograms per capita,PL,Poland,1997,,0,,,,,
dataflow,ESTAT:ENV_WASMUN(1.0),Municipal waste by waste management operations,A,Annual,RCY_M,Recycling - material,KG_HAB,Kilograms per capita,PL,Poland,1998,,0,,,,,
dataflow,ESTAT:ENV_WASMUN(1.0),Municipal waste by waste management operations,A,Annual,RCY_M,Recycling - material,KG_HAB,Kilograms per capita,PL,Poland,1999,,0,,,,,
dataflow,ESTAT:ENV_WASMUN(1.0),Municipal waste by waste management operations,A,Annual,RCY_M,Recycling - material,KG_HAB,Kilograms per capita,PL,Poland,2000,,0,,,,,
dataflow,ESTAT:ENV_WASMUN(1.0),Municipal waste by waste management operations,A,Annual,RCY_M,Recycling - material,KG_HAB,Kilograms per capita,PL,Poland,2001,,4,,,,,
dataflow,ESTAT:ENV_WASMUN(1.0),Municipal waste by waste management operations,A,Annual,RCY_M,Recycling - material,KG_HAB,Kilograms per capita,PL,Poland,2002,,3,,,,,
dataflow,ESTAT:ENV_WASMUN(1.0),Municipal waste by waste management operations,A,Annual,RCY_M,Recycling - material,KG_HAB,Kilograms per capita,PL,Poland,2003,,4,,,,,
dataflow,ESTAT:ENV_WASMUN(1.0),Municipal waste by waste management operations,A,Annual,RCY_M,Recycling - material,KG_HAB,Kilograms per capita,PL,Poland,2004,,6,,,,,
dataflow,ESTAT:ENV_WASMUN(1.0),Municipal waste by waste management operations,A,Annual,RCY_M,Recycling - material,KG_HAB,Kilograms per capita,PL,Poland,2005,,10,,,,,
dataflow,ESTAT:ENV_WASMUN(1.0),Municipal waste by waste management operations,A,Annual,RCY_M,Recycling - material,KG_HAB,Kilograms per capita,PL,Poland,2006,,13,,,,,
dataflow,ESTAT:ENV_WASMUN(1.0),Municipal waste by waste management operations,A,Annual,RCY_M,Recycling - material,KG_HAB,Kilograms per capita,PL,Poland,2007,,15,,,,,
dataflow,ESTAT:ENV_WASMUN(1.0),Municipal waste by waste management operations,A,Annual,RCY_M,Recycling - material,KG_HAB,Kilograms per capita,PL,Poland,2008,,23,,,,,
dataflow,ESTAT:ENV_WASMUN(1.0),Municipal waste by waste management operations,A,Annual,RCY_M,Recycling - material,KG_HAB,Kilograms per capita,PL,Poland,2009,,37,,,,,
dataflow,ESTAT:ENV_WASMUN(1.0),Municipal waste by waste management operations,A,Annual,RCY_M,Recycling - material,KG_HAB,Kilograms per capita,PL,Poland,2010,,47,,,,,
dataflow,ESTAT:ENV_WASMUN(1.0),Municipal waste by waste management operations,A,Annual,RCY_M,Recycling - material,KG_HAB,Kilograms per capita,PL,Poland,2011,,31,,,,,
dataflow,ESTAT:ENV_WASMUN(1.0),Municipal waste by waste management operations,A,Annual,RCY_M,Recycling - material,KG_HAB,Kilograms per capita,PL,Poland,2012,,33,,,,,
dataflow,ESTAT:ENV_WASMUN(1.0),Municipal waste by waste management operations,A,Annual,RCY_M,Recycling - material,KG_HAB,Kilograms per capita,PL,Poland,2013,,39,,,,,
dataflow,ESTAT:ENV_WASMUN(1.0),Municipal waste by waste management operations,A,Annual,RCY_M,Recycling - material,KG_HAB,Kilograms per capita,PL,Poland,2014,,57,,be,"break in time series, estimated",,
dataflow,ESTAT:ENV_WASMUN(1.0),Municipal waste by waste management operations,A,Annual,RCY_M,Recycling - material,KG_HAB,Kilograms per capita,PL,Poland,2015,,75,,e,estimated,,
dataflow,ESTAT:ENV_WASMUN(1.0),Municipal waste by waste management operations,A,Annual,RCY_M,Recycling - material,KG_HAB,Kilograms per capita,PL,Poland,2016,,85,,e,estimated,,
dataflow,ESTAT:ENV_WASMUN(1.0),Municipal waste by waste management operations,A,Annual,RCY_M,Recycling - material,KG_HAB,Kilograms per capita,PL,Poland,2017,,84,,e,estimated,,
dataflow,ESTAT:ENV_WASMUN(1.0),Municipal waste by waste management operations,A,Annual,RCY_M,Recycling - material,KG_HAB,Kilograms per capita,PL,Poland,2018,,86,,e,estimated,,
dataflow,ESTAT:ENV_WASMUN(1.0),Municipal waste by waste management operations,A,Annual,RCY_M,Recycling - material,KG_HAB,Kilograms per capita,PL,Poland,2019,,84,,e,estimated,,
dataflow,ESTAT:ENV_WASMUN(1.0),Municipal waste by waste management operations,A,Annual,RCY_M,Recycling - material,KG_HAB,Kilograms per capita,PL,Poland,2020,,93,,,,,
dataflow,ESTAT:ENV_WASMUN(1.0),Municipal waste by waste management operations,A,Annual,RCY_M,Recycling - material,KG_HAB,Kilograms per capita,PL,Poland,2021,,100,,,,,
dataflow,ESTAT:ENV_WASMUN(1.0),Municipal waste by waste management operations,A,Annual,RCY_M,Recycling - material,KG_HAB,Kilograms per capita,PL,Poland,2022,,97,,,,,
dataflow,ESTAT:ENV_WASMUN(1.0),Municipal waste by waste management operations,A,Annual,RCY_M,Recycling - material,KG_HAB,Kilograms per capita,PL,Poland,2023,,58,,b,break in time series,,
dataflow,ESTAT:ENV_WASMUN(1.0),Municipal waste by waste management operations,A,Annual,RCY_M,Recycling - material,KG_HAB,Kilograms per capita,PT,Portugal,1995,,4,,,,,
dataflow,ESTAT:ENV_WASMUN(1.0),Municipal waste by waste management operations,A,Annual,RCY_M,Recycling - material,KG_HAB,Kilograms per capita,PT,Portugal,1996,,5,,,,,
dataflow,ESTAT:ENV_WASMUN(1.0),Municipal waste by waste management operations,A,Annual,RCY_M,Recycling - material,KG_HAB,Kilograms per capita,PT,Portugal,1997,,7,,,,,
dataflow,ESTAT:ENV_WASMUN(1.0),Municipal waste by waste management operations,A,Annual,RCY_M,Recycling - material,KG_HAB,Kilograms per capita,PT,Portugal,1998,,8,,,,,
dataflow,ESTAT:ENV_WASMUN(1.0),Municipal waste by waste management operations,A,Annual,RCY_M,Recycling - material,KG_HAB,Kilograms per capita,PT,Portugal,1999,,11,,,,,
dataflow,ESTAT:ENV_WASMUN(1.0),Municipal waste by waste management operations,A,Annual,RCY_M,Recycling - material,KG_HAB,Kilograms per capita,PT,Portugal,2000,,15,,,,,
dataflow,ESTAT:ENV_WASMUN(1.0),Municipal waste by waste management operations,A,Annual,RCY_M,Recycling - material,KG_HAB,Kilograms per capita,PT,Portugal,2001,,18,,,,,
dataflow,ESTAT:ENV_WASMUN(1.0),Municipal waste by waste management operations,A,Annual,RCY_M,Recycling - material,KG_HAB,Kilograms per capita,PT,Portugal,2002,,20,,b,break in time series,,
dataflow,ESTAT:ENV_WASMUN(1.0),Municipal waste by waste management operations,A,Annual,RCY_M,Recycling - material,KG_HAB,Kilograms per capita,PT,Portugal,2003,,22,,,,,
dataflow,ESTAT:ENV_WASMUN(1.0),Municipal waste by waste management operations,A,Annual,RCY_M,Recycling - material,KG_HAB,Kilograms per capita,PT,Portugal,2004,,30,,,,,
dataflow,ESTAT:ENV_WASMUN(1.0),Municipal waste by waste management operations,A,Annual,RCY_M,Recycling - material,KG_HAB,Kilograms per capita,PT,Portugal,2005,,39,,,,,
dataflow,ESTAT:ENV_WASMUN(1.0),Municipal waste by waste management operations,A,Annual,RCY_M,Recycling - material,KG_HAB,Kilograms per capita,PT,Portugal,2006,,45,,,,,
dataflow,ESTAT:ENV_WASMUN(1.0),Municipal waste by waste management operations,A,Annual,RCY_M,Recycling - material,KG_HAB,Kilograms per capita,PT,Portugal,2007,,50,,b,break in time series,,
dataflow,ESTAT:ENV_WASMUN(1.0),Municipal waste by waste management operations,A,Annual,RCY_M,Recycling - material,KG_HAB,Kilograms per capita,PT,Portugal,2008,,54,,,,,
dataflow,ESTAT:ENV_WASMUN(1.0),Municipal waste by waste management operations,A,Annual,RCY_M,Recycling - material,KG_HAB,Kilograms per capita,PT,Portugal,2009,,61,,,,,
dataflow,ESTAT:ENV_WASMUN(1.0),Municipal waste by waste management operations,A,Annual,RCY_M,Recycling - material,KG_HAB,Kilograms per capita,PT,Portugal,2010,,59,,,,,
dataflow,ESTAT:ENV_WASMUN(1.0),Municipal waste by waste management operations,A,Annual,RCY_M,Recycling - material,KG_HAB,Kilograms per capita,PT,Portugal,2011,,56,,,,,
dataflow,ESTAT:ENV_WASMUN(1.0),Municipal waste by waste management operations,A,Annual,RCY_M,Recycling - material,KG_HAB,Kilograms per capita,PT,Portugal,2012,,52,,,,,
dataflow,ESTAT:ENV_WASMUN(1.0),Municipal waste by waste management operations,A,Annual,RCY_M,Recycling - material,KG_HAB,Kilograms per capita,PT,Portugal,2013,,57,,,,,
dataflow,ESTAT:ENV_WASMUN(1.0),Municipal waste by waste management operations,A,Annual,RCY_M,Recycling - material,KG_HAB,Kilograms per capita,PT,Portugal,2014,,73,,,,,
dataflow,ESTAT:ENV_WASMUN(1.0),Municipal waste by waste management operations,A,Annual,RCY_M,Recycling - material,KG_HAB,Kilograms per capita,PT,Portugal,2015,,65,,,,,
dataflow,ESTAT:ENV_WASMUN(1.0),Municipal waste by waste management operations,A,Annual,RCY_M,Recycling - material,KG_HAB,Kilograms per capita,PT,Portugal,2016,,67,,,,,
dataflow,ESTAT:ENV_WASMUN(1.0),Municipal waste by waste management operations,A,Annual,RCY_M,Recycling - material,KG_HAB,Kilograms per capita,PT,Portugal,2017,,58,,,,,
dataflow,ESTAT:ENV_WASMUN(1.0),Municipal waste by waste management operations,A,Annual,RCY_M,Recycling - material,KG_HAB,Kilograms per capita,PT,Portugal,2018,,62,,,,,
dataflow,ESTAT:ENV_WASMUN(1.0),Municipal waste by waste management operations,A,Annual,RCY_M,Recycling - material,KG_HAB,Kilograms per capita,PT,Portugal,2019,,62,,,,,
dataflow,ESTAT:ENV_WASMUN(1.0),Municipal waste by waste management operations,A,Annual,RCY_M,Recycling - material,KG_HAB,Kilograms per capita,PT,Portugal,2020,,65,,,,,
dataflow,ESTAT:ENV_WASMUN(1.0),Municipal waste by waste management operations,A,Annual,RCY_M,Recycling - material,KG_HAB,Kilograms per capita,PT,Portugal,2021,,70,,,,,
dataflow,ESTAT:ENV_WASMUN(1.0),Municipal waste by waste management operations,A,Annual,RCY_M,Recycling - material,KG_HAB,Kilograms per capita,PT,Portugal,2022,,66,,,,,
dataflow,ESTAT:ENV_WASMUN(1.0),Municipal waste by waste management operations,A,Annual,RCY_M,Recycling - material,KG_HAB,Kilograms per capita,PT,Portugal,2023,,66,,,,,
dataflow,ESTAT:ENV_WASMUN(1.0),Municipal waste by waste management operations,A,Annual,RCY_M,Recycling - material,KG_HAB,Kilograms per capita,RO,Romania,1995,,0,,,,,
dataflow,ESTAT:ENV_WASMUN(1.0),Municipal waste by waste management operations,A,Annual,RCY_M,Recycling - material,KG_HAB,Kilograms per capita,RO,Romania,1996,,0,,,,,
dataflow,ESTAT:ENV_WASMUN(1.0),Municipal waste by waste management operations,A,Annual,RCY_M,Recycling - material,KG_HAB,Kilograms per capita,RO,Romania,1997,,0,,,,,
dataflow,ESTAT:ENV_WASMUN(1.0),Municipal waste by waste management operations,A,Annual,RCY_M,Recycling - material,KG_HAB,Kilograms per capita,RO,Romania,1998,,0,,,,,
dataflow,ESTAT:ENV_WASMUN(1.0),Municipal waste by waste management operations,A,Annual,RCY_M,Recycling - material,KG_HAB,Kilograms per capita,RO,Romania,1999,,0,,,,,
dataflow,ESTAT:ENV_WASMUN(1.0),Municipal waste by waste management operations,A,Annual,RCY_M,Recycling - material,KG_HAB,Kilograms per capita,RO,Romania,2000,,0,,,,,
dataflow,ESTAT:ENV_WASMUN(1.0),Municipal waste by waste management operations,A,Annual,RCY_M,Recycling - material,KG_HAB,Kilograms per capita,RO,Romania,2001,,6,,,,,
dataflow,ESTAT:ENV_WASMUN(1.0),Municipal waste by waste management operations,A,Annual,RCY_M,Recycling - material,KG_HAB,Kilograms per capita,RO,Romania,2002,,8,,,,,
dataflow,ESTAT:ENV_WASMUN(1.0),Municipal waste by waste management operations,A,Annual,RCY_M,Recycling - material,KG_HAB,Kilograms per capita,RO,Romania,2003,,1,,b,break in time series,,
dataflow,ESTAT:ENV_WASMUN(1.0),Municipal waste by waste management operations,A,Annual,RCY_M,Recycling - material,KG_HAB,Kilograms per capita,RO,Romania,2004,,4,,,,,
dataflow,ESTAT:ENV_WASMUN(1.0),Municipal waste by waste management operations,A,Annual,RCY_M,Recycling - material,KG_HAB,Kilograms per capita,RO,Romania,2005,,7,,,,,
dataflow,ESTAT:ENV_WASMUN(1.0),Municipal waste by waste management operations,A,Annual,RCY_M,Recycling - material,KG_HAB,Kilograms per capita,RO,Romania,2006,,2,,,,,
dataflow,ESTAT:ENV_WASMUN(1.0),Municipal waste by waste management operations,A,Annual,RCY_M,Recycling - material,KG_HAB,Kilograms per capita,RO,Romania,2007,,2,,,,,
dataflow,ESTAT:ENV_WASMUN(1.0),Municipal waste by waste management operations,A,Annual,RCY_M,Recycling - material,KG_HAB,Kilograms per capita,RO,Romania,2008,,4,,,,,
dataflow,ESTAT:ENV_WASMUN(1.0),Municipal waste by waste management operations,A,Annual,RCY_M,Recycling - material,KG_HAB,Kilograms per capita,RO,Romania,2009,,4,,,,,
dataflow,ESTAT:ENV_WASMUN(1.0),Municipal waste by waste management operations,A,Annual,RCY_M,Recycling - material,KG_HAB,Kilograms per capita,RO,Romania,2010,,8,,b,break in time series,,
dataflow,ESTAT:ENV_WASMUN(1.0),Municipal waste by waste management operations,A,Annual,RCY_M,Recycling - material,KG_HAB,Kilograms per capita,RO,Romania,2011,,9,,,,,
dataflow,ESTAT:ENV_WASMUN(1.0),Municipal waste by waste management operations,A,Annual,RCY_M,Recycling - material,KG_HAB,Kilograms per capita,RO,Romania,2012,,8,,,,,
dataflow,ESTAT:ENV_WASMUN(1.0),Municipal waste by waste management operations,A,Annual,RCY_M,Recycling - material,KG_HAB,Kilograms per capita,RO,Romania,2013,,11,,,,,
dataflow,ESTAT:ENV_WASMUN(1.0),Municipal waste by waste management operations,A,Annual,RCY_M,Recycling - material,KG_HAB,Kilograms per capita,RO,Romania,2014,,13,,,,,
dataflow,ESTAT:ENV_WASMUN(1.0),Municipal waste by waste management operations,A,Annual,RCY_M,Recycling - material,KG_HAB,Kilograms per capita,RO,Romania,2015,,14,,,,,
dataflow,ESTAT:ENV_WASMUN(1.0),Municipal waste by waste management operations,A,Annual,RCY_M,Recycling - material,KG_HAB,Kilograms per capita,RO,Romania,2016,,17,,,,,
dataflow,ESTAT:ENV_WASMUN(1.0),Municipal waste by waste management operations,A,Annual,RCY_M,Recycling - material,KG_HAB,Kilograms per capita,RO,Romania,2017,,20,,,,,
dataflow,ESTAT:ENV_WASMUN(1.0),Municipal waste by waste management operations,A,Annual,RCY_M,Recycling - material,KG_HAB,Kilograms per capita,RO,Romania,2018,,21,,,,,
dataflow,ESTAT:ENV_WASMUN(1.0),Municipal waste by waste management operations,A,Annual,RCY_M,Recycling - material,KG_HAB,Kilograms per capita,RO,Romania,2019,,20,,,,,
dataflow,ESTAT:ENV_WASMUN(1.0),Municipal waste by waste management operations,A,Annual,RCY_M,Recycling - material,KG_HAB,Kilograms per capita,RO,Romania,2020,,16,,,,,
dataflow,ESTAT:ENV_WASMUN(1.0),Municipal waste by waste management operations,A,Annual,RCY_M,Recycling - material,KG_HAB,Kilograms per capita,RO,Romania,2021,,20,,,,,
dataflow,ESTAT:ENV_WASMUN(1.0),Municipal waste by waste management operations,A,Annual,RCY_M,Recycling - material,KG_HAB,Kilograms per capita,RO,Romania,2022,,22,,,,,
dataflow,ESTAT:ENV_WASMUN(1.0),Municipal waste by waste management operations,A,Annual,RCY_M,Recycling - material,KG_HAB,Kilograms per capita,RS,Serbia,2006,,0,,,,,
dataflow,ESTAT:ENV_WASMUN(1.0),Municipal waste by waste management operations,A,Annual,RCY_M,Recycling - material,KG_HAB,Kilograms per capita,RS,Serbia,2007,,0,,,,,
dataflow,ESTAT:ENV_WASMUN(1.0),Municipal waste by waste management operations,A,Annual,RCY_M,Recycling - material,KG_HAB,Kilograms per capita,RS,Serbia,2008,,0,,,,,
dataflow,ESTAT:ENV_WASMUN(1.0),Municipal waste by waste management operations,A,Annual,RCY_M,Recycling - material,KG_HAB,Kilograms per capita,RS,Serbia,2009,,0,,,,,
dataflow,ESTAT:ENV_WASMUN(1.0),Municipal waste by waste management operations,A,Annual,RCY_M,Recycling - material,KG_HAB,Kilograms per capita,RS,Serbia,2010,,0,,,,,
dataflow,ESTAT:ENV_WASMUN(1.0),Municipal waste by waste management operations,A,Annual,RCY_M,Recycling - material,KG_HAB,Kilograms per capita,RS,Serbia,2011,,0,,,,,
dataflow,ESTAT:ENV_WASMUN(1.0),Municipal waste by waste management operations,A,Annual,RCY_M,Recycling - material,KG_HAB,Kilograms per capita,RS,Serbia,2012,,0,,,,,
dataflow,ESTAT:ENV_WASMUN(1.0),Municipal waste by waste management operations,A,Annual,RCY_M,Recycling - material,KG_HAB,Kilograms per capita,RS,Serbia,2013,,3,,,,,
dataflow,ESTAT:ENV_WASMUN(1.0),Municipal waste by waste management operations,A,Annual,RCY_M,Recycling - material,KG_HAB,Kilograms per capita,RS,Serbia,2014,,2,,,,,
dataflow,ESTAT:ENV_WASMUN(1.0),Municipal waste by waste management operations,A,Annual,RCY_M,Recycling - material,KG_HAB,Kilograms per capita,RS,Serbia,2015,,2,,,,,
dataflow,ESTAT:ENV_WASMUN(1.0),Municipal waste by waste management operations,A,Annual,RCY_M,Recycling - material,KG_HAB,Kilograms per capita,RS,Serbia,2016,,1,,,,,
dataflow,ESTAT:ENV_WASMUN(1.0),Municipal waste by waste management operations,A,Annual,RCY_M,Recycling - material,KG_HAB,Kilograms per capita,RS,Serbia,2017,,1,,,,,
dataflow,ESTAT:ENV_WASMUN(1.0),Municipal waste by waste management operations,A,Annual,RCY_M,Recycling - material,KG_HAB,Kilograms per capita,RS,Serbia,2018,,1,,,,,
dataflow,ESTAT:ENV_WASMUN(1.0),Municipal waste by waste management operations,A,Annual,RCY_M,Recycling - material,KG_HAB,Kilograms per capita,RS,Serbia,2019,,1,,,,,
dataflow,ESTAT:ENV_WASMUN(1.0),Municipal waste by waste management operations,A,Annual,RCY_M,Recycling - material,KG_HAB,Kilograms per capita,RS,Serbia,2020,,64,,,,,
dataflow,ESTAT:ENV_WASMUN(1.0),Municipal waste by waste management operations,A,Annual,RCY_M,Recycling - material,KG_HAB,Kilograms per capita,RS,Serbia,2021,,73,,,,,
dataflow,ESTAT:ENV_WASMUN(1.0),Municipal waste by waste management operations,A,Annual,RCY_M,Recycling - material,KG_HAB,Kilograms per capita,RS,Serbia,2022,,82,,,,,
dataflow,ESTAT:ENV_WASMUN(1.0),Municipal waste by waste management operations,A,Annual,RCY_M,Recycling - material,KG_HAB,Kilograms per capita,RS,Serbia,2023,,69,,,,,
dataflow,ESTAT:ENV_WASMUN(1.0),Municipal waste by waste management operations,A,Annual,RCY_M,Recycling - material,KG_HAB,Kilograms per capita,SE,Sweden,1995,,78,,,,,
dataflow,ESTAT:ENV_WASMUN(1.0),Municipal waste by waste management operations,A,Annual,RCY_M,Recycling - material,KG_HAB,Kilograms per capita,SE,Sweden,1996,,92,,,,,
dataflow,ESTAT:ENV_WASMUN(1.0),Municipal waste by waste management operations,A,Annual,RCY_M,Recycling - material,KG_HAB,Kilograms per capita,SE,Sweden,1997,,104,,,,,
dataflow,ESTAT:ENV_WASMUN(1.0),Municipal waste by waste management operations,A,Annual,RCY_M,Recycling - material,KG_HAB,Kilograms per capita,SE,Sweden,1998,,118,,,,,
dataflow,ESTAT:ENV_WASMUN(1.0),Municipal waste by waste management operations,A,Annual,RCY_M,Recycling - material,KG_HAB,Kilograms per capita,SE,Sweden,1999,,124,,,,,
dataflow,ESTAT:ENV_WASMUN(1.0),Municipal waste by waste management operations,A,Annual,RCY_M,Recycling - material,KG_HAB,Kilograms per capita,SE,Sweden,2000,,123,,,,,
dataflow,ESTAT:ENV_WASMUN(1.0),Municipal waste by waste management operations,A,Annual,RCY_M,Recycling - material,KG_HAB,Kilograms per capita,SE,Sweden,2001,,128,,,,,
dataflow,ESTAT:ENV_WASMUN(1.0),Municipal waste by waste management operations,A,Annual,RCY_M,Recycling - material,KG_HAB,Kilograms per capita,SE,Sweden,2002,,145,,,,,
dataflow,ESTAT:ENV_WASMUN(1.0),Municipal waste by waste management operations,A,Annual,RCY_M,Recycling - material,KG_HAB,Kilograms per capita,SE,Sweden,2003,,147,,,,,
dataflow,ESTAT:ENV_WASMUN(1.0),Municipal waste by waste management operations,A,Annual,RCY_M,Recycling - material,KG_HAB,Kilograms per capita,SE,Sweden,2004,,154,,,,,
dataflow,ESTAT:ENV_WASMUN(1.0),Municipal waste by waste management operations,A,Annual,RCY_M,Recycling - material,KG_HAB,Kilograms per capita,SE,Sweden,2005,,163,,,,,
dataflow,ESTAT:ENV_WASMUN(1.0),Municipal waste by waste management operations,A,Annual,RCY_M,Recycling - material,KG_HAB,Kilograms per capita,SE,Sweden,2006,,183,,,,,
dataflow,ESTAT:ENV_WASMUN(1.0),Municipal waste by waste management operations,A,Annual,RCY_M,Recycling - material,KG_HAB,Kilograms per capita,SE,Sweden,2007,,174,,,,,
dataflow,ESTAT:ENV_WASMUN(1.0),Municipal waste by waste management operations,A,Annual,RCY_M,Recycling - material,KG_HAB,Kilograms per capita,SE,Sweden,2008,,165,,,,,
dataflow,ESTAT:ENV_WASMUN(1.0),Municipal waste by waste management operations,A,Annual,RCY_M,Recycling - material,KG_HAB,Kilograms per capita,SE,Sweden,2009,,173,,,,,
dataflow,ESTAT:ENV_WASMUN(1.0),Municipal waste by waste management operations,A,Annual,RCY_M,Recycling - material,KG_HAB,Kilograms per capita,SE,Sweden,2010,,151,,,,,
dataflow,ESTAT:ENV_WASMUN(1.0),Municipal waste by waste management operations,A,Annual,RCY_M,Recycling - material,KG_HAB,Kilograms per capita,SE,Sweden,2011,,149,,,,,
dataflow,ESTAT:ENV_WASMUN(1.0),Municipal waste by waste management operations,A,Annual,RCY_M,Recycling - material,KG_HAB,Kilograms per capita,SE,Sweden,2012,,148,,,,,
dataflow,ESTAT:ENV_WASMUN(1.0),Municipal waste by waste management operations,A,Annual,RCY_M,Recycling - material,KG_HAB,Kilograms per capita,SE,Sweden,2013,,150,,,,,
dataflow,ESTAT:ENV_WASMUN(1.0),Municipal waste by waste management operations,A,Annual,RCY_M,Recycling - material,KG_HAB,Kilograms per capita,SE,Sweden,2014,,146,,,,,
dataflow,ESTAT:ENV_WASMUN(1.0),Municipal waste by waste management operations,A,Annual,RCY_M,Recycling - material,KG_HAB,Kilograms per capita,SE,Sweden,2015,,145,,,,,
dataflow,ESTAT:ENV_WASMUN(1.0),Municipal waste by waste management operations,A,Annual,RCY_M,Recycling - material,KG_HAB,Kilograms per capita,SE,Sweden,2016,,145,,,,,
dataflow,ESTAT:ENV_WASMUN(1.0),Municipal waste by waste management operations,A,Annual,RCY_M,Recycling - material,KG_HAB,Kilograms per capita,SE,Sweden,2017,,142,,,,,
dataflow,ESTAT:ENV_WASMUN(1.0),Municipal waste by waste management operations,A,Annual,RCY_M,Recycling - material,KG_HAB,Kilograms per capita,SE,Sweden,2018,,130,,,,,
dataflow,ESTAT:ENV_WASMUN(1.0),Municipal waste by waste management operations,A,Annual,RCY_M,Recycling - material,KG_HAB,Kilograms per capita,SE,Sweden,2019,,146,,,,,
dataflow,ESTAT:ENV_WASMUN(1.0),Municipal waste by waste management operations,A,Annual,RCY_M,Recycling - material,KG_HAB,Kilograms per capita,SE,Sweden,2020,,87,,b,break in time series,,
dataflow,ESTAT:ENV_WASMUN(1.0),Municipal waste by waste management operations,A,Annual,RCY_M,Recycling - material,KG_HAB,Kilograms per capita,SE,Sweden,2021,,83,,,,,
dataflow,ESTAT:ENV_WASMUN(1.0),Municipal waste by waste management operations,A,Annual,RCY_M,Recycling - material,KG_HAB,Kilograms per capita,SE,Sweden,2022,,82,,,,,
dataflow,ESTAT:ENV_WASMUN(1.0),Municipal waste by waste management operations,A,Annual,RCY_M,Recycling - material,KG_HAB,Kilograms per capita,SE,Sweden,2023,,79,,,,,
dataflow,ESTAT:ENV_WASMUN(1.0),Municipal waste by waste management operations,A,Annual,RCY_M,Recycling - material,KG_HAB,Kilograms per capita,SI,Slovenia,1995,,11,,,,,
dataflow,ESTAT:ENV_WASMUN(1.0),Municipal waste by waste management operations,A,Annual,RCY_M,Recycling - material,KG_HAB,Kilograms per capita,SI,Slovenia,1996,,27,,i,value imputed by Eurostat or other receiving agencies,,
dataflow,ESTAT:ENV_WASMUN(1.0),Municipal waste by waste management operations,A,Annual,RCY_M,Recycling - material,KG_HAB,Kilograms per capita,SI,Slovenia,1997,,27,,i,value imputed by Eurostat or other receiving agencies,,
dataflow,ESTAT:ENV_WASMUN(1.0),Municipal waste by waste management operations,A,Annual,RCY_M,Recycling - material,KG_HAB,Kilograms per capita,SI,Slovenia,1998,,45,,,,,
dataflow,ESTAT:ENV_WASMUN(1.0),Municipal waste by waste management operations,A,Annual,RCY_M,Recycling - material,KG_HAB,Kilograms per capita,SI,Slovenia,1999,,25,,i,value imputed by Eurostat or other receiving agencies,,
dataflow,ESTAT:ENV_WASMUN(1.0),Municipal waste by waste management operations,A,Annual,RCY_M,Recycling - material,KG_HAB,Kilograms per capita,SI,Slovenia,2000,,24,,i,value imputed by Eurostat or other receiving agencies,,
dataflow,ESTAT:ENV_WASMUN(1.0),Municipal waste by waste management operations,A,Annual,RCY_M,Recycling - material,KG_HAB,Kilograms per capita,SI,Slovenia,2001,,7,,,,,
dataflow,ESTAT:ENV_WASMUN(1.0),Municipal waste by waste management operations,A,Annual,RCY_M,Recycling - material,KG_HAB,Kilograms per capita,SI,Slovenia,2002,,31,,,,,
dataflow,ESTAT:ENV_WASMUN(1.0),Municipal waste by waste management operations,A,Annual,RCY_M,Recycling - material,KG_HAB,Kilograms per capita,SI,Slovenia,2003,,46,,,,,
dataflow,ESTAT:ENV_WASMUN(1.0),Municipal waste by waste management operations,A,Annual,RCY_M,Recycling - material,KG_HAB,Kilograms per capita,SI,Slovenia,2004,,91,,,,,
dataflow,ESTAT:ENV_WASMUN(1.0),Municipal waste by waste management operations,A,Annual,RCY_M,Recycling - material,KG_HAB,Kilograms per capita,SI,Slovenia,2005,,84,,,,,
dataflow,ESTAT:ENV_WASMUN(1.0),Municipal waste by waste management operations,A,Annual,RCY_M,Recycling - material,KG_HAB,Kilograms per capita,SI,Slovenia,2006,,72,,,,,
dataflow,ESTAT:ENV_WASMUN(1.0),Municipal waste by waste management operations,A,Annual,RCY_M,Recycling - material,KG_HAB,Kilograms per capita,SI,Slovenia,2007,,107,,,,,
dataflow,ESTAT:ENV_WASMUN(1.0),Municipal waste by waste management operations,A,Annual,RCY_M,Recycling - material,KG_HAB,Kilograms per capita,SI,Slovenia,2008,,94,,,,,
dataflow,ESTAT:ENV_WASMUN(1.0),Municipal waste by waste management operations,A,Annual,RCY_M,Recycling - material,KG_HAB,Kilograms per capita,SI,Slovenia,2009,,93,,,,,
dataflow,ESTAT:ENV_WASMUN(1.0),Municipal waste by waste management operations,A,Annual,RCY_M,Recycling - material,KG_HAB,Kilograms per capita,SI,Slovenia,2010,,99,,,,,
dataflow,ESTAT:ENV_WASMUN(1.0),Municipal waste by waste management operations,A,Annual,RCY_M,Recycling - material,KG_HAB,Kilograms per capita,SI,Slovenia,2011,,126,,,,,
dataflow,ESTAT:ENV_WASMUN(1.0),Municipal waste by waste management operations,A,Annual,RCY_M,Recycling - material,KG_HAB,Kilograms per capita,SI,Slovenia,2012,,131,,,,,
dataflow,ESTAT:ENV_WASMUN(1.0),Municipal waste by waste management operations,A,Annual,RCY_M,Recycling - material,KG_HAB,Kilograms per capita,SI,Slovenia,2013,,116,,,,,
dataflow,ESTAT:ENV_WASMUN(1.0),Municipal waste by waste management operations,A,Annual,RCY_M,Recycling - material,KG_HAB,Kilograms per capita,SI,Slovenia,2014,,126,,,,,
dataflow,ESTAT:ENV_WASMUN(1.0),Municipal waste by waste management operations,A,Annual,RCY_M,Recycling - material,KG_HAB,Kilograms per capita,SI,Slovenia,2015,,208,,be,"break in time series, estimated",,
dataflow,ESTAT:ENV_WASMUN(1.0),Municipal waste by waste management operations,A,Annual,RCY_M,Recycling - material,KG_HAB,Kilograms per capita,SI,Slovenia,2016,,184,,e,estimated,,
dataflow,ESTAT:ENV_WASMUN(1.0),Municipal waste by waste management operations,A,Annual,RCY_M,Recycling - material,KG_HAB,Kilograms per capita,SI,Slovenia,2017,,199,,e,estimated,,
dataflow,ESTAT:ENV_WASMUN(1.0),Municipal waste by waste management operations,A,Annual,RCY_M,Recycling - material,KG_HAB,Kilograms per capita,SI,Slovenia,2018,,207,,e,estimated,,
dataflow,ESTAT:ENV_WASMUN(1.0),Municipal waste by waste management operations,A,Annual,RCY_M,Recycling - material,KG_HAB,Kilograms per capita,SI,Slovenia,2019,,214,,e,estimated,,
dataflow,ESTAT:ENV_WASMUN(1.0),Municipal waste by waste management operations,A,Annual,RCY_M,Recycling - material,KG_HAB,Kilograms per capita,SI,Slovenia,2020,,219,,e,estimated,,
dataflow,ESTAT:ENV_WASMUN(1.0),Municipal waste by waste management operations,A,Annual,RCY_M,Recycling - material,KG_HAB,Kilograms per capita,SI,Slovenia,2021,,238,,,,,
dataflow,ESTAT:ENV_WASMUN(1.0),Municipal waste by waste management operations,A,Annual,RCY_M,Recycling - material,KG_HAB,Kilograms per capita,SI,Slovenia,2022,,226,,,,,
dataflow,ESTAT:ENV_WASMUN(1.0),Municipal waste by waste management operations,A,Annual,RCY_M,Recycling - material,KG_HAB,Kilograms per capita,SI,Slovenia,2023,,231,,,,,
dataflow,ESTAT:ENV_WASMUN(1.0),Municipal waste by waste management operations,A,Annual,RCY_M,Recycling - material,KG_HAB,Kilograms per capita,SK,Slovakia,1995,,4,,i,value imputed by Eurostat or other receiving agencies,,
dataflow,ESTAT:ENV_WASMUN(1.0),Municipal waste by waste management operations,A,Annual,RCY_M,Recycling - material,KG_HAB,Kilograms per capita,SK,Slovakia,1996,,4,,i,value imputed by Eurostat or other receiving agencies,,
dataflow,ESTAT:ENV_WASMUN(1.0),Municipal waste by waste management operations,A,Annual,RCY_M,Recycling - material,KG_HAB,Kilograms per capita,SK,Slovakia,1997,,6,,e,estimated,,
dataflow,ESTAT:ENV_WASMUN(1.0),Municipal waste by waste management operations,A,Annual,RCY_M,Recycling - material,KG_HAB,Kilograms per capita,SK,Slovakia,1998,,5,,,,,
dataflow,ESTAT:ENV_WASMUN(1.0),Municipal waste by waste management operations,A,Annual,RCY_M,Recycling - material,KG_HAB,Kilograms per capita,SK,Slovakia,1999,,5,,,,,
dataflow,ESTAT:ENV_WASMUN(1.0),Municipal waste by waste management operations,A,Annual,RCY_M,Recycling - material,KG_HAB,Kilograms per capita,SK,Slovakia,2000,,6,,,,,
dataflow,ESTAT:ENV_WASMUN(1.0),Municipal waste by waste management operations,A,Annual,RCY_M,Recycling - material,KG_HAB,Kilograms per capita,SK,Slovakia,2001,,7,,,,,
dataflow,ESTAT:ENV_WASMUN(1.0),Municipal waste by waste management operations,A,Annual,RCY_M,Recycling - material,KG_HAB,Kilograms per capita,SK,Slovakia,2002,,6,,,,,
dataflow,ESTAT:ENV_WASMUN(1.0),Municipal waste by waste management operations,A,Annual,RCY_M,Recycling - material,KG_HAB,Kilograms per capita,SK,Slovakia,2003,,9,,,,,
dataflow,ESTAT:ENV_WASMUN(1.0),Municipal waste by waste management operations,A,Annual,RCY_M,Recycling - material,KG_HAB,Kilograms per capita,SK,Slovakia,2004,,8,,,,,
dataflow,ESTAT:ENV_WASMUN(1.0),Municipal waste by waste management operations,A,Annual,RCY_M,Recycling - material,KG_HAB,Kilograms per capita,SK,Slovakia,2005,,3,,b,break in time series,,
dataflow,ESTAT:ENV_WASMUN(1.0),Municipal waste by waste management operations,A,Annual,RCY_M,Recycling - material,KG_HAB,Kilograms per capita,SK,Slovakia,2006,,3,,,,,
dataflow,ESTAT:ENV_WASMUN(1.0),Municipal waste by waste management operations,A,Annual,RCY_M,Recycling - material,KG_HAB,Kilograms per capita,SK,Slovakia,2007,,7,,,,,
dataflow,ESTAT:ENV_WASMUN(1.0),Municipal waste by waste management operations,A,Annual,RCY_M,Recycling - material,KG_HAB,Kilograms per capita,SK,Slovakia,2008,,11,,,,,
dataflow,ESTAT:ENV_WASMUN(1.0),Municipal waste by waste management operations,A,Annual,RCY_M,Recycling - material,KG_HAB,Kilograms per capita,SK,Slovakia,2009,,13,,,,,
dataflow,ESTAT:ENV_WASMUN(1.0),Municipal waste by waste management operations,A,Annual,RCY_M,Recycling - material,KG_HAB,Kilograms per capita,SK,Slovakia,2010,,18,,,,,
dataflow,ESTAT:ENV_WASMUN(1.0),Municipal waste by waste management operations,A,Annual,RCY_M,Recycling - material,KG_HAB,Kilograms per capita,SK,Slovakia,2011,,21,,,,,
dataflow,ESTAT:ENV_WASMUN(1.0),Municipal waste by waste management operations,A,Annual,RCY_M,Recycling - material,KG_HAB,Kilograms per capita,SK,Slovakia,2012,,26,,,,,
dataflow,ESTAT:ENV_WASMUN(1.0),Municipal waste by waste management operations,A,Annual,RCY_M,Recycling - material,KG_HAB,Kilograms per capita,SK,Slovakia,2013,,20,,,,,
dataflow,ESTAT:ENV_WASMUN(1.0),Municipal waste by waste management operations,A,Annual,RCY_M,Recycling - material,KG_HAB,Kilograms per capita,SK,Slovakia,2014,,16,,,,,
dataflow,ESTAT:ENV_WASMUN(1.0),Municipal waste by waste management operations,A,Annual,RCY_M,Recycling - material,KG_HAB,Kilograms per capita,SK,Slovakia,2015,,25,,,,,
dataflow,ESTAT:ENV_WASMUN(1.0),Municipal waste by waste management operations,A,Annual,RCY_M,Recycling - material,KG_HAB,Kilograms per capita,SK,Slovakia,2016,,54,,,,,
dataflow,ESTAT:ENV_WASMUN(1.0),Municipal waste by waste management operations,A,Annual,RCY_M,Recycling - material,KG_HAB,Kilograms per capita,SK,Slovakia,2017,,80,,,,,
dataflow,ESTAT:ENV_WASMUN(1.0),Municipal waste by waste management operations,A,Annual,RCY_M,Recycling - material,KG_HAB,Kilograms per capita,SK,Slovakia,2018,,111,,,,,
dataflow,ESTAT:ENV_WASMUN(1.0),Municipal waste by waste management operations,A,Annual,RCY_M,Recycling - material,KG_HAB,Kilograms per capita,SK,Slovakia,2019,,113,,,,,
dataflow,ESTAT:ENV_WASMUN(1.0),Municipal waste by waste management operations,A,Annual,RCY_M,Recycling - material,KG_HAB,Kilograms per capita,SK,Slovakia,2020,,148,,,,,
dataflow,ESTAT:ENV_WASMUN(1.0),Municipal waste by waste management operations,A,Annual,RCY_M,Recycling - material,KG_HAB,Kilograms per capita,SK,Slovakia,2021,,166,,,,,
dataflow,ESTAT:ENV_WASMUN(1.0),Municipal waste by waste management operations,A,Annual,RCY_M,Recycling - material,KG_HAB,Kilograms per capita,SK,Slovakia,2022,,158,,,,,
dataflow,ESTAT:ENV_WASMUN(1.0),Municipal waste by waste management operations,A,Annual,RCY_M,Recycling - material,KG_HAB,Kilograms per capita,SK,Slovakia,2023,,154,,,,,
dataflow,ESTAT:ENV_WASMUN(1.0),Municipal waste by waste management operations,A,Annual,RCY_M,Recycling - material,KG_HAB,Kilograms per capita,TR,Türkiye,2016,,37,,b,break in time series,,
dataflow,ESTAT:ENV_WASMUN(1.0),Municipal waste by waste management operations,A,Annual,RCY_M,Recycling - material,KG_HAB,Kilograms per capita,TR,Türkiye,2017,,37,,e,estimated,,
dataflow,ESTAT:ENV_WASMUN(1.0),Municipal waste by waste management operations,A,Annual,RCY_M,Recycling - material,KG_HAB,Kilograms per capita,TR,Türkiye,2018,,47,,,,,
dataflow,ESTAT:ENV_WASMUN(1.0),Municipal waste by waste management operations,A,Annual,RCY_M,Recycling - material,KG_HAB,Kilograms per capita,TR,Türkiye,2019,,47,,e,estimated,,
dataflow,ESTAT:ENV_WASMUN(1.0),Municipal waste by waste management operations,A,Annual,RCY_M,Recycling - material,KG_HAB,Kilograms per capita,TR,Türkiye,2020,,50,,,,,
dataflow,ESTAT:ENV_WASMUN(1.0),Municipal waste by waste management operations,A,Annual,RCY_M,Recycling - material,KG_HAB,Kilograms per capita,TR,Türkiye,2021,,50,,e,estimated,,
dataflow,ESTAT:ENV_WASMUN(1.0),Municipal waste by waste management operations,A,Annual,RCY_M,Recycling - material,KG_HAB,Kilograms per capita,XK,Kosovo*,2020,,0,,,,,
dataflow,ESTAT:ENV_WASMUN(1.0),Municipal waste by waste management operations,A,Annual,RCY_M,Recycling - material,KG_HAB,Kilograms per capita,XK,Kosovo*,2021,,7,,,,,
dataflow,ESTAT:ENV_WASMUN(1.0),Municipal waste by waste management operations,A,Annual,RCY_M,Recycling - material,KG_HAB,Kilograms per capita,XK,Kosovo*,2022,,7,,,,,
dataflow,ESTAT:ENV_WASMUN(1.0),Municipal waste by waste management operations,A,Annual,RCY_M,Recycling - material,THS_T,Thousand tonnes,AL,Albania,2013,,226,,,,,
dataflow,ESTAT:ENV_WASMUN(1.0),Municipal waste by waste management operations,A,Annual,RCY_M,Recycling - material,THS_T,Thousand tonnes,AL,Albania,2014,,265,,,,,
dataflow,ESTAT:ENV_WASMUN(1.0),Municipal waste by waste management operations,A,Annual,RCY_M,Recycling - material,THS_T,Thousand tonnes,AL,Albania,2015,,258,,,,,
dataflow,ESTAT:ENV_WASMUN(1.0),Municipal waste by waste management operations,A,Annual,RCY_M,Recycling - material,THS_T,Thousand tonnes,AL,Albania,2016,,224,,,,,
dataflow,ESTAT:ENV_WASMUN(1.0),Municipal waste by waste management operations,A,Annual,RCY_M,Recycling - material,THS_T,Thousand tonnes,AL,Albania,2017,,218,,,,,
dataflow,ESTAT:ENV_WASMUN(1.0),Municipal waste by waste management operations,A,Annual,RCY_M,Recycling - material,THS_T,Thousand tonnes,AL,Albania,2018,,245,,,,,
dataflow,ESTAT:ENV_WASMUN(1.0),Municipal waste by waste management operations,A,Annual,RCY_M,Recycling - material,THS_T,Thousand tonnes,AL,Albania,2019,,203,,,,,
dataflow,ESTAT:ENV_WASMUN(1.0),Municipal waste by waste management operations,A,Annual,RCY_M,Recycling - material,THS_T,Thousand tonnes,AL,Albania,2020,,190,,,,,
dataflow,ESTAT:ENV_WASMUN(1.0),Municipal waste by waste management operations,A,Annual,RCY_M,Recycling - material,THS_T,Thousand tonnes,AL,Albania,2021,,164,,,,,
dataflow,ESTAT:ENV_WASMUN(1.0),Municipal waste by waste management operations,A,Annual,RCY_M,Recycling - material,THS_T,Thousand tonnes,AL,Albania,2022,,155,,,,,
dataflow,ESTAT:ENV_WASMUN(1.0),Municipal waste by waste management operations,A,Annual,RCY_M,Recycling - material,THS_T,Thousand tonnes,AT,Austria,1995,,820,,,,,
dataflow,ESTAT:ENV_WASMUN(1.0),Municipal waste by waste management operations,A,Annual,RCY_M,Recycling - material,THS_T,Thousand tonnes,AT,Austria,1996,,879,,,,,
dataflow,ESTAT:ENV_WASMUN(1.0),Municipal waste by waste management operations,A,Annual,RCY_M,Recycling - material,THS_T,Thousand tonnes,AT,Austria,1997,,941,,,,,
dataflow,ESTAT:ENV_WASMUN(1.0),Municipal waste by waste management operations,A,Annual,RCY_M,Recycling - material,THS_T,Thousand tonnes,AT,Austria,1998,,987,,,,,
dataflow,ESTAT:ENV_WASMUN(1.0),Municipal waste by waste management operations,A,Annual,RCY_M,Recycling - material,THS_T,Thousand tonnes,AT,Austria,1999,,1061,,,,,
dataflow,ESTAT:ENV_WASMUN(1.0),Municipal waste by waste management operations,A,Annual,RCY_M,Recycling - material,THS_T,Thousand tonnes,AT,Austria,2000,,1129,,,,,
dataflow,ESTAT:ENV_WASMUN(1.0),Municipal waste by waste management operations,A,Annual,RCY_M,Recycling - material,THS_T,Thousand tonnes,AT,Austria,2001,,1125,,e,estimated,,
dataflow,ESTAT:ENV_WASMUN(1.0),Municipal waste by waste management operations,A,Annual,RCY_M,Recycling - material,THS_T,Thousand tonnes,AT,Austria,2002,,1115,,e,estimated,,
dataflow,ESTAT:ENV_WASMUN(1.0),Municipal waste by waste management operations,A,Annual,RCY_M,Recycling - material,THS_T,Thousand tonnes,AT,Austria,2003,,1110,,e,estimated,,
dataflow,ESTAT:ENV_WASMUN(1.0),Municipal waste by waste management operations,A,Annual,RCY_M,Recycling - material,THS_T,Thousand tonnes,AT,Austria,2004,,1116,,,,,
dataflow,ESTAT:ENV_WASMUN(1.0),Municipal waste by waste management operations,A,Annual,RCY_M,Recycling - material,THS_T,Thousand tonnes,AT,Austria,2005,,1180,,,,,
dataflow,ESTAT:ENV_WASMUN(1.0),Municipal waste by waste management operations,A,Annual,RCY_M,Recycling - material,THS_T,Thousand tonnes,AT,Austria,2006,,1259,,,,,
dataflow,ESTAT:ENV_WASMUN(1.0),Municipal waste by waste management operations,A,Annual,RCY_M,Recycling - material,THS_T,Thousand tonnes,AT,Austria,2007,,1318,,,,,
dataflow,ESTAT:ENV_WASMUN(1.0),Municipal waste by waste management operations,A,Annual,RCY_M,Recycling - material,THS_T,Thousand tonnes,AT,Austria,2008,,1476,,,,,
dataflow,ESTAT:ENV_WASMUN(1.0),Municipal waste by waste management operations,A,Annual,RCY_M,Recycling - material,THS_T,Thousand tonnes,AT,Austria,2009,,1492,,,,,
dataflow,ESTAT:ENV_WASMUN(1.0),Municipal waste by waste management operations,A,Annual,RCY_M,Recycling - material,THS_T,Thousand tonnes,AT,Austria,2010,,1272,,,,,
dataflow,ESTAT:ENV_WASMUN(1.0),Municipal waste by waste management operations,A,Annual,RCY_M,Recycling - material,THS_T,Thousand tonnes,AT,Austria,2011,,1146,,,,,
dataflow,ESTAT:ENV_WASMUN(1.0),Municipal waste by waste management operations,A,Annual,RCY_M,Recycling - material,THS_T,Thousand tonnes,AT,Austria,2012,,1168,,,,,
dataflow,ESTAT:ENV_WASMUN(1.0),Municipal waste by waste management operations,A,Annual,RCY_M,Recycling - material,THS_T,Thousand tonnes,AT,Austria,2013,,1202,,,,,
dataflow,ESTAT:ENV_WASMUN(1.0),Municipal waste by waste management operations,A,Annual,RCY_M,Recycling - material,THS_T,Thousand tonnes,AT,Austria,2014,,1231,,,,,
dataflow,ESTAT:ENV_WASMUN(1.0),Municipal waste by waste management operations,A,Annual,RCY_M,Recycling - material,THS_T,Thousand tonnes,AT,Austria,2015,,1241,,,,,
dataflow,ESTAT:ENV_WASMUN(1.0),Municipal waste by waste management operations,A,Annual,RCY_M,Recycling - material,THS_T,Thousand tonnes,AT,Austria,2016,,1254,,,,,
dataflow,ESTAT:ENV_WASMUN(1.0),Municipal waste by waste management operations,A,Annual,RCY_M,Recycling - material,THS_T,Thousand tonnes,AT,Austria,2017,,1296,,,,,
dataflow,ESTAT:ENV_WASMUN(1.0),Municipal waste by waste management operations,A,Annual,RCY_M,Recycling - material,THS_T,Thousand tonnes,AT,Austria,2018,,1301,,,,,
dataflow,ESTAT:ENV_WASMUN(1.0),Municipal waste by waste management operations,A,Annual,RCY_M,Recycling - material,THS_T,Thousand tonnes,AT,Austria,2019,,1363,,,,,
dataflow,ESTAT:ENV_WASMUN(1.0),Municipal waste by waste management operations,A,Annual,RCY_M,Recycling - material,THS_T,Thousand tonnes,AT,Austria,2020,,3006,,b,break in time series,,
dataflow,ESTAT:ENV_WASMUN(1.0),Municipal waste by waste management operations,A,Annual,RCY_M,Recycling - material,THS_T,Thousand tonnes,AT,Austria,2021,,3072,,,,,
dataflow,ESTAT:ENV_WASMUN(1.0),Municipal waste by waste management operations,A,Annual,RCY_M,Recycling - material,THS_T,Thousand tonnes,AT,Austria,2022,,3022,,,,,
dataflow,ESTAT:ENV_WASMUN(1.0),Municipal waste by waste management operations,A,Annual,RCY_M,Recycling - material,THS_T,Thousand tonnes,BA,Bosnia and Herzegovina,2008,,0,,,,,
dataflow,ESTAT:ENV_WASMUN(1.0),Municipal waste by waste management operations,A,Annual,RCY_M,Recycling - material,THS_T,Thousand tonnes,BA,Bosnia and Herzegovina,2009,,0,,,,,
dataflow,ESTAT:ENV_WASMUN(1.0),Municipal waste by waste management operations,A,Annual,RCY_M,Recycling - material,THS_T,Thousand tonnes,BA,Bosnia and Herzegovina,2010,,0,,,,,
dataflow,ESTAT:ENV_WASMUN(1.0),Municipal waste by waste management operations,A,Annual,RCY_M,Recycling - material,THS_T,Thousand tonnes,BA,Bosnia and Herzegovina,2011,,0,,,,,
dataflow,ESTAT:ENV_WASMUN(1.0),Municipal waste by waste management operations,A,Annual,RCY_M,Recycling - material,THS_T,Thousand tonnes,BA,Bosnia and Herzegovina,2012,,0,,,,,
dataflow,ESTAT:ENV_WASMUN(1.0),Municipal waste by waste management operations,A,Annual,RCY_M,Recycling - material,THS_T,Thousand tonnes,BA,Bosnia and Herzegovina,2013,,0,,,,,
dataflow,ESTAT:ENV_WASMUN(1.0),Municipal waste by waste management operations,A,Annual,RCY_M,Recycling - material,THS_T,Thousand tonnes,BA,Bosnia and Herzegovina,2014,,0,,,,,
dataflow,ESTAT:ENV_WASMUN(1.0),Municipal waste by waste management operations,A,Annual,RCY_M,Recycling - material,THS_T,Thousand tonnes,BA,Bosnia and Herzegovina,2015,,0,,,,,
dataflow,ESTAT:ENV_WASMUN(1.0),Municipal waste by waste management operations,A,Annual,RCY_M,Recycling - material,THS_T,Thousand tonnes,BA,Bosnia and Herzegovina,2016,,0,,,,,
dataflow,ESTAT:ENV_WASMUN(1.0),Municipal waste by waste management operations,A,Annual,RCY_M,Recycling - material,THS_T,Thousand tonnes,BA,Bosnia and Herzegovina,2017,,0,,,,,
dataflow,ESTAT:ENV_WASMUN(1.0),Municipal waste by waste management operations,A,Annual,RCY_M,Recycling - material,THS_T,Thousand tonnes,BA,Bosnia and Herzegovina,2022,,9,,,,,
dataflow,ESTAT:ENV_WASMUN(1.0),Municipal waste by waste management operations,A,Annual,RCY_M,Recycling - material,THS_T,Thousand tonnes,BE,Belgium,1995,,519,,,,,
dataflow,ESTAT:ENV_WASMUN(1.0),Municipal waste by waste management operations,A,Annual,RCY_M,Recycling - material,THS_T,Thousand tonnes,BE,Belgium,1996,,655,,,,,
dataflow,ESTAT:ENV_WASMUN(1.0),Municipal waste by waste management operations,A,Annual,RCY_M,Recycling - material,THS_T,Thousand tonnes,BE,Belgium,1997,,840,,,,,
dataflow,ESTAT:ENV_WASMUN(1.0),Municipal waste by waste management operations,A,Annual,RCY_M,Recycling - material,THS_T,Thousand tonnes,BE,Belgium,1998,,1077,,,,,
dataflow,ESTAT:ENV_WASMUN(1.0),Municipal waste by waste management operations,A,Annual,RCY_M,Recycling - material,THS_T,Thousand tonnes,BE,Belgium,1999,,1218,,,,,
dataflow,ESTAT:ENV_WASMUN(1.0),Municipal waste by waste management operations,A,Annual,RCY_M,Recycling - material,THS_T,Thousand tonnes,BE,Belgium,2000,,1309,,,,,
dataflow,ESTAT:ENV_WASMUN(1.0),Municipal waste by waste management operations,A,Annual,RCY_M,Recycling - material,THS_T,Thousand tonnes,BE,Belgium,2001,,1391,,,,,
dataflow,ESTAT:ENV_WASMUN(1.0),Municipal waste by waste management operations,A,Annual,RCY_M,Recycling - material,THS_T,Thousand tonnes,BE,Belgium,2002,,1469,,,,,
dataflow,ESTAT:ENV_WASMUN(1.0),Municipal waste by waste management operations,A,Annual,RCY_M,Recycling - material,THS_T,Thousand tonnes,BE,Belgium,2003,,1430,,,,,
dataflow,ESTAT:ENV_WASMUN(1.0),Municipal waste by waste management operations,A,Annual,RCY_M,Recycling - material,THS_T,Thousand tonnes,BE,Belgium,2004,,1500,,,,,
dataflow,ESTAT:ENV_WASMUN(1.0),Municipal waste by waste management operations,A,Annual,RCY_M,Recycling - material,THS_T,Thousand tonnes,BE,Belgium,2005,,1638,,,,,
dataflow,ESTAT:ENV_WASMUN(1.0),Municipal waste by waste management operations,A,Annual,RCY_M,Recycling - material,THS_T,Thousand tonnes,BE,Belgium,2006,,1683,,,,,
dataflow,ESTAT:ENV_WASMUN(1.0),Municipal waste by waste management operations,A,Annual,RCY_M,Recycling - material,THS_T,Thousand tonnes,BE,Belgium,2007,,1741,,,,,
dataflow,ESTAT:ENV_WASMUN(1.0),Municipal waste by waste management operations,A,Annual,RCY_M,Recycling - material,THS_T,Thousand tonnes,BE,Belgium,2008,,1660,,,,,
dataflow,ESTAT:ENV_WASMUN(1.0),Municipal waste by waste management operations,A,Annual,RCY_M,Recycling - material,THS_T,Thousand tonnes,BE,Belgium,2009,,1694,,,,,
dataflow,ESTAT:ENV_WASMUN(1.0),Municipal waste by waste management operations,A,Annual,RCY_M,Recycling - material,THS_T,Thousand tonnes,BE,Belgium,2010,,1669,,,,,
dataflow,ESTAT:ENV_WASMUN(1.0),Municipal waste by waste management operations,A,Annual,RCY_M,Recycling - material,THS_T,Thousand tonnes,BE,Belgium,2011,,1704,,,,,
dataflow,ESTAT:ENV_WASMUN(1.0),Municipal waste by waste management operations,A,Annual,RCY_M,Recycling - material,THS_T,Thousand tonnes,BE,Belgium,2012,,1600,,,,,
dataflow,ESTAT:ENV_WASMUN(1.0),Municipal waste by waste management operations,A,Annual,RCY_M,Recycling - material,THS_T,Thousand tonnes,BE,Belgium,2013,,1539,,,,,
dataflow,ESTAT:ENV_WASMUN(1.0),Municipal waste by waste management operations,A,Annual,RCY_M,Recycling - material,THS_T,Thousand tonnes,BE,Belgium,2014,,1590,,,,,
dataflow,ESTAT:ENV_WASMUN(1.0),Municipal waste by waste management operations,A,Annual,RCY_M,Recycling - material,THS_T,Thousand tonnes,BE,Belgium,2015,,1584,,,,,
dataflow,ESTAT:ENV_WASMUN(1.0),Municipal waste by waste management operations,A,Annual,RCY_M,Recycling - material,THS_T,Thousand tonnes,BE,Belgium,2016,,1575,,,,,
dataflow,ESTAT:ENV_WASMUN(1.0),Municipal waste by waste management operations,A,Annual,RCY_M,Recycling - material,THS_T,Thousand tonnes,BE,Belgium,2017,,1593,,,,,
dataflow,ESTAT:ENV_WASMUN(1.0),Municipal waste by waste management operations,A,Annual,RCY_M,Recycling - material,THS_T,Thousand tonnes,BE,Belgium,2018,,1611,,,,,
dataflow,ESTAT:ENV_WASMUN(1.0),Municipal waste by waste management operations,A,Annual,RCY_M,Recycling - material,THS_T,Thousand tonnes,BE,Belgium,2019,,1631,,,,,
dataflow,ESTAT:ENV_WASMUN(1.0),Municipal waste by waste management operations,A,Annual,RCY_M,Recycling - material,THS_T,Thousand tonnes,BE,Belgium,2020,,2711,,,,,
dataflow,ESTAT:ENV_WASMUN(1.0),Municipal waste by waste management operations,A,Annual,RCY_M,Recycling - material,THS_T,Thousand tonnes,BE,Belgium,2021,,3017,,,,,
dataflow,ESTAT:ENV_WASMUN(1.0),Municipal waste by waste management operations,A,Annual,RCY_M,Recycling - material,THS_T,Thousand tonnes,BE,Belgium,2022,,2722,,,,,
dataflow,ESTAT:ENV_WASMUN(1.0),Municipal waste by waste management operations,A,Annual,RCY_M,Recycling - material,THS_T,Thousand tonnes,BE,Belgium,2023,,2731,,,,,
dataflow,ESTAT:ENV_WASMUN(1.0),Municipal waste by waste management operations,A,Annual,RCY_M,Recycling - material,THS_T,Thousand tonnes,BG,Bulgaria,1995,,0,,,,,
dataflow,ESTAT:ENV_WASMUN(1.0),Municipal waste by waste management operations,A,Annual,RCY_M,Recycling - material,THS_T,Thousand tonnes,BG,Bulgaria,1996,,0,,,,,
dataflow,ESTAT:ENV_WASMUN(1.0),Municipal waste by waste management operations,A,Annual,RCY_M,Recycling - material,THS_T,Thousand tonnes,BG,Bulgaria,1997,,0,,,,,
dataflow,ESTAT:ENV_WASMUN(1.0),Municipal waste by waste management operations,A,Annual,RCY_M,Recycling - material,THS_T,Thousand tonnes,BG,Bulgaria,1998,,776,,e,estimated,,
dataflow,ESTAT:ENV_WASMUN(1.0),Municipal waste by waste management operations,A,Annual,RCY_M,Recycling - material,THS_T,Thousand tonnes,BG,Bulgaria,1999,,769,,e,estimated,,
dataflow,ESTAT:ENV_WASMUN(1.0),Municipal waste by waste management operations,A,Annual,RCY_M,Recycling - material,THS_T,Thousand tonnes,BG,Bulgaria,2000,,775,,e,estimated,,
dataflow,ESTAT:ENV_WASMUN(1.0),Municipal waste by waste management operations,A,Annual,RCY_M,Recycling - material,THS_T,Thousand tonnes,BG,Bulgaria,2001,,770,,e,estimated,,
dataflow,ESTAT:ENV_WASMUN(1.0),Municipal waste by waste management operations,A,Annual,RCY_M,Recycling - material,THS_T,Thousand tonnes,BG,Bulgaria,2002,,770,,e,estimated,,
dataflow,ESTAT:ENV_WASMUN(1.0),Municipal waste by waste management operations,A,Annual,RCY_M,Recycling - material,THS_T,Thousand tonnes,BG,Bulgaria,2003,,774,,e,estimated,,
dataflow,ESTAT:ENV_WASMUN(1.0),Municipal waste by waste management operations,A,Annual,RCY_M,Recycling - material,THS_T,Thousand tonnes,BG,Bulgaria,2004,,793,,e,estimated,,
dataflow,ESTAT:ENV_WASMUN(1.0),Municipal waste by waste management operations,A,Annual,RCY_M,Recycling - material,THS_T,Thousand tonnes,BG,Bulgaria,2005,,822,,e,estimated,,
dataflow,ESTAT:ENV_WASMUN(1.0),Municipal waste by waste management operations,A,Annual,RCY_M,Recycling - material,THS_T,Thousand tonnes,BG,Bulgaria,2006,,839,,e,estimated,,
dataflow,ESTAT:ENV_WASMUN(1.0),Municipal waste by waste management operations,A,Annual,RCY_M,Recycling - material,THS_T,Thousand tonnes,BG,Bulgaria,2007,,858,,e,estimated,,
dataflow,ESTAT:ENV_WASMUN(1.0),Municipal waste by waste management operations,A,Annual,RCY_M,Recycling - material,THS_T,Thousand tonnes,BG,Bulgaria,2008,,871,,e,estimated,,
dataflow,ESTAT:ENV_WASMUN(1.0),Municipal waste by waste management operations,A,Annual,RCY_M,Recycling - material,THS_T,Thousand tonnes,BG,Bulgaria,2009,,887,,e,estimated,,
dataflow,ESTAT:ENV_WASMUN(1.0),Municipal waste by waste management operations,A,Annual,RCY_M,Recycling - material,THS_T,Thousand tonnes,BG,Bulgaria,2010,,1003,,,,,
dataflow,ESTAT:ENV_WASMUN(1.0),Municipal waste by waste management operations,A,Annual,RCY_M,Recycling - material,THS_T,Thousand tonnes,BG,Bulgaria,2011,,895,,,,,
dataflow,ESTAT:ENV_WASMUN(1.0),Municipal waste by waste management operations,A,Annual,RCY_M,Recycling - material,THS_T,Thousand tonnes,BG,Bulgaria,2012,,749,,,,,
dataflow,ESTAT:ENV_WASMUN(1.0),Municipal waste by waste management operations,A,Annual,RCY_M,Recycling - material,THS_T,Thousand tonnes,BG,Bulgaria,2013,,787,,,,,
dataflow,ESTAT:ENV_WASMUN(1.0),Municipal waste by waste management operations,A,Annual,RCY_M,Recycling - material,THS_T,Thousand tonnes,BG,Bulgaria,2014,,677,,,,,
dataflow,ESTAT:ENV_WASMUN(1.0),Municipal waste by waste management operations,A,Annual,RCY_M,Recycling - material,THS_T,Thousand tonnes,BG,Bulgaria,2015,,573,,,,,
dataflow,ESTAT:ENV_WASMUN(1.0),Municipal waste by waste management operations,A,Annual,RCY_M,Recycling - material,THS_T,Thousand tonnes,BG,Bulgaria,2016,,654,,,,,
dataflow,ESTAT:ENV_WASMUN(1.0),Municipal waste by waste management operations,A,Annual,RCY_M,Recycling - material,THS_T,Thousand tonnes,BG,Bulgaria,2017,,827,,,,,
dataflow,ESTAT:ENV_WASMUN(1.0),Municipal waste by waste management operations,A,Annual,RCY_M,Recycling - material,THS_T,Thousand tonnes,BG,Bulgaria,2018,,849,,,,,
dataflow,ESTAT:ENV_WASMUN(1.0),Municipal waste by waste management operations,A,Annual,RCY_M,Recycling - material,THS_T,Thousand tonnes,BG,Bulgaria,2019,,827,,i,value imputed by Eurostat or other receiving agencies,,
dataflow,ESTAT:ENV_WASMUN(1.0),Municipal waste by waste management operations,A,Annual,RCY_M,Recycling - material,THS_T,Thousand tonnes,BG,Bulgaria,2020,,908,,,,,
dataflow,ESTAT:ENV_WASMUN(1.0),Municipal waste by waste management operations,A,Annual,RCY_M,Recycling - material,THS_T,Thousand tonnes,BG,Bulgaria,2021,,795,,,,,
dataflow,ESTAT:ENV_WASMUN(1.0),Municipal waste by waste management operations,A,Annual,RCY_M,Recycling - material,THS_T,Thousand tonnes,BG,Bulgaria,2022,,682,,,,,
dataflow,ESTAT:ENV_WASMUN(1.0),Municipal waste by waste management operations,A,Annual,RCY_M,Recycling - material,THS_T,Thousand tonnes,CH,Switzerland,1995,,1240,,,,,
dataflow,ESTAT:ENV_WASMUN(1.0),Municipal waste by waste management operations,A,Annual,RCY_M,Recycling - material,THS_T,Thousand tonnes,CH,Switzerland,1996,,1315,,,,,
dataflow,ESTAT:ENV_WASMUN(1.0),Municipal waste by waste management operations,A,Annual,RCY_M,Recycling - material,THS_T,Thousand tonnes,CH,Switzerland,1997,,1349,,,,,
dataflow,ESTAT:ENV_WASMUN(1.0),Municipal waste by waste management operations,A,Annual,RCY_M,Recycling - material,THS_T,Thousand tonnes,CH,Switzerland,1998,,1406,,,,,
dataflow,ESTAT:ENV_WASMUN(1.0),Municipal waste by waste management operations,A,Annual,RCY_M,Recycling - material,THS_T,Thousand tonnes,CH,Switzerland,1999,,1445,,,,,
dataflow,ESTAT:ENV_WASMUN(1.0),Municipal waste by waste management operations,A,Annual,RCY_M,Recycling - material,THS_T,Thousand tonnes,CH,Switzerland,2000,,1500,,,,,
dataflow,ESTAT:ENV_WASMUN(1.0),Municipal waste by waste management operations,A,Annual,RCY_M,Recycling - material,THS_T,Thousand tonnes,CH,Switzerland,2001,,1584,,,,,
dataflow,ESTAT:ENV_WASMUN(1.0),Municipal waste by waste management operations,A,Annual,RCY_M,Recycling - material,THS_T,Thousand tonnes,CH,Switzerland,2002,,1578,,,,,
dataflow,ESTAT:ENV_WASMUN(1.0),Municipal waste by waste management operations,A,Annual,RCY_M,Recycling - material,THS_T,Thousand tonnes,CH,Switzerland,2003,,1596,,,,,
dataflow,ESTAT:ENV_WASMUN(1.0),Municipal waste by waste management operations,A,Annual,RCY_M,Recycling - material,THS_T,Thousand tonnes,CH,Switzerland,2004,,1640,,,,,
dataflow,ESTAT:ENV_WASMUN(1.0),Municipal waste by waste management operations,A,Annual,RCY_M,Recycling - material,THS_T,Thousand tonnes,CH,Switzerland,2005,,1730,,,,,
dataflow,ESTAT:ENV_WASMUN(1.0),Municipal waste by waste management operations,A,Annual,RCY_M,Recycling - material,THS_T,Thousand tonnes,CH,Switzerland,2006,,1785,,,,,
dataflow,ESTAT:ENV_WASMUN(1.0),Municipal waste by waste management operations,A,Annual,RCY_M,Recycling - material,THS_T,Thousand tonnes,CH,Switzerland,2007,,1855,,,,,
dataflow,ESTAT:ENV_WASMUN(1.0),Municipal waste by waste management operations,A,Annual,RCY_M,Recycling - material,THS_T,Thousand tonnes,CH,Switzerland,2008,,1893,,,,,
dataflow,ESTAT:ENV_WASMUN(1.0),Municipal waste by waste management operations,A,Annual,RCY_M,Recycling - material,THS_T,Thousand tonnes,CH,Switzerland,2009,,1871,,,,,
dataflow,ESTAT:ENV_WASMUN(1.0),Municipal waste by waste management operations,A,Annual,RCY_M,Recycling - material,THS_T,Thousand tonnes,CH,Switzerland,2010,,1878,,,,,
dataflow,ESTAT:ENV_WASMUN(1.0),Municipal waste by waste management operations,A,Annual,RCY_M,Recycling - material,THS_T,Thousand tonnes,CH,Switzerland,2011,,1895,,,,,
dataflow,ESTAT:ENV_WASMUN(1.0),Municipal waste by waste management operations,A,Annual,RCY_M,Recycling - material,THS_T,Thousand tonnes,CH,Switzerland,2012,,1939,,,,,
dataflow,ESTAT:ENV_WASMUN(1.0),Municipal waste by waste management operations,A,Annual,RCY_M,Recycling - material,THS_T,Thousand tonnes,CH,Switzerland,2013,,1919,,,,,
dataflow,ESTAT:ENV_WASMUN(1.0),Municipal waste by waste management operations,A,Annual,RCY_M,Recycling - material,THS_T,Thousand tonnes,CH,Switzerland,2014,,1960,,,,,
dataflow,ESTAT:ENV_WASMUN(1.0),Municipal waste by waste management operations,A,Annual,RCY_M,Recycling - material,THS_T,Thousand tonnes,CH,Switzerland,2015,,1924,,,,,
dataflow,ESTAT:ENV_WASMUN(1.0),Municipal waste by waste management operations,A,Annual,RCY_M,Recycling - material,THS_T,Thousand tonnes,CH,Switzerland,2016,,1874,,,,,
dataflow,ESTAT:ENV_WASMUN(1.0),Municipal waste by waste management operations,A,Annual,RCY_M,Recycling - material,THS_T,Thousand tonnes,CH,Switzerland,2017,,1846,,,,,
dataflow,ESTAT:ENV_WASMUN(1.0),Municipal waste by waste management operations,A,Annual,RCY_M,Recycling - material,THS_T,Thousand tonnes,CH,Switzerland,2018,,1856,,,,,
dataflow,ESTAT:ENV_WASMUN(1.0),Municipal waste by waste management operations,A,Annual,RCY_M,Recycling - material,THS_T,Thousand tonnes,CH,Switzerland,2019,,1817,,,,,
dataflow,ESTAT:ENV_WASMUN(1.0),Municipal waste by waste management operations,A,Annual,RCY_M,Recycling - material,THS_T,Thousand tonnes,CH,Switzerland,2020,,1816,,,,,
dataflow,ESTAT:ENV_WASMUN(1.0),Municipal waste by waste management operations,A,Annual,RCY_M,Recycling - material,THS_T,Thousand tonnes,CH,Switzerland,2021,,1799,,,,,
dataflow,ESTAT:ENV_WASMUN(1.0),Municipal waste by waste management operations,A,Annual,RCY_M,Recycling - material,THS_T,Thousand tonnes,CH,Switzerland,2022,,1695,,,,,
dataflow,ESTAT:ENV_WASMUN(1.0),Municipal waste by waste management operations,A,Annual,RCY_M,Recycling - material,THS_T,Thousand tonnes,CY,Cyprus,1995,,0,,,,,
dataflow,ESTAT:ENV_WASMUN(1.0),Municipal waste by waste management operations,A,Annual,RCY_M,Recycling - material,THS_T,Thousand tonnes,CY,Cyprus,1996,,11,,,,,
dataflow,ESTAT:ENV_WASMUN(1.0),Municipal waste by waste management operations,A,Annual,RCY_M,Recycling - material,THS_T,Thousand tonnes,CY,Cyprus,1997,,13,,,,,
dataflow,ESTAT:ENV_WASMUN(1.0),Municipal waste by waste management operations,A,Annual,RCY_M,Recycling - material,THS_T,Thousand tonnes,CY,Cyprus,1998,,12,,,,,
dataflow,ESTAT:ENV_WASMUN(1.0),Municipal waste by waste management operations,A,Annual,RCY_M,Recycling - material,THS_T,Thousand tonnes,CY,Cyprus,1999,,13,,,,,
dataflow,ESTAT:ENV_WASMUN(1.0),Municipal waste by waste management operations,A,Annual,RCY_M,Recycling - material,THS_T,Thousand tonnes,CY,Cyprus,2000,,13,,,,,
dataflow,ESTAT:ENV_WASMUN(1.0),Municipal waste by waste management operations,A,Annual,RCY_M,Recycling - material,THS_T,Thousand tonnes,CY,Cyprus,2001,,14,,,,,
dataflow,ESTAT:ENV_WASMUN(1.0),Municipal waste by waste management operations,A,Annual,RCY_M,Recycling - material,THS_T,Thousand tonnes,CY,Cyprus,2002,,15,,,,,
dataflow,ESTAT:ENV_WASMUN(1.0),Municipal waste by waste management operations,A,Annual,RCY_M,Recycling - material,THS_T,Thousand tonnes,CY,Cyprus,2003,,15,,,,,
dataflow,ESTAT:ENV_WASMUN(1.0),Municipal waste by waste management operations,A,Annual,RCY_M,Recycling - material,THS_T,Thousand tonnes,CY,Cyprus,2004,,16,,,,,
dataflow,ESTAT:ENV_WASMUN(1.0),Municipal waste by waste management operations,A,Annual,RCY_M,Recycling - material,THS_T,Thousand tonnes,CY,Cyprus,2005,,19,,,,,
dataflow,ESTAT:ENV_WASMUN(1.0),Municipal waste by waste management operations,A,Annual,RCY_M,Recycling - material,THS_T,Thousand tonnes,CY,Cyprus,2006,,23,,b,break in time series,,
dataflow,ESTAT:ENV_WASMUN(1.0),Municipal waste by waste management operations,A,Annual,RCY_M,Recycling - material,THS_T,Thousand tonnes,CY,Cyprus,2007,,28,,,,,
dataflow,ESTAT:ENV_WASMUN(1.0),Municipal waste by waste management operations,A,Annual,RCY_M,Recycling - material,THS_T,Thousand tonnes,CY,Cyprus,2008,,43,,,,,
dataflow,ESTAT:ENV_WASMUN(1.0),Municipal waste by waste management operations,A,Annual,RCY_M,Recycling - material,THS_T,Thousand tonnes,CY,Cyprus,2009,,49,,,,,
dataflow,ESTAT:ENV_WASMUN(1.0),Municipal waste by waste management operations,A,Annual,RCY_M,Recycling - material,THS_T,Thousand tonnes,CY,Cyprus,2010,,66,,,,,
dataflow,ESTAT:ENV_WASMUN(1.0),Municipal waste by waste management operations,A,Annual,RCY_M,Recycling - material,THS_T,Thousand tonnes,CY,Cyprus,2011,,66,,,,,
dataflow,ESTAT:ENV_WASMUN(1.0),Municipal waste by waste management operations,A,Annual,RCY_M,Recycling - material,THS_T,Thousand tonnes,CY,Cyprus,2012,,68,,,,,
dataflow,ESTAT:ENV_WASMUN(1.0),Municipal waste by waste management operations,A,Annual,RCY_M,Recycling - material,THS_T,Thousand tonnes,CY,Cyprus,2013,,68,,,,,
dataflow,ESTAT:ENV_WASMUN(1.0),Municipal waste by waste management operations,A,Annual,RCY_M,Recycling - material,THS_T,Thousand tonnes,CY,Cyprus,2014,,62,,,,,
dataflow,ESTAT:ENV_WASMUN(1.0),Municipal waste by waste management operations,A,Annual,RCY_M,Recycling - material,THS_T,Thousand tonnes,CY,Cyprus,2015,,72,,,,,
dataflow,ESTAT:ENV_WASMUN(1.0),Municipal waste by waste management operations,A,Annual,RCY_M,Recycling - material,THS_T,Thousand tonnes,CY,Cyprus,2016,,74,,,,,
dataflow,ESTAT:ENV_WASMUN(1.0),Municipal waste by waste management operations,A,Annual,RCY_M,Recycling - material,THS_T,Thousand tonnes,CY,Cyprus,2017,,84,,,,,
dataflow,ESTAT:ENV_WASMUN(1.0),Municipal waste by waste management operations,A,Annual,RCY_M,Recycling - material,THS_T,Thousand tonnes,CY,Cyprus,2018,,88,,,,,
dataflow,ESTAT:ENV_WASMUN(1.0),Municipal waste by waste management operations,A,Annual,RCY_M,Recycling - material,THS_T,Thousand tonnes,CY,Cyprus,2019,,89,,,,,
dataflow,ESTAT:ENV_WASMUN(1.0),Municipal waste by waste management operations,A,Annual,RCY_M,Recycling - material,THS_T,Thousand tonnes,CY,Cyprus,2020,,88,,,,,
dataflow,ESTAT:ENV_WASMUN(1.0),Municipal waste by waste management operations,A,Annual,RCY_M,Recycling - material,THS_T,Thousand tonnes,CY,Cyprus,2021,,73,,,,,
dataflow,ESTAT:ENV_WASMUN(1.0),Municipal waste by waste management operations,A,Annual,RCY_M,Recycling - material,THS_T,Thousand tonnes,CY,Cyprus,2022,,79,,,,,
dataflow,ESTAT:ENV_WASMUN(1.0),Municipal waste by waste management operations,A,Annual,RCY_M,Recycling - material,THS_T,Thousand tonnes,CY,Cyprus,2023,,79,,p,provisional,,
dataflow,ESTAT:ENV_WASMUN(1.0),Municipal waste by waste management operations,A,Annual,RCY_M,Recycling - material,THS_T,Thousand tonnes,CZ,Czechia,1995,,0,,,,,
dataflow,ESTAT:ENV_WASMUN(1.0),Municipal waste by waste management operations,A,Annual,RCY_M,Recycling - material,THS_T,Thousand tonnes,CZ,Czechia,1996,,0,,,,,
dataflow,ESTAT:ENV_WASMUN(1.0),Municipal waste by waste management operations,A,Annual,RCY_M,Recycling - material,THS_T,Thousand tonnes,CZ,Czechia,1997,,0,,,,,
dataflow,ESTAT:ENV_WASMUN(1.0),Municipal waste by waste management operations,A,Annual,RCY_M,Recycling - material,THS_T,Thousand tonnes,CZ,Czechia,1998,,17,,,,,
dataflow,ESTAT:ENV_WASMUN(1.0),Municipal waste by waste management operations,A,Annual,RCY_M,Recycling - material,THS_T,Thousand tonnes,CZ,Czechia,1999,,18,,,,,
dataflow,ESTAT:ENV_WASMUN(1.0),Municipal waste by waste management operations,A,Annual,RCY_M,Recycling - material,THS_T,Thousand tonnes,CZ,Czechia,2000,,19,,,,,
dataflow,ESTAT:ENV_WASMUN(1.0),Municipal waste by waste management operations,A,Annual,RCY_M,Recycling - material,THS_T,Thousand tonnes,CZ,Czechia,2001,,15,,,,,
dataflow,ESTAT:ENV_WASMUN(1.0),Municipal waste by waste management operations,A,Annual,RCY_M,Recycling - material,THS_T,Thousand tonnes,CZ,Czechia,2002,,16,,,,,
dataflow,ESTAT:ENV_WASMUN(1.0),Municipal waste by waste management operations,A,Annual,RCY_M,Recycling - material,THS_T,Thousand tonnes,CZ,Czechia,2003,,16,,,,,
dataflow,ESTAT:ENV_WASMUN(1.0),Municipal waste by waste management operations,A,Annual,RCY_M,Recycling - material,THS_T,Thousand tonnes,CZ,Czechia,2004,,138,,be,"break in time series, estimated",,
dataflow,ESTAT:ENV_WASMUN(1.0),Municipal waste by waste management operations,A,Annual,RCY_M,Recycling - material,THS_T,Thousand tonnes,CZ,Czechia,2005,,166,,e,estimated,,
dataflow,ESTAT:ENV_WASMUN(1.0),Municipal waste by waste management operations,A,Annual,RCY_M,Recycling - material,THS_T,Thousand tonnes,CZ,Czechia,2006,,201,,e,estimated,,
dataflow,ESTAT:ENV_WASMUN(1.0),Municipal waste by waste management operations,A,Annual,RCY_M,Recycling - material,THS_T,Thousand tonnes,CZ,Czechia,2007,,276,,e,estimated,,
dataflow,ESTAT:ENV_WASMUN(1.0),Municipal waste by waste management operations,A,Annual,RCY_M,Recycling - material,THS_T,Thousand tonnes,CZ,Czechia,2008,,280,,e,estimated,,
dataflow,ESTAT:ENV_WASMUN(1.0),Municipal waste by waste management operations,A,Annual,RCY_M,Recycling - material,THS_T,Thousand tonnes,CZ,Czechia,2009,,353,,e,estimated,,
dataflow,ESTAT:ENV_WASMUN(1.0),Municipal waste by waste management operations,A,Annual,RCY_M,Recycling - material,THS_T,Thousand tonnes,CZ,Czechia,2010,,452,,e,estimated,,
dataflow,ESTAT:ENV_WASMUN(1.0),Municipal waste by waste management operations,A,Annual,RCY_M,Recycling - material,THS_T,Thousand tonnes,CZ,Czechia,2011,,496,,e,estimated,,
dataflow,ESTAT:ENV_WASMUN(1.0),Municipal waste by waste management operations,A,Annual,RCY_M,Recycling - material,THS_T,Thousand tonnes,CZ,Czechia,2012,,665,,e,estimated,,
dataflow,ESTAT:ENV_WASMUN(1.0),Municipal waste by waste management operations,A,Annual,RCY_M,Recycling - material,THS_T,Thousand tonnes,CZ,Czechia,2013,,686,,e,estimated,,
dataflow,ESTAT:ENV_WASMUN(1.0),Municipal waste by waste management operations,A,Annual,RCY_M,Recycling - material,THS_T,Thousand tonnes,CZ,Czechia,2014,,736,,e,estimated,,
dataflow,ESTAT:ENV_WASMUN(1.0),Municipal waste by waste management operations,A,Annual,RCY_M,Recycling - material,THS_T,Thousand tonnes,CZ,Czechia,2015,,851,,e,estimated,,
dataflow,ESTAT:ENV_WASMUN(1.0),Municipal waste by waste management operations,A,Annual,RCY_M,Recycling - material,THS_T,Thousand tonnes,CZ,Czechia,2016,,958,,e,estimated,,
dataflow,ESTAT:ENV_WASMUN(1.0),Municipal waste by waste management operations,A,Annual,RCY_M,Recycling - material,THS_T,Thousand tonnes,CZ,Czechia,2017,,1134,,b,break in time series,,
dataflow,ESTAT:ENV_WASMUN(1.0),Municipal waste by waste management operations,A,Annual,RCY_M,Recycling - material,THS_T,Thousand tonnes,CZ,Czechia,2018,,1156,,,,,
dataflow,ESTAT:ENV_WASMUN(1.0),Municipal waste by waste management operations,A,Annual,RCY_M,Recycling - material,THS_T,Thousand tonnes,CZ,Czechia,2019,,1175,,,,,
dataflow,ESTAT:ENV_WASMUN(1.0),Municipal waste by waste management operations,A,Annual,RCY_M,Recycling - material,THS_T,Thousand tonnes,CZ,Czechia,2020,,1603,,,,,
dataflow,ESTAT:ENV_WASMUN(1.0),Municipal waste by waste management operations,A,Annual,RCY_M,Recycling - material,THS_T,Thousand tonnes,CZ,Czechia,2021,,1835,,,,,
dataflow,ESTAT:ENV_WASMUN(1.0),Municipal waste by waste management operations,A,Annual,RCY_M,Recycling - material,THS_T,Thousand tonnes,DE,Germany,1995,,13384,,i,value imputed by Eurostat or other receiving agencies,,
dataflow,ESTAT:ENV_WASMUN(1.0),Municipal waste by waste management operations,A,Annual,RCY_M,Recycling - material,THS_T,Thousand tonnes,DE,Germany,1996,,15043,,i,value imputed by Eurostat or other receiving agencies,,
dataflow,ESTAT:ENV_WASMUN(1.0),Municipal waste by waste management operations,A,Annual,RCY_M,Recycling - material,THS_T,Thousand tonnes,DE,Germany,1997,,16433,,i,value imputed by Eurostat or other receiving agencies,,
dataflow,ESTAT:ENV_WASMUN(1.0),Municipal waste by waste management operations,A,Annual,RCY_M,Recycling - material,THS_T,Thousand tonnes,DE,Germany,1998,,16528,,i,value imputed by Eurostat or other receiving agencies,,
dataflow,ESTAT:ENV_WASMUN(1.0),Municipal waste by waste management operations,A,Annual,RCY_M,Recycling - material,THS_T,Thousand tonnes,DE,Germany,1999,,19898,,i,value imputed by Eurostat or other receiving agencies,,
dataflow,ESTAT:ENV_WASMUN(1.0),Municipal waste by waste management operations,A,Annual,RCY_M,Recycling - material,THS_T,Thousand tonnes,DE,Germany,2000,,20144,,i,value imputed by Eurostat or other receiving agencies,,
dataflow,ESTAT:ENV_WASMUN(1.0),Municipal waste by waste management operations,A,Annual,RCY_M,Recycling - material,THS_T,Thousand tonnes,DE,Germany,2001,,19632,,i,value imputed by Eurostat or other receiving agencies,,
dataflow,ESTAT:ENV_WASMUN(1.0),Municipal waste by waste management operations,A,Annual,RCY_M,Recycling - material,THS_T,Thousand tonnes,DE,Germany,2002,,22015,,,,,
dataflow,ESTAT:ENV_WASMUN(1.0),Municipal waste by waste management operations,A,Annual,RCY_M,Recycling - material,THS_T,Thousand tonnes,DE,Germany,2003,,21425,,,,,
dataflow,ESTAT:ENV_WASMUN(1.0),Municipal waste by waste management operations,A,Annual,RCY_M,Recycling - material,THS_T,Thousand tonnes,DE,Germany,2004,,19587,,,,,
dataflow,ESTAT:ENV_WASMUN(1.0),Municipal waste by waste management operations,A,Annual,RCY_M,Recycling - material,THS_T,Thousand tonnes,DE,Germany,2005,,20734,,,,,
dataflow,ESTAT:ENV_WASMUN(1.0),Municipal waste by waste management operations,A,Annual,RCY_M,Recycling - material,THS_T,Thousand tonnes,DE,Germany,2006,,21195,,,,,
dataflow,ESTAT:ENV_WASMUN(1.0),Municipal waste by waste management operations,A,Annual,RCY_M,Recycling - material,THS_T,Thousand tonnes,DE,Germany,2007,,22555,,,,,
dataflow,ESTAT:ENV_WASMUN(1.0),Municipal waste by waste management operations,A,Annual,RCY_M,Recycling - material,THS_T,Thousand tonnes,DE,Germany,2008,,22752,,,,,
dataflow,ESTAT:ENV_WASMUN(1.0),Municipal waste by waste management operations,A,Annual,RCY_M,Recycling - material,THS_T,Thousand tonnes,DE,Germany,2009,,22204,,,,,
dataflow,ESTAT:ENV_WASMUN(1.0),Municipal waste by waste management operations,A,Annual,RCY_M,Recycling - material,THS_T,Thousand tonnes,DE,Germany,2010,,22476,,,,,
dataflow,ESTAT:ENV_WASMUN(1.0),Municipal waste by waste management operations,A,Annual,RCY_M,Recycling - material,THS_T,Thousand tonnes,DE,Germany,2011,,23135,,,,,
dataflow,ESTAT:ENV_WASMUN(1.0),Municipal waste by waste management operations,A,Annual,RCY_M,Recycling - material,THS_T,Thousand tonnes,DE,Germany,2012,,23596,,,,,
dataflow,ESTAT:ENV_WASMUN(1.0),Municipal waste by waste management operations,A,Annual,RCY_M,Recycling - material,THS_T,Thousand tonnes,DE,Germany,2013,,23094,,,,,
dataflow,ESTAT:ENV_WASMUN(1.0),Municipal waste by waste management operations,A,Annual,RCY_M,Recycling - material,THS_T,Thousand tonnes,DE,Germany,2014,,24302,,,,,
dataflow,ESTAT:ENV_WASMUN(1.0),Municipal waste by waste management operations,A,Annual,RCY_M,Recycling - material,THS_T,Thousand tonnes,DE,Germany,2015,,25155,,,,,
dataflow,ESTAT:ENV_WASMUN(1.0),Municipal waste by waste management operations,A,Annual,RCY_M,Recycling - material,THS_T,Thousand tonnes,DE,Germany,2016,,25435,,,,,
dataflow,ESTAT:ENV_WASMUN(1.0),Municipal waste by waste management operations,A,Annual,RCY_M,Recycling - material,THS_T,Thousand tonnes,DE,Germany,2017,,25355,,,,,
dataflow,ESTAT:ENV_WASMUN(1.0),Municipal waste by waste management operations,A,Annual,RCY_M,Recycling - material,THS_T,Thousand tonnes,DE,Germany,2018,,24704,,,,,
dataflow,ESTAT:ENV_WASMUN(1.0),Municipal waste by waste management operations,A,Annual,RCY_M,Recycling - material,THS_T,Thousand tonnes,DE,Germany,2019,,24293,,e,estimated,,
dataflow,ESTAT:ENV_WASMUN(1.0),Municipal waste by waste management operations,A,Annual,RCY_M,Recycling - material,THS_T,Thousand tonnes,DE,Germany,2020,,24910,,,,,
dataflow,ESTAT:ENV_WASMUN(1.0),Municipal waste by waste management operations,A,Annual,RCY_M,Recycling - material,THS_T,Thousand tonnes,DE,Germany,2021,,25159,,,,,
dataflow,ESTAT:ENV_WASMUN(1.0),Municipal waste by waste management operations,A,Annual,RCY_M,Recycling - material,THS_T,Thousand tonnes,DE,Germany,2022,,23788,,,,,
dataflow,ESTAT:ENV_WASMUN(1.0),Municipal waste by waste management operations,A,Annual,RCY_M,Recycling - material,THS_T,Thousand tonnes,DE,Germany,2023,,22621,,e,estimated,,
dataflow,ESTAT:ENV_WASMUN(1.0),Municipal waste by waste management operations,A,Annual,RCY_M,Recycling - material,THS_T,Thousand tonnes,DK,Denmark,1995,,391,,be,"break in time series, estimated",,
dataflow,ESTAT:ENV_WASMUN(1.0),Municipal waste by waste management operations,A,Annual,RCY_M,Recycling - material,THS_T,Thousand tonnes,DK,Denmark,1996,,800,,,,,
dataflow,ESTAT:ENV_WASMUN(1.0),Municipal waste by waste management operations,A,Annual,RCY_M,Recycling - material,THS_T,Thousand tonnes,DK,Denmark,1997,,662,,,,,
dataflow,ESTAT:ENV_WASMUN(1.0),Municipal waste by waste management operations,A,Annual,RCY_M,Recycling - material,THS_T,Thousand tonnes,DK,Denmark,1998,,710,,,,,
dataflow,ESTAT:ENV_WASMUN(1.0),Municipal waste by waste management operations,A,Annual,RCY_M,Recycling - material,THS_T,Thousand tonnes,DK,Denmark,1999,,820,,,,,
dataflow,ESTAT:ENV_WASMUN(1.0),Municipal waste by waste management operations,A,Annual,RCY_M,Recycling - material,THS_T,Thousand tonnes,DK,Denmark,2000,,755,,,,,
dataflow,ESTAT:ENV_WASMUN(1.0),Municipal waste by waste management operations,A,Annual,RCY_M,Recycling - material,THS_T,Thousand tonnes,DK,Denmark,2001,,787,,,,,
dataflow,ESTAT:ENV_WASMUN(1.0),Municipal waste by waste management operations,A,Annual,RCY_M,Recycling - material,THS_T,Thousand tonnes,DK,Denmark,2002,,796,,,,,
dataflow,ESTAT:ENV_WASMUN(1.0),Municipal waste by waste management operations,A,Annual,RCY_M,Recycling - material,THS_T,Thousand tonnes,DK,Denmark,2003,,926,,,,,
dataflow,ESTAT:ENV_WASMUN(1.0),Municipal waste by waste management operations,A,Annual,RCY_M,Recycling - material,THS_T,Thousand tonnes,DK,Denmark,2004,,934,,,,,
dataflow,ESTAT:ENV_WASMUN(1.0),Municipal waste by waste management operations,A,Annual,RCY_M,Recycling - material,THS_T,Thousand tonnes,DK,Denmark,2005,,977,,,,,
dataflow,ESTAT:ENV_WASMUN(1.0),Municipal waste by waste management operations,A,Annual,RCY_M,Recycling - material,THS_T,Thousand tonnes,DK,Denmark,2006,,977,,,,,
dataflow,ESTAT:ENV_WASMUN(1.0),Municipal waste by waste management operations,A,Annual,RCY_M,Recycling - material,THS_T,Thousand tonnes,DK,Denmark,2007,,1149,,,,,
dataflow,ESTAT:ENV_WASMUN(1.0),Municipal waste by waste management operations,A,Annual,RCY_M,Recycling - material,THS_T,Thousand tonnes,DK,Denmark,2008,,1559,,,,,
dataflow,ESTAT:ENV_WASMUN(1.0),Municipal waste by waste management operations,A,Annual,RCY_M,Recycling - material,THS_T,Thousand tonnes,DK,Denmark,2009,,1310,,e,estimated,,
dataflow,ESTAT:ENV_WASMUN(1.0),Municipal waste by waste management operations,A,Annual,RCY_M,Recycling - material,THS_T,Thousand tonnes,DK,Denmark,2011,,1364,,b,break in time series,,
dataflow,ESTAT:ENV_WASMUN(1.0),Municipal waste by waste management operations,A,Annual,RCY_M,Recycling - material,THS_T,Thousand tonnes,DK,Denmark,2012,,1215,,,,,
dataflow,ESTAT:ENV_WASMUN(1.0),Municipal waste by waste management operations,A,Annual,RCY_M,Recycling - material,THS_T,Thousand tonnes,DK,Denmark,2013,,1247,,,,,
dataflow,ESTAT:ENV_WASMUN(1.0),Municipal waste by waste management operations,A,Annual,RCY_M,Recycling - material,THS_T,Thousand tonnes,DK,Denmark,2014,,1275,,,,,
dataflow,ESTAT:ENV_WASMUN(1.0),Municipal waste by waste management operations,A,Annual,RCY_M,Recycling - material,THS_T,Thousand tonnes,DK,Denmark,2015,,1356,,,,,
dataflow,ESTAT:ENV_WASMUN(1.0),Municipal waste by waste management operations,A,Annual,RCY_M,Recycling - material,THS_T,Thousand tonnes,DK,Denmark,2016,,1421,,,,,
dataflow,ESTAT:ENV_WASMUN(1.0),Municipal waste by waste management operations,A,Annual,RCY_M,Recycling - material,THS_T,Thousand tonnes,DK,Denmark,2017,,1362,,,,,
dataflow,ESTAT:ENV_WASMUN(1.0),Municipal waste by waste management operations,A,Annual,RCY_M,Recycling - material,THS_T,Thousand tonnes,DK,Denmark,2018,,1525,,,,,
dataflow,ESTAT:ENV_WASMUN(1.0),Municipal waste by waste management operations,A,Annual,RCY_M,Recycling - material,THS_T,Thousand tonnes,DK,Denmark,2019,,1646,,,,,
dataflow,ESTAT:ENV_WASMUN(1.0),Municipal waste by waste management operations,A,Annual,RCY_M,Recycling - material,THS_T,Thousand tonnes,DK,Denmark,2020,,1214,,,,,
dataflow,ESTAT:ENV_WASMUN(1.0),Municipal waste by waste management operations,A,Annual,RCY_M,Recycling - material,THS_T,Thousand tonnes,DK,Denmark,2021,,1406,,,,,
dataflow,ESTAT:ENV_WASMUN(1.0),Municipal waste by waste management operations,A,Annual,RCY_M,Recycling - material,THS_T,Thousand tonnes,DK,Denmark,2022,,1102,,,,,
dataflow,ESTAT:ENV_WASMUN(1.0),Municipal waste by waste management operations,A,Annual,RCY_M,Recycling - material,THS_T,Thousand tonnes,EE,Estonia,1995,,0,,,,,
dataflow,ESTAT:ENV_WASMUN(1.0),Municipal waste by waste management operations,A,Annual,RCY_M,Recycling - material,THS_T,Thousand tonnes,EE,Estonia,1996,,0,,,,,
dataflow,ESTAT:ENV_WASMUN(1.0),Municipal waste by waste management operations,A,Annual,RCY_M,Recycling - material,THS_T,Thousand tonnes,EE,Estonia,1997,,0,,,,,
dataflow,ESTAT:ENV_WASMUN(1.0),Municipal waste by waste management operations,A,Annual,RCY_M,Recycling - material,THS_T,Thousand tonnes,EE,Estonia,1998,,0,,,,,
dataflow,ESTAT:ENV_WASMUN(1.0),Municipal waste by waste management operations,A,Annual,RCY_M,Recycling - material,THS_T,Thousand tonnes,EE,Estonia,1999,,0,,,,,
dataflow,ESTAT:ENV_WASMUN(1.0),Municipal waste by waste management operations,A,Annual,RCY_M,Recycling - material,THS_T,Thousand tonnes,EE,Estonia,2000,,13,,,,,
dataflow,ESTAT:ENV_WASMUN(1.0),Municipal waste by waste management operations,A,Annual,RCY_M,Recycling - material,THS_T,Thousand tonnes,EE,Estonia,2001,,15,,,,,
dataflow,ESTAT:ENV_WASMUN(1.0),Municipal waste by waste management operations,A,Annual,RCY_M,Recycling - material,THS_T,Thousand tonnes,EE,Estonia,2002,,11,,,,,
dataflow,ESTAT:ENV_WASMUN(1.0),Municipal waste by waste management operations,A,Annual,RCY_M,Recycling - material,THS_T,Thousand tonnes,EE,Estonia,2003,,77,,,,,
dataflow,ESTAT:ENV_WASMUN(1.0),Municipal waste by waste management operations,A,Annual,RCY_M,Recycling - material,THS_T,Thousand tonnes,EE,Estonia,2004,,142,,,,,
dataflow,ESTAT:ENV_WASMUN(1.0),Municipal waste by waste management operations,A,Annual,RCY_M,Recycling - material,THS_T,Thousand tonnes,EE,Estonia,2005,,121,,,,,
dataflow,ESTAT:ENV_WASMUN(1.0),Municipal waste by waste management operations,A,Annual,RCY_M,Recycling - material,THS_T,Thousand tonnes,EE,Estonia,2006,,70,,,,,
dataflow,ESTAT:ENV_WASMUN(1.0),Municipal waste by waste management operations,A,Annual,RCY_M,Recycling - material,THS_T,Thousand tonnes,EE,Estonia,2007,,122,,,,,
dataflow,ESTAT:ENV_WASMUN(1.0),Municipal waste by waste management operations,A,Annual,RCY_M,Recycling - material,THS_T,Thousand tonnes,EE,Estonia,2008,,78,,b,break in time series,,
dataflow,ESTAT:ENV_WASMUN(1.0),Municipal waste by waste management operations,A,Annual,RCY_M,Recycling - material,THS_T,Thousand tonnes,EE,Estonia,2009,,52,,,,,
dataflow,ESTAT:ENV_WASMUN(1.0),Municipal waste by waste management operations,A,Annual,RCY_M,Recycling - material,THS_T,Thousand tonnes,EE,Estonia,2010,,41,,,,,
dataflow,ESTAT:ENV_WASMUN(1.0),Municipal waste by waste management operations,A,Annual,RCY_M,Recycling - material,THS_T,Thousand tonnes,EE,Estonia,2011,,58,,,,,
dataflow,ESTAT:ENV_WASMUN(1.0),Municipal waste by waste management operations,A,Annual,RCY_M,Recycling - material,THS_T,Thousand tonnes,EE,Estonia,2012,,52,,,,,
dataflow,ESTAT:ENV_WASMUN(1.0),Municipal waste by waste management operations,A,Annual,RCY_M,Recycling - material,THS_T,Thousand tonnes,EE,Estonia,2013,,49,,,,,
dataflow,ESTAT:ENV_WASMUN(1.0),Municipal waste by waste management operations,A,Annual,RCY_M,Recycling - material,THS_T,Thousand tonnes,EE,Estonia,2014,,125,,,,,
dataflow,ESTAT:ENV_WASMUN(1.0),Municipal waste by waste management operations,A,Annual,RCY_M,Recycling - material,THS_T,Thousand tonnes,EE,Estonia,2015,,117,,,,,
dataflow,ESTAT:ENV_WASMUN(1.0),Municipal waste by waste management operations,A,Annual,RCY_M,Recycling - material,THS_T,Thousand tonnes,EE,Estonia,2016,,125,,,,,
dataflow,ESTAT:ENV_WASMUN(1.0),Municipal waste by waste management operations,A,Annual,RCY_M,Recycling - material,THS_T,Thousand tonnes,EE,Estonia,2017,,127,,,,,
dataflow,ESTAT:ENV_WASMUN(1.0),Municipal waste by waste management operations,A,Annual,RCY_M,Recycling - material,THS_T,Thousand tonnes,EE,Estonia,2018,,130,,,,,
dataflow,ESTAT:ENV_WASMUN(1.0),Municipal waste by waste management operations,A,Annual,RCY_M,Recycling - material,THS_T,Thousand tonnes,EE,Estonia,2019,,139,,,,,
dataflow,ESTAT:ENV_WASMUN(1.0),Municipal waste by waste management operations,A,Annual,RCY_M,Recycling - material,THS_T,Thousand tonnes,EE,Estonia,2020,,133,,,,,
dataflow,ESTAT:ENV_WASMUN(1.0),Municipal waste by waste management operations,A,Annual,RCY_M,Recycling - material,THS_T,Thousand tonnes,EE,Estonia,2021,,142,,,,,
dataflow,ESTAT:ENV_WASMUN(1.0),Municipal waste by waste management operations,A,Annual,RCY_M,Recycling - material,THS_T,Thousand tonnes,EE,Estonia,2022,,145,,,,,
dataflow,ESTAT:ENV_WASMUN(1.0),Municipal waste by waste management operations,A,Annual,RCY_M,Recycling - material,THS_T,Thousand tonnes,EE,Estonia,2023,,194,,,,,
dataflow,ESTAT:ENV_WASMUN(1.0),Municipal waste by waste management operations,A,Annual,RCY_M,Recycling - material,THS_T,Thousand tonnes,EL,Greece,1997,,328,,,,,
dataflow,ESTAT:ENV_WASMUN(1.0),Municipal waste by waste management operations,A,Annual,RCY_M,Recycling - material,THS_T,Thousand tonnes,EL,Greece,1998,,331,,,,,
dataflow,ESTAT:ENV_WASMUN(1.0),Municipal waste by waste management operations,A,Annual,RCY_M,Recycling - material,THS_T,Thousand tonnes,EL,Greece,1999,,346,,,,,
dataflow,ESTAT:ENV_WASMUN(1.0),Municipal waste by waste management operations,A,Annual,RCY_M,Recycling - material,THS_T,Thousand tonnes,EL,Greece,2000,,359,,,,,
dataflow,ESTAT:ENV_WASMUN(1.0),Municipal waste by waste management operations,A,Annual,RCY_M,Recycling - material,THS_T,Thousand tonnes,EL,Greece,2001,,370,,,,,
dataflow,ESTAT:ENV_WASMUN(1.0),Municipal waste by waste management operations,A,Annual,RCY_M,Recycling - material,THS_T,Thousand tonnes,EL,Greece,2002,,375,,,,,
dataflow,ESTAT:ENV_WASMUN(1.0),Municipal waste by waste management operations,A,Annual,RCY_M,Recycling - material,THS_T,Thousand tonnes,EL,Greece,2003,,382,,,,,
dataflow,ESTAT:ENV_WASMUN(1.0),Municipal waste by waste management operations,A,Annual,RCY_M,Recycling - material,THS_T,Thousand tonnes,EL,Greece,2004,,481,,,,,
dataflow,ESTAT:ENV_WASMUN(1.0),Municipal waste by waste management operations,A,Annual,RCY_M,Recycling - material,THS_T,Thousand tonnes,EL,Greece,2005,,543,,,,,
dataflow,ESTAT:ENV_WASMUN(1.0),Municipal waste by waste management operations,A,Annual,RCY_M,Recycling - material,THS_T,Thousand tonnes,EL,Greece,2006,,551,,,,,
dataflow,ESTAT:ENV_WASMUN(1.0),Municipal waste by waste management operations,A,Annual,RCY_M,Recycling - material,THS_T,Thousand tonnes,EL,Greece,2007,,905,,,,,
dataflow,ESTAT:ENV_WASMUN(1.0),Municipal waste by waste management operations,A,Annual,RCY_M,Recycling - material,THS_T,Thousand tonnes,EL,Greece,2008,,797,,,,,
dataflow,ESTAT:ENV_WASMUN(1.0),Municipal waste by waste management operations,A,Annual,RCY_M,Recycling - material,THS_T,Thousand tonnes,EL,Greece,2009,,936,,,,,
dataflow,ESTAT:ENV_WASMUN(1.0),Municipal waste by waste management operations,A,Annual,RCY_M,Recycling - material,THS_T,Thousand tonnes,EL,Greece,2010,,872,,,,,
dataflow,ESTAT:ENV_WASMUN(1.0),Municipal waste by waste management operations,A,Annual,RCY_M,Recycling - material,THS_T,Thousand tonnes,EL,Greece,2011,,832,,,,,
dataflow,ESTAT:ENV_WASMUN(1.0),Municipal waste by waste management operations,A,Annual,RCY_M,Recycling - material,THS_T,Thousand tonnes,EL,Greece,2012,,747,,,,,
dataflow,ESTAT:ENV_WASMUN(1.0),Municipal waste by waste management operations,A,Annual,RCY_M,Recycling - material,THS_T,Thousand tonnes,EL,Greece,2013,,647,,,,,
dataflow,ESTAT:ENV_WASMUN(1.0),Municipal waste by waste management operations,A,Annual,RCY_M,Recycling - material,THS_T,Thousand tonnes,EL,Greece,2014,,652,,,,,
dataflow,ESTAT:ENV_WASMUN(1.0),Municipal waste by waste management operations,A,Annual,RCY_M,Recycling - material,THS_T,Thousand tonnes,EL,Greece,2015,,698,,,,,
dataflow,ESTAT:ENV_WASMUN(1.0),Municipal waste by waste management operations,A,Annual,RCY_M,Recycling - material,THS_T,Thousand tonnes,EL,Greece,2016,,743,,,,,
dataflow,ESTAT:ENV_WASMUN(1.0),Municipal waste by waste management operations,A,Annual,RCY_M,Recycling - material,THS_T,Thousand tonnes,EL,Greece,2017,,798,,,,,
dataflow,ESTAT:ENV_WASMUN(1.0),Municipal waste by waste management operations,A,Annual,RCY_M,Recycling - material,THS_T,Thousand tonnes,EL,Greece,2018,,829,,,,,
dataflow,ESTAT:ENV_WASMUN(1.0),Municipal waste by waste management operations,A,Annual,RCY_M,Recycling - material,THS_T,Thousand tonnes,EL,Greece,2019,,898,,,,,
dataflow,ESTAT:ENV_WASMUN(1.0),Municipal waste by waste management operations,A,Annual,RCY_M,Recycling - material,THS_T,Thousand tonnes,EL,Greece,2020,,878,,,,,
dataflow,ESTAT:ENV_WASMUN(1.0),Municipal waste by waste management operations,A,Annual,RCY_M,Recycling - material,THS_T,Thousand tonnes,EL,Greece,2021,,856,,,,,
dataflow,ESTAT:ENV_WASMUN(1.0),Municipal waste by waste management operations,A,Annual,RCY_M,Recycling - material,THS_T,Thousand tonnes,EL,Greece,2022,,854,,,,,
dataflow,ESTAT:ENV_WASMUN(1.0),Municipal waste by waste management operations,A,Annual,RCY_M,Recycling - material,THS_T,Thousand tonnes,ES,Spain,1995,,1415,,,,,
dataflow,ESTAT:ENV_WASMUN(1.0),Municipal waste by waste management operations,A,Annual,RCY_M,Recycling - material,THS_T,Thousand tonnes,ES,Spain,1996,,1640,,,,,
dataflow,ESTAT:ENV_WASMUN(1.0),Municipal waste by waste management operations,A,Annual,RCY_M,Recycling - material,THS_T,Thousand tonnes,ES,Spain,1997,,1860,,,,,
dataflow,ESTAT:ENV_WASMUN(1.0),Municipal waste by waste management operations,A,Annual,RCY_M,Recycling - material,THS_T,Thousand tonnes,ES,Spain,1998,,2067,,,,,
dataflow,ESTAT:ENV_WASMUN(1.0),Municipal waste by waste management operations,A,Annual,RCY_M,Recycling - material,THS_T,Thousand tonnes,ES,Spain,1999,,1920,,,,,
dataflow,ESTAT:ENV_WASMUN(1.0),Municipal waste by waste management operations,A,Annual,RCY_M,Recycling - material,THS_T,Thousand tonnes,ES,Spain,2000,,1778,,,,,
dataflow,ESTAT:ENV_WASMUN(1.0),Municipal waste by waste management operations,A,Annual,RCY_M,Recycling - material,THS_T,Thousand tonnes,ES,Spain,2001,,2956,,,,,
dataflow,ESTAT:ENV_WASMUN(1.0),Municipal waste by waste management operations,A,Annual,RCY_M,Recycling - material,THS_T,Thousand tonnes,ES,Spain,2002,,3811,,,,,
dataflow,ESTAT:ENV_WASMUN(1.0),Municipal waste by waste management operations,A,Annual,RCY_M,Recycling - material,THS_T,Thousand tonnes,ES,Spain,2003,,3770,,,,,
dataflow,ESTAT:ENV_WASMUN(1.0),Municipal waste by waste management operations,A,Annual,RCY_M,Recycling - material,THS_T,Thousand tonnes,ES,Spain,2004,,3730,,,,,
dataflow,ESTAT:ENV_WASMUN(1.0),Municipal waste by waste management operations,A,Annual,RCY_M,Recycling - material,THS_T,Thousand tonnes,ES,Spain,2005,,3685,,,,,
dataflow,ESTAT:ENV_WASMUN(1.0),Municipal waste by waste management operations,A,Annual,RCY_M,Recycling - material,THS_T,Thousand tonnes,ES,Spain,2006,,3646,,,,,
dataflow,ESTAT:ENV_WASMUN(1.0),Municipal waste by waste management operations,A,Annual,RCY_M,Recycling - material,THS_T,Thousand tonnes,ES,Spain,2007,,3496,,,,,
dataflow,ESTAT:ENV_WASMUN(1.0),Municipal waste by waste management operations,A,Annual,RCY_M,Recycling - material,THS_T,Thousand tonnes,ES,Spain,2008,,3898,,,,,
dataflow,ESTAT:ENV_WASMUN(1.0),Municipal waste by waste management operations,A,Annual,RCY_M,Recycling - material,THS_T,Thousand tonnes,ES,Spain,2009,,3811,,,,,
dataflow,ESTAT:ENV_WASMUN(1.0),Municipal waste by waste management operations,A,Annual,RCY_M,Recycling - material,THS_T,Thousand tonnes,ES,Spain,2010,,4175,,,,,
dataflow,ESTAT:ENV_WASMUN(1.0),Municipal waste by waste management operations,A,Annual,RCY_M,Recycling - material,THS_T,Thousand tonnes,ES,Spain,2011,,3782,,,,,
dataflow,ESTAT:ENV_WASMUN(1.0),Municipal waste by waste management operations,A,Annual,RCY_M,Recycling - material,THS_T,Thousand tonnes,ES,Spain,2012,,4277,,,,,
dataflow,ESTAT:ENV_WASMUN(1.0),Municipal waste by waste management operations,A,Annual,RCY_M,Recycling - material,THS_T,Thousand tonnes,ES,Spain,2013,,3284,,,,,
dataflow,ESTAT:ENV_WASMUN(1.0),Municipal waste by waste management operations,A,Annual,RCY_M,Recycling - material,THS_T,Thousand tonnes,ES,Spain,2014,,3526,,,,,
dataflow,ESTAT:ENV_WASMUN(1.0),Municipal waste by waste management operations,A,Annual,RCY_M,Recycling - material,THS_T,Thousand tonnes,ES,Spain,2015,,3892,,,,,
dataflow,ESTAT:ENV_WASMUN(1.0),Municipal waste by waste management operations,A,Annual,RCY_M,Recycling - material,THS_T,Thousand tonnes,ES,Spain,2016,,3945,,,,,
dataflow,ESTAT:ENV_WASMUN(1.0),Municipal waste by waste management operations,A,Annual,RCY_M,Recycling - material,THS_T,Thousand tonnes,ES,Spain,2017,,4033,,,,,
dataflow,ESTAT:ENV_WASMUN(1.0),Municipal waste by waste management operations,A,Annual,RCY_M,Recycling - material,THS_T,Thousand tonnes,ES,Spain,2018,,4009,,,,,
dataflow,ESTAT:ENV_WASMUN(1.0),Municipal waste by waste management operations,A,Annual,RCY_M,Recycling - material,THS_T,Thousand tonnes,ES,Spain,2019,,4379,,,,,
dataflow,ESTAT:ENV_WASMUN(1.0),Municipal waste by waste management operations,A,Annual,RCY_M,Recycling - material,THS_T,Thousand tonnes,ES,Spain,2020,,4434,,,,,
dataflow,ESTAT:ENV_WASMUN(1.0),Municipal waste by waste management operations,A,Annual,RCY_M,Recycling - material,THS_T,Thousand tonnes,ES,Spain,2021,,5030,,,,,
dataflow,ESTAT:ENV_WASMUN(1.0),Municipal waste by waste management operations,A,Annual,RCY_M,Recycling - material,THS_T,Thousand tonnes,ES,Spain,2022,,4839,,p,provisional,,
dataflow,ESTAT:ENV_WASMUN(1.0),Municipal waste by waste management operations,A,Annual,RCY_M,Recycling - material,THS_T,Thousand tonnes,ES,Spain,2023,,4665,,e,estimated,,
dataflow,ESTAT:ENV_WASMUN(1.0),Municipal waste by waste management operations,A,Annual,RCY_M,Recycling - material,THS_T,Thousand tonnes,EU27_2020,European Union - 27 countries (from 2020),1995,,23096,,i,value imputed by Eurostat or other receiving agencies,,
dataflow,ESTAT:ENV_WASMUN(1.0),Municipal waste by waste management operations,A,Annual,RCY_M,Recycling - material,THS_T,Thousand tonnes,EU27_2020,European Union - 27 countries (from 2020),1996,,26359,,i,value imputed by Eurostat or other receiving agencies,,
dataflow,ESTAT:ENV_WASMUN(1.0),Municipal waste by waste management operations,A,Annual,RCY_M,Recycling - material,THS_T,Thousand tonnes,EU27_2020,European Union - 27 countries (from 2020),1997,,29538,,i,value imputed by Eurostat or other receiving agencies,,
dataflow,ESTAT:ENV_WASMUN(1.0),Municipal waste by waste management operations,A,Annual,RCY_M,Recycling - material,THS_T,Thousand tonnes,EU27_2020,European Union - 27 countries (from 2020),1998,,32132,,i,value imputed by Eurostat or other receiving agencies,,
dataflow,ESTAT:ENV_WASMUN(1.0),Municipal waste by waste management operations,A,Annual,RCY_M,Recycling - material,THS_T,Thousand tonnes,EU27_2020,European Union - 27 countries (from 2020),1999,,36569,,i,value imputed by Eurostat or other receiving agencies,,
dataflow,ESTAT:ENV_WASMUN(1.0),Municipal waste by waste management operations,A,Annual,RCY_M,Recycling - material,THS_T,Thousand tonnes,EU27_2020,European Union - 27 countries (from 2020),2000,,37518,,i,value imputed by Eurostat or other receiving agencies,,
dataflow,ESTAT:ENV_WASMUN(1.0),Municipal waste by waste management operations,A,Annual,RCY_M,Recycling - material,THS_T,Thousand tonnes,EU27_2020,European Union - 27 countries (from 2020),2001,,39596,,i,value imputed by Eurostat or other receiving agencies,,
dataflow,ESTAT:ENV_WASMUN(1.0),Municipal waste by waste management operations,A,Annual,RCY_M,Recycling - material,THS_T,Thousand tonnes,EU27_2020,European Union - 27 countries (from 2020),2002,,42967,,i,value imputed by Eurostat or other receiving agencies,,
dataflow,ESTAT:ENV_WASMUN(1.0),Municipal waste by waste management operations,A,Annual,RCY_M,Recycling - material,THS_T,Thousand tonnes,EU27_2020,European Union - 27 countries (from 2020),2003,,43123,,i,value imputed by Eurostat or other receiving agencies,,
dataflow,ESTAT:ENV_WASMUN(1.0),Municipal waste by waste management operations,A,Annual,RCY_M,Recycling - material,THS_T,Thousand tonnes,EU27_2020,European Union - 27 countries (from 2020),2004,,43447,,i,value imputed by Eurostat or other receiving agencies,,
dataflow,ESTAT:ENV_WASMUN(1.0),Municipal waste by waste management operations,A,Annual,RCY_M,Recycling - material,THS_T,Thousand tonnes,EU27_2020,European Union - 27 countries (from 2020),2005,,45896,,i,value imputed by Eurostat or other receiving agencies,,
dataflow,ESTAT:ENV_WASMUN(1.0),Municipal waste by waste management operations,A,Annual,RCY_M,Recycling - material,THS_T,Thousand tonnes,EU27_2020,European Union - 27 countries (from 2020),2006,,47437,,i,value imputed by Eurostat or other receiving agencies,,
dataflow,ESTAT:ENV_WASMUN(1.0),Municipal waste by waste management operations,A,Annual,RCY_M,Recycling - material,THS_T,Thousand tonnes,EU27_2020,European Union - 27 countries (from 2020),2007,,51956,,,,,
dataflow,ESTAT:ENV_WASMUN(1.0),Municipal waste by waste management operations,A,Annual,RCY_M,Recycling - material,THS_T,Thousand tonnes,EU27_2020,European Union - 27 countries (from 2020),2008,,52762,,,,,
dataflow,ESTAT:ENV_WASMUN(1.0),Municipal waste by waste management operations,A,Annual,RCY_M,Recycling - material,THS_T,Thousand tonnes,EU27_2020,European Union - 27 countries (from 2020),2009,,54287,,,,,
dataflow,ESTAT:ENV_WASMUN(1.0),Municipal waste by waste management operations,A,Annual,RCY_M,Recycling - material,THS_T,Thousand tonnes,EU27_2020,European Union - 27 countries (from 2020),2010,,55330,,,,,
dataflow,ESTAT:ENV_WASMUN(1.0),Municipal waste by waste management operations,A,Annual,RCY_M,Recycling - material,THS_T,Thousand tonnes,EU27_2020,European Union - 27 countries (from 2020),2011,,56493,,,,,
dataflow,ESTAT:ENV_WASMUN(1.0),Municipal waste by waste management operations,A,Annual,RCY_M,Recycling - material,THS_T,Thousand tonnes,EU27_2020,European Union - 27 countries (from 2020),2012,,57521,,,,,
dataflow,ESTAT:ENV_WASMUN(1.0),Municipal waste by waste management operations,A,Annual,RCY_M,Recycling - material,THS_T,Thousand tonnes,EU27_2020,European Union - 27 countries (from 2020),2013,,56449,,,,,
dataflow,ESTAT:ENV_WASMUN(1.0),Municipal waste by waste management operations,A,Annual,RCY_M,Recycling - material,THS_T,Thousand tonnes,EU27_2020,European Union - 27 countries (from 2020),2014,,59398,,,,,
dataflow,ESTAT:ENV_WASMUN(1.0),Municipal waste by waste management operations,A,Annual,RCY_M,Recycling - material,THS_T,Thousand tonnes,EU27_2020,European Union - 27 countries (from 2020),2015,,62679,,,,,
dataflow,ESTAT:ENV_WASMUN(1.0),Municipal waste by waste management operations,A,Annual,RCY_M,Recycling - material,THS_T,Thousand tonnes,EU27_2020,European Union - 27 countries (from 2020),2016,,64613,,,,,
dataflow,ESTAT:ENV_WASMUN(1.0),Municipal waste by waste management operations,A,Annual,RCY_M,Recycling - material,THS_T,Thousand tonnes,EU27_2020,European Union - 27 countries (from 2020),2017,,65451,,,,,
dataflow,ESTAT:ENV_WASMUN(1.0),Municipal waste by waste management operations,A,Annual,RCY_M,Recycling - material,THS_T,Thousand tonnes,EU27_2020,European Union - 27 countries (from 2020),2018,,65762,,,,,
dataflow,ESTAT:ENV_WASMUN(1.0),Municipal waste by waste management operations,A,Annual,RCY_M,Recycling - material,THS_T,Thousand tonnes,EU27_2020,European Union - 27 countries (from 2020),2019,,66981,,i,value imputed by Eurostat or other receiving agencies,,
dataflow,ESTAT:ENV_WASMUN(1.0),Municipal waste by waste management operations,A,Annual,RCY_M,Recycling - material,THS_T,Thousand tonnes,EU27_2020,European Union - 27 countries (from 2020),2020,,69632,,,,,
dataflow,ESTAT:ENV_WASMUN(1.0),Municipal waste by waste management operations,A,Annual,RCY_M,Recycling - material,THS_T,Thousand tonnes,EU27_2020,European Union - 27 countries (from 2020),2021,,72840,,i,value imputed by Eurostat or other receiving agencies,,
dataflow,ESTAT:ENV_WASMUN(1.0),Municipal waste by waste management operations,A,Annual,RCY_M,Recycling - material,THS_T,Thousand tonnes,EU27_2020,European Union - 27 countries (from 2020),2022,,69062,,i,value imputed by Eurostat or other receiving agencies,,
dataflow,ESTAT:ENV_WASMUN(1.0),Municipal waste by waste management operations,A,Annual,RCY_M,Recycling - material,THS_T,Thousand tonnes,EU27_2020,European Union - 27 countries (from 2020),2023,,65873,,i,value imputed by Eurostat or other receiving agencies,,
dataflow,ESTAT:ENV_WASMUN(1.0),Municipal waste by waste management operations,A,Annual,RCY_M,Recycling - material,THS_T,Thousand tonnes,FI,Finland,1995,,549,,,,,
dataflow,ESTAT:ENV_WASMUN(1.0),Municipal waste by waste management operations,A,Annual,RCY_M,Recycling - material,THS_T,Thousand tonnes,FI,Finland,1996,,547,,,,,
dataflow,ESTAT:ENV_WASMUN(1.0),Municipal waste by waste management operations,A,Annual,RCY_M,Recycling - material,THS_T,Thousand tonnes,FI,Finland,1997,,599,,,,,
dataflow,ESTAT:ENV_WASMUN(1.0),Municipal waste by waste management operations,A,Annual,RCY_M,Recycling - material,THS_T,Thousand tonnes,FI,Finland,1998,,625,,,,,
dataflow,ESTAT:ENV_WASMUN(1.0),Municipal waste by waste management operations,A,Annual,RCY_M,Recycling - material,THS_T,Thousand tonnes,FI,Finland,1999,,651,,,,,
dataflow,ESTAT:ENV_WASMUN(1.0),Municipal waste by waste management operations,A,Annual,RCY_M,Recycling - material,THS_T,Thousand tonnes,FI,Finland,2000,,677,,,,,
dataflow,ESTAT:ENV_WASMUN(1.0),Municipal waste by waste management operations,A,Annual,RCY_M,Recycling - material,THS_T,Thousand tonnes,FI,Finland,2001,,628,,,,,
dataflow,ESTAT:ENV_WASMUN(1.0),Municipal waste by waste management operations,A,Annual,RCY_M,Recycling - material,THS_T,Thousand tonnes,FI,Finland,2002,,621,,,,,
dataflow,ESTAT:ENV_WASMUN(1.0),Municipal waste by waste management operations,A,Annual,RCY_M,Recycling - material,THS_T,Thousand tonnes,FI,Finland,2003,,632,,,,,
dataflow,ESTAT:ENV_WASMUN(1.0),Municipal waste by waste management operations,A,Annual,RCY_M,Recycling - material,THS_T,Thousand tonnes,FI,Finland,2004,,639,,,,,
dataflow,ESTAT:ENV_WASMUN(1.0),Municipal waste by waste management operations,A,Annual,RCY_M,Recycling - material,THS_T,Thousand tonnes,FI,Finland,2005,,652,,,,,
dataflow,ESTAT:ENV_WASMUN(1.0),Municipal waste by waste management operations,A,Annual,RCY_M,Recycling - material,THS_T,Thousand tonnes,FI,Finland,2006,,677,,,,,
dataflow,ESTAT:ENV_WASMUN(1.0),Municipal waste by waste management operations,A,Annual,RCY_M,Recycling - material,THS_T,Thousand tonnes,FI,Finland,2007,,695,,,,,
dataflow,ESTAT:ENV_WASMUN(1.0),Municipal waste by waste management operations,A,Annual,RCY_M,Recycling - material,THS_T,Thousand tonnes,FI,Finland,2008,,715,,,,,
dataflow,ESTAT:ENV_WASMUN(1.0),Municipal waste by waste management operations,A,Annual,RCY_M,Recycling - material,THS_T,Thousand tonnes,FI,Finland,2009,,615,,,,,
dataflow,ESTAT:ENV_WASMUN(1.0),Municipal waste by waste management operations,A,Annual,RCY_M,Recycling - material,THS_T,Thousand tonnes,FI,Finland,2010,,495,,,,,
dataflow,ESTAT:ENV_WASMUN(1.0),Municipal waste by waste management operations,A,Annual,RCY_M,Recycling - material,THS_T,Thousand tonnes,FI,Finland,2011,,592,,,,,
dataflow,ESTAT:ENV_WASMUN(1.0),Municipal waste by waste management operations,A,Annual,RCY_M,Recycling - material,THS_T,Thousand tonnes,FI,Finland,2012,,589,,,,,
dataflow,ESTAT:ENV_WASMUN(1.0),Municipal waste by waste management operations,A,Annual,RCY_M,Recycling - material,THS_T,Thousand tonnes,FI,Finland,2013,,510,,,,,
dataflow,ESTAT:ENV_WASMUN(1.0),Municipal waste by waste management operations,A,Annual,RCY_M,Recycling - material,THS_T,Thousand tonnes,FI,Finland,2014,,474,,,,,
dataflow,ESTAT:ENV_WASMUN(1.0),Municipal waste by waste management operations,A,Annual,RCY_M,Recycling - material,THS_T,Thousand tonnes,FI,Finland,2015,,770,,b,break in time series,,
dataflow,ESTAT:ENV_WASMUN(1.0),Municipal waste by waste management operations,A,Annual,RCY_M,Recycling - material,THS_T,Thousand tonnes,FI,Finland,2016,,808,,,,,
dataflow,ESTAT:ENV_WASMUN(1.0),Municipal waste by waste management operations,A,Annual,RCY_M,Recycling - material,THS_T,Thousand tonnes,FI,Finland,2017,,771,,,,,
dataflow,ESTAT:ENV_WASMUN(1.0),Municipal waste by waste management operations,A,Annual,RCY_M,Recycling - material,THS_T,Thousand tonnes,FI,Finland,2018,,886,,,,,
dataflow,ESTAT:ENV_WASMUN(1.0),Municipal waste by waste management operations,A,Annual,RCY_M,Recycling - material,THS_T,Thousand tonnes,FI,Finland,2019,,916,,,,,
dataflow,ESTAT:ENV_WASMUN(1.0),Municipal waste by waste management operations,A,Annual,RCY_M,Recycling - material,THS_T,Thousand tonnes,FI,Finland,2020,,977,,,,,
dataflow,ESTAT:ENV_WASMUN(1.0),Municipal waste by waste management operations,A,Annual,RCY_M,Recycling - material,THS_T,Thousand tonnes,FI,Finland,2021,,933,,,,,
dataflow,ESTAT:ENV_WASMUN(1.0),Municipal waste by waste management operations,A,Annual,RCY_M,Recycling - material,THS_T,Thousand tonnes,FI,Finland,2022,,829,,,,,
dataflow,ESTAT:ENV_WASMUN(1.0),Municipal waste by waste management operations,A,Annual,RCY_M,Recycling - material,THS_T,Thousand tonnes,FI,Finland,2023,,754,,,,,
dataflow,ESTAT:ENV_WASMUN(1.0),Municipal waste by waste management operations,A,Annual,RCY_M,Recycling - material,THS_T,Thousand tonnes,FR,France,1995,,2481,,,,,
dataflow,ESTAT:ENV_WASMUN(1.0),Municipal waste by waste management operations,A,Annual,RCY_M,Recycling - material,THS_T,Thousand tonnes,FR,France,1996,,2653,,,,,
dataflow,ESTAT:ENV_WASMUN(1.0),Municipal waste by waste management operations,A,Annual,RCY_M,Recycling - material,THS_T,Thousand tonnes,FR,France,1997,,3048,,,,,
dataflow,ESTAT:ENV_WASMUN(1.0),Municipal waste by waste management operations,A,Annual,RCY_M,Recycling - material,THS_T,Thousand tonnes,FR,France,1998,,3523,,,,,
dataflow,ESTAT:ENV_WASMUN(1.0),Municipal waste by waste management operations,A,Annual,RCY_M,Recycling - material,THS_T,Thousand tonnes,FR,France,1999,,3822,,,,,
dataflow,ESTAT:ENV_WASMUN(1.0),Municipal waste by waste management operations,A,Annual,RCY_M,Recycling - material,THS_T,Thousand tonnes,FR,France,2000,,4045,,,,,
dataflow,ESTAT:ENV_WASMUN(1.0),Municipal waste by waste management operations,A,Annual,RCY_M,Recycling - material,THS_T,Thousand tonnes,FR,France,2001,,4410,,,,,
dataflow,ESTAT:ENV_WASMUN(1.0),Municipal waste by waste management operations,A,Annual,RCY_M,Recycling - material,THS_T,Thousand tonnes,FR,France,2002,,4715,,,,,
dataflow,ESTAT:ENV_WASMUN(1.0),Municipal waste by waste management operations,A,Annual,RCY_M,Recycling - material,THS_T,Thousand tonnes,FR,France,2003,,4725,,,,,
dataflow,ESTAT:ENV_WASMUN(1.0),Municipal waste by waste management operations,A,Annual,RCY_M,Recycling - material,THS_T,Thousand tonnes,FR,France,2004,,4970,,,,,
dataflow,ESTAT:ENV_WASMUN(1.0),Municipal waste by waste management operations,A,Annual,RCY_M,Recycling - material,THS_T,Thousand tonnes,FR,France,2005,,5533,,,,,
dataflow,ESTAT:ENV_WASMUN(1.0),Municipal waste by waste management operations,A,Annual,RCY_M,Recycling - material,THS_T,Thousand tonnes,FR,France,2006,,5806,,e,estimated,,
dataflow,ESTAT:ENV_WASMUN(1.0),Municipal waste by waste management operations,A,Annual,RCY_M,Recycling - material,THS_T,Thousand tonnes,FR,France,2007,,6079,,,,,
dataflow,ESTAT:ENV_WASMUN(1.0),Municipal waste by waste management operations,A,Annual,RCY_M,Recycling - material,THS_T,Thousand tonnes,FR,France,2008,,6385,,e,estimated,,
dataflow,ESTAT:ENV_WASMUN(1.0),Municipal waste by waste management operations,A,Annual,RCY_M,Recycling - material,THS_T,Thousand tonnes,FR,France,2009,,6688,,,,,
dataflow,ESTAT:ENV_WASMUN(1.0),Municipal waste by waste management operations,A,Annual,RCY_M,Recycling - material,THS_T,Thousand tonnes,FR,France,2010,,6937,,e,estimated,,
dataflow,ESTAT:ENV_WASMUN(1.0),Municipal waste by waste management operations,A,Annual,RCY_M,Recycling - material,THS_T,Thousand tonnes,FR,France,2011,,7184,,,,,
dataflow,ESTAT:ENV_WASMUN(1.0),Municipal waste by waste management operations,A,Annual,RCY_M,Recycling - material,THS_T,Thousand tonnes,FR,France,2012,,7293,,e,estimated,,
dataflow,ESTAT:ENV_WASMUN(1.0),Municipal waste by waste management operations,A,Annual,RCY_M,Recycling - material,THS_T,Thousand tonnes,FR,France,2013,,7402,,,,,
dataflow,ESTAT:ENV_WASMUN(1.0),Municipal waste by waste management operations,A,Annual,RCY_M,Recycling - material,THS_T,Thousand tonnes,FR,France,2014,,7605,,e,estimated,,
dataflow,ESTAT:ENV_WASMUN(1.0),Municipal waste by waste management operations,A,Annual,RCY_M,Recycling - material,THS_T,Thousand tonnes,FR,France,2015,,7808,,,,,
dataflow,ESTAT:ENV_WASMUN(1.0),Municipal waste by waste management operations,A,Annual,RCY_M,Recycling - material,THS_T,Thousand tonnes,FR,France,2016,,7992,,e,estimated,,
dataflow,ESTAT:ENV_WASMUN(1.0),Municipal waste by waste management operations,A,Annual,RCY_M,Recycling - material,THS_T,Thousand tonnes,FR,France,2017,,8182,,e,estimated,,
dataflow,ESTAT:ENV_WASMUN(1.0),Municipal waste by waste management operations,A,Annual,RCY_M,Recycling - material,THS_T,Thousand tonnes,FR,France,2018,,7960,,e,estimated,,
dataflow,ESTAT:ENV_WASMUN(1.0),Municipal waste by waste management operations,A,Annual,RCY_M,Recycling - material,THS_T,Thousand tonnes,FR,France,2019,,8168,,e,estimated,,
dataflow,ESTAT:ENV_WASMUN(1.0),Municipal waste by waste management operations,A,Annual,RCY_M,Recycling - material,THS_T,Thousand tonnes,FR,France,2020,,8495,,e,estimated,,
dataflow,ESTAT:ENV_WASMUN(1.0),Municipal waste by waste management operations,A,Annual,RCY_M,Recycling - material,THS_T,Thousand tonnes,FR,France,2021,,9515,,,,,
dataflow,ESTAT:ENV_WASMUN(1.0),Municipal waste by waste management operations,A,Annual,RCY_M,Recycling - material,THS_T,Thousand tonnes,FR,France,2022,,8298,,ep,"estimated, provisional",,
dataflow,ESTAT:ENV_WASMUN(1.0),Municipal waste by waste management operations,A,Annual,RCY_M,Recycling - material,THS_T,Thousand tonnes,FR,France,2023,,8191,,ep,"estimated, provisional",,
dataflow,ESTAT:ENV_WASMUN(1.0),Municipal waste by waste management operations,A,Annual,RCY_M,Recycling - material,THS_T,Thousand tonnes,HR,Croatia,2007,,39,,,,,
dataflow,ESTAT:ENV_WASMUN(1.0),Municipal waste by waste management operations,A,Annual,RCY_M,Recycling - material,THS_T,Thousand tonnes,HR,Croatia,2008,,35,,,,,
dataflow,ESTAT:ENV_WASMUN(1.0),Municipal waste by waste management operations,A,Annual,RCY_M,Recycling - material,THS_T,Thousand tonnes,HR,Croatia,2009,,28,,,,,
dataflow,ESTAT:ENV_WASMUN(1.0),Municipal waste by waste management operations,A,Annual,RCY_M,Recycling - material,THS_T,Thousand tonnes,HR,Croatia,2010,,53,,,,,
dataflow,ESTAT:ENV_WASMUN(1.0),Municipal waste by waste management operations,A,Annual,RCY_M,Recycling - material,THS_T,Thousand tonnes,HR,Croatia,2011,,123,,,,,
dataflow,ESTAT:ENV_WASMUN(1.0),Municipal waste by waste management operations,A,Annual,RCY_M,Recycling - material,THS_T,Thousand tonnes,HR,Croatia,2012,,220,,,,,
dataflow,ESTAT:ENV_WASMUN(1.0),Municipal waste by waste management operations,A,Annual,RCY_M,Recycling - material,THS_T,Thousand tonnes,HR,Croatia,2013,,228,,,,,
dataflow,ESTAT:ENV_WASMUN(1.0),Municipal waste by waste management operations,A,Annual,RCY_M,Recycling - material,THS_T,Thousand tonnes,HR,Croatia,2014,,236,,,,,
dataflow,ESTAT:ENV_WASMUN(1.0),Municipal waste by waste management operations,A,Annual,RCY_M,Recycling - material,THS_T,Thousand tonnes,HR,Croatia,2015,,270,,,,,
dataflow,ESTAT:ENV_WASMUN(1.0),Municipal waste by waste management operations,A,Annual,RCY_M,Recycling - material,THS_T,Thousand tonnes,HR,Croatia,2016,,322,,,,,
dataflow,ESTAT:ENV_WASMUN(1.0),Municipal waste by waste management operations,A,Annual,RCY_M,Recycling - material,THS_T,Thousand tonnes,HR,Croatia,2017,,366,,,,,
dataflow,ESTAT:ENV_WASMUN(1.0),Municipal waste by waste management operations,A,Annual,RCY_M,Recycling - material,THS_T,Thousand tonnes,HR,Croatia,2018,,398,,,,,
dataflow,ESTAT:ENV_WASMUN(1.0),Municipal waste by waste management operations,A,Annual,RCY_M,Recycling - material,THS_T,Thousand tonnes,HR,Croatia,2019,,484,,,,,
dataflow,ESTAT:ENV_WASMUN(1.0),Municipal waste by waste management operations,A,Annual,RCY_M,Recycling - material,THS_T,Thousand tonnes,HR,Croatia,2020,,412,,,,,
dataflow,ESTAT:ENV_WASMUN(1.0),Municipal waste by waste management operations,A,Annual,RCY_M,Recycling - material,THS_T,Thousand tonnes,HR,Croatia,2021,,467,,,,,
dataflow,ESTAT:ENV_WASMUN(1.0),Municipal waste by waste management operations,A,Annual,RCY_M,Recycling - material,THS_T,Thousand tonnes,HR,Croatia,2022,,538,,,,,
dataflow,ESTAT:ENV_WASMUN(1.0),Municipal waste by waste management operations,A,Annual,RCY_M,Recycling - material,THS_T,Thousand tonnes,HR,Croatia,2023,,544,,,,,
dataflow,ESTAT:ENV_WASMUN(1.0),Municipal waste by waste management operations,A,Annual,RCY_M,Recycling - material,THS_T,Thousand tonnes,HU,Hungary,1995,,59,,,,,
dataflow,ESTAT:ENV_WASMUN(1.0),Municipal waste by waste management operations,A,Annual,RCY_M,Recycling - material,THS_T,Thousand tonnes,HU,Hungary,1996,,60,,,,,
dataflow,ESTAT:ENV_WASMUN(1.0),Municipal waste by waste management operations,A,Annual,RCY_M,Recycling - material,THS_T,Thousand tonnes,HU,Hungary,1997,,62,,,,,
dataflow,ESTAT:ENV_WASMUN(1.0),Municipal waste by waste management operations,A,Annual,RCY_M,Recycling - material,THS_T,Thousand tonnes,HU,Hungary,1998,,62,,,,,
dataflow,ESTAT:ENV_WASMUN(1.0),Municipal waste by waste management operations,A,Annual,RCY_M,Recycling - material,THS_T,Thousand tonnes,HU,Hungary,1999,,61,,,,,
dataflow,ESTAT:ENV_WASMUN(1.0),Municipal waste by waste management operations,A,Annual,RCY_M,Recycling - material,THS_T,Thousand tonnes,HU,Hungary,2000,,56,,,,,
dataflow,ESTAT:ENV_WASMUN(1.0),Municipal waste by waste management operations,A,Annual,RCY_M,Recycling - material,THS_T,Thousand tonnes,HU,Hungary,2001,,57,,,,,
dataflow,ESTAT:ENV_WASMUN(1.0),Municipal waste by waste management operations,A,Annual,RCY_M,Recycling - material,THS_T,Thousand tonnes,HU,Hungary,2002,,67,,,,,
dataflow,ESTAT:ENV_WASMUN(1.0),Municipal waste by waste management operations,A,Annual,RCY_M,Recycling - material,THS_T,Thousand tonnes,HU,Hungary,2003,,117,,,,,
dataflow,ESTAT:ENV_WASMUN(1.0),Municipal waste by waste management operations,A,Annual,RCY_M,Recycling - material,THS_T,Thousand tonnes,HU,Hungary,2004,,501,,b,break in time series,,
dataflow,ESTAT:ENV_WASMUN(1.0),Municipal waste by waste management operations,A,Annual,RCY_M,Recycling - material,THS_T,Thousand tonnes,HU,Hungary,2005,,403,,,,,
dataflow,ESTAT:ENV_WASMUN(1.0),Municipal waste by waste management operations,A,Annual,RCY_M,Recycling - material,THS_T,Thousand tonnes,HU,Hungary,2006,,432,,,,,
dataflow,ESTAT:ENV_WASMUN(1.0),Municipal waste by waste management operations,A,Annual,RCY_M,Recycling - material,THS_T,Thousand tonnes,HU,Hungary,2007,,490,,,,,
dataflow,ESTAT:ENV_WASMUN(1.0),Municipal waste by waste management operations,A,Annual,RCY_M,Recycling - material,THS_T,Thousand tonnes,HU,Hungary,2008,,607,,,,,
dataflow,ESTAT:ENV_WASMUN(1.0),Municipal waste by waste management operations,A,Annual,RCY_M,Recycling - material,THS_T,Thousand tonnes,HU,Hungary,2009,,576,,,,,
dataflow,ESTAT:ENV_WASMUN(1.0),Municipal waste by waste management operations,A,Annual,RCY_M,Recycling - material,THS_T,Thousand tonnes,HU,Hungary,2010,,641,,,,,
dataflow,ESTAT:ENV_WASMUN(1.0),Municipal waste by waste management operations,A,Annual,RCY_M,Recycling - material,THS_T,Thousand tonnes,HU,Hungary,2011,,654,,,,,
dataflow,ESTAT:ENV_WASMUN(1.0),Municipal waste by waste management operations,A,Annual,RCY_M,Recycling - material,THS_T,Thousand tonnes,HU,Hungary,2012,,832,,,,,
dataflow,ESTAT:ENV_WASMUN(1.0),Municipal waste by waste management operations,A,Annual,RCY_M,Recycling - material,THS_T,Thousand tonnes,HU,Hungary,2013,,799,,,,,
dataflow,ESTAT:ENV_WASMUN(1.0),Municipal waste by waste management operations,A,Annual,RCY_M,Recycling - material,THS_T,Thousand tonnes,HU,Hungary,2014,,923,,,,,
dataflow,ESTAT:ENV_WASMUN(1.0),Municipal waste by waste management operations,A,Annual,RCY_M,Recycling - material,THS_T,Thousand tonnes,HU,Hungary,2015,,963,,,,,
dataflow,ESTAT:ENV_WASMUN(1.0),Municipal waste by waste management operations,A,Annual,RCY_M,Recycling - material,THS_T,Thousand tonnes,HU,Hungary,2016,,998,,,,,
dataflow,ESTAT:ENV_WASMUN(1.0),Municipal waste by waste management operations,A,Annual,RCY_M,Recycling - material,THS_T,Thousand tonnes,HU,Hungary,2017,,1010,,,,,
dataflow,ESTAT:ENV_WASMUN(1.0),Municipal waste by waste management operations,A,Annual,RCY_M,Recycling - material,THS_T,Thousand tonnes,HU,Hungary,2018,,1085,,,,,
dataflow,ESTAT:ENV_WASMUN(1.0),Municipal waste by waste management operations,A,Annual,RCY_M,Recycling - material,THS_T,Thousand tonnes,HU,Hungary,2019,,1005,,,,,
dataflow,ESTAT:ENV_WASMUN(1.0),Municipal waste by waste management operations,A,Annual,RCY_M,Recycling - material,THS_T,Thousand tonnes,HU,Hungary,2020,,873,,,,,
dataflow,ESTAT:ENV_WASMUN(1.0),Municipal waste by waste management operations,A,Annual,RCY_M,Recycling - material,THS_T,Thousand tonnes,HU,Hungary,2021,,1029,,,,,
dataflow,ESTAT:ENV_WASMUN(1.0),Municipal waste by waste management operations,A,Annual,RCY_M,Recycling - material,THS_T,Thousand tonnes,HU,Hungary,2022,,973,,,,,
dataflow,ESTAT:ENV_WASMUN(1.0),Municipal waste by waste management operations,A,Annual,RCY_M,Recycling - material,THS_T,Thousand tonnes,HU,Hungary,2023,,800,,,,,
dataflow,ESTAT:ENV_WASMUN(1.0),Municipal waste by waste management operations,A,Annual,RCY_M,Recycling - material,THS_T,Thousand tonnes,IE,Ireland,1995,,124,,,,,
dataflow,ESTAT:ENV_WASMUN(1.0),Municipal waste by waste management operations,A,Annual,RCY_M,Recycling - material,THS_T,Thousand tonnes,IE,Ireland,1996,,130,,,,,
dataflow,ESTAT:ENV_WASMUN(1.0),Municipal waste by waste management operations,A,Annual,RCY_M,Recycling - material,THS_T,Thousand tonnes,IE,Ireland,1997,,150,,,,,
dataflow,ESTAT:ENV_WASMUN(1.0),Municipal waste by waste management operations,A,Annual,RCY_M,Recycling - material,THS_T,Thousand tonnes,IE,Ireland,1998,,161,,,,,
dataflow,ESTAT:ENV_WASMUN(1.0),Municipal waste by waste management operations,A,Annual,RCY_M,Recycling - material,THS_T,Thousand tonnes,IE,Ireland,1999,,205,,,,,
dataflow,ESTAT:ENV_WASMUN(1.0),Municipal waste by waste management operations,A,Annual,RCY_M,Recycling - material,THS_T,Thousand tonnes,IE,Ireland,2000,,254,,,,,
dataflow,ESTAT:ENV_WASMUN(1.0),Municipal waste by waste management operations,A,Annual,RCY_M,Recycling - material,THS_T,Thousand tonnes,IE,Ireland,2001,,284,,,,,
dataflow,ESTAT:ENV_WASMUN(1.0),Municipal waste by waste management operations,A,Annual,RCY_M,Recycling - material,THS_T,Thousand tonnes,IE,Ireland,2002,,463,,,,,
dataflow,ESTAT:ENV_WASMUN(1.0),Municipal waste by waste management operations,A,Annual,RCY_M,Recycling - material,THS_T,Thousand tonnes,IE,Ireland,2003,,650,,,,,
dataflow,ESTAT:ENV_WASMUN(1.0),Municipal waste by waste management operations,A,Annual,RCY_M,Recycling - material,THS_T,Thousand tonnes,IE,Ireland,2004,,835,,,,,
dataflow,ESTAT:ENV_WASMUN(1.0),Municipal waste by waste management operations,A,Annual,RCY_M,Recycling - material,THS_T,Thousand tonnes,IE,Ireland,2005,,898,,,,,
dataflow,ESTAT:ENV_WASMUN(1.0),Municipal waste by waste management operations,A,Annual,RCY_M,Recycling - material,THS_T,Thousand tonnes,IE,Ireland,2006,,1064,,,,,
dataflow,ESTAT:ENV_WASMUN(1.0),Municipal waste by waste management operations,A,Annual,RCY_M,Recycling - material,THS_T,Thousand tonnes,IE,Ireland,2007,,1081,,,,,
dataflow,ESTAT:ENV_WASMUN(1.0),Municipal waste by waste management operations,A,Annual,RCY_M,Recycling - material,THS_T,Thousand tonnes,IE,Ireland,2008,,977,,,,,
dataflow,ESTAT:ENV_WASMUN(1.0),Municipal waste by waste management operations,A,Annual,RCY_M,Recycling - material,THS_T,Thousand tonnes,IE,Ireland,2009,,902,,,,,
dataflow,ESTAT:ENV_WASMUN(1.0),Municipal waste by waste management operations,A,Annual,RCY_M,Recycling - material,THS_T,Thousand tonnes,IE,Ireland,2010,,910,,,,,
dataflow,ESTAT:ENV_WASMUN(1.0),Municipal waste by waste management operations,A,Annual,RCY_M,Recycling - material,THS_T,Thousand tonnes,IE,Ireland,2011,,861,,,,,
dataflow,ESTAT:ENV_WASMUN(1.0),Municipal waste by waste management operations,A,Annual,RCY_M,Recycling - material,THS_T,Thousand tonnes,IE,Ireland,2012,,829,,,,,
dataflow,ESTAT:ENV_WASMUN(1.0),Municipal waste by waste management operations,A,Annual,RCY_M,Recycling - material,THS_T,Thousand tonnes,IE,Ireland,2014,,863,,,,,
dataflow,ESTAT:ENV_WASMUN(1.0),Municipal waste by waste management operations,A,Annual,RCY_M,Recycling - material,THS_T,Thousand tonnes,IE,Ireland,2016,,935,,,,,
dataflow,ESTAT:ENV_WASMUN(1.0),Municipal waste by waste management operations,A,Annual,RCY_M,Recycling - material,THS_T,Thousand tonnes,IE,Ireland,2017,,872,,,,,
dataflow,ESTAT:ENV_WASMUN(1.0),Municipal waste by waste management operations,A,Annual,RCY_M,Recycling - material,THS_T,Thousand tonnes,IE,Ireland,2018,,851,,,,,
dataflow,ESTAT:ENV_WASMUN(1.0),Municipal waste by waste management operations,A,Annual,RCY_M,Recycling - material,THS_T,Thousand tonnes,IE,Ireland,2019,,858,,b,break in time series,,
dataflow,ESTAT:ENV_WASMUN(1.0),Municipal waste by waste management operations,A,Annual,RCY_M,Recycling - material,THS_T,Thousand tonnes,IE,Ireland,2020,,948,,b,break in time series,,
dataflow,ESTAT:ENV_WASMUN(1.0),Municipal waste by waste management operations,A,Annual,RCY_M,Recycling - material,THS_T,Thousand tonnes,IS,Iceland,1995,,7,,,,,
dataflow,ESTAT:ENV_WASMUN(1.0),Municipal waste by waste management operations,A,Annual,RCY_M,Recycling - material,THS_T,Thousand tonnes,IS,Iceland,1996,,9,,,,,
dataflow,ESTAT:ENV_WASMUN(1.0),Municipal waste by waste management operations,A,Annual,RCY_M,Recycling - material,THS_T,Thousand tonnes,IS,Iceland,1997,,8,,,,,
dataflow,ESTAT:ENV_WASMUN(1.0),Municipal waste by waste management operations,A,Annual,RCY_M,Recycling - material,THS_T,Thousand tonnes,IS,Iceland,1998,,11,,,,,
dataflow,ESTAT:ENV_WASMUN(1.0),Municipal waste by waste management operations,A,Annual,RCY_M,Recycling - material,THS_T,Thousand tonnes,IS,Iceland,1999,,14,,,,,
dataflow,ESTAT:ENV_WASMUN(1.0),Municipal waste by waste management operations,A,Annual,RCY_M,Recycling - material,THS_T,Thousand tonnes,IS,Iceland,2000,,17,,,,,
dataflow,ESTAT:ENV_WASMUN(1.0),Municipal waste by waste management operations,A,Annual,RCY_M,Recycling - material,THS_T,Thousand tonnes,IS,Iceland,2001,,18,,,,,
dataflow,ESTAT:ENV_WASMUN(1.0),Municipal waste by waste management operations,A,Annual,RCY_M,Recycling - material,THS_T,Thousand tonnes,IS,Iceland,2002,,19,,,,,
dataflow,ESTAT:ENV_WASMUN(1.0),Municipal waste by waste management operations,A,Annual,RCY_M,Recycling - material,THS_T,Thousand tonnes,IS,Iceland,2003,,20,,,,,
dataflow,ESTAT:ENV_WASMUN(1.0),Municipal waste by waste management operations,A,Annual,RCY_M,Recycling - material,THS_T,Thousand tonnes,IS,Iceland,2004,,23,,,,,
dataflow,ESTAT:ENV_WASMUN(1.0),Municipal waste by waste management operations,A,Annual,RCY_M,Recycling - material,THS_T,Thousand tonnes,IS,Iceland,2008,,36,,,,,
dataflow,ESTAT:ENV_WASMUN(1.0),Municipal waste by waste management operations,A,Annual,RCY_M,Recycling - material,THS_T,Thousand tonnes,IS,Iceland,2009,,21,,,,,
dataflow,ESTAT:ENV_WASMUN(1.0),Municipal waste by waste management operations,A,Annual,RCY_M,Recycling - material,THS_T,Thousand tonnes,IS,Iceland,2010,,24,,,,,
dataflow,ESTAT:ENV_WASMUN(1.0),Municipal waste by waste management operations,A,Annual,RCY_M,Recycling - material,THS_T,Thousand tonnes,IS,Iceland,2011,,32,,,,,
dataflow,ESTAT:ENV_WASMUN(1.0),Municipal waste by waste management operations,A,Annual,RCY_M,Recycling - material,THS_T,Thousand tonnes,IS,Iceland,2012,,39,,,,,
dataflow,ESTAT:ENV_WASMUN(1.0),Municipal waste by waste management operations,A,Annual,RCY_M,Recycling - material,THS_T,Thousand tonnes,IS,Iceland,2013,,42,,,,,
dataflow,ESTAT:ENV_WASMUN(1.0),Municipal waste by waste management operations,A,Annual,RCY_M,Recycling - material,THS_T,Thousand tonnes,IS,Iceland,2014,,37,,,,,
dataflow,ESTAT:ENV_WASMUN(1.0),Municipal waste by waste management operations,A,Annual,RCY_M,Recycling - material,THS_T,Thousand tonnes,IS,Iceland,2015,,40,,,,,
dataflow,ESTAT:ENV_WASMUN(1.0),Municipal waste by waste management operations,A,Annual,RCY_M,Recycling - material,THS_T,Thousand tonnes,IS,Iceland,2016,,56,,,,,
dataflow,ESTAT:ENV_WASMUN(1.0),Municipal waste by waste management operations,A,Annual,RCY_M,Recycling - material,THS_T,Thousand tonnes,IS,Iceland,2017,,43,,,,,
dataflow,ESTAT:ENV_WASMUN(1.0),Municipal waste by waste management operations,A,Annual,RCY_M,Recycling - material,THS_T,Thousand tonnes,IS,Iceland,2018,,51,,,,,
dataflow,ESTAT:ENV_WASMUN(1.0),Municipal waste by waste management operations,A,Annual,RCY_M,Recycling - material,THS_T,Thousand tonnes,IS,Iceland,2020,,40,,,,,
dataflow,ESTAT:ENV_WASMUN(1.0),Municipal waste by waste management operations,A,Annual,RCY_M,Recycling - material,THS_T,Thousand tonnes,IS,Iceland,2021,,54,,,,,
dataflow,ESTAT:ENV_WASMUN(1.0),Municipal waste by waste management operations,A,Annual,RCY_M,Recycling - material,THS_T,Thousand tonnes,IS,Iceland,2022,,47,,,,,
dataflow,ESTAT:ENV_WASMUN(1.0),Municipal waste by waste management operations,A,Annual,RCY_M,Recycling - material,THS_T,Thousand tonnes,IT,Italy,1995,,930,,,,,
dataflow,ESTAT:ENV_WASMUN(1.0),Municipal waste by waste management operations,A,Annual,RCY_M,Recycling - material,THS_T,Thousand tonnes,IT,Italy,1996,,1199,,,,,
dataflow,ESTAT:ENV_WASMUN(1.0),Municipal waste by waste management operations,A,Annual,RCY_M,Recycling - material,THS_T,Thousand tonnes,IT,Italy,1997,,1874,,,,,
dataflow,ESTAT:ENV_WASMUN(1.0),Municipal waste by waste management operations,A,Annual,RCY_M,Recycling - material,THS_T,Thousand tonnes,IT,Italy,1998,,2235,,,,,
dataflow,ESTAT:ENV_WASMUN(1.0),Municipal waste by waste management operations,A,Annual,RCY_M,Recycling - material,THS_T,Thousand tonnes,IT,Italy,1999,,2595,,,,,
dataflow,ESTAT:ENV_WASMUN(1.0),Municipal waste by waste management operations,A,Annual,RCY_M,Recycling - material,THS_T,Thousand tonnes,IT,Italy,2000,,2888,,,,,
dataflow,ESTAT:ENV_WASMUN(1.0),Municipal waste by waste management operations,A,Annual,RCY_M,Recycling - material,THS_T,Thousand tonnes,IT,Italy,2001,,3513,,,,,
dataflow,ESTAT:ENV_WASMUN(1.0),Municipal waste by waste management operations,A,Annual,RCY_M,Recycling - material,THS_T,Thousand tonnes,IT,Italy,2002,,2727,,,,,
dataflow,ESTAT:ENV_WASMUN(1.0),Municipal waste by waste management operations,A,Annual,RCY_M,Recycling - material,THS_T,Thousand tonnes,IT,Italy,2003,,3108,,,,,
dataflow,ESTAT:ENV_WASMUN(1.0),Municipal waste by waste management operations,A,Annual,RCY_M,Recycling - material,THS_T,Thousand tonnes,IT,Italy,2004,,3509,,,,,
dataflow,ESTAT:ENV_WASMUN(1.0),Municipal waste by waste management operations,A,Annual,RCY_M,Recycling - material,THS_T,Thousand tonnes,IT,Italy,2005,,3683,,,,,
dataflow,ESTAT:ENV_WASMUN(1.0),Municipal waste by waste management operations,A,Annual,RCY_M,Recycling - material,THS_T,Thousand tonnes,IT,Italy,2006,,3813,,,,,
dataflow,ESTAT:ENV_WASMUN(1.0),Municipal waste by waste management operations,A,Annual,RCY_M,Recycling - material,THS_T,Thousand tonnes,IT,Italy,2007,,5536,,b,break in time series,,
dataflow,ESTAT:ENV_WASMUN(1.0),Municipal waste by waste management operations,A,Annual,RCY_M,Recycling - material,THS_T,Thousand tonnes,IT,Italy,2008,,4631,,,,,
dataflow,ESTAT:ENV_WASMUN(1.0),Municipal waste by waste management operations,A,Annual,RCY_M,Recycling - material,THS_T,Thousand tonnes,IT,Italy,2009,,6042,,,,,
dataflow,ESTAT:ENV_WASMUN(1.0),Municipal waste by waste management operations,A,Annual,RCY_M,Recycling - material,THS_T,Thousand tonnes,IT,Italy,2010,,6107,,,,,
dataflow,ESTAT:ENV_WASMUN(1.0),Municipal waste by waste management operations,A,Annual,RCY_M,Recycling - material,THS_T,Thousand tonnes,IT,Italy,2011,,7149,,,,,
dataflow,ESTAT:ENV_WASMUN(1.0),Municipal waste by waste management operations,A,Annual,RCY_M,Recycling - material,THS_T,Thousand tonnes,IT,Italy,2012,,7177,,,,,
dataflow,ESTAT:ENV_WASMUN(1.0),Municipal waste by waste management operations,A,Annual,RCY_M,Recycling - material,THS_T,Thousand tonnes,IT,Italy,2013,,7335,,,,,
dataflow,ESTAT:ENV_WASMUN(1.0),Municipal waste by waste management operations,A,Annual,RCY_M,Recycling - material,THS_T,Thousand tonnes,IT,Italy,2014,,7472,,,,,
dataflow,ESTAT:ENV_WASMUN(1.0),Municipal waste by waste management operations,A,Annual,RCY_M,Recycling - material,THS_T,Thousand tonnes,IT,Italy,2015,,7864,,b,break in time series,,
dataflow,ESTAT:ENV_WASMUN(1.0),Municipal waste by waste management operations,A,Annual,RCY_M,Recycling - material,THS_T,Thousand tonnes,IT,Italy,2016,,8093,,,,,
dataflow,ESTAT:ENV_WASMUN(1.0),Municipal waste by waste management operations,A,Annual,RCY_M,Recycling - material,THS_T,Thousand tonnes,IT,Italy,2017,,8218,,,,,
dataflow,ESTAT:ENV_WASMUN(1.0),Municipal waste by waste management operations,A,Annual,RCY_M,Recycling - material,THS_T,Thousand tonnes,IT,Italy,2018,,8675,,,,,
dataflow,ESTAT:ENV_WASMUN(1.0),Municipal waste by waste management operations,A,Annual,RCY_M,Recycling - material,THS_T,Thousand tonnes,IT,Italy,2019,,9048,,,,,
dataflow,ESTAT:ENV_WASMUN(1.0),Municipal waste by waste management operations,A,Annual,RCY_M,Recycling - material,THS_T,Thousand tonnes,IT,Italy,2020,,8004,,,,,
dataflow,ESTAT:ENV_WASMUN(1.0),Municipal waste by waste management operations,A,Annual,RCY_M,Recycling - material,THS_T,Thousand tonnes,IT,Italy,2021,,8127,,,,,
dataflow,ESTAT:ENV_WASMUN(1.0),Municipal waste by waste management operations,A,Annual,RCY_M,Recycling - material,THS_T,Thousand tonnes,IT,Italy,2022,,8330,,,,,
dataflow,ESTAT:ENV_WASMUN(1.0),Municipal waste by waste management operations,A,Annual,RCY_M,Recycling - material,THS_T,Thousand tonnes,LT,Lithuania,1995,,0,,,,,
dataflow,ESTAT:ENV_WASMUN(1.0),Municipal waste by waste management operations,A,Annual,RCY_M,Recycling - material,THS_T,Thousand tonnes,LT,Lithuania,1996,,0,,,,,
dataflow,ESTAT:ENV_WASMUN(1.0),Municipal waste by waste management operations,A,Annual,RCY_M,Recycling - material,THS_T,Thousand tonnes,LT,Lithuania,1997,,0,,,,,
dataflow,ESTAT:ENV_WASMUN(1.0),Municipal waste by waste management operations,A,Annual,RCY_M,Recycling - material,THS_T,Thousand tonnes,LT,Lithuania,1998,,0,,,,,
dataflow,ESTAT:ENV_WASMUN(1.0),Municipal waste by waste management operations,A,Annual,RCY_M,Recycling - material,THS_T,Thousand tonnes,LT,Lithuania,1999,,0,,,,,
dataflow,ESTAT:ENV_WASMUN(1.0),Municipal waste by waste management operations,A,Annual,RCY_M,Recycling - material,THS_T,Thousand tonnes,LT,Lithuania,2000,,0,,,,,
dataflow,ESTAT:ENV_WASMUN(1.0),Municipal waste by waste management operations,A,Annual,RCY_M,Recycling - material,THS_T,Thousand tonnes,LT,Lithuania,2001,,0,,,,,
dataflow,ESTAT:ENV_WASMUN(1.0),Municipal waste by waste management operations,A,Annual,RCY_M,Recycling - material,THS_T,Thousand tonnes,LT,Lithuania,2002,,0,,,,,
dataflow,ESTAT:ENV_WASMUN(1.0),Municipal waste by waste management operations,A,Annual,RCY_M,Recycling - material,THS_T,Thousand tonnes,LT,Lithuania,2003,,0,,,,,
dataflow,ESTAT:ENV_WASMUN(1.0),Municipal waste by waste management operations,A,Annual,RCY_M,Recycling - material,THS_T,Thousand tonnes,LT,Lithuania,2004,,14,,i,value imputed by Eurostat or other receiving agencies,,
dataflow,ESTAT:ENV_WASMUN(1.0),Municipal waste by waste management operations,A,Annual,RCY_M,Recycling - material,THS_T,Thousand tonnes,LT,Lithuania,2005,,14,,i,value imputed by Eurostat or other receiving agencies,,
dataflow,ESTAT:ENV_WASMUN(1.0),Municipal waste by waste management operations,A,Annual,RCY_M,Recycling - material,THS_T,Thousand tonnes,LT,Lithuania,2006,,14,,i,value imputed by Eurostat or other receiving agencies,,
dataflow,ESTAT:ENV_WASMUN(1.0),Municipal waste by waste management operations,A,Annual,RCY_M,Recycling - material,THS_T,Thousand tonnes,LT,Lithuania,2007,,80,,,,,
dataflow,ESTAT:ENV_WASMUN(1.0),Municipal waste by waste management operations,A,Annual,RCY_M,Recycling - material,THS_T,Thousand tonnes,LT,Lithuania,2008,,101,,b,break in time series,,
dataflow,ESTAT:ENV_WASMUN(1.0),Municipal waste by waste management operations,A,Annual,RCY_M,Recycling - material,THS_T,Thousand tonnes,LT,Lithuania,2009,,87,,,,,
dataflow,ESTAT:ENV_WASMUN(1.0),Municipal waste by waste management operations,A,Annual,RCY_M,Recycling - material,THS_T,Thousand tonnes,LT,Lithuania,2010,,43,,,,,
dataflow,ESTAT:ENV_WASMUN(1.0),Municipal waste by waste management operations,A,Annual,RCY_M,Recycling - material,THS_T,Thousand tonnes,LT,Lithuania,2011,,244,,,,,
dataflow,ESTAT:ENV_WASMUN(1.0),Municipal waste by waste management operations,A,Annual,RCY_M,Recycling - material,THS_T,Thousand tonnes,LT,Lithuania,2012,,261,,,,,
dataflow,ESTAT:ENV_WASMUN(1.0),Municipal waste by waste management operations,A,Annual,RCY_M,Recycling - material,THS_T,Thousand tonnes,LT,Lithuania,2013,,261,,,,,
dataflow,ESTAT:ENV_WASMUN(1.0),Municipal waste by waste management operations,A,Annual,RCY_M,Recycling - material,THS_T,Thousand tonnes,LT,Lithuania,2014,,268,,,,,
dataflow,ESTAT:ENV_WASMUN(1.0),Municipal waste by waste management operations,A,Annual,RCY_M,Recycling - material,THS_T,Thousand tonnes,LT,Lithuania,2015,,298,,,,,
dataflow,ESTAT:ENV_WASMUN(1.0),Municipal waste by waste management operations,A,Annual,RCY_M,Recycling - material,THS_T,Thousand tonnes,LT,Lithuania,2016,,312,,,,,
dataflow,ESTAT:ENV_WASMUN(1.0),Municipal waste by waste management operations,A,Annual,RCY_M,Recycling - material,THS_T,Thousand tonnes,LT,Lithuania,2017,,311,,,,,
dataflow,ESTAT:ENV_WASMUN(1.0),Municipal waste by waste management operations,A,Annual,RCY_M,Recycling - material,THS_T,Thousand tonnes,LT,Lithuania,2018,,315,,,,,
dataflow,ESTAT:ENV_WASMUN(1.0),Municipal waste by waste management operations,A,Annual,RCY_M,Recycling - material,THS_T,Thousand tonnes,LT,Lithuania,2019,,363,,,,,
dataflow,ESTAT:ENV_WASMUN(1.0),Municipal waste by waste management operations,A,Annual,RCY_M,Recycling - material,THS_T,Thousand tonnes,LT,Lithuania,2020,,329,,,,,
dataflow,ESTAT:ENV_WASMUN(1.0),Municipal waste by waste management operations,A,Annual,RCY_M,Recycling - material,THS_T,Thousand tonnes,LT,Lithuania,2021,,354,,,,,
dataflow,ESTAT:ENV_WASMUN(1.0),Municipal waste by waste management operations,A,Annual,RCY_M,Recycling - material,THS_T,Thousand tonnes,LT,Lithuania,2022,,345,,,,,
dataflow,ESTAT:ENV_WASMUN(1.0),Municipal waste by waste management operations,A,Annual,RCY_M,Recycling - material,THS_T,Thousand tonnes,LT,Lithuania,2023,,316,,,,,
dataflow,ESTAT:ENV_WASMUN(1.0),Municipal waste by waste management operations,A,Annual,RCY_M,Recycling - material,THS_T,Thousand tonnes,LU,Luxembourg,1995,,31,,,,,
dataflow,ESTAT:ENV_WASMUN(1.0),Municipal waste by waste management operations,A,Annual,RCY_M,Recycling - material,THS_T,Thousand tonnes,LU,Luxembourg,1996,,37,,,,,
dataflow,ESTAT:ENV_WASMUN(1.0),Municipal waste by waste management operations,A,Annual,RCY_M,Recycling - material,THS_T,Thousand tonnes,LU,Luxembourg,1997,,46,,,,,
dataflow,ESTAT:ENV_WASMUN(1.0),Municipal waste by waste management operations,A,Annual,RCY_M,Recycling - material,THS_T,Thousand tonnes,LU,Luxembourg,1998,,52,,,,,
dataflow,ESTAT:ENV_WASMUN(1.0),Municipal waste by waste management operations,A,Annual,RCY_M,Recycling - material,THS_T,Thousand tonnes,LU,Luxembourg,1999,,52,,,,,
dataflow,ESTAT:ENV_WASMUN(1.0),Municipal waste by waste management operations,A,Annual,RCY_M,Recycling - material,THS_T,Thousand tonnes,LU,Luxembourg,2000,,62,,,,,
dataflow,ESTAT:ENV_WASMUN(1.0),Municipal waste by waste management operations,A,Annual,RCY_M,Recycling - material,THS_T,Thousand tonnes,LU,Luxembourg,2001,,66,,,,,
dataflow,ESTAT:ENV_WASMUN(1.0),Municipal waste by waste management operations,A,Annual,RCY_M,Recycling - material,THS_T,Thousand tonnes,LU,Luxembourg,2002,,66,,,,,
dataflow,ESTAT:ENV_WASMUN(1.0),Municipal waste by waste management operations,A,Annual,RCY_M,Recycling - material,THS_T,Thousand tonnes,LU,Luxembourg,2003,,71,,,,,
dataflow,ESTAT:ENV_WASMUN(1.0),Municipal waste by waste management operations,A,Annual,RCY_M,Recycling - material,THS_T,Thousand tonnes,LU,Luxembourg,2004,,72,,,,,
dataflow,ESTAT:ENV_WASMUN(1.0),Municipal waste by waste management operations,A,Annual,RCY_M,Recycling - material,THS_T,Thousand tonnes,LU,Luxembourg,2005,,80,,,,,
dataflow,ESTAT:ENV_WASMUN(1.0),Municipal waste by waste management operations,A,Annual,RCY_M,Recycling - material,THS_T,Thousand tonnes,LU,Luxembourg,2006,,84,,,,,
dataflow,ESTAT:ENV_WASMUN(1.0),Municipal waste by waste management operations,A,Annual,RCY_M,Recycling - material,THS_T,Thousand tonnes,LU,Luxembourg,2007,,86,,,,,
dataflow,ESTAT:ENV_WASMUN(1.0),Municipal waste by waste management operations,A,Annual,RCY_M,Recycling - material,THS_T,Thousand tonnes,LU,Luxembourg,2008,,89,,,,,
dataflow,ESTAT:ENV_WASMUN(1.0),Municipal waste by waste management operations,A,Annual,RCY_M,Recycling - material,THS_T,Thousand tonnes,LU,Luxembourg,2009,,89,,,,,
dataflow,ESTAT:ENV_WASMUN(1.0),Municipal waste by waste management operations,A,Annual,RCY_M,Recycling - material,THS_T,Thousand tonnes,LU,Luxembourg,2010,,93,,,,,
dataflow,ESTAT:ENV_WASMUN(1.0),Municipal waste by waste management operations,A,Annual,RCY_M,Recycling - material,THS_T,Thousand tonnes,LU,Luxembourg,2011,,98,,,,,
dataflow,ESTAT:ENV_WASMUN(1.0),Municipal waste by waste management operations,A,Annual,RCY_M,Recycling - material,THS_T,Thousand tonnes,LU,Luxembourg,2012,,96,,,,,
dataflow,ESTAT:ENV_WASMUN(1.0),Municipal waste by waste management operations,A,Annual,RCY_M,Recycling - material,THS_T,Thousand tonnes,LU,Luxembourg,2013,,95,,,,,
dataflow,ESTAT:ENV_WASMUN(1.0),Municipal waste by waste management operations,A,Annual,RCY_M,Recycling - material,THS_T,Thousand tonnes,LU,Luxembourg,2014,,99,,,,,
dataflow,ESTAT:ENV_WASMUN(1.0),Municipal waste by waste management operations,A,Annual,RCY_M,Recycling - material,THS_T,Thousand tonnes,LU,Luxembourg,2015,,101,,,,,
dataflow,ESTAT:ENV_WASMUN(1.0),Municipal waste by waste management operations,A,Annual,RCY_M,Recycling - material,THS_T,Thousand tonnes,LU,Luxembourg,2016,,136,,b,break in time series,,
dataflow,ESTAT:ENV_WASMUN(1.0),Municipal waste by waste management operations,A,Annual,RCY_M,Recycling - material,THS_T,Thousand tonnes,LU,Luxembourg,2017,,141,,,,,
dataflow,ESTAT:ENV_WASMUN(1.0),Municipal waste by waste management operations,A,Annual,RCY_M,Recycling - material,THS_T,Thousand tonnes,LU,Luxembourg,2018,,145,,,,,
dataflow,ESTAT:ENV_WASMUN(1.0),Municipal waste by waste management operations,A,Annual,RCY_M,Recycling - material,THS_T,Thousand tonnes,LU,Luxembourg,2019,,146,,e,estimated,,
dataflow,ESTAT:ENV_WASMUN(1.0),Municipal waste by waste management operations,A,Annual,RCY_M,Recycling - material,THS_T,Thousand tonnes,LU,Luxembourg,2020,,146,,,,,
dataflow,ESTAT:ENV_WASMUN(1.0),Municipal waste by waste management operations,A,Annual,RCY_M,Recycling - material,THS_T,Thousand tonnes,LU,Luxembourg,2021,,152,,,,,
dataflow,ESTAT:ENV_WASMUN(1.0),Municipal waste by waste management operations,A,Annual,RCY_M,Recycling - material,THS_T,Thousand tonnes,LU,Luxembourg,2022,,150,,,,,
dataflow,ESTAT:ENV_WASMUN(1.0),Municipal waste by waste management operations,A,Annual,RCY_M,Recycling - material,THS_T,Thousand tonnes,LU,Luxembourg,2023,,149,,,,,
dataflow,ESTAT:ENV_WASMUN(1.0),Municipal waste by waste management operations,A,Annual,RCY_M,Recycling - material,THS_T,Thousand tonnes,LV,Latvia,1995,,0,,e,estimated,,
dataflow,ESTAT:ENV_WASMUN(1.0),Municipal waste by waste management operations,A,Annual,RCY_M,Recycling - material,THS_T,Thousand tonnes,LV,Latvia,1996,,0,,e,estimated,,
dataflow,ESTAT:ENV_WASMUN(1.0),Municipal waste by waste management operations,A,Annual,RCY_M,Recycling - material,THS_T,Thousand tonnes,LV,Latvia,1997,,0,,e,estimated,,
dataflow,ESTAT:ENV_WASMUN(1.0),Municipal waste by waste management operations,A,Annual,RCY_M,Recycling - material,THS_T,Thousand tonnes,LV,Latvia,1998,,0,,e,estimated,,
dataflow,ESTAT:ENV_WASMUN(1.0),Municipal waste by waste management operations,A,Annual,RCY_M,Recycling - material,THS_T,Thousand tonnes,LV,Latvia,1999,,0,,e,estimated,,
dataflow,ESTAT:ENV_WASMUN(1.0),Municipal waste by waste management operations,A,Annual,RCY_M,Recycling - material,THS_T,Thousand tonnes,LV,Latvia,2000,,0,,e,estimated,,
dataflow,ESTAT:ENV_WASMUN(1.0),Municipal waste by waste management operations,A,Annual,RCY_M,Recycling - material,THS_T,Thousand tonnes,LV,Latvia,2001,,0,,,,,
dataflow,ESTAT:ENV_WASMUN(1.0),Municipal waste by waste management operations,A,Annual,RCY_M,Recycling - material,THS_T,Thousand tonnes,LV,Latvia,2002,,3,,,,,
dataflow,ESTAT:ENV_WASMUN(1.0),Municipal waste by waste management operations,A,Annual,RCY_M,Recycling - material,THS_T,Thousand tonnes,LV,Latvia,2003,,14,,,,,
dataflow,ESTAT:ENV_WASMUN(1.0),Municipal waste by waste management operations,A,Annual,RCY_M,Recycling - material,THS_T,Thousand tonnes,LV,Latvia,2004,,25,,,,,
dataflow,ESTAT:ENV_WASMUN(1.0),Municipal waste by waste management operations,A,Annual,RCY_M,Recycling - material,THS_T,Thousand tonnes,LV,Latvia,2005,,26,,,,,
dataflow,ESTAT:ENV_WASMUN(1.0),Municipal waste by waste management operations,A,Annual,RCY_M,Recycling - material,THS_T,Thousand tonnes,LV,Latvia,2006,,29,,,,,
dataflow,ESTAT:ENV_WASMUN(1.0),Municipal waste by waste management operations,A,Annual,RCY_M,Recycling - material,THS_T,Thousand tonnes,LV,Latvia,2007,,38,,,,,
dataflow,ESTAT:ENV_WASMUN(1.0),Municipal waste by waste management operations,A,Annual,RCY_M,Recycling - material,THS_T,Thousand tonnes,LV,Latvia,2008,,43,,,,,
dataflow,ESTAT:ENV_WASMUN(1.0),Municipal waste by waste management operations,A,Annual,RCY_M,Recycling - material,THS_T,Thousand tonnes,LV,Latvia,2009,,56,,,,,
dataflow,ESTAT:ENV_WASMUN(1.0),Municipal waste by waste management operations,A,Annual,RCY_M,Recycling - material,THS_T,Thousand tonnes,LV,Latvia,2010,,60,,,,,
dataflow,ESTAT:ENV_WASMUN(1.0),Municipal waste by waste management operations,A,Annual,RCY_M,Recycling - material,THS_T,Thousand tonnes,LV,Latvia,2011,,62,,,,,
dataflow,ESTAT:ENV_WASMUN(1.0),Municipal waste by waste management operations,A,Annual,RCY_M,Recycling - material,THS_T,Thousand tonnes,LV,Latvia,2012,,84,,,,,
dataflow,ESTAT:ENV_WASMUN(1.0),Municipal waste by waste management operations,A,Annual,RCY_M,Recycling - material,THS_T,Thousand tonnes,LV,Latvia,2013,,142,,,,,
dataflow,ESTAT:ENV_WASMUN(1.0),Municipal waste by waste management operations,A,Annual,RCY_M,Recycling - material,THS_T,Thousand tonnes,LV,Latvia,2014,,170,,,,,
dataflow,ESTAT:ENV_WASMUN(1.0),Municipal waste by waste management operations,A,Annual,RCY_M,Recycling - material,THS_T,Thousand tonnes,LV,Latvia,2015,,182,,,,,
dataflow,ESTAT:ENV_WASMUN(1.0),Municipal waste by waste management operations,A,Annual,RCY_M,Recycling - material,THS_T,Thousand tonnes,LV,Latvia,2016,,121,,,,,
dataflow,ESTAT:ENV_WASMUN(1.0),Municipal waste by waste management operations,A,Annual,RCY_M,Recycling - material,THS_T,Thousand tonnes,LV,Latvia,2017,,141,,,,,
dataflow,ESTAT:ENV_WASMUN(1.0),Municipal waste by waste management operations,A,Annual,RCY_M,Recycling - material,THS_T,Thousand tonnes,LV,Latvia,2018,,150,,,,,
dataflow,ESTAT:ENV_WASMUN(1.0),Municipal waste by waste management operations,A,Annual,RCY_M,Recycling - material,THS_T,Thousand tonnes,LV,Latvia,2019,,302,,,,,
dataflow,ESTAT:ENV_WASMUN(1.0),Municipal waste by waste management operations,A,Annual,RCY_M,Recycling - material,THS_T,Thousand tonnes,LV,Latvia,2020,,294,,,,,
dataflow,ESTAT:ENV_WASMUN(1.0),Municipal waste by waste management operations,A,Annual,RCY_M,Recycling - material,THS_T,Thousand tonnes,LV,Latvia,2021,,314,,,,,
dataflow,ESTAT:ENV_WASMUN(1.0),Municipal waste by waste management operations,A,Annual,RCY_M,Recycling - material,THS_T,Thousand tonnes,LV,Latvia,2022,,295,,,,,
dataflow,ESTAT:ENV_WASMUN(1.0),Municipal waste by waste management operations,A,Annual,RCY_M,Recycling - material,THS_T,Thousand tonnes,ME,Montenegro,2011,,1,,e,estimated,,
dataflow,ESTAT:ENV_WASMUN(1.0),Municipal waste by waste management operations,A,Annual,RCY_M,Recycling - material,THS_T,Thousand tonnes,ME,Montenegro,2012,,8,,e,estimated,,
dataflow,ESTAT:ENV_WASMUN(1.0),Municipal waste by waste management operations,A,Annual,RCY_M,Recycling - material,THS_T,Thousand tonnes,ME,Montenegro,2013,,9,,e,estimated,,
dataflow,ESTAT:ENV_WASMUN(1.0),Municipal waste by waste management operations,A,Annual,RCY_M,Recycling - material,THS_T,Thousand tonnes,ME,Montenegro,2014,,9,,e,estimated,,
dataflow,ESTAT:ENV_WASMUN(1.0),Municipal waste by waste management operations,A,Annual,RCY_M,Recycling - material,THS_T,Thousand tonnes,ME,Montenegro,2015,,11,,e,estimated,,
dataflow,ESTAT:ENV_WASMUN(1.0),Municipal waste by waste management operations,A,Annual,RCY_M,Recycling - material,THS_T,Thousand tonnes,ME,Montenegro,2016,,11,,e,estimated,,
dataflow,ESTAT:ENV_WASMUN(1.0),Municipal waste by waste management operations,A,Annual,RCY_M,Recycling - material,THS_T,Thousand tonnes,ME,Montenegro,2017,,11,,e,estimated,,
dataflow,ESTAT:ENV_WASMUN(1.0),Municipal waste by waste management operations,A,Annual,RCY_M,Recycling - material,THS_T,Thousand tonnes,ME,Montenegro,2018,,11,,e,estimated,,
dataflow,ESTAT:ENV_WASMUN(1.0),Municipal waste by waste management operations,A,Annual,RCY_M,Recycling - material,THS_T,Thousand tonnes,ME,Montenegro,2019,,17,,e,estimated,,
dataflow,ESTAT:ENV_WASMUN(1.0),Municipal waste by waste management operations,A,Annual,RCY_M,Recycling - material,THS_T,Thousand tonnes,ME,Montenegro,2020,,13,,e,estimated,,
dataflow,ESTAT:ENV_WASMUN(1.0),Municipal waste by waste management operations,A,Annual,RCY_M,Recycling - material,THS_T,Thousand tonnes,ME,Montenegro,2021,,14,,e,estimated,,
dataflow,ESTAT:ENV_WASMUN(1.0),Municipal waste by waste management operations,A,Annual,RCY_M,Recycling - material,THS_T,Thousand tonnes,ME,Montenegro,2022,,13,,e,estimated,,
dataflow,ESTAT:ENV_WASMUN(1.0),Municipal waste by waste management operations,A,Annual,RCY_M,Recycling - material,THS_T,Thousand tonnes,ME,Montenegro,2023,,12,,e,estimated,,
dataflow,ESTAT:ENV_WASMUN(1.0),Municipal waste by waste management operations,A,Annual,RCY_M,Recycling - material,THS_T,Thousand tonnes,MK,North Macedonia,2008,,0,,,,,
dataflow,ESTAT:ENV_WASMUN(1.0),Municipal waste by waste management operations,A,Annual,RCY_M,Recycling - material,THS_T,Thousand tonnes,MK,North Macedonia,2011,,0,,,,,
dataflow,ESTAT:ENV_WASMUN(1.0),Municipal waste by waste management operations,A,Annual,RCY_M,Recycling - material,THS_T,Thousand tonnes,MK,North Macedonia,2022,,0,,,,,
dataflow,ESTAT:ENV_WASMUN(1.0),Municipal waste by waste management operations,A,Annual,RCY_M,Recycling - material,THS_T,Thousand tonnes,MT,Malta,1995,,0,,e,estimated,,
dataflow,ESTAT:ENV_WASMUN(1.0),Municipal waste by waste management operations,A,Annual,RCY_M,Recycling - material,THS_T,Thousand tonnes,MT,Malta,1996,,0,,e,estimated,,
dataflow,ESTAT:ENV_WASMUN(1.0),Municipal waste by waste management operations,A,Annual,RCY_M,Recycling - material,THS_T,Thousand tonnes,MT,Malta,1997,,0,,e,estimated,,
dataflow,ESTAT:ENV_WASMUN(1.0),Municipal waste by waste management operations,A,Annual,RCY_M,Recycling - material,THS_T,Thousand tonnes,MT,Malta,1998,,0,,e,estimated,,
dataflow,ESTAT:ENV_WASMUN(1.0),Municipal waste by waste management operations,A,Annual,RCY_M,Recycling - material,THS_T,Thousand tonnes,MT,Malta,1999,,0,,,,,
dataflow,ESTAT:ENV_WASMUN(1.0),Municipal waste by waste management operations,A,Annual,RCY_M,Recycling - material,THS_T,Thousand tonnes,MT,Malta,2000,,1,,,,,
dataflow,ESTAT:ENV_WASMUN(1.0),Municipal waste by waste management operations,A,Annual,RCY_M,Recycling - material,THS_T,Thousand tonnes,MT,Malta,2001,,1,,,,,
dataflow,ESTAT:ENV_WASMUN(1.0),Municipal waste by waste management operations,A,Annual,RCY_M,Recycling - material,THS_T,Thousand tonnes,MT,Malta,2002,,1,,,,,
dataflow,ESTAT:ENV_WASMUN(1.0),Municipal waste by waste management operations,A,Annual,RCY_M,Recycling - material,THS_T,Thousand tonnes,MT,Malta,2003,,1,,,,,
dataflow,ESTAT:ENV_WASMUN(1.0),Municipal waste by waste management operations,A,Annual,RCY_M,Recycling - material,THS_T,Thousand tonnes,MT,Malta,2004,,3,,,,,
dataflow,ESTAT:ENV_WASMUN(1.0),Municipal waste by waste management operations,A,Annual,RCY_M,Recycling - material,THS_T,Thousand tonnes,MT,Malta,2005,,5,,,,,
dataflow,ESTAT:ENV_WASMUN(1.0),Municipal waste by waste management operations,A,Annual,RCY_M,Recycling - material,THS_T,Thousand tonnes,MT,Malta,2006,,8,,,,,
dataflow,ESTAT:ENV_WASMUN(1.0),Municipal waste by waste management operations,A,Annual,RCY_M,Recycling - material,THS_T,Thousand tonnes,MT,Malta,2007,,6,,,,,
dataflow,ESTAT:ENV_WASMUN(1.0),Municipal waste by waste management operations,A,Annual,RCY_M,Recycling - material,THS_T,Thousand tonnes,MT,Malta,2008,,14,,,,,
dataflow,ESTAT:ENV_WASMUN(1.0),Municipal waste by waste management operations,A,Annual,RCY_M,Recycling - material,THS_T,Thousand tonnes,MT,Malta,2009,,19,,,,,
dataflow,ESTAT:ENV_WASMUN(1.0),Municipal waste by waste management operations,A,Annual,RCY_M,Recycling - material,THS_T,Thousand tonnes,MT,Malta,2010,,23,,,,,
dataflow,ESTAT:ENV_WASMUN(1.0),Municipal waste by waste management operations,A,Annual,RCY_M,Recycling - material,THS_T,Thousand tonnes,MT,Malta,2011,,37,,,,,
dataflow,ESTAT:ENV_WASMUN(1.0),Municipal waste by waste management operations,A,Annual,RCY_M,Recycling - material,THS_T,Thousand tonnes,MT,Malta,2012,,32,,,,,
dataflow,ESTAT:ENV_WASMUN(1.0),Municipal waste by waste management operations,A,Annual,RCY_M,Recycling - material,THS_T,Thousand tonnes,MT,Malta,2013,,32,,,,,
dataflow,ESTAT:ENV_WASMUN(1.0),Municipal waste by waste management operations,A,Annual,RCY_M,Recycling - material,THS_T,Thousand tonnes,MT,Malta,2014,,32,,,,,
dataflow,ESTAT:ENV_WASMUN(1.0),Municipal waste by waste management operations,A,Annual,RCY_M,Recycling - material,THS_T,Thousand tonnes,MT,Malta,2015,,31,,,,,
dataflow,ESTAT:ENV_WASMUN(1.0),Municipal waste by waste management operations,A,Annual,RCY_M,Recycling - material,THS_T,Thousand tonnes,MT,Malta,2016,,37,,,,,
dataflow,ESTAT:ENV_WASMUN(1.0),Municipal waste by waste management operations,A,Annual,RCY_M,Recycling - material,THS_T,Thousand tonnes,MT,Malta,2017,,36,,,,,
dataflow,ESTAT:ENV_WASMUN(1.0),Municipal waste by waste management operations,A,Annual,RCY_M,Recycling - material,THS_T,Thousand tonnes,MT,Malta,2018,,34,,,,,
dataflow,ESTAT:ENV_WASMUN(1.0),Municipal waste by waste management operations,A,Annual,RCY_M,Recycling - material,THS_T,Thousand tonnes,MT,Malta,2019,,32,,,,,
dataflow,ESTAT:ENV_WASMUN(1.0),Municipal waste by waste management operations,A,Annual,RCY_M,Recycling - material,THS_T,Thousand tonnes,MT,Malta,2020,,36,,,,,
dataflow,ESTAT:ENV_WASMUN(1.0),Municipal waste by waste management operations,A,Annual,RCY_M,Recycling - material,THS_T,Thousand tonnes,MT,Malta,2021,,43,,,,,
dataflow,ESTAT:ENV_WASMUN(1.0),Municipal waste by waste management operations,A,Annual,RCY_M,Recycling - material,THS_T,Thousand tonnes,MT,Malta,2022,,40,,,,,
dataflow,ESTAT:ENV_WASMUN(1.0),Municipal waste by waste management operations,A,Annual,RCY_M,Recycling - material,THS_T,Thousand tonnes,MT,Malta,2023,,56,,,,,
dataflow,ESTAT:ENV_WASMUN(1.0),Municipal waste by waste management operations,A,Annual,RCY_M,Recycling - material,THS_T,Thousand tonnes,NL,Netherlands,1995,,1295,,,,,
dataflow,ESTAT:ENV_WASMUN(1.0),Municipal waste by waste management operations,A,Annual,RCY_M,Recycling - material,THS_T,Thousand tonnes,NL,Netherlands,1996,,1437,,,,,
dataflow,ESTAT:ENV_WASMUN(1.0),Municipal waste by waste management operations,A,Annual,RCY_M,Recycling - material,THS_T,Thousand tonnes,NL,Netherlands,1997,,1604,,,,,
dataflow,ESTAT:ENV_WASMUN(1.0),Municipal waste by waste management operations,A,Annual,RCY_M,Recycling - material,THS_T,Thousand tonnes,NL,Netherlands,1998,,1710,,,,,
dataflow,ESTAT:ENV_WASMUN(1.0),Municipal waste by waste management operations,A,Annual,RCY_M,Recycling - material,THS_T,Thousand tonnes,NL,Netherlands,1999,,1822,,,,,
dataflow,ESTAT:ENV_WASMUN(1.0),Municipal waste by waste management operations,A,Annual,RCY_M,Recycling - material,THS_T,Thousand tonnes,NL,Netherlands,2000,,1899,,,,,
dataflow,ESTAT:ENV_WASMUN(1.0),Municipal waste by waste management operations,A,Annual,RCY_M,Recycling - material,THS_T,Thousand tonnes,NL,Netherlands,2001,,1917,,,,,
dataflow,ESTAT:ENV_WASMUN(1.0),Municipal waste by waste management operations,A,Annual,RCY_M,Recycling - material,THS_T,Thousand tonnes,NL,Netherlands,2002,,2022,,,,,
dataflow,ESTAT:ENV_WASMUN(1.0),Municipal waste by waste management operations,A,Annual,RCY_M,Recycling - material,THS_T,Thousand tonnes,NL,Netherlands,2003,,2039,,,,,
dataflow,ESTAT:ENV_WASMUN(1.0),Municipal waste by waste management operations,A,Annual,RCY_M,Recycling - material,THS_T,Thousand tonnes,NL,Netherlands,2004,,2183,,,,,
dataflow,ESTAT:ENV_WASMUN(1.0),Municipal waste by waste management operations,A,Annual,RCY_M,Recycling - material,THS_T,Thousand tonnes,NL,Netherlands,2005,,2142,,,,,
dataflow,ESTAT:ENV_WASMUN(1.0),Municipal waste by waste management operations,A,Annual,RCY_M,Recycling - material,THS_T,Thousand tonnes,NL,Netherlands,2006,,2247,,,,,
dataflow,ESTAT:ENV_WASMUN(1.0),Municipal waste by waste management operations,A,Annual,RCY_M,Recycling - material,THS_T,Thousand tonnes,NL,Netherlands,2007,,2388,,,,,
dataflow,ESTAT:ENV_WASMUN(1.0),Municipal waste by waste management operations,A,Annual,RCY_M,Recycling - material,THS_T,Thousand tonnes,NL,Netherlands,2008,,2450,,b,break in time series,,
dataflow,ESTAT:ENV_WASMUN(1.0),Municipal waste by waste management operations,A,Annual,RCY_M,Recycling - material,THS_T,Thousand tonnes,NL,Netherlands,2009,,2384,,,,,
dataflow,ESTAT:ENV_WASMUN(1.0),Municipal waste by waste management operations,A,Annual,RCY_M,Recycling - material,THS_T,Thousand tonnes,NL,Netherlands,2010,,2354,,,,,
dataflow,ESTAT:ENV_WASMUN(1.0),Municipal waste by waste management operations,A,Annual,RCY_M,Recycling - material,THS_T,Thousand tonnes,NL,Netherlands,2011,,2291,,,,,
dataflow,ESTAT:ENV_WASMUN(1.0),Municipal waste by waste management operations,A,Annual,RCY_M,Recycling - material,THS_T,Thousand tonnes,NL,Netherlands,2012,,2196,,,,,
dataflow,ESTAT:ENV_WASMUN(1.0),Municipal waste by waste management operations,A,Annual,RCY_M,Recycling - material,THS_T,Thousand tonnes,NL,Netherlands,2013,,2112,,,,,
dataflow,ESTAT:ENV_WASMUN(1.0),Municipal waste by waste management operations,A,Annual,RCY_M,Recycling - material,THS_T,Thousand tonnes,NL,Netherlands,2014,,2112,,,,,
dataflow,ESTAT:ENV_WASMUN(1.0),Municipal waste by waste management operations,A,Annual,RCY_M,Recycling - material,THS_T,Thousand tonnes,NL,Netherlands,2015,,2176,,,,,
dataflow,ESTAT:ENV_WASMUN(1.0),Municipal waste by waste management operations,A,Annual,RCY_M,Recycling - material,THS_T,Thousand tonnes,NL,Netherlands,2016,,2291,,,,,
dataflow,ESTAT:ENV_WASMUN(1.0),Municipal waste by waste management operations,A,Annual,RCY_M,Recycling - material,THS_T,Thousand tonnes,NL,Netherlands,2017,,2327,,,,,
dataflow,ESTAT:ENV_WASMUN(1.0),Municipal waste by waste management operations,A,Annual,RCY_M,Recycling - material,THS_T,Thousand tonnes,NL,Netherlands,2018,,2395,,,,,
dataflow,ESTAT:ENV_WASMUN(1.0),Municipal waste by waste management operations,A,Annual,RCY_M,Recycling - material,THS_T,Thousand tonnes,NL,Netherlands,2019,,2441,,,,,
dataflow,ESTAT:ENV_WASMUN(1.0),Municipal waste by waste management operations,A,Annual,RCY_M,Recycling - material,THS_T,Thousand tonnes,NL,Netherlands,2020,,2583,,,,,
dataflow,ESTAT:ENV_WASMUN(1.0),Municipal waste by waste management operations,A,Annual,RCY_M,Recycling - material,THS_T,Thousand tonnes,NL,Netherlands,2021,,2514,,,,,
dataflow,ESTAT:ENV_WASMUN(1.0),Municipal waste by waste management operations,A,Annual,RCY_M,Recycling - material,THS_T,Thousand tonnes,NL,Netherlands,2022,,2353,,p,provisional,,
dataflow,ESTAT:ENV_WASMUN(1.0),Municipal waste by waste management operations,A,Annual,RCY_M,Recycling - material,THS_T,Thousand tonnes,NL,Netherlands,2023,,2309,,,,,
dataflow,ESTAT:ENV_WASMUN(1.0),Municipal waste by waste management operations,A,Annual,RCY_M,Recycling - material,THS_T,Thousand tonnes,NO,Norway,1995,,322,,,,,
dataflow,ESTAT:ENV_WASMUN(1.0),Municipal waste by waste management operations,A,Annual,RCY_M,Recycling - material,THS_T,Thousand tonnes,NO,Norway,1996,,467,,,,,
dataflow,ESTAT:ENV_WASMUN(1.0),Municipal waste by waste management operations,A,Annual,RCY_M,Recycling - material,THS_T,Thousand tonnes,NO,Norway,1997,,548,,,,,
dataflow,ESTAT:ENV_WASMUN(1.0),Municipal waste by waste management operations,A,Annual,RCY_M,Recycling - material,THS_T,Thousand tonnes,NO,Norway,1998,,482,,,,,
dataflow,ESTAT:ENV_WASMUN(1.0),Municipal waste by waste management operations,A,Annual,RCY_M,Recycling - material,THS_T,Thousand tonnes,NO,Norway,1999,,579,,,,,
dataflow,ESTAT:ENV_WASMUN(1.0),Municipal waste by waste management operations,A,Annual,RCY_M,Recycling - material,THS_T,Thousand tonnes,NO,Norway,2000,,606,,,,,
dataflow,ESTAT:ENV_WASMUN(1.0),Municipal waste by waste management operations,A,Annual,RCY_M,Recycling - material,THS_T,Thousand tonnes,NO,Norway,2001,,496,,b,break in time series,,
dataflow,ESTAT:ENV_WASMUN(1.0),Municipal waste by waste management operations,A,Annual,RCY_M,Recycling - material,THS_T,Thousand tonnes,NO,Norway,2002,,560,,,,,
dataflow,ESTAT:ENV_WASMUN(1.0),Municipal waste by waste management operations,A,Annual,RCY_M,Recycling - material,THS_T,Thousand tonnes,NO,Norway,2003,,576,,,,,
dataflow,ESTAT:ENV_WASMUN(1.0),Municipal waste by waste management operations,A,Annual,RCY_M,Recycling - material,THS_T,Thousand tonnes,NO,Norway,2004,,475,,,,,
dataflow,ESTAT:ENV_WASMUN(1.0),Municipal waste by waste management operations,A,Annual,RCY_M,Recycling - material,THS_T,Thousand tonnes,NO,Norway,2005,,519,,,,,
dataflow,ESTAT:ENV_WASMUN(1.0),Municipal waste by waste management operations,A,Annual,RCY_M,Recycling - material,THS_T,Thousand tonnes,NO,Norway,2006,,574,,,,,
dataflow,ESTAT:ENV_WASMUN(1.0),Municipal waste by waste management operations,A,Annual,RCY_M,Recycling - material,THS_T,Thousand tonnes,NO,Norway,2007,,642,,,,,
dataflow,ESTAT:ENV_WASMUN(1.0),Municipal waste by waste management operations,A,Annual,RCY_M,Recycling - material,THS_T,Thousand tonnes,NO,Norway,2008,,670,,,,,
dataflow,ESTAT:ENV_WASMUN(1.0),Municipal waste by waste management operations,A,Annual,RCY_M,Recycling - material,THS_T,Thousand tonnes,NO,Norway,2009,,620,,,,,
dataflow,ESTAT:ENV_WASMUN(1.0),Municipal waste by waste management operations,A,Annual,RCY_M,Recycling - material,THS_T,Thousand tonnes,NO,Norway,2010,,609,,,,,
dataflow,ESTAT:ENV_WASMUN(1.0),Municipal waste by waste management operations,A,Annual,RCY_M,Recycling - material,THS_T,Thousand tonnes,NO,Norway,2011,,598,,,,,
dataflow,ESTAT:ENV_WASMUN(1.0),Municipal waste by waste management operations,A,Annual,RCY_M,Recycling - material,THS_T,Thousand tonnes,NO,Norway,2012,,620,,,,,
dataflow,ESTAT:ENV_WASMUN(1.0),Municipal waste by waste management operations,A,Annual,RCY_M,Recycling - material,THS_T,Thousand tonnes,NO,Norway,2013,,590,,,,,
dataflow,ESTAT:ENV_WASMUN(1.0),Municipal waste by waste management operations,A,Annual,RCY_M,Recycling - material,THS_T,Thousand tonnes,NO,Norway,2014,,567,,b,break in time series,,
dataflow,ESTAT:ENV_WASMUN(1.0),Municipal waste by waste management operations,A,Annual,RCY_M,Recycling - material,THS_T,Thousand tonnes,NO,Norway,2015,,572,,,,,
dataflow,ESTAT:ENV_WASMUN(1.0),Municipal waste by waste management operations,A,Annual,RCY_M,Recycling - material,THS_T,Thousand tonnes,NO,Norway,2016,,1105,,b,break in time series,,
dataflow,ESTAT:ENV_WASMUN(1.0),Municipal waste by waste management operations,A,Annual,RCY_M,Recycling - material,THS_T,Thousand tonnes,NO,Norway,2017,,1138,,,,,
dataflow,ESTAT:ENV_WASMUN(1.0),Municipal waste by waste management operations,A,Annual,RCY_M,Recycling - material,THS_T,Thousand tonnes,NO,Norway,2018,,1217,,,,,
dataflow,ESTAT:ENV_WASMUN(1.0),Municipal waste by waste management operations,A,Annual,RCY_M,Recycling - material,THS_T,Thousand tonnes,NO,Norway,2019,,1241,,,,,
dataflow,ESTAT:ENV_WASMUN(1.0),Municipal waste by waste management operations,A,Annual,RCY_M,Recycling - material,THS_T,Thousand tonnes,NO,Norway,2020,,1379,,b,break in time series,,
dataflow,ESTAT:ENV_WASMUN(1.0),Municipal waste by waste management operations,A,Annual,RCY_M,Recycling - material,THS_T,Thousand tonnes,NO,Norway,2021,,1234,,,,,
dataflow,ESTAT:ENV_WASMUN(1.0),Municipal waste by waste management operations,A,Annual,RCY_M,Recycling - material,THS_T,Thousand tonnes,NO,Norway,2022,,1291,,,,,
dataflow,ESTAT:ENV_WASMUN(1.0),Municipal waste by waste management operations,A,Annual,RCY_M,Recycling - material,THS_T,Thousand tonnes,NO,Norway,2023,,1252,,,,,
dataflow,ESTAT:ENV_WASMUN(1.0),Municipal waste by waste management operations,A,Annual,RCY_M,Recycling - material,THS_T,Thousand tonnes,PL,Poland,1995,,0,,,,,
dataflow,ESTAT:ENV_WASMUN(1.0),Municipal waste by waste management operations,A,Annual,RCY_M,Recycling - material,THS_T,Thousand tonnes,PL,Poland,1996,,0,,,,,
dataflow,ESTAT:ENV_WASMUN(1.0),Municipal waste by waste management operations,A,Annual,RCY_M,Recycling - material,THS_T,Thousand tonnes,PL,Poland,1997,,0,,,,,
dataflow,ESTAT:ENV_WASMUN(1.0),Municipal waste by waste management operations,A,Annual,RCY_M,Recycling - material,THS_T,Thousand tonnes,PL,Poland,1998,,13,,,,,
dataflow,ESTAT:ENV_WASMUN(1.0),Municipal waste by waste management operations,A,Annual,RCY_M,Recycling - material,THS_T,Thousand tonnes,PL,Poland,1999,,18,,,,,
dataflow,ESTAT:ENV_WASMUN(1.0),Municipal waste by waste management operations,A,Annual,RCY_M,Recycling - material,THS_T,Thousand tonnes,PL,Poland,2000,,13,,,,,
dataflow,ESTAT:ENV_WASMUN(1.0),Municipal waste by waste management operations,A,Annual,RCY_M,Recycling - material,THS_T,Thousand tonnes,PL,Poland,2001,,147,,,,,
dataflow,ESTAT:ENV_WASMUN(1.0),Municipal waste by waste management operations,A,Annual,RCY_M,Recycling - material,THS_T,Thousand tonnes,PL,Poland,2002,,116,,,,,
dataflow,ESTAT:ENV_WASMUN(1.0),Municipal waste by waste management operations,A,Annual,RCY_M,Recycling - material,THS_T,Thousand tonnes,PL,Poland,2003,,145,,,,,
dataflow,ESTAT:ENV_WASMUN(1.0),Municipal waste by waste management operations,A,Annual,RCY_M,Recycling - material,THS_T,Thousand tonnes,PL,Poland,2004,,243,,,,,
dataflow,ESTAT:ENV_WASMUN(1.0),Municipal waste by waste management operations,A,Annual,RCY_M,Recycling - material,THS_T,Thousand tonnes,PL,Poland,2005,,367,,,,,
dataflow,ESTAT:ENV_WASMUN(1.0),Municipal waste by waste management operations,A,Annual,RCY_M,Recycling - material,THS_T,Thousand tonnes,PL,Poland,2006,,487,,,,,
dataflow,ESTAT:ENV_WASMUN(1.0),Municipal waste by waste management operations,A,Annual,RCY_M,Recycling - material,THS_T,Thousand tonnes,PL,Poland,2007,,580,,,,,
dataflow,ESTAT:ENV_WASMUN(1.0),Municipal waste by waste management operations,A,Annual,RCY_M,Recycling - material,THS_T,Thousand tonnes,PL,Poland,2008,,895,,,,,
dataflow,ESTAT:ENV_WASMUN(1.0),Municipal waste by waste management operations,A,Annual,RCY_M,Recycling - material,THS_T,Thousand tonnes,PL,Poland,2009,,1421,,,,,
dataflow,ESTAT:ENV_WASMUN(1.0),Municipal waste by waste management operations,A,Annual,RCY_M,Recycling - material,THS_T,Thousand tonnes,PL,Poland,2010,,1783,,,,,
dataflow,ESTAT:ENV_WASMUN(1.0),Municipal waste by waste management operations,A,Annual,RCY_M,Recycling - material,THS_T,Thousand tonnes,PL,Poland,2011,,1173,,,,,
dataflow,ESTAT:ENV_WASMUN(1.0),Municipal waste by waste management operations,A,Annual,RCY_M,Recycling - material,THS_T,Thousand tonnes,PL,Poland,2012,,1244,,,,,
dataflow,ESTAT:ENV_WASMUN(1.0),Municipal waste by waste management operations,A,Annual,RCY_M,Recycling - material,THS_T,Thousand tonnes,PL,Poland,2013,,1499,,,,,
dataflow,ESTAT:ENV_WASMUN(1.0),Municipal waste by waste management operations,A,Annual,RCY_M,Recycling - material,THS_T,Thousand tonnes,PL,Poland,2014,,2180,,be,"break in time series, estimated",,
dataflow,ESTAT:ENV_WASMUN(1.0),Municipal waste by waste management operations,A,Annual,RCY_M,Recycling - material,THS_T,Thousand tonnes,PL,Poland,2015,,2867,,e,estimated,,
dataflow,ESTAT:ENV_WASMUN(1.0),Municipal waste by waste management operations,A,Annual,RCY_M,Recycling - material,THS_T,Thousand tonnes,PL,Poland,2016,,3243,,e,estimated,,
dataflow,ESTAT:ENV_WASMUN(1.0),Municipal waste by waste management operations,A,Annual,RCY_M,Recycling - material,THS_T,Thousand tonnes,PL,Poland,2017,,3199,,e,estimated,,
dataflow,ESTAT:ENV_WASMUN(1.0),Municipal waste by waste management operations,A,Annual,RCY_M,Recycling - material,THS_T,Thousand tonnes,PL,Poland,2018,,3269,,e,estimated,,
dataflow,ESTAT:ENV_WASMUN(1.0),Municipal waste by waste management operations,A,Annual,RCY_M,Recycling - material,THS_T,Thousand tonnes,PL,Poland,2019,,3192,,e,estimated,,
dataflow,ESTAT:ENV_WASMUN(1.0),Municipal waste by waste management operations,A,Annual,RCY_M,Recycling - material,THS_T,Thousand tonnes,PL,Poland,2020,,3499,,,,,
dataflow,ESTAT:ENV_WASMUN(1.0),Municipal waste by waste management operations,A,Annual,RCY_M,Recycling - material,THS_T,Thousand tonnes,PL,Poland,2021,,3681,,,,,
dataflow,ESTAT:ENV_WASMUN(1.0),Municipal waste by waste management operations,A,Annual,RCY_M,Recycling - material,THS_T,Thousand tonnes,PL,Poland,2022,,3585,,,,,
dataflow,ESTAT:ENV_WASMUN(1.0),Municipal waste by waste management operations,A,Annual,RCY_M,Recycling - material,THS_T,Thousand tonnes,PL,Poland,2023,,2120,,b,break in time series,,
dataflow,ESTAT:ENV_WASMUN(1.0),Municipal waste by waste management operations,A,Annual,RCY_M,Recycling - material,THS_T,Thousand tonnes,PT,Portugal,1995,,40,,,,,
dataflow,ESTAT:ENV_WASMUN(1.0),Municipal waste by waste management operations,A,Annual,RCY_M,Recycling - material,THS_T,Thousand tonnes,PT,Portugal,1996,,54,,,,,
dataflow,ESTAT:ENV_WASMUN(1.0),Municipal waste by waste management operations,A,Annual,RCY_M,Recycling - material,THS_T,Thousand tonnes,PT,Portugal,1997,,67,,,,,
dataflow,ESTAT:ENV_WASMUN(1.0),Municipal waste by waste management operations,A,Annual,RCY_M,Recycling - material,THS_T,Thousand tonnes,PT,Portugal,1998,,82,,,,,
dataflow,ESTAT:ENV_WASMUN(1.0),Municipal waste by waste management operations,A,Annual,RCY_M,Recycling - material,THS_T,Thousand tonnes,PT,Portugal,1999,,109,,,,,
dataflow,ESTAT:ENV_WASMUN(1.0),Municipal waste by waste management operations,A,Annual,RCY_M,Recycling - material,THS_T,Thousand tonnes,PT,Portugal,2000,,157,,,,,
dataflow,ESTAT:ENV_WASMUN(1.0),Municipal waste by waste management operations,A,Annual,RCY_M,Recycling - material,THS_T,Thousand tonnes,PT,Portugal,2001,,190,,,,,
dataflow,ESTAT:ENV_WASMUN(1.0),Municipal waste by waste management operations,A,Annual,RCY_M,Recycling - material,THS_T,Thousand tonnes,PT,Portugal,2002,,213,,b,break in time series,,
dataflow,ESTAT:ENV_WASMUN(1.0),Municipal waste by waste management operations,A,Annual,RCY_M,Recycling - material,THS_T,Thousand tonnes,PT,Portugal,2003,,227,,,,,
dataflow,ESTAT:ENV_WASMUN(1.0),Municipal waste by waste management operations,A,Annual,RCY_M,Recycling - material,THS_T,Thousand tonnes,PT,Portugal,2004,,320,,,,,
dataflow,ESTAT:ENV_WASMUN(1.0),Municipal waste by waste management operations,A,Annual,RCY_M,Recycling - material,THS_T,Thousand tonnes,PT,Portugal,2005,,406,,,,,
dataflow,ESTAT:ENV_WASMUN(1.0),Municipal waste by waste management operations,A,Annual,RCY_M,Recycling - material,THS_T,Thousand tonnes,PT,Portugal,2006,,475,,,,,
dataflow,ESTAT:ENV_WASMUN(1.0),Municipal waste by waste management operations,A,Annual,RCY_M,Recycling - material,THS_T,Thousand tonnes,PT,Portugal,2007,,528,,b,break in time series,,
dataflow,ESTAT:ENV_WASMUN(1.0),Municipal waste by waste management operations,A,Annual,RCY_M,Recycling - material,THS_T,Thousand tonnes,PT,Portugal,2008,,567,,,,,
dataflow,ESTAT:ENV_WASMUN(1.0),Municipal waste by waste management operations,A,Annual,RCY_M,Recycling - material,THS_T,Thousand tonnes,PT,Portugal,2009,,648,,,,,
dataflow,ESTAT:ENV_WASMUN(1.0),Municipal waste by waste management operations,A,Annual,RCY_M,Recycling - material,THS_T,Thousand tonnes,PT,Portugal,2010,,619,,,,,
dataflow,ESTAT:ENV_WASMUN(1.0),Municipal waste by waste management operations,A,Annual,RCY_M,Recycling - material,THS_T,Thousand tonnes,PT,Portugal,2011,,595,,,,,
dataflow,ESTAT:ENV_WASMUN(1.0),Municipal waste by waste management operations,A,Annual,RCY_M,Recycling - material,THS_T,Thousand tonnes,PT,Portugal,2012,,549,,,,,
dataflow,ESTAT:ENV_WASMUN(1.0),Municipal waste by waste management operations,A,Annual,RCY_M,Recycling - material,THS_T,Thousand tonnes,PT,Portugal,2013,,594,,,,,
dataflow,ESTAT:ENV_WASMUN(1.0),Municipal waste by waste management operations,A,Annual,RCY_M,Recycling - material,THS_T,Thousand tonnes,PT,Portugal,2014,,765,,,,,
dataflow,ESTAT:ENV_WASMUN(1.0),Municipal waste by waste management operations,A,Annual,RCY_M,Recycling - material,THS_T,Thousand tonnes,PT,Portugal,2015,,678,,,,,
dataflow,ESTAT:ENV_WASMUN(1.0),Municipal waste by waste management operations,A,Annual,RCY_M,Recycling - material,THS_T,Thousand tonnes,PT,Portugal,2016,,699,,,,,
dataflow,ESTAT:ENV_WASMUN(1.0),Municipal waste by waste management operations,A,Annual,RCY_M,Recycling - material,THS_T,Thousand tonnes,PT,Portugal,2017,,604,,,,,
dataflow,ESTAT:ENV_WASMUN(1.0),Municipal waste by waste management operations,A,Annual,RCY_M,Recycling - material,THS_T,Thousand tonnes,PT,Portugal,2018,,638,,,,,
dataflow,ESTAT:ENV_WASMUN(1.0),Municipal waste by waste management operations,A,Annual,RCY_M,Recycling - material,THS_T,Thousand tonnes,PT,Portugal,2019,,643,,,,,
dataflow,ESTAT:ENV_WASMUN(1.0),Municipal waste by waste management operations,A,Annual,RCY_M,Recycling - material,THS_T,Thousand tonnes,PT,Portugal,2020,,673,,,,,
dataflow,ESTAT:ENV_WASMUN(1.0),Municipal waste by waste management operations,A,Annual,RCY_M,Recycling - material,THS_T,Thousand tonnes,PT,Portugal,2021,,724,,,,,
dataflow,ESTAT:ENV_WASMUN(1.0),Municipal waste by waste management operations,A,Annual,RCY_M,Recycling - material,THS_T,Thousand tonnes,PT,Portugal,2022,,695,,,,,
dataflow,ESTAT:ENV_WASMUN(1.0),Municipal waste by waste management operations,A,Annual,RCY_M,Recycling - material,THS_T,Thousand tonnes,PT,Portugal,2023,,696,,,,,
dataflow,ESTAT:ENV_WASMUN(1.0),Municipal waste by waste management operations,A,Annual,RCY_M,Recycling - material,THS_T,Thousand tonnes,RO,Romania,1995,,0,,,,,
dataflow,ESTAT:ENV_WASMUN(1.0),Municipal waste by waste management operations,A,Annual,RCY_M,Recycling - material,THS_T,Thousand tonnes,RO,Romania,1996,,0,,,,,
dataflow,ESTAT:ENV_WASMUN(1.0),Municipal waste by waste management operations,A,Annual,RCY_M,Recycling - material,THS_T,Thousand tonnes,RO,Romania,1997,,0,,,,,
dataflow,ESTAT:ENV_WASMUN(1.0),Municipal waste by waste management operations,A,Annual,RCY_M,Recycling - material,THS_T,Thousand tonnes,RO,Romania,1998,,0,,,,,
dataflow,ESTAT:ENV_WASMUN(1.0),Municipal waste by waste management operations,A,Annual,RCY_M,Recycling - material,THS_T,Thousand tonnes,RO,Romania,1999,,0,,,,,
dataflow,ESTAT:ENV_WASMUN(1.0),Municipal waste by waste management operations,A,Annual,RCY_M,Recycling - material,THS_T,Thousand tonnes,RO,Romania,2000,,0,,,,,
dataflow,ESTAT:ENV_WASMUN(1.0),Municipal waste by waste management operations,A,Annual,RCY_M,Recycling - material,THS_T,Thousand tonnes,RO,Romania,2001,,123,,,,,
dataflow,ESTAT:ENV_WASMUN(1.0),Municipal waste by waste management operations,A,Annual,RCY_M,Recycling - material,THS_T,Thousand tonnes,RO,Romania,2002,,170,,,,,
dataflow,ESTAT:ENV_WASMUN(1.0),Municipal waste by waste management operations,A,Annual,RCY_M,Recycling - material,THS_T,Thousand tonnes,RO,Romania,2003,,17,,b,break in time series,,
dataflow,ESTAT:ENV_WASMUN(1.0),Municipal waste by waste management operations,A,Annual,RCY_M,Recycling - material,THS_T,Thousand tonnes,RO,Romania,2004,,83,,,,,
dataflow,ESTAT:ENV_WASMUN(1.0),Municipal waste by waste management operations,A,Annual,RCY_M,Recycling - material,THS_T,Thousand tonnes,RO,Romania,2005,,145,,,,,
dataflow,ESTAT:ENV_WASMUN(1.0),Municipal waste by waste management operations,A,Annual,RCY_M,Recycling - material,THS_T,Thousand tonnes,RO,Romania,2006,,41,,,,,
dataflow,ESTAT:ENV_WASMUN(1.0),Municipal waste by waste management operations,A,Annual,RCY_M,Recycling - material,THS_T,Thousand tonnes,RO,Romania,2007,,34,,,,,
dataflow,ESTAT:ENV_WASMUN(1.0),Municipal waste by waste management operations,A,Annual,RCY_M,Recycling - material,THS_T,Thousand tonnes,RO,Romania,2008,,72,,,,,
dataflow,ESTAT:ENV_WASMUN(1.0),Municipal waste by waste management operations,A,Annual,RCY_M,Recycling - material,THS_T,Thousand tonnes,RO,Romania,2009,,78,,,,,
dataflow,ESTAT:ENV_WASMUN(1.0),Municipal waste by waste management operations,A,Annual,RCY_M,Recycling - material,THS_T,Thousand tonnes,RO,Romania,2010,,162,,b,break in time series,,
dataflow,ESTAT:ENV_WASMUN(1.0),Municipal waste by waste management operations,A,Annual,RCY_M,Recycling - material,THS_T,Thousand tonnes,RO,Romania,2011,,173,,,,,
dataflow,ESTAT:ENV_WASMUN(1.0),Municipal waste by waste management operations,A,Annual,RCY_M,Recycling - material,THS_T,Thousand tonnes,RO,Romania,2012,,165,,,,,
dataflow,ESTAT:ENV_WASMUN(1.0),Municipal waste by waste management operations,A,Annual,RCY_M,Recycling - material,THS_T,Thousand tonnes,RO,Romania,2013,,215,,,,,
dataflow,ESTAT:ENV_WASMUN(1.0),Municipal waste by waste management operations,A,Annual,RCY_M,Recycling - material,THS_T,Thousand tonnes,RO,Romania,2014,,256,,,,,
dataflow,ESTAT:ENV_WASMUN(1.0),Municipal waste by waste management operations,A,Annual,RCY_M,Recycling - material,THS_T,Thousand tonnes,RO,Romania,2015,,284,,,,,
dataflow,ESTAT:ENV_WASMUN(1.0),Municipal waste by waste management operations,A,Annual,RCY_M,Recycling - material,THS_T,Thousand tonnes,RO,Romania,2016,,337,,,,,
dataflow,ESTAT:ENV_WASMUN(1.0),Municipal waste by waste management operations,A,Annual,RCY_M,Recycling - material,THS_T,Thousand tonnes,RO,Romania,2017,,393,,,,,
dataflow,ESTAT:ENV_WASMUN(1.0),Municipal waste by waste management operations,A,Annual,RCY_M,Recycling - material,THS_T,Thousand tonnes,RO,Romania,2018,,406,,,,,
dataflow,ESTAT:ENV_WASMUN(1.0),Municipal waste by waste management operations,A,Annual,RCY_M,Recycling - material,THS_T,Thousand tonnes,RO,Romania,2019,,384,,,,,
dataflow,ESTAT:ENV_WASMUN(1.0),Municipal waste by waste management operations,A,Annual,RCY_M,Recycling - material,THS_T,Thousand tonnes,RO,Romania,2020,,310,,,,,
dataflow,ESTAT:ENV_WASMUN(1.0),Municipal waste by waste management operations,A,Annual,RCY_M,Recycling - material,THS_T,Thousand tonnes,RO,Romania,2021,,384,,,,,
dataflow,ESTAT:ENV_WASMUN(1.0),Municipal waste by waste management operations,A,Annual,RCY_M,Recycling - material,THS_T,Thousand tonnes,RO,Romania,2022,,420,,,,,
dataflow,ESTAT:ENV_WASMUN(1.0),Municipal waste by waste management operations,A,Annual,RCY_M,Recycling - material,THS_T,Thousand tonnes,RS,Serbia,2006,,0,,,,,
dataflow,ESTAT:ENV_WASMUN(1.0),Municipal waste by waste management operations,A,Annual,RCY_M,Recycling - material,THS_T,Thousand tonnes,RS,Serbia,2007,,0,,,,,
dataflow,ESTAT:ENV_WASMUN(1.0),Municipal waste by waste management operations,A,Annual,RCY_M,Recycling - material,THS_T,Thousand tonnes,RS,Serbia,2008,,0,,,,,
dataflow,ESTAT:ENV_WASMUN(1.0),Municipal waste by waste management operations,A,Annual,RCY_M,Recycling - material,THS_T,Thousand tonnes,RS,Serbia,2009,,0,,,,,
dataflow,ESTAT:ENV_WASMUN(1.0),Municipal waste by waste management operations,A,Annual,RCY_M,Recycling - material,THS_T,Thousand tonnes,RS,Serbia,2010,,0,,,,,
dataflow,ESTAT:ENV_WASMUN(1.0),Municipal waste by waste management operations,A,Annual,RCY_M,Recycling - material,THS_T,Thousand tonnes,RS,Serbia,2011,,0,,,,,
dataflow,ESTAT:ENV_WASMUN(1.0),Municipal waste by waste management operations,A,Annual,RCY_M,Recycling - material,THS_T,Thousand tonnes,RS,Serbia,2012,,0,,,,,
dataflow,ESTAT:ENV_WASMUN(1.0),Municipal waste by waste management operations,A,Annual,RCY_M,Recycling - material,THS_T,Thousand tonnes,RS,Serbia,2013,,25,,,,,
dataflow,ESTAT:ENV_WASMUN(1.0),Municipal waste by waste management operations,A,Annual,RCY_M,Recycling - material,THS_T,Thousand tonnes,RS,Serbia,2014,,15,,,,,
dataflow,ESTAT:ENV_WASMUN(1.0),Municipal waste by waste management operations,A,Annual,RCY_M,Recycling - material,THS_T,Thousand tonnes,RS,Serbia,2015,,14,,,,,
dataflow,ESTAT:ENV_WASMUN(1.0),Municipal waste by waste management operations,A,Annual,RCY_M,Recycling - material,THS_T,Thousand tonnes,RS,Serbia,2016,,5,,,,,
dataflow,ESTAT:ENV_WASMUN(1.0),Municipal waste by waste management operations,A,Annual,RCY_M,Recycling - material,THS_T,Thousand tonnes,RS,Serbia,2017,,6,,,,,
dataflow,ESTAT:ENV_WASMUN(1.0),Municipal waste by waste management operations,A,Annual,RCY_M,Recycling - material,THS_T,Thousand tonnes,RS,Serbia,2018,,6,,,,,
dataflow,ESTAT:ENV_WASMUN(1.0),Municipal waste by waste management operations,A,Annual,RCY_M,Recycling - material,THS_T,Thousand tonnes,RS,Serbia,2019,,4,,,,,
dataflow,ESTAT:ENV_WASMUN(1.0),Municipal waste by waste management operations,A,Annual,RCY_M,Recycling - material,THS_T,Thousand tonnes,RS,Serbia,2020,,444,,,,,
dataflow,ESTAT:ENV_WASMUN(1.0),Municipal waste by waste management operations,A,Annual,RCY_M,Recycling - material,THS_T,Thousand tonnes,RS,Serbia,2021,,496,,,,,
dataflow,ESTAT:ENV_WASMUN(1.0),Municipal waste by waste management operations,A,Annual,RCY_M,Recycling - material,THS_T,Thousand tonnes,RS,Serbia,2022,,552,,,,,
dataflow,ESTAT:ENV_WASMUN(1.0),Municipal waste by waste management operations,A,Annual,RCY_M,Recycling - material,THS_T,Thousand tonnes,RS,Serbia,2023,,458,,,,,
dataflow,ESTAT:ENV_WASMUN(1.0),Municipal waste by waste management operations,A,Annual,RCY_M,Recycling - material,THS_T,Thousand tonnes,SE,Sweden,1995,,685,,,,,
dataflow,ESTAT:ENV_WASMUN(1.0),Municipal waste by waste management operations,A,Annual,RCY_M,Recycling - material,THS_T,Thousand tonnes,SE,Sweden,1996,,810,,,,,
dataflow,ESTAT:ENV_WASMUN(1.0),Municipal waste by waste management operations,A,Annual,RCY_M,Recycling - material,THS_T,Thousand tonnes,SE,Sweden,1997,,923,,,,,
dataflow,ESTAT:ENV_WASMUN(1.0),Municipal waste by waste management operations,A,Annual,RCY_M,Recycling - material,THS_T,Thousand tonnes,SE,Sweden,1998,,1046,,,,,
dataflow,ESTAT:ENV_WASMUN(1.0),Municipal waste by waste management operations,A,Annual,RCY_M,Recycling - material,THS_T,Thousand tonnes,SE,Sweden,1999,,1094,,,,,
dataflow,ESTAT:ENV_WASMUN(1.0),Municipal waste by waste management operations,A,Annual,RCY_M,Recycling - material,THS_T,Thousand tonnes,SE,Sweden,2000,,1091,,,,,
dataflow,ESTAT:ENV_WASMUN(1.0),Municipal waste by waste management operations,A,Annual,RCY_M,Recycling - material,THS_T,Thousand tonnes,SE,Sweden,2001,,1135,,,,,
dataflow,ESTAT:ENV_WASMUN(1.0),Municipal waste by waste management operations,A,Annual,RCY_M,Recycling - material,THS_T,Thousand tonnes,SE,Sweden,2002,,1295,,,,,
dataflow,ESTAT:ENV_WASMUN(1.0),Municipal waste by waste management operations,A,Annual,RCY_M,Recycling - material,THS_T,Thousand tonnes,SE,Sweden,2003,,1314,,,,,
dataflow,ESTAT:ENV_WASMUN(1.0),Municipal waste by waste management operations,A,Annual,RCY_M,Recycling - material,THS_T,Thousand tonnes,SE,Sweden,2004,,1385,,,,,
dataflow,ESTAT:ENV_WASMUN(1.0),Municipal waste by waste management operations,A,Annual,RCY_M,Recycling - material,THS_T,Thousand tonnes,SE,Sweden,2005,,1474,,,,,
dataflow,ESTAT:ENV_WASMUN(1.0),Municipal waste by waste management operations,A,Annual,RCY_M,Recycling - material,THS_T,Thousand tonnes,SE,Sweden,2006,,1658,,,,,
dataflow,ESTAT:ENV_WASMUN(1.0),Municipal waste by waste management operations,A,Annual,RCY_M,Recycling - material,THS_T,Thousand tonnes,SE,Sweden,2007,,1591,,,,,
dataflow,ESTAT:ENV_WASMUN(1.0),Municipal waste by waste management operations,A,Annual,RCY_M,Recycling - material,THS_T,Thousand tonnes,SE,Sweden,2008,,1520,,,,,
dataflow,ESTAT:ENV_WASMUN(1.0),Municipal waste by waste management operations,A,Annual,RCY_M,Recycling - material,THS_T,Thousand tonnes,SE,Sweden,2009,,1604,,,,,
dataflow,ESTAT:ENV_WASMUN(1.0),Municipal waste by waste management operations,A,Annual,RCY_M,Recycling - material,THS_T,Thousand tonnes,SE,Sweden,2010,,1414,,,,,
dataflow,ESTAT:ENV_WASMUN(1.0),Municipal waste by waste management operations,A,Annual,RCY_M,Recycling - material,THS_T,Thousand tonnes,SE,Sweden,2011,,1408,,,,,
dataflow,ESTAT:ENV_WASMUN(1.0),Municipal waste by waste management operations,A,Annual,RCY_M,Recycling - material,THS_T,Thousand tonnes,SE,Sweden,2012,,1405,,,,,
dataflow,ESTAT:ENV_WASMUN(1.0),Municipal waste by waste management operations,A,Annual,RCY_M,Recycling - material,THS_T,Thousand tonnes,SE,Sweden,2013,,1445,,,,,
dataflow,ESTAT:ENV_WASMUN(1.0),Municipal waste by waste management operations,A,Annual,RCY_M,Recycling - material,THS_T,Thousand tonnes,SE,Sweden,2014,,1420,,,,,
dataflow,ESTAT:ENV_WASMUN(1.0),Municipal waste by waste management operations,A,Annual,RCY_M,Recycling - material,THS_T,Thousand tonnes,SE,Sweden,2015,,1418,,,,,
dataflow,ESTAT:ENV_WASMUN(1.0),Municipal waste by waste management operations,A,Annual,RCY_M,Recycling - material,THS_T,Thousand tonnes,SE,Sweden,2016,,1435,,,,,
dataflow,ESTAT:ENV_WASMUN(1.0),Municipal waste by waste management operations,A,Annual,RCY_M,Recycling - material,THS_T,Thousand tonnes,SE,Sweden,2017,,1426,,,,,
dataflow,ESTAT:ENV_WASMUN(1.0),Municipal waste by waste management operations,A,Annual,RCY_M,Recycling - material,THS_T,Thousand tonnes,SE,Sweden,2018,,1320,,,,,
dataflow,ESTAT:ENV_WASMUN(1.0),Municipal waste by waste management operations,A,Annual,RCY_M,Recycling - material,THS_T,Thousand tonnes,SE,Sweden,2019,,1497,,,,,
dataflow,ESTAT:ENV_WASMUN(1.0),Municipal waste by waste management operations,A,Annual,RCY_M,Recycling - material,THS_T,Thousand tonnes,SE,Sweden,2020,,898,,b,break in time series,,
dataflow,ESTAT:ENV_WASMUN(1.0),Municipal waste by waste management operations,A,Annual,RCY_M,Recycling - material,THS_T,Thousand tonnes,SE,Sweden,2021,,867,,,,,
dataflow,ESTAT:ENV_WASMUN(1.0),Municipal waste by waste management operations,A,Annual,RCY_M,Recycling - material,THS_T,Thousand tonnes,SE,Sweden,2022,,859,,,,,
dataflow,ESTAT:ENV_WASMUN(1.0),Municipal waste by waste management operations,A,Annual,RCY_M,Recycling - material,THS_T,Thousand tonnes,SE,Sweden,2023,,830,,,,,
dataflow,ESTAT:ENV_WASMUN(1.0),Municipal waste by waste management operations,A,Annual,RCY_M,Recycling - material,THS_T,Thousand tonnes,SI,Slovenia,1995,,21,,,,,
dataflow,ESTAT:ENV_WASMUN(1.0),Municipal waste by waste management operations,A,Annual,RCY_M,Recycling - material,THS_T,Thousand tonnes,SI,Slovenia,1996,,54,,i,value imputed by Eurostat or other receiving agencies,,
dataflow,ESTAT:ENV_WASMUN(1.0),Municipal waste by waste management operations,A,Annual,RCY_M,Recycling - material,THS_T,Thousand tonnes,SI,Slovenia,1997,,54,,i,value imputed by Eurostat or other receiving agencies,,
dataflow,ESTAT:ENV_WASMUN(1.0),Municipal waste by waste management operations,A,Annual,RCY_M,Recycling - material,THS_T,Thousand tonnes,SI,Slovenia,1998,,90,,,,,
dataflow,ESTAT:ENV_WASMUN(1.0),Municipal waste by waste management operations,A,Annual,RCY_M,Recycling - material,THS_T,Thousand tonnes,SI,Slovenia,1999,,50,,i,value imputed by Eurostat or other receiving agencies,,
dataflow,ESTAT:ENV_WASMUN(1.0),Municipal waste by waste management operations,A,Annual,RCY_M,Recycling - material,THS_T,Thousand tonnes,SI,Slovenia,2000,,47,,i,value imputed by Eurostat or other receiving agencies,,
dataflow,ESTAT:ENV_WASMUN(1.0),Municipal waste by waste management operations,A,Annual,RCY_M,Recycling - material,THS_T,Thousand tonnes,SI,Slovenia,2001,,14,,,,,
dataflow,ESTAT:ENV_WASMUN(1.0),Municipal waste by waste management operations,A,Annual,RCY_M,Recycling - material,THS_T,Thousand tonnes,SI,Slovenia,2002,,62,,,,,
dataflow,ESTAT:ENV_WASMUN(1.0),Municipal waste by waste management operations,A,Annual,RCY_M,Recycling - material,THS_T,Thousand tonnes,SI,Slovenia,2003,,92,,,,,
dataflow,ESTAT:ENV_WASMUN(1.0),Municipal waste by waste management operations,A,Annual,RCY_M,Recycling - material,THS_T,Thousand tonnes,SI,Slovenia,2004,,183,,,,,
dataflow,ESTAT:ENV_WASMUN(1.0),Municipal waste by waste management operations,A,Annual,RCY_M,Recycling - material,THS_T,Thousand tonnes,SI,Slovenia,2005,,169,,,,,
dataflow,ESTAT:ENV_WASMUN(1.0),Municipal waste by waste management operations,A,Annual,RCY_M,Recycling - material,THS_T,Thousand tonnes,SI,Slovenia,2006,,145,,,,,
dataflow,ESTAT:ENV_WASMUN(1.0),Municipal waste by waste management operations,A,Annual,RCY_M,Recycling - material,THS_T,Thousand tonnes,SI,Slovenia,2007,,217,,,,,
dataflow,ESTAT:ENV_WASMUN(1.0),Municipal waste by waste management operations,A,Annual,RCY_M,Recycling - material,THS_T,Thousand tonnes,SI,Slovenia,2008,,190,,,,,
dataflow,ESTAT:ENV_WASMUN(1.0),Municipal waste by waste management operations,A,Annual,RCY_M,Recycling - material,THS_T,Thousand tonnes,SI,Slovenia,2009,,189,,,,,
dataflow,ESTAT:ENV_WASMUN(1.0),Municipal waste by waste management operations,A,Annual,RCY_M,Recycling - material,THS_T,Thousand tonnes,SI,Slovenia,2010,,203,,,,,
dataflow,ESTAT:ENV_WASMUN(1.0),Municipal waste by waste management operations,A,Annual,RCY_M,Recycling - material,THS_T,Thousand tonnes,SI,Slovenia,2011,,258,,,,,
dataflow,ESTAT:ENV_WASMUN(1.0),Municipal waste by waste management operations,A,Annual,RCY_M,Recycling - material,THS_T,Thousand tonnes,SI,Slovenia,2012,,270,,,,,
dataflow,ESTAT:ENV_WASMUN(1.0),Municipal waste by waste management operations,A,Annual,RCY_M,Recycling - material,THS_T,Thousand tonnes,SI,Slovenia,2013,,239,,,,,
dataflow,ESTAT:ENV_WASMUN(1.0),Municipal waste by waste management operations,A,Annual,RCY_M,Recycling - material,THS_T,Thousand tonnes,SI,Slovenia,2014,,259,,,,,
dataflow,ESTAT:ENV_WASMUN(1.0),Municipal waste by waste management operations,A,Annual,RCY_M,Recycling - material,THS_T,Thousand tonnes,SI,Slovenia,2015,,430,,be,"break in time series, estimated",,
dataflow,ESTAT:ENV_WASMUN(1.0),Municipal waste by waste management operations,A,Annual,RCY_M,Recycling - material,THS_T,Thousand tonnes,SI,Slovenia,2016,,380,,e,estimated,,
dataflow,ESTAT:ENV_WASMUN(1.0),Municipal waste by waste management operations,A,Annual,RCY_M,Recycling - material,THS_T,Thousand tonnes,SI,Slovenia,2017,,412,,e,estimated,,
dataflow,ESTAT:ENV_WASMUN(1.0),Municipal waste by waste management operations,A,Annual,RCY_M,Recycling - material,THS_T,Thousand tonnes,SI,Slovenia,2018,,429,,e,estimated,,
dataflow,ESTAT:ENV_WASMUN(1.0),Municipal waste by waste management operations,A,Annual,RCY_M,Recycling - material,THS_T,Thousand tonnes,SI,Slovenia,2019,,447,,e,estimated,,
dataflow,ESTAT:ENV_WASMUN(1.0),Municipal waste by waste management operations,A,Annual,RCY_M,Recycling - material,THS_T,Thousand tonnes,SI,Slovenia,2020,,460,,e,estimated,,
dataflow,ESTAT:ENV_WASMUN(1.0),Municipal waste by waste management operations,A,Annual,RCY_M,Recycling - material,THS_T,Thousand tonnes,SI,Slovenia,2021,,502,,,,,
dataflow,ESTAT:ENV_WASMUN(1.0),Municipal waste by waste management operations,A,Annual,RCY_M,Recycling - material,THS_T,Thousand tonnes,SI,Slovenia,2022,,477,,,,,
dataflow,ESTAT:ENV_WASMUN(1.0),Municipal waste by waste management operations,A,Annual,RCY_M,Recycling - material,THS_T,Thousand tonnes,SI,Slovenia,2023,,490,,,,,
dataflow,ESTAT:ENV_WASMUN(1.0),Municipal waste by waste management operations,A,Annual,RCY_M,Recycling - material,THS_T,Thousand tonnes,SK,Slovakia,1995,,24,,i,value imputed by Eurostat or other receiving agencies,,
dataflow,ESTAT:ENV_WASMUN(1.0),Municipal waste by waste management operations,A,Annual,RCY_M,Recycling - material,THS_T,Thousand tonnes,SK,Slovakia,1996,,22,,i,value imputed by Eurostat or other receiving agencies,,
dataflow,ESTAT:ENV_WASMUN(1.0),Municipal waste by waste management operations,A,Annual,RCY_M,Recycling - material,THS_T,Thousand tonnes,SK,Slovakia,1997,,35,,e,estimated,,
dataflow,ESTAT:ENV_WASMUN(1.0),Municipal waste by waste management operations,A,Annual,RCY_M,Recycling - material,THS_T,Thousand tonnes,SK,Slovakia,1998,,28,,,,,
dataflow,ESTAT:ENV_WASMUN(1.0),Municipal waste by waste management operations,A,Annual,RCY_M,Recycling - material,THS_T,Thousand tonnes,SK,Slovakia,1999,,28,,,,,
dataflow,ESTAT:ENV_WASMUN(1.0),Municipal waste by waste management operations,A,Annual,RCY_M,Recycling - material,THS_T,Thousand tonnes,SK,Slovakia,2000,,34,,,,,
dataflow,ESTAT:ENV_WASMUN(1.0),Municipal waste by waste management operations,A,Annual,RCY_M,Recycling - material,THS_T,Thousand tonnes,SK,Slovakia,2001,,36,,,,,
dataflow,ESTAT:ENV_WASMUN(1.0),Municipal waste by waste management operations,A,Annual,RCY_M,Recycling - material,THS_T,Thousand tonnes,SK,Slovakia,2002,,34,,,,,
dataflow,ESTAT:ENV_WASMUN(1.0),Municipal waste by waste management operations,A,Annual,RCY_M,Recycling - material,THS_T,Thousand tonnes,SK,Slovakia,2003,,47,,,,,
dataflow,ESTAT:ENV_WASMUN(1.0),Municipal waste by waste management operations,A,Annual,RCY_M,Recycling - material,THS_T,Thousand tonnes,SK,Slovakia,2004,,46,,,,,
dataflow,ESTAT:ENV_WASMUN(1.0),Municipal waste by waste management operations,A,Annual,RCY_M,Recycling - material,THS_T,Thousand tonnes,SK,Slovakia,2005,,14,,b,break in time series,,
dataflow,ESTAT:ENV_WASMUN(1.0),Municipal waste by waste management operations,A,Annual,RCY_M,Recycling - material,THS_T,Thousand tonnes,SK,Slovakia,2006,,14,,,,,
dataflow,ESTAT:ENV_WASMUN(1.0),Municipal waste by waste management operations,A,Annual,RCY_M,Recycling - material,THS_T,Thousand tonnes,SK,Slovakia,2007,,39,,,,,
dataflow,ESTAT:ENV_WASMUN(1.0),Municipal waste by waste management operations,A,Annual,RCY_M,Recycling - material,THS_T,Thousand tonnes,SK,Slovakia,2008,,60,,,,,
dataflow,ESTAT:ENV_WASMUN(1.0),Municipal waste by waste management operations,A,Annual,RCY_M,Recycling - material,THS_T,Thousand tonnes,SK,Slovakia,2009,,72,,,,,
dataflow,ESTAT:ENV_WASMUN(1.0),Municipal waste by waste management operations,A,Annual,RCY_M,Recycling - material,THS_T,Thousand tonnes,SK,Slovakia,2010,,98,,,,,
dataflow,ESTAT:ENV_WASMUN(1.0),Municipal waste by waste management operations,A,Annual,RCY_M,Recycling - material,THS_T,Thousand tonnes,SK,Slovakia,2011,,113,,,,,
dataflow,ESTAT:ENV_WASMUN(1.0),Municipal waste by waste management operations,A,Annual,RCY_M,Recycling - material,THS_T,Thousand tonnes,SK,Slovakia,2012,,141,,,,,
dataflow,ESTAT:ENV_WASMUN(1.0),Municipal waste by waste management operations,A,Annual,RCY_M,Recycling - material,THS_T,Thousand tonnes,SK,Slovakia,2013,,108,,,,,
dataflow,ESTAT:ENV_WASMUN(1.0),Municipal waste by waste management operations,A,Annual,RCY_M,Recycling - material,THS_T,Thousand tonnes,SK,Slovakia,2014,,88,,,,,
dataflow,ESTAT:ENV_WASMUN(1.0),Municipal waste by waste management operations,A,Annual,RCY_M,Recycling - material,THS_T,Thousand tonnes,SK,Slovakia,2015,,136,,,,,
dataflow,ESTAT:ENV_WASMUN(1.0),Municipal waste by waste management operations,A,Annual,RCY_M,Recycling - material,THS_T,Thousand tonnes,SK,Slovakia,2016,,291,,,,,
dataflow,ESTAT:ENV_WASMUN(1.0),Municipal waste by waste management operations,A,Annual,RCY_M,Recycling - material,THS_T,Thousand tonnes,SK,Slovakia,2017,,433,,,,,
dataflow,ESTAT:ENV_WASMUN(1.0),Municipal waste by waste management operations,A,Annual,RCY_M,Recycling - material,THS_T,Thousand tonnes,SK,Slovakia,2018,,603,,,,,
dataflow,ESTAT:ENV_WASMUN(1.0),Municipal waste by waste management operations,A,Annual,RCY_M,Recycling - material,THS_T,Thousand tonnes,SK,Slovakia,2019,,616,,,,,
dataflow,ESTAT:ENV_WASMUN(1.0),Municipal waste by waste management operations,A,Annual,RCY_M,Recycling - material,THS_T,Thousand tonnes,SK,Slovakia,2020,,810,,,,,
dataflow,ESTAT:ENV_WASMUN(1.0),Municipal waste by waste management operations,A,Annual,RCY_M,Recycling - material,THS_T,Thousand tonnes,SK,Slovakia,2021,,903,,,,,
dataflow,ESTAT:ENV_WASMUN(1.0),Municipal waste by waste management operations,A,Annual,RCY_M,Recycling - material,THS_T,Thousand tonnes,SK,Slovakia,2022,,857,,,,,
dataflow,ESTAT:ENV_WASMUN(1.0),Municipal waste by waste management operations,A,Annual,RCY_M,Recycling - material,THS_T,Thousand tonnes,SK,Slovakia,2023,,837,,,,,
dataflow,ESTAT:ENV_WASMUN(1.0),Municipal waste by waste management operations,A,Annual,RCY_M,Recycling - material,THS_T,Thousand tonnes,TR,Türkiye,2016,,2946,,b,break in time series,,
dataflow,ESTAT:ENV_WASMUN(1.0),Municipal waste by waste management operations,A,Annual,RCY_M,Recycling - material,THS_T,Thousand tonnes,TR,Türkiye,2017,,2982,,e,estimated,,
dataflow,ESTAT:ENV_WASMUN(1.0),Municipal waste by waste management operations,A,Annual,RCY_M,Recycling - material,THS_T,Thousand tonnes,TR,Türkiye,2018,,3848,,,,,
dataflow,ESTAT:ENV_WASMUN(1.0),Municipal waste by waste management operations,A,Annual,RCY_M,Recycling - material,THS_T,Thousand tonnes,TR,Türkiye,2019,,3902,,e,estimated,,
dataflow,ESTAT:ENV_WASMUN(1.0),Municipal waste by waste management operations,A,Annual,RCY_M,Recycling - material,THS_T,Thousand tonnes,TR,Türkiye,2020,,4146,,,,,
dataflow,ESTAT:ENV_WASMUN(1.0),Municipal waste by waste management operations,A,Annual,RCY_M,Recycling - material,THS_T,Thousand tonnes,TR,Türkiye,2021,,4199,,e,estimated,,
dataflow,ESTAT:ENV_WASMUN(1.0),Municipal waste by waste management operations,A,Annual,RCY_M,Recycling - material,THS_T,Thousand tonnes,XK,Kosovo*,2020,,0,,,,,
dataflow,ESTAT:ENV_WASMUN(1.0),Municipal waste by waste management operations,A,Annual,RCY_M,Recycling - material,THS_T,Thousand tonnes,XK,Kosovo*,2021,,12,,,,,
dataflow,ESTAT:ENV_WASMUN(1.0),Municipal waste by waste management operations,A,Annual,RCY_M,Recycling - material,THS_T,Thousand tonnes,XK,Kosovo*,2022,,13,,,,,
dataflow,ESTAT:ENV_WASMUN(1.0),Municipal waste by waste management operations,A,Annual,TRT,Waste treatment,KG_HAB,Kilograms per capita,AL,Albania,2013,,325,,i,value imputed by Eurostat or other receiving agencies,,
dataflow,ESTAT:ENV_WASMUN(1.0),Municipal waste by waste management operations,A,Annual,TRT,Waste treatment,KG_HAB,Kilograms per capita,AL,Albania,2014,,425,,i,value imputed by Eurostat or other receiving agencies,,
dataflow,ESTAT:ENV_WASMUN(1.0),Municipal waste by waste management operations,A,Annual,TRT,Waste treatment,KG_HAB,Kilograms per capita,AL,Albania,2015,,491,,i,value imputed by Eurostat or other receiving agencies,,
dataflow,ESTAT:ENV_WASMUN(1.0),Municipal waste by waste management operations,A,Annual,TRT,Waste treatment,KG_HAB,Kilograms per capita,AL,Albania,2016,,452,,e,estimated,,
dataflow,ESTAT:ENV_WASMUN(1.0),Municipal waste by waste management operations,A,Annual,TRT,Waste treatment,KG_HAB,Kilograms per capita,AL,Albania,2017,,436,,e,estimated,,
dataflow,ESTAT:ENV_WASMUN(1.0),Municipal waste by waste management operations,A,Annual,TRT,Waste treatment,KG_HAB,Kilograms per capita,AL,Albania,2018,,462,,,,,
dataflow,ESTAT:ENV_WASMUN(1.0),Municipal waste by waste management operations,A,Annual,TRT,Waste treatment,KG_HAB,Kilograms per capita,AL,Albania,2019,,381,,,,,
dataflow,ESTAT:ENV_WASMUN(1.0),Municipal waste by waste management operations,A,Annual,TRT,Waste treatment,KG_HAB,Kilograms per capita,AL,Albania,2020,,369,,,,,
dataflow,ESTAT:ENV_WASMUN(1.0),Municipal waste by waste management operations,A,Annual,TRT,Waste treatment,KG_HAB,Kilograms per capita,AL,Albania,2021,,311,,,,,
dataflow,ESTAT:ENV_WASMUN(1.0),Municipal waste by waste management operations,A,Annual,TRT,Waste treatment,KG_HAB,Kilograms per capita,AL,Albania,2022,,295,,,,,
dataflow,ESTAT:ENV_WASMUN(1.0),Municipal waste by waste management operations,A,Annual,TRT,Waste treatment,KG_HAB,Kilograms per capita,AL,Albania,2023,,306,,,,,
dataflow,ESTAT:ENV_WASMUN(1.0),Municipal waste by waste management operations,A,Annual,TRT,Waste treatment,KG_HAB,Kilograms per capita,AT,Austria,1995,,482,,,,,
dataflow,ESTAT:ENV_WASMUN(1.0),Municipal waste by waste management operations,A,Annual,TRT,Waste treatment,KG_HAB,Kilograms per capita,AT,Austria,1996,,563,,b,break in time series,,
dataflow,ESTAT:ENV_WASMUN(1.0),Municipal waste by waste management operations,A,Annual,TRT,Waste treatment,KG_HAB,Kilograms per capita,AT,Austria,1997,,586,,,,,
dataflow,ESTAT:ENV_WASMUN(1.0),Municipal waste by waste management operations,A,Annual,TRT,Waste treatment,KG_HAB,Kilograms per capita,AT,Austria,1998,,586,,,,,
dataflow,ESTAT:ENV_WASMUN(1.0),Municipal waste by waste management operations,A,Annual,TRT,Waste treatment,KG_HAB,Kilograms per capita,AT,Austria,1999,,611,,,,,
dataflow,ESTAT:ENV_WASMUN(1.0),Municipal waste by waste management operations,A,Annual,TRT,Waste treatment,KG_HAB,Kilograms per capita,AT,Austria,2000,,633,,,,,
dataflow,ESTAT:ENV_WASMUN(1.0),Municipal waste by waste management operations,A,Annual,TRT,Waste treatment,KG_HAB,Kilograms per capita,AT,Austria,2001,,631,,,,,
dataflow,ESTAT:ENV_WASMUN(1.0),Municipal waste by waste management operations,A,Annual,TRT,Waste treatment,KG_HAB,Kilograms per capita,AT,Austria,2002,,637,,,,,
dataflow,ESTAT:ENV_WASMUN(1.0),Municipal waste by waste management operations,A,Annual,TRT,Waste treatment,KG_HAB,Kilograms per capita,AT,Austria,2003,,650,,,,,
dataflow,ESTAT:ENV_WASMUN(1.0),Municipal waste by waste management operations,A,Annual,TRT,Waste treatment,KG_HAB,Kilograms per capita,AT,Austria,2004,,566,,,,,
dataflow,ESTAT:ENV_WASMUN(1.0),Municipal waste by waste management operations,A,Annual,TRT,Waste treatment,KG_HAB,Kilograms per capita,AT,Austria,2005,,559,,,,,
dataflow,ESTAT:ENV_WASMUN(1.0),Municipal waste by waste management operations,A,Annual,TRT,Waste treatment,KG_HAB,Kilograms per capita,AT,Austria,2006,,585,,,,,
dataflow,ESTAT:ENV_WASMUN(1.0),Municipal waste by waste management operations,A,Annual,TRT,Waste treatment,KG_HAB,Kilograms per capita,AT,Austria,2007,,586,,,,,
dataflow,ESTAT:ENV_WASMUN(1.0),Municipal waste by waste management operations,A,Annual,TRT,Waste treatment,KG_HAB,Kilograms per capita,AT,Austria,2008,,587,,,,,
dataflow,ESTAT:ENV_WASMUN(1.0),Municipal waste by waste management operations,A,Annual,TRT,Waste treatment,KG_HAB,Kilograms per capita,AT,Austria,2009,,574,,,,,
dataflow,ESTAT:ENV_WASMUN(1.0),Municipal waste by waste management operations,A,Annual,TRT,Waste treatment,KG_HAB,Kilograms per capita,AT,Austria,2010,,548,,,,,
dataflow,ESTAT:ENV_WASMUN(1.0),Municipal waste by waste management operations,A,Annual,TRT,Waste treatment,KG_HAB,Kilograms per capita,AT,Austria,2011,,552,,,,,
dataflow,ESTAT:ENV_WASMUN(1.0),Municipal waste by waste management operations,A,Annual,TRT,Waste treatment,KG_HAB,Kilograms per capita,AT,Austria,2012,,560,,,,,
dataflow,ESTAT:ENV_WASMUN(1.0),Municipal waste by waste management operations,A,Annual,TRT,Waste treatment,KG_HAB,Kilograms per capita,AT,Austria,2013,,559,,,,,
dataflow,ESTAT:ENV_WASMUN(1.0),Municipal waste by waste management operations,A,Annual,TRT,Waste treatment,KG_HAB,Kilograms per capita,AT,Austria,2014,,547,,,,,
dataflow,ESTAT:ENV_WASMUN(1.0),Municipal waste by waste management operations,A,Annual,TRT,Waste treatment,KG_HAB,Kilograms per capita,AT,Austria,2015,,547,,,,,
dataflow,ESTAT:ENV_WASMUN(1.0),Municipal waste by waste management operations,A,Annual,TRT,Waste treatment,KG_HAB,Kilograms per capita,AT,Austria,2016,,552,,,,,
dataflow,ESTAT:ENV_WASMUN(1.0),Municipal waste by waste management operations,A,Annual,TRT,Waste treatment,KG_HAB,Kilograms per capita,AT,Austria,2017,,562,,,,,
dataflow,ESTAT:ENV_WASMUN(1.0),Municipal waste by waste management operations,A,Annual,TRT,Waste treatment,KG_HAB,Kilograms per capita,AT,Austria,2018,,570,,,,,
dataflow,ESTAT:ENV_WASMUN(1.0),Municipal waste by waste management operations,A,Annual,TRT,Waste treatment,KG_HAB,Kilograms per capita,AT,Austria,2019,,580,,i,value imputed by Eurostat or other receiving agencies,,
dataflow,ESTAT:ENV_WASMUN(1.0),Municipal waste by waste management operations,A,Annual,TRT,Waste treatment,KG_HAB,Kilograms per capita,AT,Austria,2020,,834,,b,break in time series,,
dataflow,ESTAT:ENV_WASMUN(1.0),Municipal waste by waste management operations,A,Annual,TRT,Waste treatment,KG_HAB,Kilograms per capita,AT,Austria,2021,,835,,,,,
dataflow,ESTAT:ENV_WASMUN(1.0),Municipal waste by waste management operations,A,Annual,TRT,Waste treatment,KG_HAB,Kilograms per capita,AT,Austria,2022,,803,,,,,
dataflow,ESTAT:ENV_WASMUN(1.0),Municipal waste by waste management operations,A,Annual,TRT,Waste treatment,KG_HAB,Kilograms per capita,BA,Bosnia and Herzegovina,2008,,317,,,,,
dataflow,ESTAT:ENV_WASMUN(1.0),Municipal waste by waste management operations,A,Annual,TRT,Waste treatment,KG_HAB,Kilograms per capita,BA,Bosnia and Herzegovina,2009,,261,,,,,
dataflow,ESTAT:ENV_WASMUN(1.0),Municipal waste by waste management operations,A,Annual,TRT,Waste treatment,KG_HAB,Kilograms per capita,BA,Bosnia and Herzegovina,2010,,271,,,,,
dataflow,ESTAT:ENV_WASMUN(1.0),Municipal waste by waste management operations,A,Annual,TRT,Waste treatment,KG_HAB,Kilograms per capita,BA,Bosnia and Herzegovina,2011,,269,,,,,
dataflow,ESTAT:ENV_WASMUN(1.0),Municipal waste by waste management operations,A,Annual,TRT,Waste treatment,KG_HAB,Kilograms per capita,BA,Bosnia and Herzegovina,2012,,227,,,,,
dataflow,ESTAT:ENV_WASMUN(1.0),Municipal waste by waste management operations,A,Annual,TRT,Waste treatment,KG_HAB,Kilograms per capita,BA,Bosnia and Herzegovina,2013,,233,,,,,
dataflow,ESTAT:ENV_WASMUN(1.0),Municipal waste by waste management operations,A,Annual,TRT,Waste treatment,KG_HAB,Kilograms per capita,BA,Bosnia and Herzegovina,2014,,234,,,,,
dataflow,ESTAT:ENV_WASMUN(1.0),Municipal waste by waste management operations,A,Annual,TRT,Waste treatment,KG_HAB,Kilograms per capita,BA,Bosnia and Herzegovina,2015,,257,,,,,
dataflow,ESTAT:ENV_WASMUN(1.0),Municipal waste by waste management operations,A,Annual,TRT,Waste treatment,KG_HAB,Kilograms per capita,BA,Bosnia and Herzegovina,2016,,272,,,,,
dataflow,ESTAT:ENV_WASMUN(1.0),Municipal waste by waste management operations,A,Annual,TRT,Waste treatment,KG_HAB,Kilograms per capita,BA,Bosnia and Herzegovina,2017,,271,,,,,
dataflow,ESTAT:ENV_WASMUN(1.0),Municipal waste by waste management operations,A,Annual,TRT,Waste treatment,KG_HAB,Kilograms per capita,BA,Bosnia and Herzegovina,2018,,273,,,,,
dataflow,ESTAT:ENV_WASMUN(1.0),Municipal waste by waste management operations,A,Annual,TRT,Waste treatment,KG_HAB,Kilograms per capita,BA,Bosnia and Herzegovina,2019,,319,,i,value imputed by Eurostat or other receiving agencies,,
dataflow,ESTAT:ENV_WASMUN(1.0),Municipal waste by waste management operations,A,Annual,TRT,Waste treatment,KG_HAB,Kilograms per capita,BA,Bosnia and Herzegovina,2020,,316,,,,,
dataflow,ESTAT:ENV_WASMUN(1.0),Municipal waste by waste management operations,A,Annual,TRT,Waste treatment,KG_HAB,Kilograms per capita,BA,Bosnia and Herzegovina,2021,,281,,,,,
dataflow,ESTAT:ENV_WASMUN(1.0),Municipal waste by waste management operations,A,Annual,TRT,Waste treatment,KG_HAB,Kilograms per capita,BA,Bosnia and Herzegovina,2022,,269,,,,,
dataflow,ESTAT:ENV_WASMUN(1.0),Municipal waste by waste management operations,A,Annual,TRT,Waste treatment,KG_HAB,Kilograms per capita,BE,Belgium,1995,,446,,,,,
dataflow,ESTAT:ENV_WASMUN(1.0),Municipal waste by waste management operations,A,Annual,TRT,Waste treatment,KG_HAB,Kilograms per capita,BE,Belgium,1996,,435,,,,,
dataflow,ESTAT:ENV_WASMUN(1.0),Municipal waste by waste management operations,A,Annual,TRT,Waste treatment,KG_HAB,Kilograms per capita,BE,Belgium,1997,,455,,,,,
dataflow,ESTAT:ENV_WASMUN(1.0),Municipal waste by waste management operations,A,Annual,TRT,Waste treatment,KG_HAB,Kilograms per capita,BE,Belgium,1998,,452,,,,,
dataflow,ESTAT:ENV_WASMUN(1.0),Municipal waste by waste management operations,A,Annual,TRT,Waste treatment,KG_HAB,Kilograms per capita,BE,Belgium,1999,,451,,,,,
dataflow,ESTAT:ENV_WASMUN(1.0),Municipal waste by waste management operations,A,Annual,TRT,Waste treatment,KG_HAB,Kilograms per capita,BE,Belgium,2000,,484,,,,,
dataflow,ESTAT:ENV_WASMUN(1.0),Municipal waste by waste management operations,A,Annual,TRT,Waste treatment,KG_HAB,Kilograms per capita,BE,Belgium,2001,,460,,,,,
dataflow,ESTAT:ENV_WASMUN(1.0),Municipal waste by waste management operations,A,Annual,TRT,Waste treatment,KG_HAB,Kilograms per capita,BE,Belgium,2002,,474,,,,,
dataflow,ESTAT:ENV_WASMUN(1.0),Municipal waste by waste management operations,A,Annual,TRT,Waste treatment,KG_HAB,Kilograms per capita,BE,Belgium,2003,,472,,,,,
dataflow,ESTAT:ENV_WASMUN(1.0),Municipal waste by waste management operations,A,Annual,TRT,Waste treatment,KG_HAB,Kilograms per capita,BE,Belgium,2004,,489,,,,,
dataflow,ESTAT:ENV_WASMUN(1.0),Municipal waste by waste management operations,A,Annual,TRT,Waste treatment,KG_HAB,Kilograms per capita,BE,Belgium,2005,,504,,,,,
dataflow,ESTAT:ENV_WASMUN(1.0),Municipal waste by waste management operations,A,Annual,TRT,Waste treatment,KG_HAB,Kilograms per capita,BE,Belgium,2006,,488,,,,,
dataflow,ESTAT:ENV_WASMUN(1.0),Municipal waste by waste management operations,A,Annual,TRT,Waste treatment,KG_HAB,Kilograms per capita,BE,Belgium,2007,,513,,,,,
dataflow,ESTAT:ENV_WASMUN(1.0),Municipal waste by waste management operations,A,Annual,TRT,Waste treatment,KG_HAB,Kilograms per capita,BE,Belgium,2008,,456,,,,,
dataflow,ESTAT:ENV_WASMUN(1.0),Municipal waste by waste management operations,A,Annual,TRT,Waste treatment,KG_HAB,Kilograms per capita,BE,Belgium,2009,,443,,,,,
dataflow,ESTAT:ENV_WASMUN(1.0),Municipal waste by waste management operations,A,Annual,TRT,Waste treatment,KG_HAB,Kilograms per capita,BE,Belgium,2010,,436,,,,,
dataflow,ESTAT:ENV_WASMUN(1.0),Municipal waste by waste management operations,A,Annual,TRT,Waste treatment,KG_HAB,Kilograms per capita,BE,Belgium,2011,,433,,,,,
dataflow,ESTAT:ENV_WASMUN(1.0),Municipal waste by waste management operations,A,Annual,TRT,Waste treatment,KG_HAB,Kilograms per capita,BE,Belgium,2012,,425,,,,,
dataflow,ESTAT:ENV_WASMUN(1.0),Municipal waste by waste management operations,A,Annual,TRT,Waste treatment,KG_HAB,Kilograms per capita,BE,Belgium,2013,,425,,,,,
dataflow,ESTAT:ENV_WASMUN(1.0),Municipal waste by waste management operations,A,Annual,TRT,Waste treatment,KG_HAB,Kilograms per capita,BE,Belgium,2014,,418,,,,,
dataflow,ESTAT:ENV_WASMUN(1.0),Municipal waste by waste management operations,A,Annual,TRT,Waste treatment,KG_HAB,Kilograms per capita,BE,Belgium,2015,,406,,,,,
dataflow,ESTAT:ENV_WASMUN(1.0),Municipal waste by waste management operations,A,Annual,TRT,Waste treatment,KG_HAB,Kilograms per capita,BE,Belgium,2016,,419,,,,,
dataflow,ESTAT:ENV_WASMUN(1.0),Municipal waste by waste management operations,A,Annual,TRT,Waste treatment,KG_HAB,Kilograms per capita,BE,Belgium,2017,,407,,,,,
dataflow,ESTAT:ENV_WASMUN(1.0),Municipal waste by waste management operations,A,Annual,TRT,Waste treatment,KG_HAB,Kilograms per capita,BE,Belgium,2018,,409,,,,,
dataflow,ESTAT:ENV_WASMUN(1.0),Municipal waste by waste management operations,A,Annual,TRT,Waste treatment,KG_HAB,Kilograms per capita,BE,Belgium,2019,,416,,,,,
dataflow,ESTAT:ENV_WASMUN(1.0),Municipal waste by waste management operations,A,Annual,TRT,Waste treatment,KG_HAB,Kilograms per capita,BE,Belgium,2020,,729,,,,,
dataflow,ESTAT:ENV_WASMUN(1.0),Municipal waste by waste management operations,A,Annual,TRT,Waste treatment,KG_HAB,Kilograms per capita,BE,Belgium,2021,,755,,,,,
dataflow,ESTAT:ENV_WASMUN(1.0),Municipal waste by waste management operations,A,Annual,TRT,Waste treatment,KG_HAB,Kilograms per capita,BE,Belgium,2022,,690,,,,,
dataflow,ESTAT:ENV_WASMUN(1.0),Municipal waste by waste management operations,A,Annual,TRT,Waste treatment,KG_HAB,Kilograms per capita,BE,Belgium,2023,,689,,,,,
dataflow,ESTAT:ENV_WASMUN(1.0),Municipal waste by waste management operations,A,Annual,TRT,Waste treatment,KG_HAB,Kilograms per capita,BG,Bulgaria,1995,,531,,,,,
dataflow,ESTAT:ENV_WASMUN(1.0),Municipal waste by waste management operations,A,Annual,TRT,Waste treatment,KG_HAB,Kilograms per capita,BG,Bulgaria,1996,,478,,,,,
dataflow,ESTAT:ENV_WASMUN(1.0),Municipal waste by waste management operations,A,Annual,TRT,Waste treatment,KG_HAB,Kilograms per capita,BG,Bulgaria,1997,,435,,,,,
dataflow,ESTAT:ENV_WASMUN(1.0),Municipal waste by waste management operations,A,Annual,TRT,Waste treatment,KG_HAB,Kilograms per capita,BG,Bulgaria,1998,,478,,,,,
dataflow,ESTAT:ENV_WASMUN(1.0),Municipal waste by waste management operations,A,Annual,TRT,Waste treatment,KG_HAB,Kilograms per capita,BG,Bulgaria,1999,,483,,,,,
dataflow,ESTAT:ENV_WASMUN(1.0),Municipal waste by waste management operations,A,Annual,TRT,Waste treatment,KG_HAB,Kilograms per capita,BG,Bulgaria,2000,,495,,,,,
dataflow,ESTAT:ENV_WASMUN(1.0),Municipal waste by waste management operations,A,Annual,TRT,Waste treatment,KG_HAB,Kilograms per capita,BG,Bulgaria,2001,,495,,,,,
dataflow,ESTAT:ENV_WASMUN(1.0),Municipal waste by waste management operations,A,Annual,TRT,Waste treatment,KG_HAB,Kilograms per capita,BG,Bulgaria,2002,,505,,,,,
dataflow,ESTAT:ENV_WASMUN(1.0),Municipal waste by waste management operations,A,Annual,TRT,Waste treatment,KG_HAB,Kilograms per capita,BG,Bulgaria,2003,,510,,,,,
dataflow,ESTAT:ENV_WASMUN(1.0),Municipal waste by waste management operations,A,Annual,TRT,Waste treatment,KG_HAB,Kilograms per capita,BG,Bulgaria,2004,,503,,,,,
dataflow,ESTAT:ENV_WASMUN(1.0),Municipal waste by waste management operations,A,Annual,TRT,Waste treatment,KG_HAB,Kilograms per capita,BG,Bulgaria,2005,,518,,,,,
dataflow,ESTAT:ENV_WASMUN(1.0),Municipal waste by waste management operations,A,Annual,TRT,Waste treatment,KG_HAB,Kilograms per capita,BG,Bulgaria,2006,,472,,,,,
dataflow,ESTAT:ENV_WASMUN(1.0),Municipal waste by waste management operations,A,Annual,TRT,Waste treatment,KG_HAB,Kilograms per capita,BG,Bulgaria,2007,,509,,,,,
dataflow,ESTAT:ENV_WASMUN(1.0),Municipal waste by waste management operations,A,Annual,TRT,Waste treatment,KG_HAB,Kilograms per capita,BG,Bulgaria,2008,,564,,,,,
dataflow,ESTAT:ENV_WASMUN(1.0),Municipal waste by waste management operations,A,Annual,TRT,Waste treatment,KG_HAB,Kilograms per capita,BG,Bulgaria,2009,,579,,,,,
dataflow,ESTAT:ENV_WASMUN(1.0),Municipal waste by waste management operations,A,Annual,TRT,Waste treatment,KG_HAB,Kilograms per capita,BG,Bulgaria,2010,,547,,,,,
dataflow,ESTAT:ENV_WASMUN(1.0),Municipal waste by waste management operations,A,Annual,TRT,Waste treatment,KG_HAB,Kilograms per capita,BG,Bulgaria,2011,,483,,,,,
dataflow,ESTAT:ENV_WASMUN(1.0),Municipal waste by waste management operations,A,Annual,TRT,Waste treatment,KG_HAB,Kilograms per capita,BG,Bulgaria,2012,,433,,,,,
dataflow,ESTAT:ENV_WASMUN(1.0),Municipal waste by waste management operations,A,Annual,TRT,Waste treatment,KG_HAB,Kilograms per capita,BG,Bulgaria,2013,,434,,,,,
dataflow,ESTAT:ENV_WASMUN(1.0),Municipal waste by waste management operations,A,Annual,TRT,Waste treatment,KG_HAB,Kilograms per capita,BG,Bulgaria,2014,,425,,,,,
dataflow,ESTAT:ENV_WASMUN(1.0),Municipal waste by waste management operations,A,Annual,TRT,Waste treatment,KG_HAB,Kilograms per capita,BG,Bulgaria,2015,,424,,,,,
dataflow,ESTAT:ENV_WASMUN(1.0),Municipal waste by waste management operations,A,Annual,TRT,Waste treatment,KG_HAB,Kilograms per capita,BG,Bulgaria,2016,,417,,,,,
dataflow,ESTAT:ENV_WASMUN(1.0),Municipal waste by waste management operations,A,Annual,TRT,Waste treatment,KG_HAB,Kilograms per capita,BG,Bulgaria,2017,,451,,,,,
dataflow,ESTAT:ENV_WASMUN(1.0),Municipal waste by waste management operations,A,Annual,TRT,Waste treatment,KG_HAB,Kilograms per capita,BG,Bulgaria,2018,,426,,,,,
dataflow,ESTAT:ENV_WASMUN(1.0),Municipal waste by waste management operations,A,Annual,TRT,Waste treatment,KG_HAB,Kilograms per capita,BG,Bulgaria,2019,,464,,i,value imputed by Eurostat or other receiving agencies,,
dataflow,ESTAT:ENV_WASMUN(1.0),Municipal waste by waste management operations,A,Annual,TRT,Waste treatment,KG_HAB,Kilograms per capita,BG,Bulgaria,2020,,408,,,,,
dataflow,ESTAT:ENV_WASMUN(1.0),Municipal waste by waste management operations,A,Annual,TRT,Waste treatment,KG_HAB,Kilograms per capita,BG,Bulgaria,2021,,467,,,,,
dataflow,ESTAT:ENV_WASMUN(1.0),Municipal waste by waste management operations,A,Annual,TRT,Waste treatment,KG_HAB,Kilograms per capita,BG,Bulgaria,2022,,451,,,,,
dataflow,ESTAT:ENV_WASMUN(1.0),Municipal waste by waste management operations,A,Annual,TRT,Waste treatment,KG_HAB,Kilograms per capita,CH,Switzerland,1995,,602,,,,,
dataflow,ESTAT:ENV_WASMUN(1.0),Municipal waste by waste management operations,A,Annual,TRT,Waste treatment,KG_HAB,Kilograms per capita,CH,Switzerland,1996,,605,,,,,
dataflow,ESTAT:ENV_WASMUN(1.0),Municipal waste by waste management operations,A,Annual,TRT,Waste treatment,KG_HAB,Kilograms per capita,CH,Switzerland,1997,,610,,,,,
dataflow,ESTAT:ENV_WASMUN(1.0),Municipal waste by waste management operations,A,Annual,TRT,Waste treatment,KG_HAB,Kilograms per capita,CH,Switzerland,1998,,614,,,,,
dataflow,ESTAT:ENV_WASMUN(1.0),Municipal waste by waste management operations,A,Annual,TRT,Waste treatment,KG_HAB,Kilograms per capita,CH,Switzerland,1999,,638,,,,,
dataflow,ESTAT:ENV_WASMUN(1.0),Municipal waste by waste management operations,A,Annual,TRT,Waste treatment,KG_HAB,Kilograms per capita,CH,Switzerland,2000,,659,,,,,
dataflow,ESTAT:ENV_WASMUN(1.0),Municipal waste by waste management operations,A,Annual,TRT,Waste treatment,KG_HAB,Kilograms per capita,CH,Switzerland,2001,,663,,,,,
dataflow,ESTAT:ENV_WASMUN(1.0),Municipal waste by waste management operations,A,Annual,TRT,Waste treatment,KG_HAB,Kilograms per capita,CH,Switzerland,2002,,678,,,,,
dataflow,ESTAT:ENV_WASMUN(1.0),Municipal waste by waste management operations,A,Annual,TRT,Waste treatment,KG_HAB,Kilograms per capita,CH,Switzerland,2003,,670,,,,,
dataflow,ESTAT:ENV_WASMUN(1.0),Municipal waste by waste management operations,A,Annual,TRT,Waste treatment,KG_HAB,Kilograms per capita,CH,Switzerland,2004,,663,,,,,
dataflow,ESTAT:ENV_WASMUN(1.0),Municipal waste by waste management operations,A,Annual,TRT,Waste treatment,KG_HAB,Kilograms per capita,CH,Switzerland,2005,,664,,,,,
dataflow,ESTAT:ENV_WASMUN(1.0),Municipal waste by waste management operations,A,Annual,TRT,Waste treatment,KG_HAB,Kilograms per capita,CH,Switzerland,2006,,712,,,,,
dataflow,ESTAT:ENV_WASMUN(1.0),Municipal waste by waste management operations,A,Annual,TRT,Waste treatment,KG_HAB,Kilograms per capita,CH,Switzerland,2007,,724,,,,,
dataflow,ESTAT:ENV_WASMUN(1.0),Municipal waste by waste management operations,A,Annual,TRT,Waste treatment,KG_HAB,Kilograms per capita,CH,Switzerland,2008,,739,,,,,
dataflow,ESTAT:ENV_WASMUN(1.0),Municipal waste by waste management operations,A,Annual,TRT,Waste treatment,KG_HAB,Kilograms per capita,CH,Switzerland,2009,,705,,,,,
dataflow,ESTAT:ENV_WASMUN(1.0),Municipal waste by waste management operations,A,Annual,TRT,Waste treatment,KG_HAB,Kilograms per capita,CH,Switzerland,2010,,711,,,,,
dataflow,ESTAT:ENV_WASMUN(1.0),Municipal waste by waste management operations,A,Annual,TRT,Waste treatment,KG_HAB,Kilograms per capita,CH,Switzerland,2011,,692,,,,,
dataflow,ESTAT:ENV_WASMUN(1.0),Municipal waste by waste management operations,A,Annual,TRT,Waste treatment,KG_HAB,Kilograms per capita,CH,Switzerland,2012,,697,,,,,
dataflow,ESTAT:ENV_WASMUN(1.0),Municipal waste by waste management operations,A,Annual,TRT,Waste treatment,KG_HAB,Kilograms per capita,CH,Switzerland,2013,,706,,,,,
dataflow,ESTAT:ENV_WASMUN(1.0),Municipal waste by waste management operations,A,Annual,TRT,Waste treatment,KG_HAB,Kilograms per capita,CH,Switzerland,2014,,733,,,,,
dataflow,ESTAT:ENV_WASMUN(1.0),Municipal waste by waste management operations,A,Annual,TRT,Waste treatment,KG_HAB,Kilograms per capita,CH,Switzerland,2015,,728,,,,,
dataflow,ESTAT:ENV_WASMUN(1.0),Municipal waste by waste management operations,A,Annual,TRT,Waste treatment,KG_HAB,Kilograms per capita,CH,Switzerland,2016,,723,,,,,
dataflow,ESTAT:ENV_WASMUN(1.0),Municipal waste by waste management operations,A,Annual,TRT,Waste treatment,KG_HAB,Kilograms per capita,CH,Switzerland,2017,,709,,,,,
dataflow,ESTAT:ENV_WASMUN(1.0),Municipal waste by waste management operations,A,Annual,TRT,Waste treatment,KG_HAB,Kilograms per capita,CH,Switzerland,2018,,706,,e,estimated,,
dataflow,ESTAT:ENV_WASMUN(1.0),Municipal waste by waste management operations,A,Annual,TRT,Waste treatment,KG_HAB,Kilograms per capita,CH,Switzerland,2019,,709,,e,estimated,,
dataflow,ESTAT:ENV_WASMUN(1.0),Municipal waste by waste management operations,A,Annual,TRT,Waste treatment,KG_HAB,Kilograms per capita,CH,Switzerland,2020,,706,,,,,
dataflow,ESTAT:ENV_WASMUN(1.0),Municipal waste by waste management operations,A,Annual,TRT,Waste treatment,KG_HAB,Kilograms per capita,CH,Switzerland,2021,,704,,,,,
dataflow,ESTAT:ENV_WASMUN(1.0),Municipal waste by waste management operations,A,Annual,TRT,Waste treatment,KG_HAB,Kilograms per capita,CH,Switzerland,2022,,677,,,,,
dataflow,ESTAT:ENV_WASMUN(1.0),Municipal waste by waste management operations,A,Annual,TRT,Waste treatment,KG_HAB,Kilograms per capita,CY,Cyprus,1995,,595,,,,,
dataflow,ESTAT:ENV_WASMUN(1.0),Municipal waste by waste management operations,A,Annual,TRT,Waste treatment,KG_HAB,Kilograms per capita,CY,Cyprus,1996,,605,,,,,
dataflow,ESTAT:ENV_WASMUN(1.0),Municipal waste by waste management operations,A,Annual,TRT,Waste treatment,KG_HAB,Kilograms per capita,CY,Cyprus,1997,,612,,,,,
dataflow,ESTAT:ENV_WASMUN(1.0),Municipal waste by waste management operations,A,Annual,TRT,Waste treatment,KG_HAB,Kilograms per capita,CY,Cyprus,1998,,616,,,,,
dataflow,ESTAT:ENV_WASMUN(1.0),Municipal waste by waste management operations,A,Annual,TRT,Waste treatment,KG_HAB,Kilograms per capita,CY,Cyprus,1999,,620,,,,,
dataflow,ESTAT:ENV_WASMUN(1.0),Municipal waste by waste management operations,A,Annual,TRT,Waste treatment,KG_HAB,Kilograms per capita,CY,Cyprus,2000,,628,,,,,
dataflow,ESTAT:ENV_WASMUN(1.0),Municipal waste by waste management operations,A,Annual,TRT,Waste treatment,KG_HAB,Kilograms per capita,CY,Cyprus,2001,,650,,,,,
dataflow,ESTAT:ENV_WASMUN(1.0),Municipal waste by waste management operations,A,Annual,TRT,Waste treatment,KG_HAB,Kilograms per capita,CY,Cyprus,2002,,655,,,,,
dataflow,ESTAT:ENV_WASMUN(1.0),Municipal waste by waste management operations,A,Annual,TRT,Waste treatment,KG_HAB,Kilograms per capita,CY,Cyprus,2003,,670,,,,,
dataflow,ESTAT:ENV_WASMUN(1.0),Municipal waste by waste management operations,A,Annual,TRT,Waste treatment,KG_HAB,Kilograms per capita,CY,Cyprus,2004,,684,,,,,
dataflow,ESTAT:ENV_WASMUN(1.0),Municipal waste by waste management operations,A,Annual,TRT,Waste treatment,KG_HAB,Kilograms per capita,CY,Cyprus,2005,,688,,,,,
dataflow,ESTAT:ENV_WASMUN(1.0),Municipal waste by waste management operations,A,Annual,TRT,Waste treatment,KG_HAB,Kilograms per capita,CY,Cyprus,2006,,695,,b,break in time series,,
dataflow,ESTAT:ENV_WASMUN(1.0),Municipal waste by waste management operations,A,Annual,TRT,Waste treatment,KG_HAB,Kilograms per capita,CY,Cyprus,2007,,704,,,,,
dataflow,ESTAT:ENV_WASMUN(1.0),Municipal waste by waste management operations,A,Annual,TRT,Waste treatment,KG_HAB,Kilograms per capita,CY,Cyprus,2008,,729,,,,,
dataflow,ESTAT:ENV_WASMUN(1.0),Municipal waste by waste management operations,A,Annual,TRT,Waste treatment,KG_HAB,Kilograms per capita,CY,Cyprus,2009,,729,,,,,
dataflow,ESTAT:ENV_WASMUN(1.0),Municipal waste by waste management operations,A,Annual,TRT,Waste treatment,KG_HAB,Kilograms per capita,CY,Cyprus,2010,,679,,,,,
dataflow,ESTAT:ENV_WASMUN(1.0),Municipal waste by waste management operations,A,Annual,TRT,Waste treatment,KG_HAB,Kilograms per capita,CY,Cyprus,2011,,636,,,,,
dataflow,ESTAT:ENV_WASMUN(1.0),Municipal waste by waste management operations,A,Annual,TRT,Waste treatment,KG_HAB,Kilograms per capita,CY,Cyprus,2012,,628,,,,,
dataflow,ESTAT:ENV_WASMUN(1.0),Municipal waste by waste management operations,A,Annual,TRT,Waste treatment,KG_HAB,Kilograms per capita,CY,Cyprus,2013,,592,,,,,
dataflow,ESTAT:ENV_WASMUN(1.0),Municipal waste by waste management operations,A,Annual,TRT,Waste treatment,KG_HAB,Kilograms per capita,CY,Cyprus,2014,,565,,,,,
dataflow,ESTAT:ENV_WASMUN(1.0),Municipal waste by waste management operations,A,Annual,TRT,Waste treatment,KG_HAB,Kilograms per capita,CY,Cyprus,2015,,590,,,,,
dataflow,ESTAT:ENV_WASMUN(1.0),Municipal waste by waste management operations,A,Annual,TRT,Waste treatment,KG_HAB,Kilograms per capita,CY,Cyprus,2016,,606,,,,,
dataflow,ESTAT:ENV_WASMUN(1.0),Municipal waste by waste management operations,A,Annual,TRT,Waste treatment,KG_HAB,Kilograms per capita,CY,Cyprus,2017,,600,,,,,
dataflow,ESTAT:ENV_WASMUN(1.0),Municipal waste by waste management operations,A,Annual,TRT,Waste treatment,KG_HAB,Kilograms per capita,CY,Cyprus,2018,,568,,,,,
dataflow,ESTAT:ENV_WASMUN(1.0),Municipal waste by waste management operations,A,Annual,TRT,Waste treatment,KG_HAB,Kilograms per capita,CY,Cyprus,2019,,549,,,,,
dataflow,ESTAT:ENV_WASMUN(1.0),Municipal waste by waste management operations,A,Annual,TRT,Waste treatment,KG_HAB,Kilograms per capita,CY,Cyprus,2020,,524,,,,,
dataflow,ESTAT:ENV_WASMUN(1.0),Municipal waste by waste management operations,A,Annual,TRT,Waste treatment,KG_HAB,Kilograms per capita,CY,Cyprus,2021,,500,,,,,
dataflow,ESTAT:ENV_WASMUN(1.0),Municipal waste by waste management operations,A,Annual,TRT,Waste treatment,KG_HAB,Kilograms per capita,CY,Cyprus,2022,,514,,,,,
dataflow,ESTAT:ENV_WASMUN(1.0),Municipal waste by waste management operations,A,Annual,TRT,Waste treatment,KG_HAB,Kilograms per capita,CY,Cyprus,2023,,535,,p,provisional,,
dataflow,ESTAT:ENV_WASMUN(1.0),Municipal waste by waste management operations,A,Annual,TRT,Waste treatment,KG_HAB,Kilograms per capita,CZ,Czechia,1995,,302,,,,,
dataflow,ESTAT:ENV_WASMUN(1.0),Municipal waste by waste management operations,A,Annual,TRT,Waste treatment,KG_HAB,Kilograms per capita,CZ,Czechia,1996,,310,,,,,
dataflow,ESTAT:ENV_WASMUN(1.0),Municipal waste by waste management operations,A,Annual,TRT,Waste treatment,KG_HAB,Kilograms per capita,CZ,Czechia,1997,,318,,,,,
dataflow,ESTAT:ENV_WASMUN(1.0),Municipal waste by waste management operations,A,Annual,TRT,Waste treatment,KG_HAB,Kilograms per capita,CZ,Czechia,1998,,291,,,,,
dataflow,ESTAT:ENV_WASMUN(1.0),Municipal waste by waste management operations,A,Annual,TRT,Waste treatment,KG_HAB,Kilograms per capita,CZ,Czechia,1999,,310,,,,,
dataflow,ESTAT:ENV_WASMUN(1.0),Municipal waste by waste management operations,A,Annual,TRT,Waste treatment,KG_HAB,Kilograms per capita,CZ,Czechia,2000,,317,,,,,
dataflow,ESTAT:ENV_WASMUN(1.0),Municipal waste by waste management operations,A,Annual,TRT,Waste treatment,KG_HAB,Kilograms per capita,CZ,Czechia,2001,,253,,b,break in time series,,
dataflow,ESTAT:ENV_WASMUN(1.0),Municipal waste by waste management operations,A,Annual,TRT,Waste treatment,KG_HAB,Kilograms per capita,CZ,Czechia,2002,,247,,,,,
dataflow,ESTAT:ENV_WASMUN(1.0),Municipal waste by waste management operations,A,Annual,TRT,Waste treatment,KG_HAB,Kilograms per capita,CZ,Czechia,2003,,243,,,,,
dataflow,ESTAT:ENV_WASMUN(1.0),Municipal waste by waste management operations,A,Annual,TRT,Waste treatment,KG_HAB,Kilograms per capita,CZ,Czechia,2004,,235,,b,break in time series,,
dataflow,ESTAT:ENV_WASMUN(1.0),Municipal waste by waste management operations,A,Annual,TRT,Waste treatment,KG_HAB,Kilograms per capita,CZ,Czechia,2005,,244,,,,,
dataflow,ESTAT:ENV_WASMUN(1.0),Municipal waste by waste management operations,A,Annual,TRT,Waste treatment,KG_HAB,Kilograms per capita,CZ,Czechia,2006,,260,,,,,
dataflow,ESTAT:ENV_WASMUN(1.0),Municipal waste by waste management operations,A,Annual,TRT,Waste treatment,KG_HAB,Kilograms per capita,CZ,Czechia,2007,,274,,,,,
dataflow,ESTAT:ENV_WASMUN(1.0),Municipal waste by waste management operations,A,Annual,TRT,Waste treatment,KG_HAB,Kilograms per capita,CZ,Czechia,2008,,265,,,,,
dataflow,ESTAT:ENV_WASMUN(1.0),Municipal waste by waste management operations,A,Annual,TRT,Waste treatment,KG_HAB,Kilograms per capita,CZ,Czechia,2009,,277,,,,,
dataflow,ESTAT:ENV_WASMUN(1.0),Municipal waste by waste management operations,A,Annual,TRT,Waste treatment,KG_HAB,Kilograms per capita,CZ,Czechia,2010,,304,,,,,
dataflow,ESTAT:ENV_WASMUN(1.0),Municipal waste by waste management operations,A,Annual,TRT,Waste treatment,KG_HAB,Kilograms per capita,CZ,Czechia,2011,,319,,,,,
dataflow,ESTAT:ENV_WASMUN(1.0),Municipal waste by waste management operations,A,Annual,TRT,Waste treatment,KG_HAB,Kilograms per capita,CZ,Czechia,2012,,308,,,,,
dataflow,ESTAT:ENV_WASMUN(1.0),Municipal waste by waste management operations,A,Annual,TRT,Waste treatment,KG_HAB,Kilograms per capita,CZ,Czechia,2013,,307,,,,,
dataflow,ESTAT:ENV_WASMUN(1.0),Municipal waste by waste management operations,A,Annual,TRT,Waste treatment,KG_HAB,Kilograms per capita,CZ,Czechia,2014,,310,,,,,
dataflow,ESTAT:ENV_WASMUN(1.0),Municipal waste by waste management operations,A,Annual,TRT,Waste treatment,KG_HAB,Kilograms per capita,CZ,Czechia,2015,,316,,,,,
dataflow,ESTAT:ENV_WASMUN(1.0),Municipal waste by waste management operations,A,Annual,TRT,Waste treatment,KG_HAB,Kilograms per capita,CZ,Czechia,2016,,339,,,,,
dataflow,ESTAT:ENV_WASMUN(1.0),Municipal waste by waste management operations,A,Annual,TRT,Waste treatment,KG_HAB,Kilograms per capita,CZ,Czechia,2017,,467,,b,break in time series,,
dataflow,ESTAT:ENV_WASMUN(1.0),Municipal waste by waste management operations,A,Annual,TRT,Waste treatment,KG_HAB,Kilograms per capita,CZ,Czechia,2018,,473,,,,,
dataflow,ESTAT:ENV_WASMUN(1.0),Municipal waste by waste management operations,A,Annual,TRT,Waste treatment,KG_HAB,Kilograms per capita,CZ,Czechia,2019,,482,,,,,
dataflow,ESTAT:ENV_WASMUN(1.0),Municipal waste by waste management operations,A,Annual,TRT,Waste treatment,KG_HAB,Kilograms per capita,CZ,Czechia,2020,,550,,,,,
dataflow,ESTAT:ENV_WASMUN(1.0),Municipal waste by waste management operations,A,Annual,TRT,Waste treatment,KG_HAB,Kilograms per capita,CZ,Czechia,2021,,581,,,,,
dataflow,ESTAT:ENV_WASMUN(1.0),Municipal waste by waste management operations,A,Annual,TRT,Waste treatment,KG_HAB,Kilograms per capita,DE,Germany,1995,,623,,i,value imputed by Eurostat or other receiving agencies,,
dataflow,ESTAT:ENV_WASMUN(1.0),Municipal waste by waste management operations,A,Annual,TRT,Waste treatment,KG_HAB,Kilograms per capita,DE,Germany,1996,,641,,i,value imputed by Eurostat or other receiving agencies,,
dataflow,ESTAT:ENV_WASMUN(1.0),Municipal waste by waste management operations,A,Annual,TRT,Waste treatment,KG_HAB,Kilograms per capita,DE,Germany,1997,,658,,i,value imputed by Eurostat or other receiving agencies,,
dataflow,ESTAT:ENV_WASMUN(1.0),Municipal waste by waste management operations,A,Annual,TRT,Waste treatment,KG_HAB,Kilograms per capita,DE,Germany,1998,,647,,i,value imputed by Eurostat or other receiving agencies,,
dataflow,ESTAT:ENV_WASMUN(1.0),Municipal waste by waste management operations,A,Annual,TRT,Waste treatment,KG_HAB,Kilograms per capita,DE,Germany,1999,,638,,i,value imputed by Eurostat or other receiving agencies,,
dataflow,ESTAT:ENV_WASMUN(1.0),Municipal waste by waste management operations,A,Annual,TRT,Waste treatment,KG_HAB,Kilograms per capita,DE,Germany,2000,,642,,i,value imputed by Eurostat or other receiving agencies,,
dataflow,ESTAT:ENV_WASMUN(1.0),Municipal waste by waste management operations,A,Annual,TRT,Waste treatment,KG_HAB,Kilograms per capita,DE,Germany,2001,,632,,i,value imputed by Eurostat or other receiving agencies,,
dataflow,ESTAT:ENV_WASMUN(1.0),Municipal waste by waste management operations,A,Annual,TRT,Waste treatment,KG_HAB,Kilograms per capita,DE,Germany,2002,,640,,,,,
dataflow,ESTAT:ENV_WASMUN(1.0),Municipal waste by waste management operations,A,Annual,TRT,Waste treatment,KG_HAB,Kilograms per capita,DE,Germany,2003,,601,,,,,
dataflow,ESTAT:ENV_WASMUN(1.0),Municipal waste by waste management operations,A,Annual,TRT,Waste treatment,KG_HAB,Kilograms per capita,DE,Germany,2004,,587,,,,,
dataflow,ESTAT:ENV_WASMUN(1.0),Municipal waste by waste management operations,A,Annual,TRT,Waste treatment,KG_HAB,Kilograms per capita,DE,Germany,2005,,565,,,,,
dataflow,ESTAT:ENV_WASMUN(1.0),Municipal waste by waste management operations,A,Annual,TRT,Waste treatment,KG_HAB,Kilograms per capita,DE,Germany,2006,,564,,,,,
dataflow,ESTAT:ENV_WASMUN(1.0),Municipal waste by waste management operations,A,Annual,TRT,Waste treatment,KG_HAB,Kilograms per capita,DE,Germany,2007,,582,,,,,
dataflow,ESTAT:ENV_WASMUN(1.0),Municipal waste by waste management operations,A,Annual,TRT,Waste treatment,KG_HAB,Kilograms per capita,DE,Germany,2008,,589,,,,,
dataflow,ESTAT:ENV_WASMUN(1.0),Municipal waste by waste management operations,A,Annual,TRT,Waste treatment,KG_HAB,Kilograms per capita,DE,Germany,2009,,592,,,,,
dataflow,ESTAT:ENV_WASMUN(1.0),Municipal waste by waste management operations,A,Annual,TRT,Waste treatment,KG_HAB,Kilograms per capita,DE,Germany,2010,,602,,,,,
dataflow,ESTAT:ENV_WASMUN(1.0),Municipal waste by waste management operations,A,Annual,TRT,Waste treatment,KG_HAB,Kilograms per capita,DE,Germany,2011,,626,,,,,
dataflow,ESTAT:ENV_WASMUN(1.0),Municipal waste by waste management operations,A,Annual,TRT,Waste treatment,KG_HAB,Kilograms per capita,DE,Germany,2012,,619,,,,,
dataflow,ESTAT:ENV_WASMUN(1.0),Municipal waste by waste management operations,A,Annual,TRT,Waste treatment,KG_HAB,Kilograms per capita,DE,Germany,2013,,608,,,,,
dataflow,ESTAT:ENV_WASMUN(1.0),Municipal waste by waste management operations,A,Annual,TRT,Waste treatment,KG_HAB,Kilograms per capita,DE,Germany,2014,,631,,,,,
dataflow,ESTAT:ENV_WASMUN(1.0),Municipal waste by waste management operations,A,Annual,TRT,Waste treatment,KG_HAB,Kilograms per capita,DE,Germany,2015,,632,,,,,
dataflow,ESTAT:ENV_WASMUN(1.0),Municipal waste by waste management operations,A,Annual,TRT,Waste treatment,KG_HAB,Kilograms per capita,DE,Germany,2016,,633,,,,,
dataflow,ESTAT:ENV_WASMUN(1.0),Municipal waste by waste management operations,A,Annual,TRT,Waste treatment,KG_HAB,Kilograms per capita,DE,Germany,2017,,627,,,,,
dataflow,ESTAT:ENV_WASMUN(1.0),Municipal waste by waste management operations,A,Annual,TRT,Waste treatment,KG_HAB,Kilograms per capita,DE,Germany,2018,,606,,i,value imputed by Eurostat or other receiving agencies,,
dataflow,ESTAT:ENV_WASMUN(1.0),Municipal waste by waste management operations,A,Annual,TRT,Waste treatment,KG_HAB,Kilograms per capita,DE,Germany,2019,,609,,i,value imputed by Eurostat or other receiving agencies,,
dataflow,ESTAT:ENV_WASMUN(1.0),Municipal waste by waste management operations,A,Annual,TRT,Waste treatment,KG_HAB,Kilograms per capita,DE,Germany,2020,,641,,,,,
dataflow,ESTAT:ENV_WASMUN(1.0),Municipal waste by waste management operations,A,Annual,TRT,Waste treatment,KG_HAB,Kilograms per capita,DE,Germany,2021,,651,,,,,
dataflow,ESTAT:ENV_WASMUN(1.0),Municipal waste by waste management operations,A,Annual,TRT,Waste treatment,KG_HAB,Kilograms per capita,DE,Germany,2022,,606,,,,,
dataflow,ESTAT:ENV_WASMUN(1.0),Municipal waste by waste management operations,A,Annual,TRT,Waste treatment,KG_HAB,Kilograms per capita,DE,Germany,2023,,601,,e,estimated,,
dataflow,ESTAT:ENV_WASMUN(1.0),Municipal waste by waste management operations,A,Annual,TRT,Waste treatment,KG_HAB,Kilograms per capita,DK,Denmark,1995,,521,,be,"break in time series, estimated",,
dataflow,ESTAT:ENV_WASMUN(1.0),Municipal waste by waste management operations,A,Annual,TRT,Waste treatment,KG_HAB,Kilograms per capita,DK,Denmark,1996,,618,,,,,
dataflow,ESTAT:ENV_WASMUN(1.0),Municipal waste by waste management operations,A,Annual,TRT,Waste treatment,KG_HAB,Kilograms per capita,DK,Denmark,1997,,587,,,,,
dataflow,ESTAT:ENV_WASMUN(1.0),Municipal waste by waste management operations,A,Annual,TRT,Waste treatment,KG_HAB,Kilograms per capita,DK,Denmark,1998,,592,,,,,
dataflow,ESTAT:ENV_WASMUN(1.0),Municipal waste by waste management operations,A,Annual,TRT,Waste treatment,KG_HAB,Kilograms per capita,DK,Denmark,1999,,626,,,,,
dataflow,ESTAT:ENV_WASMUN(1.0),Municipal waste by waste management operations,A,Annual,TRT,Waste treatment,KG_HAB,Kilograms per capita,DK,Denmark,2000,,664,,,,,
dataflow,ESTAT:ENV_WASMUN(1.0),Municipal waste by waste management operations,A,Annual,TRT,Waste treatment,KG_HAB,Kilograms per capita,DK,Denmark,2001,,657,,,,,
dataflow,ESTAT:ENV_WASMUN(1.0),Municipal waste by waste management operations,A,Annual,TRT,Waste treatment,KG_HAB,Kilograms per capita,DK,Denmark,2002,,664,,,,,
dataflow,ESTAT:ENV_WASMUN(1.0),Municipal waste by waste management operations,A,Annual,TRT,Waste treatment,KG_HAB,Kilograms per capita,DK,Denmark,2003,,671,,,,,
dataflow,ESTAT:ENV_WASMUN(1.0),Municipal waste by waste management operations,A,Annual,TRT,Waste treatment,KG_HAB,Kilograms per capita,DK,Denmark,2004,,695,,,,,
dataflow,ESTAT:ENV_WASMUN(1.0),Municipal waste by waste management operations,A,Annual,TRT,Waste treatment,KG_HAB,Kilograms per capita,DK,Denmark,2005,,736,,,,,
dataflow,ESTAT:ENV_WASMUN(1.0),Municipal waste by waste management operations,A,Annual,TRT,Waste treatment,KG_HAB,Kilograms per capita,DK,Denmark,2006,,740,,,,,
dataflow,ESTAT:ENV_WASMUN(1.0),Municipal waste by waste management operations,A,Annual,TRT,Waste treatment,KG_HAB,Kilograms per capita,DK,Denmark,2007,,790,,,,,
dataflow,ESTAT:ENV_WASMUN(1.0),Municipal waste by waste management operations,A,Annual,TRT,Waste treatment,KG_HAB,Kilograms per capita,DK,Denmark,2008,,830,,,,,
dataflow,ESTAT:ENV_WASMUN(1.0),Municipal waste by waste management operations,A,Annual,TRT,Waste treatment,KG_HAB,Kilograms per capita,DK,Denmark,2009,,762,,e,estimated,,
dataflow,ESTAT:ENV_WASMUN(1.0),Municipal waste by waste management operations,A,Annual,TRT,Waste treatment,KG_HAB,Kilograms per capita,DK,Denmark,2011,,862,,b,break in time series,,
dataflow,ESTAT:ENV_WASMUN(1.0),Municipal waste by waste management operations,A,Annual,TRT,Waste treatment,KG_HAB,Kilograms per capita,DK,Denmark,2012,,806,,,,,
dataflow,ESTAT:ENV_WASMUN(1.0),Municipal waste by waste management operations,A,Annual,TRT,Waste treatment,KG_HAB,Kilograms per capita,DK,Denmark,2013,,813,,,,,
dataflow,ESTAT:ENV_WASMUN(1.0),Municipal waste by waste management operations,A,Annual,TRT,Waste treatment,KG_HAB,Kilograms per capita,DK,Denmark,2014,,808,,,,,
dataflow,ESTAT:ENV_WASMUN(1.0),Municipal waste by waste management operations,A,Annual,TRT,Waste treatment,KG_HAB,Kilograms per capita,DK,Denmark,2015,,822,,,,,
dataflow,ESTAT:ENV_WASMUN(1.0),Municipal waste by waste management operations,A,Annual,TRT,Waste treatment,KG_HAB,Kilograms per capita,DK,Denmark,2016,,830,,,,,
dataflow,ESTAT:ENV_WASMUN(1.0),Municipal waste by waste management operations,A,Annual,TRT,Waste treatment,KG_HAB,Kilograms per capita,DK,Denmark,2017,,820,,,,,
dataflow,ESTAT:ENV_WASMUN(1.0),Municipal waste by waste management operations,A,Annual,TRT,Waste treatment,KG_HAB,Kilograms per capita,DK,Denmark,2018,,812,,,,,
dataflow,ESTAT:ENV_WASMUN(1.0),Municipal waste by waste management operations,A,Annual,TRT,Waste treatment,KG_HAB,Kilograms per capita,DK,Denmark,2019,,844,,,,,
dataflow,ESTAT:ENV_WASMUN(1.0),Municipal waste by waste management operations,A,Annual,TRT,Waste treatment,KG_HAB,Kilograms per capita,DK,Denmark,2020,,813,,,,,
dataflow,ESTAT:ENV_WASMUN(1.0),Municipal waste by waste management operations,A,Annual,TRT,Waste treatment,KG_HAB,Kilograms per capita,DK,Denmark,2021,,769,,,,,
dataflow,ESTAT:ENV_WASMUN(1.0),Municipal waste by waste management operations,A,Annual,TRT,Waste treatment,KG_HAB,Kilograms per capita,DK,Denmark,2022,,738,,,,,
dataflow,ESTAT:ENV_WASMUN(1.0),Municipal waste by waste management operations,A,Annual,TRT,Waste treatment,KG_HAB,Kilograms per capita,EE,Estonia,1995,,370,,,,,
dataflow,ESTAT:ENV_WASMUN(1.0),Municipal waste by waste management operations,A,Annual,TRT,Waste treatment,KG_HAB,Kilograms per capita,EE,Estonia,1996,,399,,,,,
dataflow,ESTAT:ENV_WASMUN(1.0),Municipal waste by waste management operations,A,Annual,TRT,Waste treatment,KG_HAB,Kilograms per capita,EE,Estonia,1997,,424,,,,,
dataflow,ESTAT:ENV_WASMUN(1.0),Municipal waste by waste management operations,A,Annual,TRT,Waste treatment,KG_HAB,Kilograms per capita,EE,Estonia,1998,,402,,,,,
dataflow,ESTAT:ENV_WASMUN(1.0),Municipal waste by waste management operations,A,Annual,TRT,Waste treatment,KG_HAB,Kilograms per capita,EE,Estonia,1999,,409,,,,,
dataflow,ESTAT:ENV_WASMUN(1.0),Municipal waste by waste management operations,A,Annual,TRT,Waste treatment,KG_HAB,Kilograms per capita,EE,Estonia,2000,,441,,,,,
dataflow,ESTAT:ENV_WASMUN(1.0),Municipal waste by waste management operations,A,Annual,TRT,Waste treatment,KG_HAB,Kilograms per capita,EE,Estonia,2001,,310,,,,,
dataflow,ESTAT:ENV_WASMUN(1.0),Municipal waste by waste management operations,A,Annual,TRT,Waste treatment,KG_HAB,Kilograms per capita,EE,Estonia,2002,,315,,,,,
dataflow,ESTAT:ENV_WASMUN(1.0),Municipal waste by waste management operations,A,Annual,TRT,Waste treatment,KG_HAB,Kilograms per capita,EE,Estonia,2003,,333,,,,,
dataflow,ESTAT:ENV_WASMUN(1.0),Municipal waste by waste management operations,A,Annual,TRT,Waste treatment,KG_HAB,Kilograms per capita,EE,Estonia,2004,,392,,,,,
dataflow,ESTAT:ENV_WASMUN(1.0),Municipal waste by waste management operations,A,Annual,TRT,Waste treatment,KG_HAB,Kilograms per capita,EE,Estonia,2005,,371,,,,,
dataflow,ESTAT:ENV_WASMUN(1.0),Municipal waste by waste management operations,A,Annual,TRT,Waste treatment,KG_HAB,Kilograms per capita,EE,Estonia,2006,,347,,,,,
dataflow,ESTAT:ENV_WASMUN(1.0),Municipal waste by waste management operations,A,Annual,TRT,Waste treatment,KG_HAB,Kilograms per capita,EE,Estonia,2007,,396,,,,,
dataflow,ESTAT:ENV_WASMUN(1.0),Municipal waste by waste management operations,A,Annual,TRT,Waste treatment,KG_HAB,Kilograms per capita,EE,Estonia,2008,,329,,,,,
dataflow,ESTAT:ENV_WASMUN(1.0),Municipal waste by waste management operations,A,Annual,TRT,Waste treatment,KG_HAB,Kilograms per capita,EE,Estonia,2009,,287,,,,,
dataflow,ESTAT:ENV_WASMUN(1.0),Municipal waste by waste management operations,A,Annual,TRT,Waste treatment,KG_HAB,Kilograms per capita,EE,Estonia,2010,,256,,,,,
dataflow,ESTAT:ENV_WASMUN(1.0),Municipal waste by waste management operations,A,Annual,TRT,Waste treatment,KG_HAB,Kilograms per capita,EE,Estonia,2011,,250,,,,,
dataflow,ESTAT:ENV_WASMUN(1.0),Municipal waste by waste management operations,A,Annual,TRT,Waste treatment,KG_HAB,Kilograms per capita,EE,Estonia,2012,,187,,,,,
dataflow,ESTAT:ENV_WASMUN(1.0),Municipal waste by waste management operations,A,Annual,TRT,Waste treatment,KG_HAB,Kilograms per capita,EE,Estonia,2013,,255,,,,,
dataflow,ESTAT:ENV_WASMUN(1.0),Municipal waste by waste management operations,A,Annual,TRT,Waste treatment,KG_HAB,Kilograms per capita,EE,Estonia,2014,,303,,,,,
dataflow,ESTAT:ENV_WASMUN(1.0),Municipal waste by waste management operations,A,Annual,TRT,Waste treatment,KG_HAB,Kilograms per capita,EE,Estonia,2015,,313,,,,,
dataflow,ESTAT:ENV_WASMUN(1.0),Municipal waste by waste management operations,A,Annual,TRT,Waste treatment,KG_HAB,Kilograms per capita,EE,Estonia,2016,,344,,,,,
dataflow,ESTAT:ENV_WASMUN(1.0),Municipal waste by waste management operations,A,Annual,TRT,Waste treatment,KG_HAB,Kilograms per capita,EE,Estonia,2017,,373,,,,,
dataflow,ESTAT:ENV_WASMUN(1.0),Municipal waste by waste management operations,A,Annual,TRT,Waste treatment,KG_HAB,Kilograms per capita,EE,Estonia,2018,,382,,,,,
dataflow,ESTAT:ENV_WASMUN(1.0),Municipal waste by waste management operations,A,Annual,TRT,Waste treatment,KG_HAB,Kilograms per capita,EE,Estonia,2019,,345,,,,,
dataflow,ESTAT:ENV_WASMUN(1.0),Municipal waste by waste management operations,A,Annual,TRT,Waste treatment,KG_HAB,Kilograms per capita,EE,Estonia,2020,,331,,,,,
dataflow,ESTAT:ENV_WASMUN(1.0),Municipal waste by waste management operations,A,Annual,TRT,Waste treatment,KG_HAB,Kilograms per capita,EE,Estonia,2021,,389,,,,,
dataflow,ESTAT:ENV_WASMUN(1.0),Municipal waste by waste management operations,A,Annual,TRT,Waste treatment,KG_HAB,Kilograms per capita,EE,Estonia,2022,,330,,,,,
dataflow,ESTAT:ENV_WASMUN(1.0),Municipal waste by waste management operations,A,Annual,TRT,Waste treatment,KG_HAB,Kilograms per capita,EE,Estonia,2023,,339,,,,,
dataflow,ESTAT:ENV_WASMUN(1.0),Municipal waste by waste management operations,A,Annual,TRT,Waste treatment,KG_HAB,Kilograms per capita,EL,Greece,1995,,330,,,,,
dataflow,ESTAT:ENV_WASMUN(1.0),Municipal waste by waste management operations,A,Annual,TRT,Waste treatment,KG_HAB,Kilograms per capita,EL,Greece,1996,,346,,,,,
dataflow,ESTAT:ENV_WASMUN(1.0),Municipal waste by waste management operations,A,Annual,TRT,Waste treatment,KG_HAB,Kilograms per capita,EL,Greece,1997,,366,,,,,
dataflow,ESTAT:ENV_WASMUN(1.0),Municipal waste by waste management operations,A,Annual,TRT,Waste treatment,KG_HAB,Kilograms per capita,EL,Greece,1998,,381,,,,,
dataflow,ESTAT:ENV_WASMUN(1.0),Municipal waste by waste management operations,A,Annual,TRT,Waste treatment,KG_HAB,Kilograms per capita,EL,Greece,1999,,396,,,,,
dataflow,ESTAT:ENV_WASMUN(1.0),Municipal waste by waste management operations,A,Annual,TRT,Waste treatment,KG_HAB,Kilograms per capita,EL,Greece,2000,,412,,,,,
dataflow,ESTAT:ENV_WASMUN(1.0),Municipal waste by waste management operations,A,Annual,TRT,Waste treatment,KG_HAB,Kilograms per capita,EL,Greece,2001,,420,,,,,
dataflow,ESTAT:ENV_WASMUN(1.0),Municipal waste by waste management operations,A,Annual,TRT,Waste treatment,KG_HAB,Kilograms per capita,EL,Greece,2002,,426,,,,,
dataflow,ESTAT:ENV_WASMUN(1.0),Municipal waste by waste management operations,A,Annual,TRT,Waste treatment,KG_HAB,Kilograms per capita,EL,Greece,2003,,431,,,,,
dataflow,ESTAT:ENV_WASMUN(1.0),Municipal waste by waste management operations,A,Annual,TRT,Waste treatment,KG_HAB,Kilograms per capita,EL,Greece,2004,,436,,,,,
dataflow,ESTAT:ENV_WASMUN(1.0),Municipal waste by waste management operations,A,Annual,TRT,Waste treatment,KG_HAB,Kilograms per capita,EL,Greece,2005,,443,,,,,
dataflow,ESTAT:ENV_WASMUN(1.0),Municipal waste by waste management operations,A,Annual,TRT,Waste treatment,KG_HAB,Kilograms per capita,EL,Greece,2006,,447,,,,,
dataflow,ESTAT:ENV_WASMUN(1.0),Municipal waste by waste management operations,A,Annual,TRT,Waste treatment,KG_HAB,Kilograms per capita,EL,Greece,2007,,453,,,,,
dataflow,ESTAT:ENV_WASMUN(1.0),Municipal waste by waste management operations,A,Annual,TRT,Waste treatment,KG_HAB,Kilograms per capita,EL,Greece,2008,,458,,,,,
dataflow,ESTAT:ENV_WASMUN(1.0),Municipal waste by waste management operations,A,Annual,TRT,Waste treatment,KG_HAB,Kilograms per capita,EL,Greece,2009,,464,,,,,
dataflow,ESTAT:ENV_WASMUN(1.0),Municipal waste by waste management operations,A,Annual,TRT,Waste treatment,KG_HAB,Kilograms per capita,EL,Greece,2010,,532,,,,,
dataflow,ESTAT:ENV_WASMUN(1.0),Municipal waste by waste management operations,A,Annual,TRT,Waste treatment,KG_HAB,Kilograms per capita,EL,Greece,2011,,503,,,,,
dataflow,ESTAT:ENV_WASMUN(1.0),Municipal waste by waste management operations,A,Annual,TRT,Waste treatment,KG_HAB,Kilograms per capita,EL,Greece,2012,,495,,,,,
dataflow,ESTAT:ENV_WASMUN(1.0),Municipal waste by waste management operations,A,Annual,TRT,Waste treatment,KG_HAB,Kilograms per capita,EL,Greece,2013,,482,,,,,
dataflow,ESTAT:ENV_WASMUN(1.0),Municipal waste by waste management operations,A,Annual,TRT,Waste treatment,KG_HAB,Kilograms per capita,EL,Greece,2014,,488,,,,,
dataflow,ESTAT:ENV_WASMUN(1.0),Municipal waste by waste management operations,A,Annual,TRT,Waste treatment,KG_HAB,Kilograms per capita,EL,Greece,2015,,488,,,,,
dataflow,ESTAT:ENV_WASMUN(1.0),Municipal waste by waste management operations,A,Annual,TRT,Waste treatment,KG_HAB,Kilograms per capita,EL,Greece,2016,,498,,,,,
dataflow,ESTAT:ENV_WASMUN(1.0),Municipal waste by waste management operations,A,Annual,TRT,Waste treatment,KG_HAB,Kilograms per capita,EL,Greece,2017,,504,,,,,
dataflow,ESTAT:ENV_WASMUN(1.0),Municipal waste by waste management operations,A,Annual,TRT,Waste treatment,KG_HAB,Kilograms per capita,EL,Greece,2018,,515,,i,value imputed by Eurostat or other receiving agencies,,
dataflow,ESTAT:ENV_WASMUN(1.0),Municipal waste by waste management operations,A,Annual,TRT,Waste treatment,KG_HAB,Kilograms per capita,EL,Greece,2019,,524,,,,,
dataflow,ESTAT:ENV_WASMUN(1.0),Municipal waste by waste management operations,A,Annual,TRT,Waste treatment,KG_HAB,Kilograms per capita,EL,Greece,2020,,499,,,,,
dataflow,ESTAT:ENV_WASMUN(1.0),Municipal waste by waste management operations,A,Annual,TRT,Waste treatment,KG_HAB,Kilograms per capita,EL,Greece,2021,,509,,,,,
dataflow,ESTAT:ENV_WASMUN(1.0),Municipal waste by waste management operations,A,Annual,TRT,Waste treatment,KG_HAB,Kilograms per capita,EL,Greece,2022,,519,,,,,
dataflow,ESTAT:ENV_WASMUN(1.0),Municipal waste by waste management operations,A,Annual,TRT,Waste treatment,KG_HAB,Kilograms per capita,ES,Spain,1995,,365,,,,,
dataflow,ESTAT:ENV_WASMUN(1.0),Municipal waste by waste management operations,A,Annual,TRT,Waste treatment,KG_HAB,Kilograms per capita,ES,Spain,1996,,360,,,,,
dataflow,ESTAT:ENV_WASMUN(1.0),Municipal waste by waste management operations,A,Annual,TRT,Waste treatment,KG_HAB,Kilograms per capita,ES,Spain,1997,,396,,,,,
dataflow,ESTAT:ENV_WASMUN(1.0),Municipal waste by waste management operations,A,Annual,TRT,Waste treatment,KG_HAB,Kilograms per capita,ES,Spain,1998,,401,,,,,
dataflow,ESTAT:ENV_WASMUN(1.0),Municipal waste by waste management operations,A,Annual,TRT,Waste treatment,KG_HAB,Kilograms per capita,ES,Spain,1999,,447,,,,,
dataflow,ESTAT:ENV_WASMUN(1.0),Municipal waste by waste management operations,A,Annual,TRT,Waste treatment,KG_HAB,Kilograms per capita,ES,Spain,2000,,491,,,,,
dataflow,ESTAT:ENV_WASMUN(1.0),Municipal waste by waste management operations,A,Annual,TRT,Waste treatment,KG_HAB,Kilograms per capita,ES,Spain,2001,,536,,,,,
dataflow,ESTAT:ENV_WASMUN(1.0),Municipal waste by waste management operations,A,Annual,TRT,Waste treatment,KG_HAB,Kilograms per capita,ES,Spain,2002,,580,,,,,
dataflow,ESTAT:ENV_WASMUN(1.0),Municipal waste by waste management operations,A,Annual,TRT,Waste treatment,KG_HAB,Kilograms per capita,ES,Spain,2003,,587,,,,,
dataflow,ESTAT:ENV_WASMUN(1.0),Municipal waste by waste management operations,A,Annual,TRT,Waste treatment,KG_HAB,Kilograms per capita,ES,Spain,2004,,521,,,,,
dataflow,ESTAT:ENV_WASMUN(1.0),Municipal waste by waste management operations,A,Annual,TRT,Waste treatment,KG_HAB,Kilograms per capita,ES,Spain,2005,,517,,,,,
dataflow,ESTAT:ENV_WASMUN(1.0),Municipal waste by waste management operations,A,Annual,TRT,Waste treatment,KG_HAB,Kilograms per capita,ES,Spain,2006,,590,,,,,
dataflow,ESTAT:ENV_WASMUN(1.0),Municipal waste by waste management operations,A,Annual,TRT,Waste treatment,KG_HAB,Kilograms per capita,ES,Spain,2007,,578,,,,,
dataflow,ESTAT:ENV_WASMUN(1.0),Municipal waste by waste management operations,A,Annual,TRT,Waste treatment,KG_HAB,Kilograms per capita,ES,Spain,2008,,551,,,,,
dataflow,ESTAT:ENV_WASMUN(1.0),Municipal waste by waste management operations,A,Annual,TRT,Waste treatment,KG_HAB,Kilograms per capita,ES,Spain,2009,,542,,,,,
dataflow,ESTAT:ENV_WASMUN(1.0),Municipal waste by waste management operations,A,Annual,TRT,Waste treatment,KG_HAB,Kilograms per capita,ES,Spain,2010,,510,,,,,
dataflow,ESTAT:ENV_WASMUN(1.0),Municipal waste by waste management operations,A,Annual,TRT,Waste treatment,KG_HAB,Kilograms per capita,ES,Spain,2011,,485,,,,,
dataflow,ESTAT:ENV_WASMUN(1.0),Municipal waste by waste management operations,A,Annual,TRT,Waste treatment,KG_HAB,Kilograms per capita,ES,Spain,2012,,468,,,,,
dataflow,ESTAT:ENV_WASMUN(1.0),Municipal waste by waste management operations,A,Annual,TRT,Waste treatment,KG_HAB,Kilograms per capita,ES,Spain,2013,,455,,,,,
dataflow,ESTAT:ENV_WASMUN(1.0),Municipal waste by waste management operations,A,Annual,TRT,Waste treatment,KG_HAB,Kilograms per capita,ES,Spain,2014,,448,,,,,
dataflow,ESTAT:ENV_WASMUN(1.0),Municipal waste by waste management operations,A,Annual,TRT,Waste treatment,KG_HAB,Kilograms per capita,ES,Spain,2015,,456,,,,,
dataflow,ESTAT:ENV_WASMUN(1.0),Municipal waste by waste management operations,A,Annual,TRT,Waste treatment,KG_HAB,Kilograms per capita,ES,Spain,2016,,464,,,,,
dataflow,ESTAT:ENV_WASMUN(1.0),Municipal waste by waste management operations,A,Annual,TRT,Waste treatment,KG_HAB,Kilograms per capita,ES,Spain,2017,,473,,,,,
dataflow,ESTAT:ENV_WASMUN(1.0),Municipal waste by waste management operations,A,Annual,TRT,Waste treatment,KG_HAB,Kilograms per capita,ES,Spain,2018,,475,,,,,
dataflow,ESTAT:ENV_WASMUN(1.0),Municipal waste by waste management operations,A,Annual,TRT,Waste treatment,KG_HAB,Kilograms per capita,ES,Spain,2019,,472,,,,,
dataflow,ESTAT:ENV_WASMUN(1.0),Municipal waste by waste management operations,A,Annual,TRT,Waste treatment,KG_HAB,Kilograms per capita,ES,Spain,2020,,463,,,,,
dataflow,ESTAT:ENV_WASMUN(1.0),Municipal waste by waste management operations,A,Annual,TRT,Waste treatment,KG_HAB,Kilograms per capita,ES,Spain,2021,,482,,,,,
dataflow,ESTAT:ENV_WASMUN(1.0),Municipal waste by waste management operations,A,Annual,TRT,Waste treatment,KG_HAB,Kilograms per capita,ES,Spain,2022,,482,,p,provisional,,
dataflow,ESTAT:ENV_WASMUN(1.0),Municipal waste by waste management operations,A,Annual,TRT,Waste treatment,KG_HAB,Kilograms per capita,ES,Spain,2023,,465,,e,estimated,,
dataflow,ESTAT:ENV_WASMUN(1.0),Municipal waste by waste management operations,A,Annual,TRT,Waste treatment,KG_HAB,Kilograms per capita,EU27_2020,European Union - 27 countries (from 2020),1995,,443,,i,value imputed by Eurostat or other receiving agencies,,
dataflow,ESTAT:ENV_WASMUN(1.0),Municipal waste by waste management operations,A,Annual,TRT,Waste treatment,KG_HAB,Kilograms per capita,EU27_2020,European Union - 27 countries (from 2020),1996,,447,,i,value imputed by Eurostat or other receiving agencies,,
dataflow,ESTAT:ENV_WASMUN(1.0),Municipal waste by waste management operations,A,Annual,TRT,Waste treatment,KG_HAB,Kilograms per capita,EU27_2020,European Union - 27 countries (from 2020),1997,,464,,i,value imputed by Eurostat or other receiving agencies,,
dataflow,ESTAT:ENV_WASMUN(1.0),Municipal waste by waste management operations,A,Annual,TRT,Waste treatment,KG_HAB,Kilograms per capita,EU27_2020,European Union - 27 countries (from 2020),1998,,461,,i,value imputed by Eurostat or other receiving agencies,,
dataflow,ESTAT:ENV_WASMUN(1.0),Municipal waste by waste management operations,A,Annual,TRT,Waste treatment,KG_HAB,Kilograms per capita,EU27_2020,European Union - 27 countries (from 2020),1999,,472,,i,value imputed by Eurostat or other receiving agencies,,
dataflow,ESTAT:ENV_WASMUN(1.0),Municipal waste by waste management operations,A,Annual,TRT,Waste treatment,KG_HAB,Kilograms per capita,EU27_2020,European Union - 27 countries (from 2020),2000,,486,,i,value imputed by Eurostat or other receiving agencies,,
dataflow,ESTAT:ENV_WASMUN(1.0),Municipal waste by waste management operations,A,Annual,TRT,Waste treatment,KG_HAB,Kilograms per capita,EU27_2020,European Union - 27 countries (from 2020),2001,,483,,i,value imputed by Eurostat or other receiving agencies,,
dataflow,ESTAT:ENV_WASMUN(1.0),Municipal waste by waste management operations,A,Annual,TRT,Waste treatment,KG_HAB,Kilograms per capita,EU27_2020,European Union - 27 countries (from 2020),2002,,488,,i,value imputed by Eurostat or other receiving agencies,,
dataflow,ESTAT:ENV_WASMUN(1.0),Municipal waste by waste management operations,A,Annual,TRT,Waste treatment,KG_HAB,Kilograms per capita,EU27_2020,European Union - 27 countries (from 2020),2003,,475,,i,value imputed by Eurostat or other receiving agencies,,
dataflow,ESTAT:ENV_WASMUN(1.0),Municipal waste by waste management operations,A,Annual,TRT,Waste treatment,KG_HAB,Kilograms per capita,EU27_2020,European Union - 27 countries (from 2020),2004,,469,,i,value imputed by Eurostat or other receiving agencies,,
dataflow,ESTAT:ENV_WASMUN(1.0),Municipal waste by waste management operations,A,Annual,TRT,Waste treatment,KG_HAB,Kilograms per capita,EU27_2020,European Union - 27 countries (from 2020),2005,,469,,i,value imputed by Eurostat or other receiving agencies,,
dataflow,ESTAT:ENV_WASMUN(1.0),Municipal waste by waste management operations,A,Annual,TRT,Waste treatment,KG_HAB,Kilograms per capita,EU27_2020,European Union - 27 countries (from 2020),2006,,482,,,,,
dataflow,ESTAT:ENV_WASMUN(1.0),Municipal waste by waste management operations,A,Annual,TRT,Waste treatment,KG_HAB,Kilograms per capita,EU27_2020,European Union - 27 countries (from 2020),2007,,493,,,,,
dataflow,ESTAT:ENV_WASMUN(1.0),Municipal waste by waste management operations,A,Annual,TRT,Waste treatment,KG_HAB,Kilograms per capita,EU27_2020,European Union - 27 countries (from 2020),2008,,495,,,,,
dataflow,ESTAT:ENV_WASMUN(1.0),Municipal waste by waste management operations,A,Annual,TRT,Waste treatment,KG_HAB,Kilograms per capita,EU27_2020,European Union - 27 countries (from 2020),2009,,493,,,,,
dataflow,ESTAT:ENV_WASMUN(1.0),Municipal waste by waste management operations,A,Annual,TRT,Waste treatment,KG_HAB,Kilograms per capita,EU27_2020,European Union - 27 countries (from 2020),2010,,489,,,,,
dataflow,ESTAT:ENV_WASMUN(1.0),Municipal waste by waste management operations,A,Annual,TRT,Waste treatment,KG_HAB,Kilograms per capita,EU27_2020,European Union - 27 countries (from 2020),2011,,486,,,,,
dataflow,ESTAT:ENV_WASMUN(1.0),Municipal waste by waste management operations,A,Annual,TRT,Waste treatment,KG_HAB,Kilograms per capita,EU27_2020,European Union - 27 countries (from 2020),2012,,474,,,,,
dataflow,ESTAT:ENV_WASMUN(1.0),Municipal waste by waste management operations,A,Annual,TRT,Waste treatment,KG_HAB,Kilograms per capita,EU27_2020,European Union - 27 countries (from 2020),2013,,466,,,,,
dataflow,ESTAT:ENV_WASMUN(1.0),Municipal waste by waste management operations,A,Annual,TRT,Waste treatment,KG_HAB,Kilograms per capita,EU27_2020,European Union - 27 countries (from 2020),2014,,469,,,,,
dataflow,ESTAT:ENV_WASMUN(1.0),Municipal waste by waste management operations,A,Annual,TRT,Waste treatment,KG_HAB,Kilograms per capita,EU27_2020,European Union - 27 countries (from 2020),2015,,472,,,,,
dataflow,ESTAT:ENV_WASMUN(1.0),Municipal waste by waste management operations,A,Annual,TRT,Waste treatment,KG_HAB,Kilograms per capita,EU27_2020,European Union - 27 countries (from 2020),2016,,485,,,,,
dataflow,ESTAT:ENV_WASMUN(1.0),Municipal waste by waste management operations,A,Annual,TRT,Waste treatment,KG_HAB,Kilograms per capita,EU27_2020,European Union - 27 countries (from 2020),2017,,491,,,,,
dataflow,ESTAT:ENV_WASMUN(1.0),Municipal waste by waste management operations,A,Annual,TRT,Waste treatment,KG_HAB,Kilograms per capita,EU27_2020,European Union - 27 countries (from 2020),2018,,489,,i,value imputed by Eurostat or other receiving agencies,,
dataflow,ESTAT:ENV_WASMUN(1.0),Municipal waste by waste management operations,A,Annual,TRT,Waste treatment,KG_HAB,Kilograms per capita,EU27_2020,European Union - 27 countries (from 2020),2019,,494,,i,value imputed by Eurostat or other receiving agencies,,
dataflow,ESTAT:ENV_WASMUN(1.0),Municipal waste by waste management operations,A,Annual,TRT,Waste treatment,KG_HAB,Kilograms per capita,EU27_2020,European Union - 27 countries (from 2020),2020,,512,,,,,
dataflow,ESTAT:ENV_WASMUN(1.0),Municipal waste by waste management operations,A,Annual,TRT,Waste treatment,KG_HAB,Kilograms per capita,EU27_2020,European Union - 27 countries (from 2020),2021,,527,,i,value imputed by Eurostat or other receiving agencies,,
dataflow,ESTAT:ENV_WASMUN(1.0),Municipal waste by waste management operations,A,Annual,TRT,Waste treatment,KG_HAB,Kilograms per capita,EU27_2020,European Union - 27 countries (from 2020),2022,,502,,i,value imputed by Eurostat or other receiving agencies,,
dataflow,ESTAT:ENV_WASMUN(1.0),Municipal waste by waste management operations,A,Annual,TRT,Waste treatment,KG_HAB,Kilograms per capita,EU27_2020,European Union - 27 countries (from 2020),2023,,492,,i,value imputed by Eurostat or other receiving agencies,,
dataflow,ESTAT:ENV_WASMUN(1.0),Municipal waste by waste management operations,A,Annual,TRT,Waste treatment,KG_HAB,Kilograms per capita,FI,Finland,1995,,406,,,,,
dataflow,ESTAT:ENV_WASMUN(1.0),Municipal waste by waste management operations,A,Annual,TRT,Waste treatment,KG_HAB,Kilograms per capita,FI,Finland,1996,,412,,,,,
dataflow,ESTAT:ENV_WASMUN(1.0),Municipal waste by waste management operations,A,Annual,TRT,Waste treatment,KG_HAB,Kilograms per capita,FI,Finland,1997,,453,,,,,
dataflow,ESTAT:ENV_WASMUN(1.0),Municipal waste by waste management operations,A,Annual,TRT,Waste treatment,KG_HAB,Kilograms per capita,FI,Finland,1998,,478,,,,,
dataflow,ESTAT:ENV_WASMUN(1.0),Municipal waste by waste management operations,A,Annual,TRT,Waste treatment,KG_HAB,Kilograms per capita,FI,Finland,1999,,481,,,,,
dataflow,ESTAT:ENV_WASMUN(1.0),Municipal waste by waste management operations,A,Annual,TRT,Waste treatment,KG_HAB,Kilograms per capita,FI,Finland,2000,,526,,,,,
dataflow,ESTAT:ENV_WASMUN(1.0),Municipal waste by waste management operations,A,Annual,TRT,Waste treatment,KG_HAB,Kilograms per capita,FI,Finland,2001,,482,,,,,
dataflow,ESTAT:ENV_WASMUN(1.0),Municipal waste by waste management operations,A,Annual,TRT,Waste treatment,KG_HAB,Kilograms per capita,FI,Finland,2002,,481,,,,,
dataflow,ESTAT:ENV_WASMUN(1.0),Municipal waste by waste management operations,A,Annual,TRT,Waste treatment,KG_HAB,Kilograms per capita,FI,Finland,2003,,483,,,,,
dataflow,ESTAT:ENV_WASMUN(1.0),Municipal waste by waste management operations,A,Annual,TRT,Waste treatment,KG_HAB,Kilograms per capita,FI,Finland,2004,,484,,,,,
dataflow,ESTAT:ENV_WASMUN(1.0),Municipal waste by waste management operations,A,Annual,TRT,Waste treatment,KG_HAB,Kilograms per capita,FI,Finland,2005,,485,,,,,
dataflow,ESTAT:ENV_WASMUN(1.0),Municipal waste by waste management operations,A,Annual,TRT,Waste treatment,KG_HAB,Kilograms per capita,FI,Finland,2006,,494,,,,,
dataflow,ESTAT:ENV_WASMUN(1.0),Municipal waste by waste management operations,A,Annual,TRT,Waste treatment,KG_HAB,Kilograms per capita,FI,Finland,2007,,506,,,,,
dataflow,ESTAT:ENV_WASMUN(1.0),Municipal waste by waste management operations,A,Annual,TRT,Waste treatment,KG_HAB,Kilograms per capita,FI,Finland,2008,,533,,,,,
dataflow,ESTAT:ENV_WASMUN(1.0),Municipal waste by waste management operations,A,Annual,TRT,Waste treatment,KG_HAB,Kilograms per capita,FI,Finland,2009,,480,,,,,
dataflow,ESTAT:ENV_WASMUN(1.0),Municipal waste by waste management operations,A,Annual,TRT,Waste treatment,KG_HAB,Kilograms per capita,FI,Finland,2010,,470,,,,,
dataflow,ESTAT:ENV_WASMUN(1.0),Municipal waste by waste management operations,A,Annual,TRT,Waste treatment,KG_HAB,Kilograms per capita,FI,Finland,2011,,504,,,,,
dataflow,ESTAT:ENV_WASMUN(1.0),Municipal waste by waste management operations,A,Annual,TRT,Waste treatment,KG_HAB,Kilograms per capita,FI,Finland,2012,,506,,,,,
dataflow,ESTAT:ENV_WASMUN(1.0),Municipal waste by waste management operations,A,Annual,TRT,Waste treatment,KG_HAB,Kilograms per capita,FI,Finland,2013,,493,,,,,
dataflow,ESTAT:ENV_WASMUN(1.0),Municipal waste by waste management operations,A,Annual,TRT,Waste treatment,KG_HAB,Kilograms per capita,FI,Finland,2014,,482,,,,,
dataflow,ESTAT:ENV_WASMUN(1.0),Municipal waste by waste management operations,A,Annual,TRT,Waste treatment,KG_HAB,Kilograms per capita,FI,Finland,2015,,500,,,,,
dataflow,ESTAT:ENV_WASMUN(1.0),Municipal waste by waste management operations,A,Annual,TRT,Waste treatment,KG_HAB,Kilograms per capita,FI,Finland,2016,,504,,,,,
dataflow,ESTAT:ENV_WASMUN(1.0),Municipal waste by waste management operations,A,Annual,TRT,Waste treatment,KG_HAB,Kilograms per capita,FI,Finland,2017,,510,,,,,
dataflow,ESTAT:ENV_WASMUN(1.0),Municipal waste by waste management operations,A,Annual,TRT,Waste treatment,KG_HAB,Kilograms per capita,FI,Finland,2018,,551,,,,,
dataflow,ESTAT:ENV_WASMUN(1.0),Municipal waste by waste management operations,A,Annual,TRT,Waste treatment,KG_HAB,Kilograms per capita,FI,Finland,2019,,566,,,,,
dataflow,ESTAT:ENV_WASMUN(1.0),Municipal waste by waste management operations,A,Annual,TRT,Waste treatment,KG_HAB,Kilograms per capita,FI,Finland,2020,,609,,,,,
dataflow,ESTAT:ENV_WASMUN(1.0),Municipal waste by waste management operations,A,Annual,TRT,Waste treatment,KG_HAB,Kilograms per capita,FI,Finland,2021,,630,,,,,
dataflow,ESTAT:ENV_WASMUN(1.0),Municipal waste by waste management operations,A,Annual,TRT,Waste treatment,KG_HAB,Kilograms per capita,FI,Finland,2022,,522,,,,,
dataflow,ESTAT:ENV_WASMUN(1.0),Municipal waste by waste management operations,A,Annual,TRT,Waste treatment,KG_HAB,Kilograms per capita,FI,Finland,2023,,468,,,,,
dataflow,ESTAT:ENV_WASMUN(1.0),Municipal waste by waste management operations,A,Annual,TRT,Waste treatment,KG_HAB,Kilograms per capita,FR,France,1995,,475,,,,,
dataflow,ESTAT:ENV_WASMUN(1.0),Municipal waste by waste management operations,A,Annual,TRT,Waste treatment,KG_HAB,Kilograms per capita,FR,France,1996,,486,,,,,
dataflow,ESTAT:ENV_WASMUN(1.0),Municipal waste by waste management operations,A,Annual,TRT,Waste treatment,KG_HAB,Kilograms per capita,FR,France,1997,,496,,,,,
dataflow,ESTAT:ENV_WASMUN(1.0),Municipal waste by waste management operations,A,Annual,TRT,Waste treatment,KG_HAB,Kilograms per capita,FR,France,1998,,507,,,,,
dataflow,ESTAT:ENV_WASMUN(1.0),Municipal waste by waste management operations,A,Annual,TRT,Waste treatment,KG_HAB,Kilograms per capita,FR,France,1999,,507,,,,,
dataflow,ESTAT:ENV_WASMUN(1.0),Municipal waste by waste management operations,A,Annual,TRT,Waste treatment,KG_HAB,Kilograms per capita,FR,France,2000,,514,,,,,
dataflow,ESTAT:ENV_WASMUN(1.0),Municipal waste by waste management operations,A,Annual,TRT,Waste treatment,KG_HAB,Kilograms per capita,FR,France,2001,,526,,,,,
dataflow,ESTAT:ENV_WASMUN(1.0),Municipal waste by waste management operations,A,Annual,TRT,Waste treatment,KG_HAB,Kilograms per capita,FR,France,2002,,530,,,,,
dataflow,ESTAT:ENV_WASMUN(1.0),Municipal waste by waste management operations,A,Annual,TRT,Waste treatment,KG_HAB,Kilograms per capita,FR,France,2003,,506,,,,,
dataflow,ESTAT:ENV_WASMUN(1.0),Municipal waste by waste management operations,A,Annual,TRT,Waste treatment,KG_HAB,Kilograms per capita,FR,France,2004,,519,,,,,
dataflow,ESTAT:ENV_WASMUN(1.0),Municipal waste by waste management operations,A,Annual,TRT,Waste treatment,KG_HAB,Kilograms per capita,FR,France,2005,,529,,,,,
dataflow,ESTAT:ENV_WASMUN(1.0),Municipal waste by waste management operations,A,Annual,TRT,Waste treatment,KG_HAB,Kilograms per capita,FR,France,2006,,535,,e,estimated,,
dataflow,ESTAT:ENV_WASMUN(1.0),Municipal waste by waste management operations,A,Annual,TRT,Waste treatment,KG_HAB,Kilograms per capita,FR,France,2007,,542,,,,,
dataflow,ESTAT:ENV_WASMUN(1.0),Municipal waste by waste management operations,A,Annual,TRT,Waste treatment,KG_HAB,Kilograms per capita,FR,France,2008,,538,,e,estimated,,
dataflow,ESTAT:ENV_WASMUN(1.0),Municipal waste by waste management operations,A,Annual,TRT,Waste treatment,KG_HAB,Kilograms per capita,FR,France,2009,,534,,,,,
dataflow,ESTAT:ENV_WASMUN(1.0),Municipal waste by waste management operations,A,Annual,TRT,Waste treatment,KG_HAB,Kilograms per capita,FR,France,2010,,534,,e,estimated,,
dataflow,ESTAT:ENV_WASMUN(1.0),Municipal waste by waste management operations,A,Annual,TRT,Waste treatment,KG_HAB,Kilograms per capita,FR,France,2011,,534,,,,,
dataflow,ESTAT:ENV_WASMUN(1.0),Municipal waste by waste management operations,A,Annual,TRT,Waste treatment,KG_HAB,Kilograms per capita,FR,France,2012,,527,,e,estimated,,
dataflow,ESTAT:ENV_WASMUN(1.0),Municipal waste by waste management operations,A,Annual,TRT,Waste treatment,KG_HAB,Kilograms per capita,FR,France,2013,,520,,,,,
dataflow,ESTAT:ENV_WASMUN(1.0),Municipal waste by waste management operations,A,Annual,TRT,Waste treatment,KG_HAB,Kilograms per capita,FR,France,2014,,517,,e,estimated,,
dataflow,ESTAT:ENV_WASMUN(1.0),Municipal waste by waste management operations,A,Annual,TRT,Waste treatment,KG_HAB,Kilograms per capita,FR,France,2015,,516,,,,,
dataflow,ESTAT:ENV_WASMUN(1.0),Municipal waste by waste management operations,A,Annual,TRT,Waste treatment,KG_HAB,Kilograms per capita,FR,France,2016,,553,,e,estimated,,
dataflow,ESTAT:ENV_WASMUN(1.0),Municipal waste by waste management operations,A,Annual,TRT,Waste treatment,KG_HAB,Kilograms per capita,FR,France,2017,,558,,e,estimated,,
dataflow,ESTAT:ENV_WASMUN(1.0),Municipal waste by waste management operations,A,Annual,TRT,Waste treatment,KG_HAB,Kilograms per capita,FR,France,2018,,545,,e,estimated,,
dataflow,ESTAT:ENV_WASMUN(1.0),Municipal waste by waste management operations,A,Annual,TRT,Waste treatment,KG_HAB,Kilograms per capita,FR,France,2019,,543,,e,estimated,,
dataflow,ESTAT:ENV_WASMUN(1.0),Municipal waste by waste management operations,A,Annual,TRT,Waste treatment,KG_HAB,Kilograms per capita,FR,France,2020,,535,,e,estimated,,
dataflow,ESTAT:ENV_WASMUN(1.0),Municipal waste by waste management operations,A,Annual,TRT,Waste treatment,KG_HAB,Kilograms per capita,FR,France,2021,,560,,,,,
dataflow,ESTAT:ENV_WASMUN(1.0),Municipal waste by waste management operations,A,Annual,TRT,Waste treatment,KG_HAB,Kilograms per capita,FR,France,2022,,511,,ep,"estimated, provisional",,
dataflow,ESTAT:ENV_WASMUN(1.0),Municipal waste by waste management operations,A,Annual,TRT,Waste treatment,KG_HAB,Kilograms per capita,FR,France,2023,,506,,ep,"estimated, provisional",,
dataflow,ESTAT:ENV_WASMUN(1.0),Municipal waste by waste management operations,A,Annual,TRT,Waste treatment,KG_HAB,Kilograms per capita,HR,Croatia,2006,,283,,,,,
dataflow,ESTAT:ENV_WASMUN(1.0),Municipal waste by waste management operations,A,Annual,TRT,Waste treatment,KG_HAB,Kilograms per capita,HR,Croatia,2007,,395,,,,,
dataflow,ESTAT:ENV_WASMUN(1.0),Municipal waste by waste management operations,A,Annual,TRT,Waste treatment,KG_HAB,Kilograms per capita,HR,Croatia,2008,,413,,,,,
dataflow,ESTAT:ENV_WASMUN(1.0),Municipal waste by waste management operations,A,Annual,TRT,Waste treatment,KG_HAB,Kilograms per capita,HR,Croatia,2009,,402,,,,,
dataflow,ESTAT:ENV_WASMUN(1.0),Municipal waste by waste management operations,A,Annual,TRT,Waste treatment,KG_HAB,Kilograms per capita,HR,Croatia,2010,,373,,,,,
dataflow,ESTAT:ENV_WASMUN(1.0),Municipal waste by waste management operations,A,Annual,TRT,Waste treatment,KG_HAB,Kilograms per capita,HR,Croatia,2011,,381,,,,,
dataflow,ESTAT:ENV_WASMUN(1.0),Municipal waste by waste management operations,A,Annual,TRT,Waste treatment,KG_HAB,Kilograms per capita,HR,Croatia,2012,,381,,,,,
dataflow,ESTAT:ENV_WASMUN(1.0),Municipal waste by waste management operations,A,Annual,TRT,Waste treatment,KG_HAB,Kilograms per capita,HR,Croatia,2013,,395,,,,,
dataflow,ESTAT:ENV_WASMUN(1.0),Municipal waste by waste management operations,A,Annual,TRT,Waste treatment,KG_HAB,Kilograms per capita,HR,Croatia,2014,,377,,,,,
dataflow,ESTAT:ENV_WASMUN(1.0),Municipal waste by waste management operations,A,Annual,TRT,Waste treatment,KG_HAB,Kilograms per capita,HR,Croatia,2015,,389,,,,,
dataflow,ESTAT:ENV_WASMUN(1.0),Municipal waste by waste management operations,A,Annual,TRT,Waste treatment,KG_HAB,Kilograms per capita,HR,Croatia,2016,,400,,,,,
dataflow,ESTAT:ENV_WASMUN(1.0),Municipal waste by waste management operations,A,Annual,TRT,Waste treatment,KG_HAB,Kilograms per capita,HR,Croatia,2017,,407,,,,,
dataflow,ESTAT:ENV_WASMUN(1.0),Municipal waste by waste management operations,A,Annual,TRT,Waste treatment,KG_HAB,Kilograms per capita,HR,Croatia,2018,,406,,,,,
dataflow,ESTAT:ENV_WASMUN(1.0),Municipal waste by waste management operations,A,Annual,TRT,Waste treatment,KG_HAB,Kilograms per capita,HR,Croatia,2019,,410,,,,,
dataflow,ESTAT:ENV_WASMUN(1.0),Municipal waste by waste management operations,A,Annual,TRT,Waste treatment,KG_HAB,Kilograms per capita,HR,Croatia,2020,,390,,,,,
dataflow,ESTAT:ENV_WASMUN(1.0),Municipal waste by waste management operations,A,Annual,TRT,Waste treatment,KG_HAB,Kilograms per capita,HR,Croatia,2021,,410,,,,,
dataflow,ESTAT:ENV_WASMUN(1.0),Municipal waste by waste management operations,A,Annual,TRT,Waste treatment,KG_HAB,Kilograms per capita,HR,Croatia,2022,,430,,,,,
dataflow,ESTAT:ENV_WASMUN(1.0),Municipal waste by waste management operations,A,Annual,TRT,Waste treatment,KG_HAB,Kilograms per capita,HR,Croatia,2023,,425,,,,,
dataflow,ESTAT:ENV_WASMUN(1.0),Municipal waste by waste management operations,A,Annual,TRT,Waste treatment,KG_HAB,Kilograms per capita,HU,Hungary,1995,,376,,,,,
dataflow,ESTAT:ENV_WASMUN(1.0),Municipal waste by waste management operations,A,Annual,TRT,Waste treatment,KG_HAB,Kilograms per capita,HU,Hungary,1996,,398,,,,,
dataflow,ESTAT:ENV_WASMUN(1.0),Municipal waste by waste management operations,A,Annual,TRT,Waste treatment,KG_HAB,Kilograms per capita,HU,Hungary,1997,,422,,,,,
dataflow,ESTAT:ENV_WASMUN(1.0),Municipal waste by waste management operations,A,Annual,TRT,Waste treatment,KG_HAB,Kilograms per capita,HU,Hungary,1998,,426,,,,,
dataflow,ESTAT:ENV_WASMUN(1.0),Municipal waste by waste management operations,A,Annual,TRT,Waste treatment,KG_HAB,Kilograms per capita,HU,Hungary,1999,,435,,,,,
dataflow,ESTAT:ENV_WASMUN(1.0),Municipal waste by waste management operations,A,Annual,TRT,Waste treatment,KG_HAB,Kilograms per capita,HU,Hungary,2000,,407,,,,,
dataflow,ESTAT:ENV_WASMUN(1.0),Municipal waste by waste management operations,A,Annual,TRT,Waste treatment,KG_HAB,Kilograms per capita,HU,Hungary,2001,,405,,,,,
dataflow,ESTAT:ENV_WASMUN(1.0),Municipal waste by waste management operations,A,Annual,TRT,Waste treatment,KG_HAB,Kilograms per capita,HU,Hungary,2002,,418,,,,,
dataflow,ESTAT:ENV_WASMUN(1.0),Municipal waste by waste management operations,A,Annual,TRT,Waste treatment,KG_HAB,Kilograms per capita,HU,Hungary,2003,,432,,,,,
dataflow,ESTAT:ENV_WASMUN(1.0),Municipal waste by waste management operations,A,Annual,TRT,Waste treatment,KG_HAB,Kilograms per capita,HU,Hungary,2004,,450,,b,break in time series,,
dataflow,ESTAT:ENV_WASMUN(1.0),Municipal waste by waste management operations,A,Annual,TRT,Waste treatment,KG_HAB,Kilograms per capita,HU,Hungary,2005,,457,,,,,
dataflow,ESTAT:ENV_WASMUN(1.0),Municipal waste by waste management operations,A,Annual,TRT,Waste treatment,KG_HAB,Kilograms per capita,HU,Hungary,2006,,464,,,,,
dataflow,ESTAT:ENV_WASMUN(1.0),Municipal waste by waste management operations,A,Annual,TRT,Waste treatment,KG_HAB,Kilograms per capita,HU,Hungary,2007,,434,,,,,
dataflow,ESTAT:ENV_WASMUN(1.0),Municipal waste by waste management operations,A,Annual,TRT,Waste treatment,KG_HAB,Kilograms per capita,HU,Hungary,2008,,441,,,,,
dataflow,ESTAT:ENV_WASMUN(1.0),Municipal waste by waste management operations,A,Annual,TRT,Waste treatment,KG_HAB,Kilograms per capita,HU,Hungary,2009,,427,,,,,
dataflow,ESTAT:ENV_WASMUN(1.0),Municipal waste by waste management operations,A,Annual,TRT,Waste treatment,KG_HAB,Kilograms per capita,HU,Hungary,2010,,403,,,,,
dataflow,ESTAT:ENV_WASMUN(1.0),Municipal waste by waste management operations,A,Annual,TRT,Waste treatment,KG_HAB,Kilograms per capita,HU,Hungary,2011,,382,,,,,
dataflow,ESTAT:ENV_WASMUN(1.0),Municipal waste by waste management operations,A,Annual,TRT,Waste treatment,KG_HAB,Kilograms per capita,HU,Hungary,2012,,402,,,,,
dataflow,ESTAT:ENV_WASMUN(1.0),Municipal waste by waste management operations,A,Annual,TRT,Waste treatment,KG_HAB,Kilograms per capita,HU,Hungary,2013,,379,,,,,
dataflow,ESTAT:ENV_WASMUN(1.0),Municipal waste by waste management operations,A,Annual,TRT,Waste treatment,KG_HAB,Kilograms per capita,HU,Hungary,2014,,378,,,,,
dataflow,ESTAT:ENV_WASMUN(1.0),Municipal waste by waste management operations,A,Annual,TRT,Waste treatment,KG_HAB,Kilograms per capita,HU,Hungary,2015,,379,,,,,
dataflow,ESTAT:ENV_WASMUN(1.0),Municipal waste by waste management operations,A,Annual,TRT,Waste treatment,KG_HAB,Kilograms per capita,HU,Hungary,2016,,383,,,,,
dataflow,ESTAT:ENV_WASMUN(1.0),Municipal waste by waste management operations,A,Annual,TRT,Waste treatment,KG_HAB,Kilograms per capita,HU,Hungary,2017,,386,,,,,
dataflow,ESTAT:ENV_WASMUN(1.0),Municipal waste by waste management operations,A,Annual,TRT,Waste treatment,KG_HAB,Kilograms per capita,HU,Hungary,2018,,386,,,,,
dataflow,ESTAT:ENV_WASMUN(1.0),Municipal waste by waste management operations,A,Annual,TRT,Waste treatment,KG_HAB,Kilograms per capita,HU,Hungary,2019,,391,,,,,
dataflow,ESTAT:ENV_WASMUN(1.0),Municipal waste by waste management operations,A,Annual,TRT,Waste treatment,KG_HAB,Kilograms per capita,HU,Hungary,2020,,406,,,,,
dataflow,ESTAT:ENV_WASMUN(1.0),Municipal waste by waste management operations,A,Annual,TRT,Waste treatment,KG_HAB,Kilograms per capita,HU,Hungary,2021,,420,,,,,
dataflow,ESTAT:ENV_WASMUN(1.0),Municipal waste by waste management operations,A,Annual,TRT,Waste treatment,KG_HAB,Kilograms per capita,HU,Hungary,2022,,407,,,,,
dataflow,ESTAT:ENV_WASMUN(1.0),Municipal waste by waste management operations,A,Annual,TRT,Waste treatment,KG_HAB,Kilograms per capita,HU,Hungary,2023,,429,,,,,
dataflow,ESTAT:ENV_WASMUN(1.0),Municipal waste by waste management operations,A,Annual,TRT,Waste treatment,KG_HAB,Kilograms per capita,IE,Ireland,1995,,430,,,,,
dataflow,ESTAT:ENV_WASMUN(1.0),Municipal waste by waste management operations,A,Annual,TRT,Waste treatment,KG_HAB,Kilograms per capita,IE,Ireland,1996,,453,,,,,
dataflow,ESTAT:ENV_WASMUN(1.0),Municipal waste by waste management operations,A,Annual,TRT,Waste treatment,KG_HAB,Kilograms per capita,IE,Ireland,1997,,477,,,,,
dataflow,ESTAT:ENV_WASMUN(1.0),Municipal waste by waste management operations,A,Annual,TRT,Waste treatment,KG_HAB,Kilograms per capita,IE,Ireland,1998,,521,,,,,
dataflow,ESTAT:ENV_WASMUN(1.0),Municipal waste by waste management operations,A,Annual,TRT,Waste treatment,KG_HAB,Kilograms per capita,IE,Ireland,1999,,569,,,,,
dataflow,ESTAT:ENV_WASMUN(1.0),Municipal waste by waste management operations,A,Annual,TRT,Waste treatment,KG_HAB,Kilograms per capita,IE,Ireland,2000,,621,,,,,
dataflow,ESTAT:ENV_WASMUN(1.0),Municipal waste by waste management operations,A,Annual,TRT,Waste treatment,KG_HAB,Kilograms per capita,IE,Ireland,2001,,615,,,,,
dataflow,ESTAT:ENV_WASMUN(1.0),Municipal waste by waste management operations,A,Annual,TRT,Waste treatment,KG_HAB,Kilograms per capita,IE,Ireland,2002,,627,,,,,
dataflow,ESTAT:ENV_WASMUN(1.0),Municipal waste by waste management operations,A,Annual,TRT,Waste treatment,KG_HAB,Kilograms per capita,IE,Ireland,2003,,649,,,,,
dataflow,ESTAT:ENV_WASMUN(1.0),Municipal waste by waste management operations,A,Annual,TRT,Waste treatment,KG_HAB,Kilograms per capita,IE,Ireland,2004,,664,,,,,
dataflow,ESTAT:ENV_WASMUN(1.0),Municipal waste by waste management operations,A,Annual,TRT,Waste treatment,KG_HAB,Kilograms per capita,IE,Ireland,2005,,668,,,,,
dataflow,ESTAT:ENV_WASMUN(1.0),Municipal waste by waste management operations,A,Annual,TRT,Waste treatment,KG_HAB,Kilograms per capita,IE,Ireland,2006,,725,,,,,
dataflow,ESTAT:ENV_WASMUN(1.0),Municipal waste by waste management operations,A,Annual,TRT,Waste treatment,KG_HAB,Kilograms per capita,IE,Ireland,2007,,722,,,,,
dataflow,ESTAT:ENV_WASMUN(1.0),Municipal waste by waste management operations,A,Annual,TRT,Waste treatment,KG_HAB,Kilograms per capita,IE,Ireland,2008,,691,,,,,
dataflow,ESTAT:ENV_WASMUN(1.0),Municipal waste by waste management operations,A,Annual,TRT,Waste treatment,KG_HAB,Kilograms per capita,IE,Ireland,2009,,623,,,,,
dataflow,ESTAT:ENV_WASMUN(1.0),Municipal waste by waste management operations,A,Annual,TRT,Waste treatment,KG_HAB,Kilograms per capita,IE,Ireland,2010,,575,,,,,
dataflow,ESTAT:ENV_WASMUN(1.0),Municipal waste by waste management operations,A,Annual,TRT,Waste treatment,KG_HAB,Kilograms per capita,IE,Ireland,2011,,559,,,,,
dataflow,ESTAT:ENV_WASMUN(1.0),Municipal waste by waste management operations,A,Annual,TRT,Waste treatment,KG_HAB,Kilograms per capita,IE,Ireland,2012,,530,,,,,
dataflow,ESTAT:ENV_WASMUN(1.0),Municipal waste by waste management operations,A,Annual,TRT,Waste treatment,KG_HAB,Kilograms per capita,IE,Ireland,2014,,531,,,,,
dataflow,ESTAT:ENV_WASMUN(1.0),Municipal waste by waste management operations,A,Annual,TRT,Waste treatment,KG_HAB,Kilograms per capita,IE,Ireland,2016,,571,,,,,
dataflow,ESTAT:ENV_WASMUN(1.0),Municipal waste by waste management operations,A,Annual,TRT,Waste treatment,KG_HAB,Kilograms per capita,IE,Ireland,2017,,564,,,,,
dataflow,ESTAT:ENV_WASMUN(1.0),Municipal waste by waste management operations,A,Annual,TRT,Waste treatment,KG_HAB,Kilograms per capita,IE,Ireland,2018,,585,,,,,
dataflow,ESTAT:ENV_WASMUN(1.0),Municipal waste by waste management operations,A,Annual,TRT,Waste treatment,KG_HAB,Kilograms per capita,IE,Ireland,2019,,610,,b,break in time series,,
dataflow,ESTAT:ENV_WASMUN(1.0),Municipal waste by waste management operations,A,Annual,TRT,Waste treatment,KG_HAB,Kilograms per capita,IE,Ireland,2020,,631,,b,break in time series,,
dataflow,ESTAT:ENV_WASMUN(1.0),Municipal waste by waste management operations,A,Annual,TRT,Waste treatment,KG_HAB,Kilograms per capita,IS,Iceland,1995,,449,,,,,
dataflow,ESTAT:ENV_WASMUN(1.0),Municipal waste by waste management operations,A,Annual,TRT,Waste treatment,KG_HAB,Kilograms per capita,IS,Iceland,1996,,443,,,,,
dataflow,ESTAT:ENV_WASMUN(1.0),Municipal waste by waste management operations,A,Annual,TRT,Waste treatment,KG_HAB,Kilograms per capita,IS,Iceland,1997,,435,,,,,
dataflow,ESTAT:ENV_WASMUN(1.0),Municipal waste by waste management operations,A,Annual,TRT,Waste treatment,KG_HAB,Kilograms per capita,IS,Iceland,1998,,445,,,,,
dataflow,ESTAT:ENV_WASMUN(1.0),Municipal waste by waste management operations,A,Annual,TRT,Waste treatment,KG_HAB,Kilograms per capita,IS,Iceland,1999,,458,,,,,
dataflow,ESTAT:ENV_WASMUN(1.0),Municipal waste by waste management operations,A,Annual,TRT,Waste treatment,KG_HAB,Kilograms per capita,IS,Iceland,2000,,480,,,,,
dataflow,ESTAT:ENV_WASMUN(1.0),Municipal waste by waste management operations,A,Annual,TRT,Waste treatment,KG_HAB,Kilograms per capita,IS,Iceland,2001,,463,,,,,
dataflow,ESTAT:ENV_WASMUN(1.0),Municipal waste by waste management operations,A,Annual,TRT,Waste treatment,KG_HAB,Kilograms per capita,IS,Iceland,2002,,470,,,,,
dataflow,ESTAT:ENV_WASMUN(1.0),Municipal waste by waste management operations,A,Annual,TRT,Waste treatment,KG_HAB,Kilograms per capita,IS,Iceland,2003,,487,,,,,
dataflow,ESTAT:ENV_WASMUN(1.0),Municipal waste by waste management operations,A,Annual,TRT,Waste treatment,KG_HAB,Kilograms per capita,IS,Iceland,2004,,493,,,,,
dataflow,ESTAT:ENV_WASMUN(1.0),Municipal waste by waste management operations,A,Annual,TRT,Waste treatment,KG_HAB,Kilograms per capita,IS,Iceland,2005,,408,,,,,
dataflow,ESTAT:ENV_WASMUN(1.0),Municipal waste by waste management operations,A,Annual,TRT,Waste treatment,KG_HAB,Kilograms per capita,IS,Iceland,2006,,428,,,,,
dataflow,ESTAT:ENV_WASMUN(1.0),Municipal waste by waste management operations,A,Annual,TRT,Waste treatment,KG_HAB,Kilograms per capita,IS,Iceland,2007,,430,,,,,
dataflow,ESTAT:ENV_WASMUN(1.0),Municipal waste by waste management operations,A,Annual,TRT,Waste treatment,KG_HAB,Kilograms per capita,IS,Iceland,2008,,655,,,,,
dataflow,ESTAT:ENV_WASMUN(1.0),Municipal waste by waste management operations,A,Annual,TRT,Waste treatment,KG_HAB,Kilograms per capita,IS,Iceland,2009,,414,,,,,
dataflow,ESTAT:ENV_WASMUN(1.0),Municipal waste by waste management operations,A,Annual,TRT,Waste treatment,KG_HAB,Kilograms per capita,IS,Iceland,2010,,484,,,,,
dataflow,ESTAT:ENV_WASMUN(1.0),Municipal waste by waste management operations,A,Annual,TRT,Waste treatment,KG_HAB,Kilograms per capita,IS,Iceland,2011,,495,,,,,
dataflow,ESTAT:ENV_WASMUN(1.0),Municipal waste by waste management operations,A,Annual,TRT,Waste treatment,KG_HAB,Kilograms per capita,IS,Iceland,2012,,514,,,,,
dataflow,ESTAT:ENV_WASMUN(1.0),Municipal waste by waste management operations,A,Annual,TRT,Waste treatment,KG_HAB,Kilograms per capita,IS,Iceland,2013,,513,,,,,
dataflow,ESTAT:ENV_WASMUN(1.0),Municipal waste by waste management operations,A,Annual,TRT,Waste treatment,KG_HAB,Kilograms per capita,IS,Iceland,2014,,535,,,,,
dataflow,ESTAT:ENV_WASMUN(1.0),Municipal waste by waste management operations,A,Annual,TRT,Waste treatment,KG_HAB,Kilograms per capita,IS,Iceland,2015,,528,,,,,
dataflow,ESTAT:ENV_WASMUN(1.0),Municipal waste by waste management operations,A,Annual,TRT,Waste treatment,KG_HAB,Kilograms per capita,IS,Iceland,2016,,655,,,,,
dataflow,ESTAT:ENV_WASMUN(1.0),Municipal waste by waste management operations,A,Annual,TRT,Waste treatment,KG_HAB,Kilograms per capita,IS,Iceland,2017,,656,,,,,
dataflow,ESTAT:ENV_WASMUN(1.0),Municipal waste by waste management operations,A,Annual,TRT,Waste treatment,KG_HAB,Kilograms per capita,IS,Iceland,2018,,701,,,,,
dataflow,ESTAT:ENV_WASMUN(1.0),Municipal waste by waste management operations,A,Annual,TRT,Waste treatment,KG_HAB,Kilograms per capita,IS,Iceland,2020,,614,,,,,
dataflow,ESTAT:ENV_WASMUN(1.0),Municipal waste by waste management operations,A,Annual,TRT,Waste treatment,KG_HAB,Kilograms per capita,IS,Iceland,2021,,659,,,,,
dataflow,ESTAT:ENV_WASMUN(1.0),Municipal waste by waste management operations,A,Annual,TRT,Waste treatment,KG_HAB,Kilograms per capita,IS,Iceland,2022,,595,,,,,
dataflow,ESTAT:ENV_WASMUN(1.0),Municipal waste by waste management operations,A,Annual,TRT,Waste treatment,KG_HAB,Kilograms per capita,IT,Italy,1995,,468,,,,,
dataflow,ESTAT:ENV_WASMUN(1.0),Municipal waste by waste management operations,A,Annual,TRT,Waste treatment,KG_HAB,Kilograms per capita,IT,Italy,1996,,431,,,,,
dataflow,ESTAT:ENV_WASMUN(1.0),Municipal waste by waste management operations,A,Annual,TRT,Waste treatment,KG_HAB,Kilograms per capita,IT,Italy,1997,,448,,,,,
dataflow,ESTAT:ENV_WASMUN(1.0),Municipal waste by waste management operations,A,Annual,TRT,Waste treatment,KG_HAB,Kilograms per capita,IT,Italy,1998,,451,,,,,
dataflow,ESTAT:ENV_WASMUN(1.0),Municipal waste by waste management operations,A,Annual,TRT,Waste treatment,KG_HAB,Kilograms per capita,IT,Italy,1999,,480,,,,,
dataflow,ESTAT:ENV_WASMUN(1.0),Municipal waste by waste management operations,A,Annual,TRT,Waste treatment,KG_HAB,Kilograms per capita,IT,Italy,2000,,497,,,,,
dataflow,ESTAT:ENV_WASMUN(1.0),Municipal waste by waste management operations,A,Annual,TRT,Waste treatment,KG_HAB,Kilograms per capita,IT,Italy,2001,,486,,,,,
dataflow,ESTAT:ENV_WASMUN(1.0),Municipal waste by waste management operations,A,Annual,TRT,Waste treatment,KG_HAB,Kilograms per capita,IT,Italy,2002,,453,,,,,
dataflow,ESTAT:ENV_WASMUN(1.0),Municipal waste by waste management operations,A,Annual,TRT,Waste treatment,KG_HAB,Kilograms per capita,IT,Italy,2003,,452,,,,,
dataflow,ESTAT:ENV_WASMUN(1.0),Municipal waste by waste management operations,A,Annual,TRT,Waste treatment,KG_HAB,Kilograms per capita,IT,Italy,2004,,460,,,,,
dataflow,ESTAT:ENV_WASMUN(1.0),Municipal waste by waste management operations,A,Annual,TRT,Waste treatment,KG_HAB,Kilograms per capita,IT,Italy,2005,,461,,,,,
dataflow,ESTAT:ENV_WASMUN(1.0),Municipal waste by waste management operations,A,Annual,TRT,Waste treatment,KG_HAB,Kilograms per capita,IT,Italy,2006,,477,,,,,
dataflow,ESTAT:ENV_WASMUN(1.0),Municipal waste by waste management operations,A,Annual,TRT,Waste treatment,KG_HAB,Kilograms per capita,IT,Italy,2007,,495,,,,,
dataflow,ESTAT:ENV_WASMUN(1.0),Municipal waste by waste management operations,A,Annual,TRT,Waste treatment,KG_HAB,Kilograms per capita,IT,Italy,2008,,476,,,,,
dataflow,ESTAT:ENV_WASMUN(1.0),Municipal waste by waste management operations,A,Annual,TRT,Waste treatment,KG_HAB,Kilograms per capita,IT,Italy,2009,,501,,,,,
dataflow,ESTAT:ENV_WASMUN(1.0),Municipal waste by waste management operations,A,Annual,TRT,Waste treatment,KG_HAB,Kilograms per capita,IT,Italy,2010,,510,,,,,
dataflow,ESTAT:ENV_WASMUN(1.0),Municipal waste by waste management operations,A,Annual,TRT,Waste treatment,KG_HAB,Kilograms per capita,IT,Italy,2011,,499,,,,,
dataflow,ESTAT:ENV_WASMUN(1.0),Municipal waste by waste management operations,A,Annual,TRT,Waste treatment,KG_HAB,Kilograms per capita,IT,Italy,2012,,478,,,,,
dataflow,ESTAT:ENV_WASMUN(1.0),Municipal waste by waste management operations,A,Annual,TRT,Waste treatment,KG_HAB,Kilograms per capita,IT,Italy,2013,,473,,,,,
dataflow,ESTAT:ENV_WASMUN(1.0),Municipal waste by waste management operations,A,Annual,TRT,Waste treatment,KG_HAB,Kilograms per capita,IT,Italy,2014,,457,,,,,
dataflow,ESTAT:ENV_WASMUN(1.0),Municipal waste by waste management operations,A,Annual,TRT,Waste treatment,KG_HAB,Kilograms per capita,IT,Italy,2015,,447,,,,,
dataflow,ESTAT:ENV_WASMUN(1.0),Municipal waste by waste management operations,A,Annual,TRT,Waste treatment,KG_HAB,Kilograms per capita,IT,Italy,2016,,455,,,,,
dataflow,ESTAT:ENV_WASMUN(1.0),Municipal waste by waste management operations,A,Annual,TRT,Waste treatment,KG_HAB,Kilograms per capita,IT,Italy,2017,,449,,,,,
dataflow,ESTAT:ENV_WASMUN(1.0),Municipal waste by waste management operations,A,Annual,TRT,Waste treatment,KG_HAB,Kilograms per capita,IT,Italy,2018,,457,,,,,
dataflow,ESTAT:ENV_WASMUN(1.0),Municipal waste by waste management operations,A,Annual,TRT,Waste treatment,KG_HAB,Kilograms per capita,IT,Italy,2019,,462,,,,,
dataflow,ESTAT:ENV_WASMUN(1.0),Municipal waste by waste management operations,A,Annual,TRT,Waste treatment,KG_HAB,Kilograms per capita,IT,Italy,2020,,443,,,,,
dataflow,ESTAT:ENV_WASMUN(1.0),Municipal waste by waste management operations,A,Annual,TRT,Waste treatment,KG_HAB,Kilograms per capita,IT,Italy,2021,,452,,,,,
dataflow,ESTAT:ENV_WASMUN(1.0),Municipal waste by waste management operations,A,Annual,TRT,Waste treatment,KG_HAB,Kilograms per capita,IT,Italy,2022,,439,,,,,
dataflow,ESTAT:ENV_WASMUN(1.0),Municipal waste by waste management operations,A,Annual,TRT,Waste treatment,KG_HAB,Kilograms per capita,LT,Lithuania,1995,,426,,,,,
dataflow,ESTAT:ENV_WASMUN(1.0),Municipal waste by waste management operations,A,Annual,TRT,Waste treatment,KG_HAB,Kilograms per capita,LT,Lithuania,1996,,401,,,,,
dataflow,ESTAT:ENV_WASMUN(1.0),Municipal waste by waste management operations,A,Annual,TRT,Waste treatment,KG_HAB,Kilograms per capita,LT,Lithuania,1997,,422,,,,,
dataflow,ESTAT:ENV_WASMUN(1.0),Municipal waste by waste management operations,A,Annual,TRT,Waste treatment,KG_HAB,Kilograms per capita,LT,Lithuania,1998,,445,,,,,
dataflow,ESTAT:ENV_WASMUN(1.0),Municipal waste by waste management operations,A,Annual,TRT,Waste treatment,KG_HAB,Kilograms per capita,LT,Lithuania,1999,,351,,,,,
dataflow,ESTAT:ENV_WASMUN(1.0),Municipal waste by waste management operations,A,Annual,TRT,Waste treatment,KG_HAB,Kilograms per capita,LT,Lithuania,2000,,346,,,,,
dataflow,ESTAT:ENV_WASMUN(1.0),Municipal waste by waste management operations,A,Annual,TRT,Waste treatment,KG_HAB,Kilograms per capita,LT,Lithuania,2001,,337,,,,,
dataflow,ESTAT:ENV_WASMUN(1.0),Municipal waste by waste management operations,A,Annual,TRT,Waste treatment,KG_HAB,Kilograms per capita,LT,Lithuania,2002,,325,,,,,
dataflow,ESTAT:ENV_WASMUN(1.0),Municipal waste by waste management operations,A,Annual,TRT,Waste treatment,KG_HAB,Kilograms per capita,LT,Lithuania,2003,,333,,,,,
dataflow,ESTAT:ENV_WASMUN(1.0),Municipal waste by waste management operations,A,Annual,TRT,Waste treatment,KG_HAB,Kilograms per capita,LT,Lithuania,2004,,348,,,,,
dataflow,ESTAT:ENV_WASMUN(1.0),Municipal waste by waste management operations,A,Annual,TRT,Waste treatment,KG_HAB,Kilograms per capita,LT,Lithuania,2005,,361,,,,,
dataflow,ESTAT:ENV_WASMUN(1.0),Municipal waste by waste management operations,A,Annual,TRT,Waste treatment,KG_HAB,Kilograms per capita,LT,Lithuania,2006,,378,,,,,
dataflow,ESTAT:ENV_WASMUN(1.0),Municipal waste by waste management operations,A,Annual,TRT,Waste treatment,KG_HAB,Kilograms per capita,LT,Lithuania,2007,,417,,,,,
dataflow,ESTAT:ENV_WASMUN(1.0),Municipal waste by waste management operations,A,Annual,TRT,Waste treatment,KG_HAB,Kilograms per capita,LT,Lithuania,2008,,423,,,,,
dataflow,ESTAT:ENV_WASMUN(1.0),Municipal waste by waste management operations,A,Annual,TRT,Waste treatment,KG_HAB,Kilograms per capita,LT,Lithuania,2009,,378,,,,,
dataflow,ESTAT:ENV_WASMUN(1.0),Municipal waste by waste management operations,A,Annual,TRT,Waste treatment,KG_HAB,Kilograms per capita,LT,Lithuania,2010,,369,,,,,
dataflow,ESTAT:ENV_WASMUN(1.0),Municipal waste by waste management operations,A,Annual,TRT,Waste treatment,KG_HAB,Kilograms per capita,LT,Lithuania,2011,,432,,,,,
dataflow,ESTAT:ENV_WASMUN(1.0),Municipal waste by waste management operations,A,Annual,TRT,Waste treatment,KG_HAB,Kilograms per capita,LT,Lithuania,2012,,429,,,,,
dataflow,ESTAT:ENV_WASMUN(1.0),Municipal waste by waste management operations,A,Annual,TRT,Waste treatment,KG_HAB,Kilograms per capita,LT,Lithuania,2013,,421,,,,,
dataflow,ESTAT:ENV_WASMUN(1.0),Municipal waste by waste management operations,A,Annual,TRT,Waste treatment,KG_HAB,Kilograms per capita,LT,Lithuania,2014,,425,,,,,
dataflow,ESTAT:ENV_WASMUN(1.0),Municipal waste by waste management operations,A,Annual,TRT,Waste treatment,KG_HAB,Kilograms per capita,LT,Lithuania,2015,,441,,,,,
dataflow,ESTAT:ENV_WASMUN(1.0),Municipal waste by waste management operations,A,Annual,TRT,Waste treatment,KG_HAB,Kilograms per capita,LT,Lithuania,2016,,421,,,,,
dataflow,ESTAT:ENV_WASMUN(1.0),Municipal waste by waste management operations,A,Annual,TRT,Waste treatment,KG_HAB,Kilograms per capita,LT,Lithuania,2017,,449,,,,,
dataflow,ESTAT:ENV_WASMUN(1.0),Municipal waste by waste management operations,A,Annual,TRT,Waste treatment,KG_HAB,Kilograms per capita,LT,Lithuania,2018,,414,,,,,
dataflow,ESTAT:ENV_WASMUN(1.0),Municipal waste by waste management operations,A,Annual,TRT,Waste treatment,KG_HAB,Kilograms per capita,LT,Lithuania,2019,,412,,,,,
dataflow,ESTAT:ENV_WASMUN(1.0),Municipal waste by waste management operations,A,Annual,TRT,Waste treatment,KG_HAB,Kilograms per capita,LT,Lithuania,2020,,426,,,,,
dataflow,ESTAT:ENV_WASMUN(1.0),Municipal waste by waste management operations,A,Annual,TRT,Waste treatment,KG_HAB,Kilograms per capita,LT,Lithuania,2021,,459,,,,,
dataflow,ESTAT:ENV_WASMUN(1.0),Municipal waste by waste management operations,A,Annual,TRT,Waste treatment,KG_HAB,Kilograms per capita,LT,Lithuania,2022,,467,,,,,
dataflow,ESTAT:ENV_WASMUN(1.0),Municipal waste by waste management operations,A,Annual,TRT,Waste treatment,KG_HAB,Kilograms per capita,LT,Lithuania,2023,,441,,,,,
dataflow,ESTAT:ENV_WASMUN(1.0),Municipal waste by waste management operations,A,Annual,TRT,Waste treatment,KG_HAB,Kilograms per capita,LU,Luxembourg,1995,,587,,,,,
dataflow,ESTAT:ENV_WASMUN(1.0),Municipal waste by waste management operations,A,Annual,TRT,Waste treatment,KG_HAB,Kilograms per capita,LU,Luxembourg,1996,,585,,,,,
dataflow,ESTAT:ENV_WASMUN(1.0),Municipal waste by waste management operations,A,Annual,TRT,Waste treatment,KG_HAB,Kilograms per capita,LU,Luxembourg,1997,,604,,,,,
dataflow,ESTAT:ENV_WASMUN(1.0),Municipal waste by waste management operations,A,Annual,TRT,Waste treatment,KG_HAB,Kilograms per capita,LU,Luxembourg,1998,,625,,,,,
dataflow,ESTAT:ENV_WASMUN(1.0),Municipal waste by waste management operations,A,Annual,TRT,Waste treatment,KG_HAB,Kilograms per capita,LU,Luxembourg,1999,,646,,,,,
dataflow,ESTAT:ENV_WASMUN(1.0),Municipal waste by waste management operations,A,Annual,TRT,Waste treatment,KG_HAB,Kilograms per capita,LU,Luxembourg,2000,,654,,,,,
dataflow,ESTAT:ENV_WASMUN(1.0),Municipal waste by waste management operations,A,Annual,TRT,Waste treatment,KG_HAB,Kilograms per capita,LU,Luxembourg,2001,,646,,,,,
dataflow,ESTAT:ENV_WASMUN(1.0),Municipal waste by waste management operations,A,Annual,TRT,Waste treatment,KG_HAB,Kilograms per capita,LU,Luxembourg,2002,,653,,,,,
dataflow,ESTAT:ENV_WASMUN(1.0),Municipal waste by waste management operations,A,Annual,TRT,Waste treatment,KG_HAB,Kilograms per capita,LU,Luxembourg,2003,,678,,,,,
dataflow,ESTAT:ENV_WASMUN(1.0),Municipal waste by waste management operations,A,Annual,TRT,Waste treatment,KG_HAB,Kilograms per capita,LU,Luxembourg,2004,,679,,,,,
dataflow,ESTAT:ENV_WASMUN(1.0),Municipal waste by waste management operations,A,Annual,TRT,Waste treatment,KG_HAB,Kilograms per capita,LU,Luxembourg,2005,,672,,,,,
dataflow,ESTAT:ENV_WASMUN(1.0),Municipal waste by waste management operations,A,Annual,TRT,Waste treatment,KG_HAB,Kilograms per capita,LU,Luxembourg,2006,,683,,,,,
dataflow,ESTAT:ENV_WASMUN(1.0),Municipal waste by waste management operations,A,Annual,TRT,Waste treatment,KG_HAB,Kilograms per capita,LU,Luxembourg,2007,,695,,,,,
dataflow,ESTAT:ENV_WASMUN(1.0),Municipal waste by waste management operations,A,Annual,TRT,Waste treatment,KG_HAB,Kilograms per capita,LU,Luxembourg,2008,,697,,,,,
dataflow,ESTAT:ENV_WASMUN(1.0),Municipal waste by waste management operations,A,Annual,TRT,Waste treatment,KG_HAB,Kilograms per capita,LU,Luxembourg,2009,,679,,,,,
dataflow,ESTAT:ENV_WASMUN(1.0),Municipal waste by waste management operations,A,Annual,TRT,Waste treatment,KG_HAB,Kilograms per capita,LU,Luxembourg,2010,,679,,,,,
dataflow,ESTAT:ENV_WASMUN(1.0),Municipal waste by waste management operations,A,Annual,TRT,Waste treatment,KG_HAB,Kilograms per capita,LU,Luxembourg,2011,,666,,,,,
dataflow,ESTAT:ENV_WASMUN(1.0),Municipal waste by waste management operations,A,Annual,TRT,Waste treatment,KG_HAB,Kilograms per capita,LU,Luxembourg,2012,,652,,,,,
dataflow,ESTAT:ENV_WASMUN(1.0),Municipal waste by waste management operations,A,Annual,TRT,Waste treatment,KG_HAB,Kilograms per capita,LU,Luxembourg,2013,,616,,,,,
dataflow,ESTAT:ENV_WASMUN(1.0),Municipal waste by waste management operations,A,Annual,TRT,Waste treatment,KG_HAB,Kilograms per capita,LU,Luxembourg,2014,,626,,,,,
dataflow,ESTAT:ENV_WASMUN(1.0),Municipal waste by waste management operations,A,Annual,TRT,Waste treatment,KG_HAB,Kilograms per capita,LU,Luxembourg,2015,,607,,,,,
dataflow,ESTAT:ENV_WASMUN(1.0),Municipal waste by waste management operations,A,Annual,TRT,Waste treatment,KG_HAB,Kilograms per capita,LU,Luxembourg,2016,,815,,b,break in time series,,
dataflow,ESTAT:ENV_WASMUN(1.0),Municipal waste by waste management operations,A,Annual,TRT,Waste treatment,KG_HAB,Kilograms per capita,LU,Luxembourg,2017,,798,,,,,
dataflow,ESTAT:ENV_WASMUN(1.0),Municipal waste by waste management operations,A,Annual,TRT,Waste treatment,KG_HAB,Kilograms per capita,LU,Luxembourg,2018,,803,,,,,
dataflow,ESTAT:ENV_WASMUN(1.0),Municipal waste by waste management operations,A,Annual,TRT,Waste treatment,KG_HAB,Kilograms per capita,LU,Luxembourg,2019,,791,,e,estimated,,
dataflow,ESTAT:ENV_WASMUN(1.0),Municipal waste by waste management operations,A,Annual,TRT,Waste treatment,KG_HAB,Kilograms per capita,LU,Luxembourg,2020,,790,,,,,
dataflow,ESTAT:ENV_WASMUN(1.0),Municipal waste by waste management operations,A,Annual,TRT,Waste treatment,KG_HAB,Kilograms per capita,LU,Luxembourg,2021,,793,,,,,
dataflow,ESTAT:ENV_WASMUN(1.0),Municipal waste by waste management operations,A,Annual,TRT,Waste treatment,KG_HAB,Kilograms per capita,LU,Luxembourg,2022,,721,,,,,
dataflow,ESTAT:ENV_WASMUN(1.0),Municipal waste by waste management operations,A,Annual,TRT,Waste treatment,KG_HAB,Kilograms per capita,LU,Luxembourg,2023,,712,,,,,
dataflow,ESTAT:ENV_WASMUN(1.0),Municipal waste by waste management operations,A,Annual,TRT,Waste treatment,KG_HAB,Kilograms per capita,LV,Latvia,1995,,184,,,,,
dataflow,ESTAT:ENV_WASMUN(1.0),Municipal waste by waste management operations,A,Annual,TRT,Waste treatment,KG_HAB,Kilograms per capita,LV,Latvia,1996,,194,,,,,
dataflow,ESTAT:ENV_WASMUN(1.0),Municipal waste by waste management operations,A,Annual,TRT,Waste treatment,KG_HAB,Kilograms per capita,LV,Latvia,1997,,208,,,,,
dataflow,ESTAT:ENV_WASMUN(1.0),Municipal waste by waste management operations,A,Annual,TRT,Waste treatment,KG_HAB,Kilograms per capita,LV,Latvia,1998,,223,,,,,
dataflow,ESTAT:ENV_WASMUN(1.0),Municipal waste by waste management operations,A,Annual,TRT,Waste treatment,KG_HAB,Kilograms per capita,LV,Latvia,1999,,237,,,,,
dataflow,ESTAT:ENV_WASMUN(1.0),Municipal waste by waste management operations,A,Annual,TRT,Waste treatment,KG_HAB,Kilograms per capita,LV,Latvia,2000,,252,,,,,
dataflow,ESTAT:ENV_WASMUN(1.0),Municipal waste by waste management operations,A,Annual,TRT,Waste treatment,KG_HAB,Kilograms per capita,LV,Latvia,2001,,274,,,,,
dataflow,ESTAT:ENV_WASMUN(1.0),Municipal waste by waste management operations,A,Annual,TRT,Waste treatment,KG_HAB,Kilograms per capita,LV,Latvia,2002,,291,,,,,
dataflow,ESTAT:ENV_WASMUN(1.0),Municipal waste by waste management operations,A,Annual,TRT,Waste treatment,KG_HAB,Kilograms per capita,LV,Latvia,2003,,265,,,,,
dataflow,ESTAT:ENV_WASMUN(1.0),Municipal waste by waste management operations,A,Annual,TRT,Waste treatment,KG_HAB,Kilograms per capita,LV,Latvia,2004,,286,,,,,
dataflow,ESTAT:ENV_WASMUN(1.0),Municipal waste by waste management operations,A,Annual,TRT,Waste treatment,KG_HAB,Kilograms per capita,LV,Latvia,2005,,266,,,,,
dataflow,ESTAT:ENV_WASMUN(1.0),Municipal waste by waste management operations,A,Annual,TRT,Waste treatment,KG_HAB,Kilograms per capita,LV,Latvia,2006,,320,,,,,
dataflow,ESTAT:ENV_WASMUN(1.0),Municipal waste by waste management operations,A,Annual,TRT,Waste treatment,KG_HAB,Kilograms per capita,LV,Latvia,2007,,355,,,,,
dataflow,ESTAT:ENV_WASMUN(1.0),Municipal waste by waste management operations,A,Annual,TRT,Waste treatment,KG_HAB,Kilograms per capita,LV,Latvia,2008,,347,,,,,
dataflow,ESTAT:ENV_WASMUN(1.0),Municipal waste by waste management operations,A,Annual,TRT,Waste treatment,KG_HAB,Kilograms per capita,LV,Latvia,2009,,352,,,,,
dataflow,ESTAT:ENV_WASMUN(1.0),Municipal waste by waste management operations,A,Annual,TRT,Waste treatment,KG_HAB,Kilograms per capita,LV,Latvia,2010,,324,,,,,
dataflow,ESTAT:ENV_WASMUN(1.0),Municipal waste by waste management operations,A,Annual,TRT,Waste treatment,KG_HAB,Kilograms per capita,LV,Latvia,2011,,292,,,,,
dataflow,ESTAT:ENV_WASMUN(1.0),Municipal waste by waste management operations,A,Annual,TRT,Waste treatment,KG_HAB,Kilograms per capita,LV,Latvia,2012,,302,,,,,
dataflow,ESTAT:ENV_WASMUN(1.0),Municipal waste by waste management operations,A,Annual,TRT,Waste treatment,KG_HAB,Kilograms per capita,LV,Latvia,2013,,355,,,,,
dataflow,ESTAT:ENV_WASMUN(1.0),Municipal waste by waste management operations,A,Annual,TRT,Waste treatment,KG_HAB,Kilograms per capita,LV,Latvia,2014,,362,,,,,
dataflow,ESTAT:ENV_WASMUN(1.0),Municipal waste by waste management operations,A,Annual,TRT,Waste treatment,KG_HAB,Kilograms per capita,LV,Latvia,2015,,373,,,,,
dataflow,ESTAT:ENV_WASMUN(1.0),Municipal waste by waste management operations,A,Annual,TRT,Waste treatment,KG_HAB,Kilograms per capita,LV,Latvia,2016,,376,,,,,
dataflow,ESTAT:ENV_WASMUN(1.0),Municipal waste by waste management operations,A,Annual,TRT,Waste treatment,KG_HAB,Kilograms per capita,LV,Latvia,2017,,380,,,,,
dataflow,ESTAT:ENV_WASMUN(1.0),Municipal waste by waste management operations,A,Annual,TRT,Waste treatment,KG_HAB,Kilograms per capita,LV,Latvia,2018,,351,,,,,
dataflow,ESTAT:ENV_WASMUN(1.0),Municipal waste by waste management operations,A,Annual,TRT,Waste treatment,KG_HAB,Kilograms per capita,LV,Latvia,2019,,446,,i,value imputed by Eurostat or other receiving agencies,,
dataflow,ESTAT:ENV_WASMUN(1.0),Municipal waste by waste management operations,A,Annual,TRT,Waste treatment,KG_HAB,Kilograms per capita,LV,Latvia,2020,,455,,,,,
dataflow,ESTAT:ENV_WASMUN(1.0),Municipal waste by waste management operations,A,Annual,TRT,Waste treatment,KG_HAB,Kilograms per capita,LV,Latvia,2021,,461,,,,,
dataflow,ESTAT:ENV_WASMUN(1.0),Municipal waste by waste management operations,A,Annual,TRT,Waste treatment,KG_HAB,Kilograms per capita,LV,Latvia,2022,,451,,,,,
dataflow,ESTAT:ENV_WASMUN(1.0),Municipal waste by waste management operations,A,Annual,TRT,Waste treatment,KG_HAB,Kilograms per capita,ME,Montenegro,2011,,439,,e,estimated,,
dataflow,ESTAT:ENV_WASMUN(1.0),Municipal waste by waste management operations,A,Annual,TRT,Waste treatment,KG_HAB,Kilograms per capita,ME,Montenegro,2012,,448,,e,estimated,,
dataflow,ESTAT:ENV_WASMUN(1.0),Municipal waste by waste management operations,A,Annual,TRT,Waste treatment,KG_HAB,Kilograms per capita,ME,Montenegro,2013,,476,,e,estimated,,
dataflow,ESTAT:ENV_WASMUN(1.0),Municipal waste by waste management operations,A,Annual,TRT,Waste treatment,KG_HAB,Kilograms per capita,ME,Montenegro,2014,,470,,e,estimated,,
dataflow,ESTAT:ENV_WASMUN(1.0),Municipal waste by waste management operations,A,Annual,TRT,Waste treatment,KG_HAB,Kilograms per capita,ME,Montenegro,2015,,489,,e,estimated,,
dataflow,ESTAT:ENV_WASMUN(1.0),Municipal waste by waste management operations,A,Annual,TRT,Waste treatment,KG_HAB,Kilograms per capita,ME,Montenegro,2016,,502,,e,estimated,,
dataflow,ESTAT:ENV_WASMUN(1.0),Municipal waste by waste management operations,A,Annual,TRT,Waste treatment,KG_HAB,Kilograms per capita,ME,Montenegro,2017,,472,,e,estimated,,
dataflow,ESTAT:ENV_WASMUN(1.0),Municipal waste by waste management operations,A,Annual,TRT,Waste treatment,KG_HAB,Kilograms per capita,ME,Montenegro,2018,,478,,e,estimated,,
dataflow,ESTAT:ENV_WASMUN(1.0),Municipal waste by waste management operations,A,Annual,TRT,Waste treatment,KG_HAB,Kilograms per capita,ME,Montenegro,2019,,517,,e,estimated,,
dataflow,ESTAT:ENV_WASMUN(1.0),Municipal waste by waste management operations,A,Annual,TRT,Waste treatment,KG_HAB,Kilograms per capita,ME,Montenegro,2020,,457,,e,estimated,,
dataflow,ESTAT:ENV_WASMUN(1.0),Municipal waste by waste management operations,A,Annual,TRT,Waste treatment,KG_HAB,Kilograms per capita,ME,Montenegro,2021,,503,,e,estimated,,
dataflow,ESTAT:ENV_WASMUN(1.0),Municipal waste by waste management operations,A,Annual,TRT,Waste treatment,KG_HAB,Kilograms per capita,ME,Montenegro,2022,,529,,e,estimated,,
dataflow,ESTAT:ENV_WASMUN(1.0),Municipal waste by waste management operations,A,Annual,TRT,Waste treatment,KG_HAB,Kilograms per capita,ME,Montenegro,2023,,560,,e,estimated,,
dataflow,ESTAT:ENV_WASMUN(1.0),Municipal waste by waste management operations,A,Annual,TRT,Waste treatment,KG_HAB,Kilograms per capita,MK,North Macedonia,2008,,259,,,,,
dataflow,ESTAT:ENV_WASMUN(1.0),Municipal waste by waste management operations,A,Annual,TRT,Waste treatment,KG_HAB,Kilograms per capita,MK,North Macedonia,2009,,354,,,,,
dataflow,ESTAT:ENV_WASMUN(1.0),Municipal waste by waste management operations,A,Annual,TRT,Waste treatment,KG_HAB,Kilograms per capita,MK,North Macedonia,2010,,351,,,,,
dataflow,ESTAT:ENV_WASMUN(1.0),Municipal waste by waste management operations,A,Annual,TRT,Waste treatment,KG_HAB,Kilograms per capita,MK,North Macedonia,2011,,357,,,,,
dataflow,ESTAT:ENV_WASMUN(1.0),Municipal waste by waste management operations,A,Annual,TRT,Waste treatment,KG_HAB,Kilograms per capita,MK,North Macedonia,2012,,381,,,,,
dataflow,ESTAT:ENV_WASMUN(1.0),Municipal waste by waste management operations,A,Annual,TRT,Waste treatment,KG_HAB,Kilograms per capita,MK,North Macedonia,2013,,384,,,,,
dataflow,ESTAT:ENV_WASMUN(1.0),Municipal waste by waste management operations,A,Annual,TRT,Waste treatment,KG_HAB,Kilograms per capita,MK,North Macedonia,2014,,370,,,,,
dataflow,ESTAT:ENV_WASMUN(1.0),Municipal waste by waste management operations,A,Annual,TRT,Waste treatment,KG_HAB,Kilograms per capita,MK,North Macedonia,2015,,380,,,,,
dataflow,ESTAT:ENV_WASMUN(1.0),Municipal waste by waste management operations,A,Annual,TRT,Waste treatment,KG_HAB,Kilograms per capita,MK,North Macedonia,2016,,385,,,,,
dataflow,ESTAT:ENV_WASMUN(1.0),Municipal waste by waste management operations,A,Annual,TRT,Waste treatment,KG_HAB,Kilograms per capita,MK,North Macedonia,2017,,344,,,,,
dataflow,ESTAT:ENV_WASMUN(1.0),Municipal waste by waste management operations,A,Annual,TRT,Waste treatment,KG_HAB,Kilograms per capita,MK,North Macedonia,2018,,301,,,,,
dataflow,ESTAT:ENV_WASMUN(1.0),Municipal waste by waste management operations,A,Annual,TRT,Waste treatment,KG_HAB,Kilograms per capita,MK,North Macedonia,2019,,305,,i,value imputed by Eurostat or other receiving agencies,,
dataflow,ESTAT:ENV_WASMUN(1.0),Municipal waste by waste management operations,A,Annual,TRT,Waste treatment,KG_HAB,Kilograms per capita,MK,North Macedonia,2020,,304,,,,,
dataflow,ESTAT:ENV_WASMUN(1.0),Municipal waste by waste management operations,A,Annual,TRT,Waste treatment,KG_HAB,Kilograms per capita,MK,North Macedonia,2021,,324,,,,,
dataflow,ESTAT:ENV_WASMUN(1.0),Municipal waste by waste management operations,A,Annual,TRT,Waste treatment,KG_HAB,Kilograms per capita,MK,North Macedonia,2022,,330,,,,,
dataflow,ESTAT:ENV_WASMUN(1.0),Municipal waste by waste management operations,A,Annual,TRT,Waste treatment,KG_HAB,Kilograms per capita,MT,Malta,1995,,387,,e,estimated,,
dataflow,ESTAT:ENV_WASMUN(1.0),Municipal waste by waste management operations,A,Annual,TRT,Waste treatment,KG_HAB,Kilograms per capita,MT,Malta,1996,,412,,e,estimated,,
dataflow,ESTAT:ENV_WASMUN(1.0),Municipal waste by waste management operations,A,Annual,TRT,Waste treatment,KG_HAB,Kilograms per capita,MT,Malta,1997,,436,,e,estimated,,
dataflow,ESTAT:ENV_WASMUN(1.0),Municipal waste by waste management operations,A,Annual,TRT,Waste treatment,KG_HAB,Kilograms per capita,MT,Malta,1998,,459,,e,estimated,,
dataflow,ESTAT:ENV_WASMUN(1.0),Municipal waste by waste management operations,A,Annual,TRT,Waste treatment,KG_HAB,Kilograms per capita,MT,Malta,1999,,466,,,,,
dataflow,ESTAT:ENV_WASMUN(1.0),Municipal waste by waste management operations,A,Annual,TRT,Waste treatment,KG_HAB,Kilograms per capita,MT,Malta,2000,,533,,,,,
dataflow,ESTAT:ENV_WASMUN(1.0),Municipal waste by waste management operations,A,Annual,TRT,Waste treatment,KG_HAB,Kilograms per capita,MT,Malta,2001,,540,,,,,
dataflow,ESTAT:ENV_WASMUN(1.0),Municipal waste by waste management operations,A,Annual,TRT,Waste treatment,KG_HAB,Kilograms per capita,MT,Malta,2002,,541,,,,,
dataflow,ESTAT:ENV_WASMUN(1.0),Municipal waste by waste management operations,A,Annual,TRT,Waste treatment,KG_HAB,Kilograms per capita,MT,Malta,2003,,579,,,,,
dataflow,ESTAT:ENV_WASMUN(1.0),Municipal waste by waste management operations,A,Annual,TRT,Waste treatment,KG_HAB,Kilograms per capita,MT,Malta,2004,,633,,,,,
dataflow,ESTAT:ENV_WASMUN(1.0),Municipal waste by waste management operations,A,Annual,TRT,Waste treatment,KG_HAB,Kilograms per capita,MT,Malta,2005,,625,,,,,
dataflow,ESTAT:ENV_WASMUN(1.0),Municipal waste by waste management operations,A,Annual,TRT,Waste treatment,KG_HAB,Kilograms per capita,MT,Malta,2006,,667,,,,,
dataflow,ESTAT:ENV_WASMUN(1.0),Municipal waste by waste management operations,A,Annual,TRT,Waste treatment,KG_HAB,Kilograms per capita,MT,Malta,2007,,677,,,,,
dataflow,ESTAT:ENV_WASMUN(1.0),Municipal waste by waste management operations,A,Annual,TRT,Waste treatment,KG_HAB,Kilograms per capita,MT,Malta,2008,,688,,,,,
dataflow,ESTAT:ENV_WASMUN(1.0),Municipal waste by waste management operations,A,Annual,TRT,Waste treatment,KG_HAB,Kilograms per capita,MT,Malta,2009,,671,,,,,
dataflow,ESTAT:ENV_WASMUN(1.0),Municipal waste by waste management operations,A,Annual,TRT,Waste treatment,KG_HAB,Kilograms per capita,MT,Malta,2010,,600,,,,,
dataflow,ESTAT:ENV_WASMUN(1.0),Municipal waste by waste management operations,A,Annual,TRT,Waste treatment,KG_HAB,Kilograms per capita,MT,Malta,2011,,615,,,,,
dataflow,ESTAT:ENV_WASMUN(1.0),Municipal waste by waste management operations,A,Annual,TRT,Waste treatment,KG_HAB,Kilograms per capita,MT,Malta,2012,,595,,,,,
dataflow,ESTAT:ENV_WASMUN(1.0),Municipal waste by waste management operations,A,Annual,TRT,Waste treatment,KG_HAB,Kilograms per capita,MT,Malta,2013,,573,,,,,
dataflow,ESTAT:ENV_WASMUN(1.0),Municipal waste by waste management operations,A,Annual,TRT,Waste treatment,KG_HAB,Kilograms per capita,MT,Malta,2014,,581,,,,,
dataflow,ESTAT:ENV_WASMUN(1.0),Municipal waste by waste management operations,A,Annual,TRT,Waste treatment,KG_HAB,Kilograms per capita,MT,Malta,2015,,748,,,,,
dataflow,ESTAT:ENV_WASMUN(1.0),Municipal waste by waste management operations,A,Annual,TRT,Waste treatment,KG_HAB,Kilograms per capita,MT,Malta,2016,,571,,,,,
dataflow,ESTAT:ENV_WASMUN(1.0),Municipal waste by waste management operations,A,Annual,TRT,Waste treatment,KG_HAB,Kilograms per capita,MT,Malta,2017,,608,,,,,
dataflow,ESTAT:ENV_WASMUN(1.0),Municipal waste by waste management operations,A,Annual,TRT,Waste treatment,KG_HAB,Kilograms per capita,MT,Malta,2018,,633,,,,,
dataflow,ESTAT:ENV_WASMUN(1.0),Municipal waste by waste management operations,A,Annual,TRT,Waste treatment,KG_HAB,Kilograms per capita,MT,Malta,2019,,700,,,,,
dataflow,ESTAT:ENV_WASMUN(1.0),Municipal waste by waste management operations,A,Annual,TRT,Waste treatment,KG_HAB,Kilograms per capita,MT,Malta,2020,,601,,,,,
dataflow,ESTAT:ENV_WASMUN(1.0),Municipal waste by waste management operations,A,Annual,TRT,Waste treatment,KG_HAB,Kilograms per capita,MT,Malta,2021,,626,,,,,
dataflow,ESTAT:ENV_WASMUN(1.0),Municipal waste by waste management operations,A,Annual,TRT,Waste treatment,KG_HAB,Kilograms per capita,MT,Malta,2022,,600,,,,,
dataflow,ESTAT:ENV_WASMUN(1.0),Municipal waste by waste management operations,A,Annual,TRT,Waste treatment,KG_HAB,Kilograms per capita,MT,Malta,2023,,568,,,,,
dataflow,ESTAT:ENV_WASMUN(1.0),Municipal waste by waste management operations,A,Annual,TRT,Waste treatment,KG_HAB,Kilograms per capita,NL,Netherlands,1995,,509,,,,,
dataflow,ESTAT:ENV_WASMUN(1.0),Municipal waste by waste management operations,A,Annual,TRT,Waste treatment,KG_HAB,Kilograms per capita,NL,Netherlands,1996,,514,,,,,
dataflow,ESTAT:ENV_WASMUN(1.0),Municipal waste by waste management operations,A,Annual,TRT,Waste treatment,KG_HAB,Kilograms per capita,NL,Netherlands,1997,,538,,,,,
dataflow,ESTAT:ENV_WASMUN(1.0),Municipal waste by waste management operations,A,Annual,TRT,Waste treatment,KG_HAB,Kilograms per capita,NL,Netherlands,1998,,504,,,,,
dataflow,ESTAT:ENV_WASMUN(1.0),Municipal waste by waste management operations,A,Annual,TRT,Waste treatment,KG_HAB,Kilograms per capita,NL,Netherlands,1999,,496,,,,,
dataflow,ESTAT:ENV_WASMUN(1.0),Municipal waste by waste management operations,A,Annual,TRT,Waste treatment,KG_HAB,Kilograms per capita,NL,Netherlands,2000,,510,,,,,
dataflow,ESTAT:ENV_WASMUN(1.0),Municipal waste by waste management operations,A,Annual,TRT,Waste treatment,KG_HAB,Kilograms per capita,NL,Netherlands,2001,,507,,,,,
dataflow,ESTAT:ENV_WASMUN(1.0),Municipal waste by waste management operations,A,Annual,TRT,Waste treatment,KG_HAB,Kilograms per capita,NL,Netherlands,2002,,515,,,,,
dataflow,ESTAT:ENV_WASMUN(1.0),Municipal waste by waste management operations,A,Annual,TRT,Waste treatment,KG_HAB,Kilograms per capita,NL,Netherlands,2003,,479,,,,,
dataflow,ESTAT:ENV_WASMUN(1.0),Municipal waste by waste management operations,A,Annual,TRT,Waste treatment,KG_HAB,Kilograms per capita,NL,Netherlands,2004,,492,,,,,
dataflow,ESTAT:ENV_WASMUN(1.0),Municipal waste by waste management operations,A,Annual,TRT,Waste treatment,KG_HAB,Kilograms per capita,NL,Netherlands,2005,,492,,,,,
dataflow,ESTAT:ENV_WASMUN(1.0),Municipal waste by waste management operations,A,Annual,TRT,Waste treatment,KG_HAB,Kilograms per capita,NL,Netherlands,2006,,492,,,,,
dataflow,ESTAT:ENV_WASMUN(1.0),Municipal waste by waste management operations,A,Annual,TRT,Waste treatment,KG_HAB,Kilograms per capita,NL,Netherlands,2007,,504,,,,,
dataflow,ESTAT:ENV_WASMUN(1.0),Municipal waste by waste management operations,A,Annual,TRT,Waste treatment,KG_HAB,Kilograms per capita,NL,Netherlands,2008,,600,,b,break in time series,,
dataflow,ESTAT:ENV_WASMUN(1.0),Municipal waste by waste management operations,A,Annual,TRT,Waste treatment,KG_HAB,Kilograms per capita,NL,Netherlands,2009,,589,,,,,
dataflow,ESTAT:ENV_WASMUN(1.0),Municipal waste by waste management operations,A,Annual,TRT,Waste treatment,KG_HAB,Kilograms per capita,NL,Netherlands,2010,,571,,,,,
dataflow,ESTAT:ENV_WASMUN(1.0),Municipal waste by waste management operations,A,Annual,TRT,Waste treatment,KG_HAB,Kilograms per capita,NL,Netherlands,2011,,568,,,,,
dataflow,ESTAT:ENV_WASMUN(1.0),Municipal waste by waste management operations,A,Annual,TRT,Waste treatment,KG_HAB,Kilograms per capita,NL,Netherlands,2012,,549,,,,,
dataflow,ESTAT:ENV_WASMUN(1.0),Municipal waste by waste management operations,A,Annual,TRT,Waste treatment,KG_HAB,Kilograms per capita,NL,Netherlands,2013,,526,,,,,
dataflow,ESTAT:ENV_WASMUN(1.0),Municipal waste by waste management operations,A,Annual,TRT,Waste treatment,KG_HAB,Kilograms per capita,NL,Netherlands,2014,,527,,,,,
dataflow,ESTAT:ENV_WASMUN(1.0),Municipal waste by waste management operations,A,Annual,TRT,Waste treatment,KG_HAB,Kilograms per capita,NL,Netherlands,2015,,523,,,,,
dataflow,ESTAT:ENV_WASMUN(1.0),Municipal waste by waste management operations,A,Annual,TRT,Waste treatment,KG_HAB,Kilograms per capita,NL,Netherlands,2016,,520,,,,,
dataflow,ESTAT:ENV_WASMUN(1.0),Municipal waste by waste management operations,A,Annual,TRT,Waste treatment,KG_HAB,Kilograms per capita,NL,Netherlands,2017,,513,,,,,
dataflow,ESTAT:ENV_WASMUN(1.0),Municipal waste by waste management operations,A,Annual,TRT,Waste treatment,KG_HAB,Kilograms per capita,NL,Netherlands,2018,,511,,,,,
dataflow,ESTAT:ENV_WASMUN(1.0),Municipal waste by waste management operations,A,Annual,TRT,Waste treatment,KG_HAB,Kilograms per capita,NL,Netherlands,2019,,508,,,,,
dataflow,ESTAT:ENV_WASMUN(1.0),Municipal waste by waste management operations,A,Annual,TRT,Waste treatment,KG_HAB,Kilograms per capita,NL,Netherlands,2020,,533,,,,,
dataflow,ESTAT:ENV_WASMUN(1.0),Municipal waste by waste management operations,A,Annual,TRT,Waste treatment,KG_HAB,Kilograms per capita,NL,Netherlands,2021,,514,,,,,
dataflow,ESTAT:ENV_WASMUN(1.0),Municipal waste by waste management operations,A,Annual,TRT,Waste treatment,KG_HAB,Kilograms per capita,NL,Netherlands,2022,,473,,p,provisional,,
dataflow,ESTAT:ENV_WASMUN(1.0),Municipal waste by waste management operations,A,Annual,TRT,Waste treatment,KG_HAB,Kilograms per capita,NL,Netherlands,2023,,468,,,,,
dataflow,ESTAT:ENV_WASMUN(1.0),Municipal waste by waste management operations,A,Annual,TRT,Waste treatment,KG_HAB,Kilograms per capita,NO,Norway,1995,,624,,,,,
dataflow,ESTAT:ENV_WASMUN(1.0),Municipal waste by waste management operations,A,Annual,TRT,Waste treatment,KG_HAB,Kilograms per capita,NO,Norway,1996,,630,,,,,
dataflow,ESTAT:ENV_WASMUN(1.0),Municipal waste by waste management operations,A,Annual,TRT,Waste treatment,KG_HAB,Kilograms per capita,NO,Norway,1997,,618,,,,,
dataflow,ESTAT:ENV_WASMUN(1.0),Municipal waste by waste management operations,A,Annual,TRT,Waste treatment,KG_HAB,Kilograms per capita,NO,Norway,1998,,645,,,,,
dataflow,ESTAT:ENV_WASMUN(1.0),Municipal waste by waste management operations,A,Annual,TRT,Waste treatment,KG_HAB,Kilograms per capita,NO,Norway,1999,,594,,,,,
dataflow,ESTAT:ENV_WASMUN(1.0),Municipal waste by waste management operations,A,Annual,TRT,Waste treatment,KG_HAB,Kilograms per capita,NO,Norway,2000,,613,,,,,
dataflow,ESTAT:ENV_WASMUN(1.0),Municipal waste by waste management operations,A,Annual,TRT,Waste treatment,KG_HAB,Kilograms per capita,NO,Norway,2001,,361,,b,break in time series,,
dataflow,ESTAT:ENV_WASMUN(1.0),Municipal waste by waste management operations,A,Annual,TRT,Waste treatment,KG_HAB,Kilograms per capita,NO,Norway,2002,,392,,,,,
dataflow,ESTAT:ENV_WASMUN(1.0),Municipal waste by waste management operations,A,Annual,TRT,Waste treatment,KG_HAB,Kilograms per capita,NO,Norway,2003,,402,,,,,
dataflow,ESTAT:ENV_WASMUN(1.0),Municipal waste by waste management operations,A,Annual,TRT,Waste treatment,KG_HAB,Kilograms per capita,NO,Norway,2004,,414,,,,,
dataflow,ESTAT:ENV_WASMUN(1.0),Municipal waste by waste management operations,A,Annual,TRT,Waste treatment,KG_HAB,Kilograms per capita,NO,Norway,2005,,426,,,,,
dataflow,ESTAT:ENV_WASMUN(1.0),Municipal waste by waste management operations,A,Annual,TRT,Waste treatment,KG_HAB,Kilograms per capita,NO,Norway,2006,,459,,,,,
dataflow,ESTAT:ENV_WASMUN(1.0),Municipal waste by waste management operations,A,Annual,TRT,Waste treatment,KG_HAB,Kilograms per capita,NO,Norway,2007,,485,,,,,
dataflow,ESTAT:ENV_WASMUN(1.0),Municipal waste by waste management operations,A,Annual,TRT,Waste treatment,KG_HAB,Kilograms per capita,NO,Norway,2008,,482,,,,,
dataflow,ESTAT:ENV_WASMUN(1.0),Municipal waste by waste management operations,A,Annual,TRT,Waste treatment,KG_HAB,Kilograms per capita,NO,Norway,2009,,464,,,,,
dataflow,ESTAT:ENV_WASMUN(1.0),Municipal waste by waste management operations,A,Annual,TRT,Waste treatment,KG_HAB,Kilograms per capita,NO,Norway,2010,,462,,,,,
dataflow,ESTAT:ENV_WASMUN(1.0),Municipal waste by waste management operations,A,Annual,TRT,Waste treatment,KG_HAB,Kilograms per capita,NO,Norway,2011,,476,,,,,
dataflow,ESTAT:ENV_WASMUN(1.0),Municipal waste by waste management operations,A,Annual,TRT,Waste treatment,KG_HAB,Kilograms per capita,NO,Norway,2012,,467,,,,,
dataflow,ESTAT:ENV_WASMUN(1.0),Municipal waste by waste management operations,A,Annual,TRT,Waste treatment,KG_HAB,Kilograms per capita,NO,Norway,2013,,489,,,,,
dataflow,ESTAT:ENV_WASMUN(1.0),Municipal waste by waste management operations,A,Annual,TRT,Waste treatment,KG_HAB,Kilograms per capita,NO,Norway,2014,,414,,b,break in time series,,
dataflow,ESTAT:ENV_WASMUN(1.0),Municipal waste by waste management operations,A,Annual,TRT,Waste treatment,KG_HAB,Kilograms per capita,NO,Norway,2015,,415,,,,,
dataflow,ESTAT:ENV_WASMUN(1.0),Municipal waste by waste management operations,A,Annual,TRT,Waste treatment,KG_HAB,Kilograms per capita,NO,Norway,2016,,754,,b,break in time series,,
dataflow,ESTAT:ENV_WASMUN(1.0),Municipal waste by waste management operations,A,Annual,TRT,Waste treatment,KG_HAB,Kilograms per capita,NO,Norway,2017,,748,,,,,
dataflow,ESTAT:ENV_WASMUN(1.0),Municipal waste by waste management operations,A,Annual,TRT,Waste treatment,KG_HAB,Kilograms per capita,NO,Norway,2018,,739,,,,,
dataflow,ESTAT:ENV_WASMUN(1.0),Municipal waste by waste management operations,A,Annual,TRT,Waste treatment,KG_HAB,Kilograms per capita,NO,Norway,2019,,776,,,,,
dataflow,ESTAT:ENV_WASMUN(1.0),Municipal waste by waste management operations,A,Annual,TRT,Waste treatment,KG_HAB,Kilograms per capita,NO,Norway,2020,,726,,b,break in time series,,
dataflow,ESTAT:ENV_WASMUN(1.0),Municipal waste by waste management operations,A,Annual,TRT,Waste treatment,KG_HAB,Kilograms per capita,NO,Norway,2021,,799,,,,,
dataflow,ESTAT:ENV_WASMUN(1.0),Municipal waste by waste management operations,A,Annual,TRT,Waste treatment,KG_HAB,Kilograms per capita,NO,Norway,2022,,768,,,,,
dataflow,ESTAT:ENV_WASMUN(1.0),Municipal waste by waste management operations,A,Annual,TRT,Waste treatment,KG_HAB,Kilograms per capita,NO,Norway,2023,,723,,,,,
dataflow,ESTAT:ENV_WASMUN(1.0),Municipal waste by waste management operations,A,Annual,TRT,Waste treatment,KG_HAB,Kilograms per capita,PL,Poland,1995,,285,,,,,
dataflow,ESTAT:ENV_WASMUN(1.0),Municipal waste by waste management operations,A,Annual,TRT,Waste treatment,KG_HAB,Kilograms per capita,PL,Poland,1996,,301,,,,,
dataflow,ESTAT:ENV_WASMUN(1.0),Municipal waste by waste management operations,A,Annual,TRT,Waste treatment,KG_HAB,Kilograms per capita,PL,Poland,1997,,315,,,,,
dataflow,ESTAT:ENV_WASMUN(1.0),Municipal waste by waste management operations,A,Annual,TRT,Waste treatment,KG_HAB,Kilograms per capita,PL,Poland,1998,,306,,,,,
dataflow,ESTAT:ENV_WASMUN(1.0),Municipal waste by waste management operations,A,Annual,TRT,Waste treatment,KG_HAB,Kilograms per capita,PL,Poland,1999,,319,,,,,
dataflow,ESTAT:ENV_WASMUN(1.0),Municipal waste by waste management operations,A,Annual,TRT,Waste treatment,KG_HAB,Kilograms per capita,PL,Poland,2000,,320,,,,,
dataflow,ESTAT:ENV_WASMUN(1.0),Municipal waste by waste management operations,A,Annual,TRT,Waste treatment,KG_HAB,Kilograms per capita,PL,Poland,2001,,290,,,,,
dataflow,ESTAT:ENV_WASMUN(1.0),Municipal waste by waste management operations,A,Annual,TRT,Waste treatment,KG_HAB,Kilograms per capita,PL,Poland,2002,,275,,,,,
dataflow,ESTAT:ENV_WASMUN(1.0),Municipal waste by waste management operations,A,Annual,TRT,Waste treatment,KG_HAB,Kilograms per capita,PL,Poland,2003,,260,,,,,
dataflow,ESTAT:ENV_WASMUN(1.0),Municipal waste by waste management operations,A,Annual,TRT,Waste treatment,KG_HAB,Kilograms per capita,PL,Poland,2004,,254,,,,,
dataflow,ESTAT:ENV_WASMUN(1.0),Municipal waste by waste management operations,A,Annual,TRT,Waste treatment,KG_HAB,Kilograms per capita,PL,Poland,2005,,245,,,,,
dataflow,ESTAT:ENV_WASMUN(1.0),Municipal waste by waste management operations,A,Annual,TRT,Waste treatment,KG_HAB,Kilograms per capita,PL,Poland,2006,,259,,,,,
dataflow,ESTAT:ENV_WASMUN(1.0),Municipal waste by waste management operations,A,Annual,TRT,Waste treatment,KG_HAB,Kilograms per capita,PL,Poland,2007,,264,,,,,
dataflow,ESTAT:ENV_WASMUN(1.0),Municipal waste by waste management operations,A,Annual,TRT,Waste treatment,KG_HAB,Kilograms per capita,PL,Poland,2008,,263,,,,,
dataflow,ESTAT:ENV_WASMUN(1.0),Municipal waste by waste management operations,A,Annual,TRT,Waste treatment,KG_HAB,Kilograms per capita,PL,Poland,2009,,264,,,,,
dataflow,ESTAT:ENV_WASMUN(1.0),Municipal waste by waste management operations,A,Annual,TRT,Waste treatment,KG_HAB,Kilograms per capita,PL,Poland,2010,,264,,,,,
dataflow,ESTAT:ENV_WASMUN(1.0),Municipal waste by waste management operations,A,Annual,TRT,Waste treatment,KG_HAB,Kilograms per capita,PL,Poland,2011,,258,,,,,
dataflow,ESTAT:ENV_WASMUN(1.0),Municipal waste by waste management operations,A,Annual,TRT,Waste treatment,KG_HAB,Kilograms per capita,PL,Poland,2012,,252,,,,,
dataflow,ESTAT:ENV_WASMUN(1.0),Municipal waste by waste management operations,A,Annual,TRT,Waste treatment,KG_HAB,Kilograms per capita,PL,Poland,2013,,249,,,,,
dataflow,ESTAT:ENV_WASMUN(1.0),Municipal waste by waste management operations,A,Annual,TRT,Waste treatment,KG_HAB,Kilograms per capita,PL,Poland,2014,,272,,,,,
dataflow,ESTAT:ENV_WASMUN(1.0),Municipal waste by waste management operations,A,Annual,TRT,Waste treatment,KG_HAB,Kilograms per capita,PL,Poland,2015,,286,,,,,
dataflow,ESTAT:ENV_WASMUN(1.0),Municipal waste by waste management operations,A,Annual,TRT,Waste treatment,KG_HAB,Kilograms per capita,PL,Poland,2016,,307,,,,,
dataflow,ESTAT:ENV_WASMUN(1.0),Municipal waste by waste management operations,A,Annual,TRT,Waste treatment,KG_HAB,Kilograms per capita,PL,Poland,2017,,315,,,,,
dataflow,ESTAT:ENV_WASMUN(1.0),Municipal waste by waste management operations,A,Annual,TRT,Waste treatment,KG_HAB,Kilograms per capita,PL,Poland,2018,,329,,e,estimated,,
dataflow,ESTAT:ENV_WASMUN(1.0),Municipal waste by waste management operations,A,Annual,TRT,Waste treatment,KG_HAB,Kilograms per capita,PL,Poland,2019,,336,,e,estimated,,
dataflow,ESTAT:ENV_WASMUN(1.0),Municipal waste by waste management operations,A,Annual,TRT,Waste treatment,KG_HAB,Kilograms per capita,PL,Poland,2020,,350,,,,,
dataflow,ESTAT:ENV_WASMUN(1.0),Municipal waste by waste management operations,A,Annual,TRT,Waste treatment,KG_HAB,Kilograms per capita,PL,Poland,2021,,370,,,,,
dataflow,ESTAT:ENV_WASMUN(1.0),Municipal waste by waste management operations,A,Annual,TRT,Waste treatment,KG_HAB,Kilograms per capita,PL,Poland,2022,,364,,,,,
dataflow,ESTAT:ENV_WASMUN(1.0),Municipal waste by waste management operations,A,Annual,TRT,Waste treatment,KG_HAB,Kilograms per capita,PL,Poland,2023,,288,,b,break in time series,,
dataflow,ESTAT:ENV_WASMUN(1.0),Municipal waste by waste management operations,A,Annual,TRT,Waste treatment,KG_HAB,Kilograms per capita,PT,Portugal,1995,,352,,,,,
dataflow,ESTAT:ENV_WASMUN(1.0),Municipal waste by waste management operations,A,Annual,TRT,Waste treatment,KG_HAB,Kilograms per capita,PT,Portugal,1996,,372,,,,,
dataflow,ESTAT:ENV_WASMUN(1.0),Municipal waste by waste management operations,A,Annual,TRT,Waste treatment,KG_HAB,Kilograms per capita,PT,Portugal,1997,,397,,,,,
dataflow,ESTAT:ENV_WASMUN(1.0),Municipal waste by waste management operations,A,Annual,TRT,Waste treatment,KG_HAB,Kilograms per capita,PT,Portugal,1998,,413,,,,,
dataflow,ESTAT:ENV_WASMUN(1.0),Municipal waste by waste management operations,A,Annual,TRT,Waste treatment,KG_HAB,Kilograms per capita,PT,Portugal,1999,,433,,,,,
dataflow,ESTAT:ENV_WASMUN(1.0),Municipal waste by waste management operations,A,Annual,TRT,Waste treatment,KG_HAB,Kilograms per capita,PT,Portugal,2000,,457,,,,,
dataflow,ESTAT:ENV_WASMUN(1.0),Municipal waste by waste management operations,A,Annual,TRT,Waste treatment,KG_HAB,Kilograms per capita,PT,Portugal,2001,,454,,,,,
dataflow,ESTAT:ENV_WASMUN(1.0),Municipal waste by waste management operations,A,Annual,TRT,Waste treatment,KG_HAB,Kilograms per capita,PT,Portugal,2002,,441,,b,break in time series,,
dataflow,ESTAT:ENV_WASMUN(1.0),Municipal waste by waste management operations,A,Annual,TRT,Waste treatment,KG_HAB,Kilograms per capita,PT,Portugal,2003,,449,,,,,
dataflow,ESTAT:ENV_WASMUN(1.0),Municipal waste by waste management operations,A,Annual,TRT,Waste treatment,KG_HAB,Kilograms per capita,PT,Portugal,2004,,445,,,,,
dataflow,ESTAT:ENV_WASMUN(1.0),Municipal waste by waste management operations,A,Annual,TRT,Waste treatment,KG_HAB,Kilograms per capita,PT,Portugal,2005,,452,,,,,
dataflow,ESTAT:ENV_WASMUN(1.0),Municipal waste by waste management operations,A,Annual,TRT,Waste treatment,KG_HAB,Kilograms per capita,PT,Portugal,2006,,465,,,,,
dataflow,ESTAT:ENV_WASMUN(1.0),Municipal waste by waste management operations,A,Annual,TRT,Waste treatment,KG_HAB,Kilograms per capita,PT,Portugal,2007,,471,,b,break in time series,,
dataflow,ESTAT:ENV_WASMUN(1.0),Municipal waste by waste management operations,A,Annual,TRT,Waste treatment,KG_HAB,Kilograms per capita,PT,Portugal,2008,,518,,,,,
dataflow,ESTAT:ENV_WASMUN(1.0),Municipal waste by waste management operations,A,Annual,TRT,Waste treatment,KG_HAB,Kilograms per capita,PT,Portugal,2009,,520,,,,,
dataflow,ESTAT:ENV_WASMUN(1.0),Municipal waste by waste management operations,A,Annual,TRT,Waste treatment,KG_HAB,Kilograms per capita,PT,Portugal,2010,,516,,,,,
dataflow,ESTAT:ENV_WASMUN(1.0),Municipal waste by waste management operations,A,Annual,TRT,Waste treatment,KG_HAB,Kilograms per capita,PT,Portugal,2011,,490,,,,,
dataflow,ESTAT:ENV_WASMUN(1.0),Municipal waste by waste management operations,A,Annual,TRT,Waste treatment,KG_HAB,Kilograms per capita,PT,Portugal,2012,,453,,,,,
dataflow,ESTAT:ENV_WASMUN(1.0),Municipal waste by waste management operations,A,Annual,TRT,Waste treatment,KG_HAB,Kilograms per capita,PT,Portugal,2013,,439,,,,,
dataflow,ESTAT:ENV_WASMUN(1.0),Municipal waste by waste management operations,A,Annual,TRT,Waste treatment,KG_HAB,Kilograms per capita,PT,Portugal,2014,,452,,,,,
dataflow,ESTAT:ENV_WASMUN(1.0),Municipal waste by waste management operations,A,Annual,TRT,Waste treatment,KG_HAB,Kilograms per capita,PT,Portugal,2015,,442,,,,,
dataflow,ESTAT:ENV_WASMUN(1.0),Municipal waste by waste management operations,A,Annual,TRT,Waste treatment,KG_HAB,Kilograms per capita,PT,Portugal,2016,,445,,,,,
dataflow,ESTAT:ENV_WASMUN(1.0),Municipal waste by waste management operations,A,Annual,TRT,Waste treatment,KG_HAB,Kilograms per capita,PT,Portugal,2017,,463,,,,,
dataflow,ESTAT:ENV_WASMUN(1.0),Municipal waste by waste management operations,A,Annual,TRT,Waste treatment,KG_HAB,Kilograms per capita,PT,Portugal,2018,,482,,,,,
dataflow,ESTAT:ENV_WASMUN(1.0),Municipal waste by waste management operations,A,Annual,TRT,Waste treatment,KG_HAB,Kilograms per capita,PT,Portugal,2019,,486,,,,,
dataflow,ESTAT:ENV_WASMUN(1.0),Municipal waste by waste management operations,A,Annual,TRT,Waste treatment,KG_HAB,Kilograms per capita,PT,Portugal,2020,,535,,,,,
dataflow,ESTAT:ENV_WASMUN(1.0),Municipal waste by waste management operations,A,Annual,TRT,Waste treatment,KG_HAB,Kilograms per capita,PT,Portugal,2021,,545,,,,,
dataflow,ESTAT:ENV_WASMUN(1.0),Municipal waste by waste management operations,A,Annual,TRT,Waste treatment,KG_HAB,Kilograms per capita,PT,Portugal,2022,,536,,,,,
dataflow,ESTAT:ENV_WASMUN(1.0),Municipal waste by waste management operations,A,Annual,TRT,Waste treatment,KG_HAB,Kilograms per capita,PT,Portugal,2023,,532,,,,,
dataflow,ESTAT:ENV_WASMUN(1.0),Municipal waste by waste management operations,A,Annual,TRT,Waste treatment,KG_HAB,Kilograms per capita,RO,Romania,1995,,254,,,,,
dataflow,ESTAT:ENV_WASMUN(1.0),Municipal waste by waste management operations,A,Annual,TRT,Waste treatment,KG_HAB,Kilograms per capita,RO,Romania,1996,,230,,,,,
dataflow,ESTAT:ENV_WASMUN(1.0),Municipal waste by waste management operations,A,Annual,TRT,Waste treatment,KG_HAB,Kilograms per capita,RO,Romania,1997,,257,,,,,
dataflow,ESTAT:ENV_WASMUN(1.0),Municipal waste by waste management operations,A,Annual,TRT,Waste treatment,KG_HAB,Kilograms per capita,RO,Romania,1998,,224,,,,,
dataflow,ESTAT:ENV_WASMUN(1.0),Municipal waste by waste management operations,A,Annual,TRT,Waste treatment,KG_HAB,Kilograms per capita,RO,Romania,1999,,255,,,,,
dataflow,ESTAT:ENV_WASMUN(1.0),Municipal waste by waste management operations,A,Annual,TRT,Waste treatment,KG_HAB,Kilograms per capita,RO,Romania,2000,,295,,,,,
dataflow,ESTAT:ENV_WASMUN(1.0),Municipal waste by waste management operations,A,Annual,TRT,Waste treatment,KG_HAB,Kilograms per capita,RO,Romania,2001,,275,,,,,
dataflow,ESTAT:ENV_WASMUN(1.0),Municipal waste by waste management operations,A,Annual,TRT,Waste treatment,KG_HAB,Kilograms per capita,RO,Romania,2002,,316,,,,,
dataflow,ESTAT:ENV_WASMUN(1.0),Municipal waste by waste management operations,A,Annual,TRT,Waste treatment,KG_HAB,Kilograms per capita,RO,Romania,2003,,280,,,,,
dataflow,ESTAT:ENV_WASMUN(1.0),Municipal waste by waste management operations,A,Annual,TRT,Waste treatment,KG_HAB,Kilograms per capita,RO,Romania,2004,,280,,,,,
dataflow,ESTAT:ENV_WASMUN(1.0),Municipal waste by waste management operations,A,Annual,TRT,Waste treatment,KG_HAB,Kilograms per capita,RO,Romania,2005,,308,,,,,
dataflow,ESTAT:ENV_WASMUN(1.0),Municipal waste by waste management operations,A,Annual,TRT,Waste treatment,KG_HAB,Kilograms per capita,RO,Romania,2006,,299,,,,,
dataflow,ESTAT:ENV_WASMUN(1.0),Municipal waste by waste management operations,A,Annual,TRT,Waste treatment,KG_HAB,Kilograms per capita,RO,Romania,2007,,295,,,,,
dataflow,ESTAT:ENV_WASMUN(1.0),Municipal waste by waste management operations,A,Annual,TRT,Waste treatment,KG_HAB,Kilograms per capita,RO,Romania,2008,,319,,,,,
dataflow,ESTAT:ENV_WASMUN(1.0),Municipal waste by waste management operations,A,Annual,TRT,Waste treatment,KG_HAB,Kilograms per capita,RO,Romania,2009,,307,,,,,
dataflow,ESTAT:ENV_WASMUN(1.0),Municipal waste by waste management operations,A,Annual,TRT,Waste treatment,KG_HAB,Kilograms per capita,RO,Romania,2010,,279,,b,break in time series,,
dataflow,ESTAT:ENV_WASMUN(1.0),Municipal waste by waste management operations,A,Annual,TRT,Waste treatment,KG_HAB,Kilograms per capita,RO,Romania,2011,,234,,,,,
dataflow,ESTAT:ENV_WASMUN(1.0),Municipal waste by waste management operations,A,Annual,TRT,Waste treatment,KG_HAB,Kilograms per capita,RO,Romania,2012,,212,,,,,
dataflow,ESTAT:ENV_WASMUN(1.0),Municipal waste by waste management operations,A,Annual,TRT,Waste treatment,KG_HAB,Kilograms per capita,RO,Romania,2013,,214,,,,,
dataflow,ESTAT:ENV_WASMUN(1.0),Municipal waste by waste management operations,A,Annual,TRT,Waste treatment,KG_HAB,Kilograms per capita,RO,Romania,2014,,218,,,,,
dataflow,ESTAT:ENV_WASMUN(1.0),Municipal waste by waste management operations,A,Annual,TRT,Waste treatment,KG_HAB,Kilograms per capita,RO,Romania,2015,,216,,,,,
dataflow,ESTAT:ENV_WASMUN(1.0),Municipal waste by waste management operations,A,Annual,TRT,Waste treatment,KG_HAB,Kilograms per capita,RO,Romania,2016,,242,,,,,
dataflow,ESTAT:ENV_WASMUN(1.0),Municipal waste by waste management operations,A,Annual,TRT,Waste treatment,KG_HAB,Kilograms per capita,RO,Romania,2017,,259,,,,,
dataflow,ESTAT:ENV_WASMUN(1.0),Municipal waste by waste management operations,A,Annual,TRT,Waste treatment,KG_HAB,Kilograms per capita,RO,Romania,2018,,255,,,,,
dataflow,ESTAT:ENV_WASMUN(1.0),Municipal waste by waste management operations,A,Annual,TRT,Waste treatment,KG_HAB,Kilograms per capita,RO,Romania,2019,,258,,,,,
dataflow,ESTAT:ENV_WASMUN(1.0),Municipal waste by waste management operations,A,Annual,TRT,Waste treatment,KG_HAB,Kilograms per capita,RO,Romania,2020,,264,,,,,
dataflow,ESTAT:ENV_WASMUN(1.0),Municipal waste by waste management operations,A,Annual,TRT,Waste treatment,KG_HAB,Kilograms per capita,RO,Romania,2021,,280,,,,,
dataflow,ESTAT:ENV_WASMUN(1.0),Municipal waste by waste management operations,A,Annual,TRT,Waste treatment,KG_HAB,Kilograms per capita,RO,Romania,2022,,284,,,,,
dataflow,ESTAT:ENV_WASMUN(1.0),Municipal waste by waste management operations,A,Annual,TRT,Waste treatment,KG_HAB,Kilograms per capita,RS,Serbia,2006,,140,,,,,
dataflow,ESTAT:ENV_WASMUN(1.0),Municipal waste by waste management operations,A,Annual,TRT,Waste treatment,KG_HAB,Kilograms per capita,RS,Serbia,2007,,168,,,,,
dataflow,ESTAT:ENV_WASMUN(1.0),Municipal waste by waste management operations,A,Annual,TRT,Waste treatment,KG_HAB,Kilograms per capita,RS,Serbia,2008,,207,,,,,
dataflow,ESTAT:ENV_WASMUN(1.0),Municipal waste by waste management operations,A,Annual,TRT,Waste treatment,KG_HAB,Kilograms per capita,RS,Serbia,2009,,216,,,,,
dataflow,ESTAT:ENV_WASMUN(1.0),Municipal waste by waste management operations,A,Annual,TRT,Waste treatment,KG_HAB,Kilograms per capita,RS,Serbia,2010,,259,,,,,
dataflow,ESTAT:ENV_WASMUN(1.0),Municipal waste by waste management operations,A,Annual,TRT,Waste treatment,KG_HAB,Kilograms per capita,RS,Serbia,2011,,289,,,,,
dataflow,ESTAT:ENV_WASMUN(1.0),Municipal waste by waste management operations,A,Annual,TRT,Waste treatment,KG_HAB,Kilograms per capita,RS,Serbia,2012,,254,,,,,
dataflow,ESTAT:ENV_WASMUN(1.0),Municipal waste by waste management operations,A,Annual,TRT,Waste treatment,KG_HAB,Kilograms per capita,RS,Serbia,2013,,271,,,,,
dataflow,ESTAT:ENV_WASMUN(1.0),Municipal waste by waste management operations,A,Annual,TRT,Waste treatment,KG_HAB,Kilograms per capita,RS,Serbia,2014,,236,,,,,
dataflow,ESTAT:ENV_WASMUN(1.0),Municipal waste by waste management operations,A,Annual,TRT,Waste treatment,KG_HAB,Kilograms per capita,RS,Serbia,2015,,194,,,,,
dataflow,ESTAT:ENV_WASMUN(1.0),Municipal waste by waste management operations,A,Annual,TRT,Waste treatment,KG_HAB,Kilograms per capita,RS,Serbia,2016,,212,,,,,
dataflow,ESTAT:ENV_WASMUN(1.0),Municipal waste by waste management operations,A,Annual,TRT,Waste treatment,KG_HAB,Kilograms per capita,RS,Serbia,2017,,257,,,,,
dataflow,ESTAT:ENV_WASMUN(1.0),Municipal waste by waste management operations,A,Annual,TRT,Waste treatment,KG_HAB,Kilograms per capita,RS,Serbia,2018,,280,,,,,
dataflow,ESTAT:ENV_WASMUN(1.0),Municipal waste by waste management operations,A,Annual,TRT,Waste treatment,KG_HAB,Kilograms per capita,RS,Serbia,2019,,291,,i,value imputed by Eurostat or other receiving agencies,,
dataflow,ESTAT:ENV_WASMUN(1.0),Municipal waste by waste management operations,A,Annual,TRT,Waste treatment,KG_HAB,Kilograms per capita,RS,Serbia,2020,,409,,,,,
dataflow,ESTAT:ENV_WASMUN(1.0),Municipal waste by waste management operations,A,Annual,TRT,Waste treatment,KG_HAB,Kilograms per capita,RS,Serbia,2021,,424,,,,,
dataflow,ESTAT:ENV_WASMUN(1.0),Municipal waste by waste management operations,A,Annual,TRT,Waste treatment,KG_HAB,Kilograms per capita,RS,Serbia,2022,,454,,,,,
dataflow,ESTAT:ENV_WASMUN(1.0),Municipal waste by waste management operations,A,Annual,TRT,Waste treatment,KG_HAB,Kilograms per capita,RS,Serbia,2023,,448,,,,,
dataflow,ESTAT:ENV_WASMUN(1.0),Municipal waste by waste management operations,A,Annual,TRT,Waste treatment,KG_HAB,Kilograms per capita,SE,Sweden,1995,,386,,,,,
dataflow,ESTAT:ENV_WASMUN(1.0),Municipal waste by waste management operations,A,Annual,TRT,Waste treatment,KG_HAB,Kilograms per capita,SE,Sweden,1996,,391,,,,,
dataflow,ESTAT:ENV_WASMUN(1.0),Municipal waste by waste management operations,A,Annual,TRT,Waste treatment,KG_HAB,Kilograms per capita,SE,Sweden,1997,,416,,,,,
dataflow,ESTAT:ENV_WASMUN(1.0),Municipal waste by waste management operations,A,Annual,TRT,Waste treatment,KG_HAB,Kilograms per capita,SE,Sweden,1998,,434,,,,,
dataflow,ESTAT:ENV_WASMUN(1.0),Municipal waste by waste management operations,A,Annual,TRT,Waste treatment,KG_HAB,Kilograms per capita,SE,Sweden,1999,,426,,,,,
dataflow,ESTAT:ENV_WASMUN(1.0),Municipal waste by waste management operations,A,Annual,TRT,Waste treatment,KG_HAB,Kilograms per capita,SE,Sweden,2000,,425,,,,,
dataflow,ESTAT:ENV_WASMUN(1.0),Municipal waste by waste management operations,A,Annual,TRT,Waste treatment,KG_HAB,Kilograms per capita,SE,Sweden,2001,,439,,,,,
dataflow,ESTAT:ENV_WASMUN(1.0),Municipal waste by waste management operations,A,Annual,TRT,Waste treatment,KG_HAB,Kilograms per capita,SE,Sweden,2002,,465,,,,,
dataflow,ESTAT:ENV_WASMUN(1.0),Municipal waste by waste management operations,A,Annual,TRT,Waste treatment,KG_HAB,Kilograms per capita,SE,Sweden,2003,,464,,,,,
dataflow,ESTAT:ENV_WASMUN(1.0),Municipal waste by waste management operations,A,Annual,TRT,Waste treatment,KG_HAB,Kilograms per capita,SE,Sweden,2004,,461,,,,,
dataflow,ESTAT:ENV_WASMUN(1.0),Municipal waste by waste management operations,A,Annual,TRT,Waste treatment,KG_HAB,Kilograms per capita,SE,Sweden,2005,,479,,,,,
dataflow,ESTAT:ENV_WASMUN(1.0),Municipal waste by waste management operations,A,Annual,TRT,Waste treatment,KG_HAB,Kilograms per capita,SE,Sweden,2006,,491,,,,,
dataflow,ESTAT:ENV_WASMUN(1.0),Municipal waste by waste management operations,A,Annual,TRT,Waste treatment,KG_HAB,Kilograms per capita,SE,Sweden,2007,,488,,,,,
dataflow,ESTAT:ENV_WASMUN(1.0),Municipal waste by waste management operations,A,Annual,TRT,Waste treatment,KG_HAB,Kilograms per capita,SE,Sweden,2008,,485,,,,,
dataflow,ESTAT:ENV_WASMUN(1.0),Municipal waste by waste management operations,A,Annual,TRT,Waste treatment,KG_HAB,Kilograms per capita,SE,Sweden,2009,,472,,,,,
dataflow,ESTAT:ENV_WASMUN(1.0),Municipal waste by waste management operations,A,Annual,TRT,Waste treatment,KG_HAB,Kilograms per capita,SE,Sweden,2010,,441,,,,,
dataflow,ESTAT:ENV_WASMUN(1.0),Municipal waste by waste management operations,A,Annual,TRT,Waste treatment,KG_HAB,Kilograms per capita,SE,Sweden,2011,,453,,,,,
dataflow,ESTAT:ENV_WASMUN(1.0),Municipal waste by waste management operations,A,Annual,TRT,Waste treatment,KG_HAB,Kilograms per capita,SE,Sweden,2012,,454,,,,,
dataflow,ESTAT:ENV_WASMUN(1.0),Municipal waste by waste management operations,A,Annual,TRT,Waste treatment,KG_HAB,Kilograms per capita,SE,Sweden,2013,,455,,,,,
dataflow,ESTAT:ENV_WASMUN(1.0),Municipal waste by waste management operations,A,Annual,TRT,Waste treatment,KG_HAB,Kilograms per capita,SE,Sweden,2014,,443,,,,,
dataflow,ESTAT:ENV_WASMUN(1.0),Municipal waste by waste management operations,A,Annual,TRT,Waste treatment,KG_HAB,Kilograms per capita,SE,Sweden,2015,,451,,,,,
dataflow,ESTAT:ENV_WASMUN(1.0),Municipal waste by waste management operations,A,Annual,TRT,Waste treatment,KG_HAB,Kilograms per capita,SE,Sweden,2016,,447,,,,,
dataflow,ESTAT:ENV_WASMUN(1.0),Municipal waste by waste management operations,A,Annual,TRT,Waste treatment,KG_HAB,Kilograms per capita,SE,Sweden,2017,,452,,,,,
dataflow,ESTAT:ENV_WASMUN(1.0),Municipal waste by waste management operations,A,Annual,TRT,Waste treatment,KG_HAB,Kilograms per capita,SE,Sweden,2018,,434,,,,,
dataflow,ESTAT:ENV_WASMUN(1.0),Municipal waste by waste management operations,A,Annual,TRT,Waste treatment,KG_HAB,Kilograms per capita,SE,Sweden,2019,,449,,,,,
dataflow,ESTAT:ENV_WASMUN(1.0),Municipal waste by waste management operations,A,Annual,TRT,Waste treatment,KG_HAB,Kilograms per capita,SE,Sweden,2020,,427,,b,break in time series,,
dataflow,ESTAT:ENV_WASMUN(1.0),Municipal waste by waste management operations,A,Annual,TRT,Waste treatment,KG_HAB,Kilograms per capita,SE,Sweden,2021,,418,,,,,
dataflow,ESTAT:ENV_WASMUN(1.0),Municipal waste by waste management operations,A,Annual,TRT,Waste treatment,KG_HAB,Kilograms per capita,SE,Sweden,2022,,393,,,,,
dataflow,ESTAT:ENV_WASMUN(1.0),Municipal waste by waste management operations,A,Annual,TRT,Waste treatment,KG_HAB,Kilograms per capita,SE,Sweden,2023,,390,,,,,
dataflow,ESTAT:ENV_WASMUN(1.0),Municipal waste by waste management operations,A,Annual,TRT,Waste treatment,KG_HAB,Kilograms per capita,SI,Slovenia,1995,,469,,,,,
dataflow,ESTAT:ENV_WASMUN(1.0),Municipal waste by waste management operations,A,Annual,TRT,Waste treatment,KG_HAB,Kilograms per capita,SI,Slovenia,1996,,496,,,,,
dataflow,ESTAT:ENV_WASMUN(1.0),Municipal waste by waste management operations,A,Annual,TRT,Waste treatment,KG_HAB,Kilograms per capita,SI,Slovenia,1997,,526,,,,,
dataflow,ESTAT:ENV_WASMUN(1.0),Municipal waste by waste management operations,A,Annual,TRT,Waste treatment,KG_HAB,Kilograms per capita,SI,Slovenia,1998,,569,,,,,
dataflow,ESTAT:ENV_WASMUN(1.0),Municipal waste by waste management operations,A,Annual,TRT,Waste treatment,KG_HAB,Kilograms per capita,SI,Slovenia,1999,,489,,,,,
dataflow,ESTAT:ENV_WASMUN(1.0),Municipal waste by waste management operations,A,Annual,TRT,Waste treatment,KG_HAB,Kilograms per capita,SI,Slovenia,2000,,433,,,,,
dataflow,ESTAT:ENV_WASMUN(1.0),Municipal waste by waste management operations,A,Annual,TRT,Waste treatment,KG_HAB,Kilograms per capita,SI,Slovenia,2001,,370,,,,,
dataflow,ESTAT:ENV_WASMUN(1.0),Municipal waste by waste management operations,A,Annual,TRT,Waste treatment,KG_HAB,Kilograms per capita,SI,Slovenia,2002,,397,,,,,
dataflow,ESTAT:ENV_WASMUN(1.0),Municipal waste by waste management operations,A,Annual,TRT,Waste treatment,KG_HAB,Kilograms per capita,SI,Slovenia,2003,,403,,,,,
dataflow,ESTAT:ENV_WASMUN(1.0),Municipal waste by waste management operations,A,Annual,TRT,Waste treatment,KG_HAB,Kilograms per capita,SI,Slovenia,2004,,420,,,,,
dataflow,ESTAT:ENV_WASMUN(1.0),Municipal waste by waste management operations,A,Annual,TRT,Waste treatment,KG_HAB,Kilograms per capita,SI,Slovenia,2005,,422,,,,,
dataflow,ESTAT:ENV_WASMUN(1.0),Municipal waste by waste management operations,A,Annual,TRT,Waste treatment,KG_HAB,Kilograms per capita,SI,Slovenia,2006,,442,,,,,
dataflow,ESTAT:ENV_WASMUN(1.0),Municipal waste by waste management operations,A,Annual,TRT,Waste treatment,KG_HAB,Kilograms per capita,SI,Slovenia,2007,,456,,,,,
dataflow,ESTAT:ENV_WASMUN(1.0),Municipal waste by waste management operations,A,Annual,TRT,Waste treatment,KG_HAB,Kilograms per capita,SI,Slovenia,2008,,448,,,,,
dataflow,ESTAT:ENV_WASMUN(1.0),Municipal waste by waste management operations,A,Annual,TRT,Waste treatment,KG_HAB,Kilograms per capita,SI,Slovenia,2009,,417,,,,,
dataflow,ESTAT:ENV_WASMUN(1.0),Municipal waste by waste management operations,A,Annual,TRT,Waste treatment,KG_HAB,Kilograms per capita,SI,Slovenia,2010,,393,,,,,
dataflow,ESTAT:ENV_WASMUN(1.0),Municipal waste by waste management operations,A,Annual,TRT,Waste treatment,KG_HAB,Kilograms per capita,SI,Slovenia,2011,,388,,,,,
dataflow,ESTAT:ENV_WASMUN(1.0),Municipal waste by waste management operations,A,Annual,TRT,Waste treatment,KG_HAB,Kilograms per capita,SI,Slovenia,2012,,311,,,,,
dataflow,ESTAT:ENV_WASMUN(1.0),Municipal waste by waste management operations,A,Annual,TRT,Waste treatment,KG_HAB,Kilograms per capita,SI,Slovenia,2013,,255,,,,,
dataflow,ESTAT:ENV_WASMUN(1.0),Municipal waste by waste management operations,A,Annual,TRT,Waste treatment,KG_HAB,Kilograms per capita,SI,Slovenia,2014,,257,,,,,
dataflow,ESTAT:ENV_WASMUN(1.0),Municipal waste by waste management operations,A,Annual,TRT,Waste treatment,KG_HAB,Kilograms per capita,SI,Slovenia,2015,,421,,,,,
dataflow,ESTAT:ENV_WASMUN(1.0),Municipal waste by waste management operations,A,Annual,TRT,Waste treatment,KG_HAB,Kilograms per capita,SI,Slovenia,2016,,382,,,,,
dataflow,ESTAT:ENV_WASMUN(1.0),Municipal waste by waste management operations,A,Annual,TRT,Waste treatment,KG_HAB,Kilograms per capita,SI,Slovenia,2017,,374,,,,,
dataflow,ESTAT:ENV_WASMUN(1.0),Municipal waste by waste management operations,A,Annual,TRT,Waste treatment,KG_HAB,Kilograms per capita,SI,Slovenia,2018,,384,,e,estimated,,
dataflow,ESTAT:ENV_WASMUN(1.0),Municipal waste by waste management operations,A,Annual,TRT,Waste treatment,KG_HAB,Kilograms per capita,SI,Slovenia,2019,,416,,e,estimated,,
dataflow,ESTAT:ENV_WASMUN(1.0),Municipal waste by waste management operations,A,Annual,TRT,Waste treatment,KG_HAB,Kilograms per capita,SI,Slovenia,2020,,385,,,,,
dataflow,ESTAT:ENV_WASMUN(1.0),Municipal waste by waste management operations,A,Annual,TRT,Waste treatment,KG_HAB,Kilograms per capita,SI,Slovenia,2021,,405,,,,,
dataflow,ESTAT:ENV_WASMUN(1.0),Municipal waste by waste management operations,A,Annual,TRT,Waste treatment,KG_HAB,Kilograms per capita,SI,Slovenia,2022,,409,,,,,
dataflow,ESTAT:ENV_WASMUN(1.0),Municipal waste by waste management operations,A,Annual,TRT,Waste treatment,KG_HAB,Kilograms per capita,SI,Slovenia,2023,,429,,,,,
dataflow,ESTAT:ENV_WASMUN(1.0),Municipal waste by waste management operations,A,Annual,TRT,Waste treatment,KG_HAB,Kilograms per capita,SK,Slovakia,1995,,294,,,,,
dataflow,ESTAT:ENV_WASMUN(1.0),Municipal waste by waste management operations,A,Annual,TRT,Waste treatment,KG_HAB,Kilograms per capita,SK,Slovakia,1996,,282,,,,,
dataflow,ESTAT:ENV_WASMUN(1.0),Municipal waste by waste management operations,A,Annual,TRT,Waste treatment,KG_HAB,Kilograms per capita,SK,Slovakia,1997,,270,,,,,
dataflow,ESTAT:ENV_WASMUN(1.0),Municipal waste by waste management operations,A,Annual,TRT,Waste treatment,KG_HAB,Kilograms per capita,SK,Slovakia,1998,,253,,,,,
dataflow,ESTAT:ENV_WASMUN(1.0),Municipal waste by waste management operations,A,Annual,TRT,Waste treatment,KG_HAB,Kilograms per capita,SK,Slovakia,1999,,256,,,,,
dataflow,ESTAT:ENV_WASMUN(1.0),Municipal waste by waste management operations,A,Annual,TRT,Waste treatment,KG_HAB,Kilograms per capita,SK,Slovakia,2000,,249,,,,,
dataflow,ESTAT:ENV_WASMUN(1.0),Municipal waste by waste management operations,A,Annual,TRT,Waste treatment,KG_HAB,Kilograms per capita,SK,Slovakia,2001,,234,,,,,
dataflow,ESTAT:ENV_WASMUN(1.0),Municipal waste by waste management operations,A,Annual,TRT,Waste treatment,KG_HAB,Kilograms per capita,SK,Slovakia,2002,,256,,,,,
dataflow,ESTAT:ENV_WASMUN(1.0),Municipal waste by waste management operations,A,Annual,TRT,Waste treatment,KG_HAB,Kilograms per capita,SK,Slovakia,2003,,266,,,,,
dataflow,ESTAT:ENV_WASMUN(1.0),Municipal waste by waste management operations,A,Annual,TRT,Waste treatment,KG_HAB,Kilograms per capita,SK,Slovakia,2004,,261,,,,,
dataflow,ESTAT:ENV_WASMUN(1.0),Municipal waste by waste management operations,A,Annual,TRT,Waste treatment,KG_HAB,Kilograms per capita,SK,Slovakia,2005,,257,,,,,
dataflow,ESTAT:ENV_WASMUN(1.0),Municipal waste by waste management operations,A,Annual,TRT,Waste treatment,KG_HAB,Kilograms per capita,SK,Slovakia,2006,,268,,,,,
dataflow,ESTAT:ENV_WASMUN(1.0),Municipal waste by waste management operations,A,Annual,TRT,Waste treatment,KG_HAB,Kilograms per capita,SK,Slovakia,2007,,278,,,,,
dataflow,ESTAT:ENV_WASMUN(1.0),Municipal waste by waste management operations,A,Annual,TRT,Waste treatment,KG_HAB,Kilograms per capita,SK,Slovakia,2008,,290,,,,,
dataflow,ESTAT:ENV_WASMUN(1.0),Municipal waste by waste management operations,A,Annual,TRT,Waste treatment,KG_HAB,Kilograms per capita,SK,Slovakia,2009,,294,,,,,
dataflow,ESTAT:ENV_WASMUN(1.0),Municipal waste by waste management operations,A,Annual,TRT,Waste treatment,KG_HAB,Kilograms per capita,SK,Slovakia,2010,,309,,,,,
dataflow,ESTAT:ENV_WASMUN(1.0),Municipal waste by waste management operations,A,Annual,TRT,Waste treatment,KG_HAB,Kilograms per capita,SK,Slovakia,2011,,298,,,,,
dataflow,ESTAT:ENV_WASMUN(1.0),Municipal waste by waste management operations,A,Annual,TRT,Waste treatment,KG_HAB,Kilograms per capita,SK,Slovakia,2012,,296,,,,,
dataflow,ESTAT:ENV_WASMUN(1.0),Municipal waste by waste management operations,A,Annual,TRT,Waste treatment,KG_HAB,Kilograms per capita,SK,Slovakia,2013,,278,,,,,
dataflow,ESTAT:ENV_WASMUN(1.0),Municipal waste by waste management operations,A,Annual,TRT,Waste treatment,KG_HAB,Kilograms per capita,SK,Slovakia,2014,,282,,,,,
dataflow,ESTAT:ENV_WASMUN(1.0),Municipal waste by waste management operations,A,Annual,TRT,Waste treatment,KG_HAB,Kilograms per capita,SK,Slovakia,2015,,310,,,,,
dataflow,ESTAT:ENV_WASMUN(1.0),Municipal waste by waste management operations,A,Annual,TRT,Waste treatment,KG_HAB,Kilograms per capita,SK,Slovakia,2016,,345,,,,,
dataflow,ESTAT:ENV_WASMUN(1.0),Municipal waste by waste management operations,A,Annual,TRT,Waste treatment,KG_HAB,Kilograms per capita,SK,Slovakia,2017,,378,,,,,
dataflow,ESTAT:ENV_WASMUN(1.0),Municipal waste by waste management operations,A,Annual,TRT,Waste treatment,KG_HAB,Kilograms per capita,SK,Slovakia,2018,,414,,,,,
dataflow,ESTAT:ENV_WASMUN(1.0),Municipal waste by waste management operations,A,Annual,TRT,Waste treatment,KG_HAB,Kilograms per capita,SK,Slovakia,2019,,421,,,,,
dataflow,ESTAT:ENV_WASMUN(1.0),Municipal waste by waste management operations,A,Annual,TRT,Waste treatment,KG_HAB,Kilograms per capita,SK,Slovakia,2020,,470,,,,,
dataflow,ESTAT:ENV_WASMUN(1.0),Municipal waste by waste management operations,A,Annual,TRT,Waste treatment,KG_HAB,Kilograms per capita,SK,Slovakia,2021,,488,,,,,
dataflow,ESTAT:ENV_WASMUN(1.0),Municipal waste by waste management operations,A,Annual,TRT,Waste treatment,KG_HAB,Kilograms per capita,SK,Slovakia,2022,,466,,,,,
dataflow,ESTAT:ENV_WASMUN(1.0),Municipal waste by waste management operations,A,Annual,TRT,Waste treatment,KG_HAB,Kilograms per capita,SK,Slovakia,2023,,462,,,,,
dataflow,ESTAT:ENV_WASMUN(1.0),Municipal waste by waste management operations,A,Annual,TRT,Waste treatment,KG_HAB,Kilograms per capita,TR,Türkiye,1995,,338,,,,,
dataflow,ESTAT:ENV_WASMUN(1.0),Municipal waste by waste management operations,A,Annual,TRT,Waste treatment,KG_HAB,Kilograms per capita,TR,Türkiye,1996,,357,,,,,
dataflow,ESTAT:ENV_WASMUN(1.0),Municipal waste by waste management operations,A,Annual,TRT,Waste treatment,KG_HAB,Kilograms per capita,TR,Türkiye,1997,,377,,,,,
dataflow,ESTAT:ENV_WASMUN(1.0),Municipal waste by waste management operations,A,Annual,TRT,Waste treatment,KG_HAB,Kilograms per capita,TR,Türkiye,1998,,382,,,,,
dataflow,ESTAT:ENV_WASMUN(1.0),Municipal waste by waste management operations,A,Annual,TRT,Waste treatment,KG_HAB,Kilograms per capita,TR,Türkiye,1999,,363,,,,,
dataflow,ESTAT:ENV_WASMUN(1.0),Municipal waste by waste management operations,A,Annual,TRT,Waste treatment,KG_HAB,Kilograms per capita,TR,Türkiye,2000,,375,,,,,
dataflow,ESTAT:ENV_WASMUN(1.0),Municipal waste by waste management operations,A,Annual,TRT,Waste treatment,KG_HAB,Kilograms per capita,TR,Türkiye,2001,,386,,,,,
dataflow,ESTAT:ENV_WASMUN(1.0),Municipal waste by waste management operations,A,Annual,TRT,Waste treatment,KG_HAB,Kilograms per capita,TR,Türkiye,2002,,384,,,,,
dataflow,ESTAT:ENV_WASMUN(1.0),Municipal waste by waste management operations,A,Annual,TRT,Waste treatment,KG_HAB,Kilograms per capita,TR,Türkiye,2003,,391,,,,,
dataflow,ESTAT:ENV_WASMUN(1.0),Municipal waste by waste management operations,A,Annual,TRT,Waste treatment,KG_HAB,Kilograms per capita,TR,Türkiye,2004,,370,,b,break in time series,,
dataflow,ESTAT:ENV_WASMUN(1.0),Municipal waste by waste management operations,A,Annual,TRT,Waste treatment,KG_HAB,Kilograms per capita,TR,Türkiye,2005,,389,,,,,
dataflow,ESTAT:ENV_WASMUN(1.0),Municipal waste by waste management operations,A,Annual,TRT,Waste treatment,KG_HAB,Kilograms per capita,TR,Türkiye,2006,,365,,,,,
dataflow,ESTAT:ENV_WASMUN(1.0),Municipal waste by waste management operations,A,Annual,TRT,Waste treatment,KG_HAB,Kilograms per capita,TR,Türkiye,2007,,368,,,,,
dataflow,ESTAT:ENV_WASMUN(1.0),Municipal waste by waste management operations,A,Annual,TRT,Waste treatment,KG_HAB,Kilograms per capita,TR,Türkiye,2008,,339,,,,,
dataflow,ESTAT:ENV_WASMUN(1.0),Municipal waste by waste management operations,A,Annual,TRT,Waste treatment,KG_HAB,Kilograms per capita,TR,Türkiye,2009,,361,,,,,
dataflow,ESTAT:ENV_WASMUN(1.0),Municipal waste by waste management operations,A,Annual,TRT,Waste treatment,KG_HAB,Kilograms per capita,TR,Türkiye,2010,,343,,,,,
dataflow,ESTAT:ENV_WASMUN(1.0),Municipal waste by waste management operations,A,Annual,TRT,Waste treatment,KG_HAB,Kilograms per capita,TR,Türkiye,2011,,359,,,,,
dataflow,ESTAT:ENV_WASMUN(1.0),Municipal waste by waste management operations,A,Annual,TRT,Waste treatment,KG_HAB,Kilograms per capita,TR,Türkiye,2012,,342,,,,,
dataflow,ESTAT:ENV_WASMUN(1.0),Municipal waste by waste management operations,A,Annual,TRT,Waste treatment,KG_HAB,Kilograms per capita,TR,Türkiye,2013,,334,,,,,
dataflow,ESTAT:ENV_WASMUN(1.0),Municipal waste by waste management operations,A,Annual,TRT,Waste treatment,KG_HAB,Kilograms per capita,TR,Türkiye,2014,,363,,,,,
dataflow,ESTAT:ENV_WASMUN(1.0),Municipal waste by waste management operations,A,Annual,TRT,Waste treatment,KG_HAB,Kilograms per capita,TR,Türkiye,2015,,352,,e,estimated,,
dataflow,ESTAT:ENV_WASMUN(1.0),Municipal waste by waste management operations,A,Annual,TRT,Waste treatment,KG_HAB,Kilograms per capita,TR,Türkiye,2016,,398,,b,break in time series,,
dataflow,ESTAT:ENV_WASMUN(1.0),Municipal waste by waste management operations,A,Annual,TRT,Waste treatment,KG_HAB,Kilograms per capita,TR,Türkiye,2017,,398,,e,estimated,,
dataflow,ESTAT:ENV_WASMUN(1.0),Municipal waste by waste management operations,A,Annual,TRT,Waste treatment,KG_HAB,Kilograms per capita,TR,Türkiye,2018,,396,,,,,
dataflow,ESTAT:ENV_WASMUN(1.0),Municipal waste by waste management operations,A,Annual,TRT,Waste treatment,KG_HAB,Kilograms per capita,TR,Türkiye,2019,,396,,e,estimated,,
dataflow,ESTAT:ENV_WASMUN(1.0),Municipal waste by waste management operations,A,Annual,TRT,Waste treatment,KG_HAB,Kilograms per capita,TR,Türkiye,2020,,388,,,,,
dataflow,ESTAT:ENV_WASMUN(1.0),Municipal waste by waste management operations,A,Annual,TRT,Waste treatment,KG_HAB,Kilograms per capita,TR,Türkiye,2021,,389,,e,estimated,,
dataflow,ESTAT:ENV_WASMUN(1.0),Municipal waste by waste management operations,A,Annual,TRT,Waste treatment,KG_HAB,Kilograms per capita,XK,Kosovo*,2017,,229,,,,,
dataflow,ESTAT:ENV_WASMUN(1.0),Municipal waste by waste management operations,A,Annual,TRT,Waste treatment,KG_HAB,Kilograms per capita,XK,Kosovo*,2018,,226,,,,,
dataflow,ESTAT:ENV_WASMUN(1.0),Municipal waste by waste management operations,A,Annual,TRT,Waste treatment,KG_HAB,Kilograms per capita,XK,Kosovo*,2019,,252,,i,value imputed by Eurostat or other receiving agencies,,
dataflow,ESTAT:ENV_WASMUN(1.0),Municipal waste by waste management operations,A,Annual,TRT,Waste treatment,KG_HAB,Kilograms per capita,XK,Kosovo*,2020,,255,,,,,
dataflow,ESTAT:ENV_WASMUN(1.0),Municipal waste by waste management operations,A,Annual,TRT,Waste treatment,KG_HAB,Kilograms per capita,XK,Kosovo*,2021,,271,,,,,
dataflow,ESTAT:ENV_WASMUN(1.0),Municipal waste by waste management operations,A,Annual,TRT,Waste treatment,KG_HAB,Kilograms per capita,XK,Kosovo*,2022,,283,,,,,
dataflow,ESTAT:ENV_WASMUN(1.0),Municipal waste by waste management operations,A,Annual,TRT,Waste treatment,THS_T,Thousand tonnes,AL,Albania,2013,,940,,i,value imputed by Eurostat or other receiving agencies,,
dataflow,ESTAT:ENV_WASMUN(1.0),Municipal waste by waste management operations,A,Annual,TRT,Waste treatment,THS_T,Thousand tonnes,AL,Albania,2014,,1229,,i,value imputed by Eurostat or other receiving agencies,,
dataflow,ESTAT:ENV_WASMUN(1.0),Municipal waste by waste management operations,A,Annual,TRT,Waste treatment,THS_T,Thousand tonnes,AL,Albania,2015,,1413,,i,value imputed by Eurostat or other receiving agencies,,
dataflow,ESTAT:ENV_WASMUN(1.0),Municipal waste by waste management operations,A,Annual,TRT,Waste treatment,THS_T,Thousand tonnes,AL,Albania,2016,,1300,,e,estimated,,
dataflow,ESTAT:ENV_WASMUN(1.0),Municipal waste by waste management operations,A,Annual,TRT,Waste treatment,THS_T,Thousand tonnes,AL,Albania,2017,,1254,,e,estimated,,
dataflow,ESTAT:ENV_WASMUN(1.0),Municipal waste by waste management operations,A,Annual,TRT,Waste treatment,THS_T,Thousand tonnes,AL,Albania,2018,,1325,,,,,
dataflow,ESTAT:ENV_WASMUN(1.0),Municipal waste by waste management operations,A,Annual,TRT,Waste treatment,THS_T,Thousand tonnes,AL,Albania,2019,,1087,,,,,
dataflow,ESTAT:ENV_WASMUN(1.0),Municipal waste by waste management operations,A,Annual,TRT,Waste treatment,THS_T,Thousand tonnes,AL,Albania,2020,,1048,,,,,
dataflow,ESTAT:ENV_WASMUN(1.0),Municipal waste by waste management operations,A,Annual,TRT,Waste treatment,THS_T,Thousand tonnes,AL,Albania,2021,,875,,,,,
dataflow,ESTAT:ENV_WASMUN(1.0),Municipal waste by waste management operations,A,Annual,TRT,Waste treatment,THS_T,Thousand tonnes,AL,Albania,2022,,820,,,,,
dataflow,ESTAT:ENV_WASMUN(1.0),Municipal waste by waste management operations,A,Annual,TRT,Waste treatment,THS_T,Thousand tonnes,AL,Albania,2023,,844,,,,,
dataflow,ESTAT:ENV_WASMUN(1.0),Municipal waste by waste management operations,A,Annual,TRT,Waste treatment,THS_T,Thousand tonnes,AT,Austria,1995,,3835,,,,,
dataflow,ESTAT:ENV_WASMUN(1.0),Municipal waste by waste management operations,A,Annual,TRT,Waste treatment,THS_T,Thousand tonnes,AT,Austria,1996,,4484,,b,break in time series,,
dataflow,ESTAT:ENV_WASMUN(1.0),Municipal waste by waste management operations,A,Annual,TRT,Waste treatment,THS_T,Thousand tonnes,AT,Austria,1997,,4672,,,,,
dataflow,ESTAT:ENV_WASMUN(1.0),Municipal waste by waste management operations,A,Annual,TRT,Waste treatment,THS_T,Thousand tonnes,AT,Austria,1998,,4676,,,,,
dataflow,ESTAT:ENV_WASMUN(1.0),Municipal waste by waste management operations,A,Annual,TRT,Waste treatment,THS_T,Thousand tonnes,AT,Austria,1999,,4885,,,,,
dataflow,ESTAT:ENV_WASMUN(1.0),Municipal waste by waste management operations,A,Annual,TRT,Waste treatment,THS_T,Thousand tonnes,AT,Austria,2000,,5069,,,,,
dataflow,ESTAT:ENV_WASMUN(1.0),Municipal waste by waste management operations,A,Annual,TRT,Waste treatment,THS_T,Thousand tonnes,AT,Austria,2001,,5074,,,,,
dataflow,ESTAT:ENV_WASMUN(1.0),Municipal waste by waste management operations,A,Annual,TRT,Waste treatment,THS_T,Thousand tonnes,AT,Austria,2002,,5146,,,,,
dataflow,ESTAT:ENV_WASMUN(1.0),Municipal waste by waste management operations,A,Annual,TRT,Waste treatment,THS_T,Thousand tonnes,AT,Austria,2003,,5279,,,,,
dataflow,ESTAT:ENV_WASMUN(1.0),Municipal waste by waste management operations,A,Annual,TRT,Waste treatment,THS_T,Thousand tonnes,AT,Austria,2004,,4625,,,,,
dataflow,ESTAT:ENV_WASMUN(1.0),Municipal waste by waste management operations,A,Annual,TRT,Waste treatment,THS_T,Thousand tonnes,AT,Austria,2005,,4601,,,,,
dataflow,ESTAT:ENV_WASMUN(1.0),Municipal waste by waste management operations,A,Annual,TRT,Waste treatment,THS_T,Thousand tonnes,AT,Austria,2006,,4834,,,,,
dataflow,ESTAT:ENV_WASMUN(1.0),Municipal waste by waste management operations,A,Annual,TRT,Waste treatment,THS_T,Thousand tonnes,AT,Austria,2007,,4859,,,,,
dataflow,ESTAT:ENV_WASMUN(1.0),Municipal waste by waste management operations,A,Annual,TRT,Waste treatment,THS_T,Thousand tonnes,AT,Austria,2008,,4889,,,,,
dataflow,ESTAT:ENV_WASMUN(1.0),Municipal waste by waste management operations,A,Annual,TRT,Waste treatment,THS_T,Thousand tonnes,AT,Austria,2009,,4788,,,,,
dataflow,ESTAT:ENV_WASMUN(1.0),Municipal waste by waste management operations,A,Annual,TRT,Waste treatment,THS_T,Thousand tonnes,AT,Austria,2010,,4582,,,,,
dataflow,ESTAT:ENV_WASMUN(1.0),Municipal waste by waste management operations,A,Annual,TRT,Waste treatment,THS_T,Thousand tonnes,AT,Austria,2011,,4632,,,,,
dataflow,ESTAT:ENV_WASMUN(1.0),Municipal waste by waste management operations,A,Annual,TRT,Waste treatment,THS_T,Thousand tonnes,AT,Austria,2012,,4718,,,,,
dataflow,ESTAT:ENV_WASMUN(1.0),Municipal waste by waste management operations,A,Annual,TRT,Waste treatment,THS_T,Thousand tonnes,AT,Austria,2013,,4744,,,,,
dataflow,ESTAT:ENV_WASMUN(1.0),Municipal waste by waste management operations,A,Annual,TRT,Waste treatment,THS_T,Thousand tonnes,AT,Austria,2014,,4673,,,,,
dataflow,ESTAT:ENV_WASMUN(1.0),Municipal waste by waste management operations,A,Annual,TRT,Waste treatment,THS_T,Thousand tonnes,AT,Austria,2015,,4728,,,,,
dataflow,ESTAT:ENV_WASMUN(1.0),Municipal waste by waste management operations,A,Annual,TRT,Waste treatment,THS_T,Thousand tonnes,AT,Austria,2016,,4825,,,,,
dataflow,ESTAT:ENV_WASMUN(1.0),Municipal waste by waste management operations,A,Annual,TRT,Waste treatment,THS_T,Thousand tonnes,AT,Austria,2017,,4944,,,,,
dataflow,ESTAT:ENV_WASMUN(1.0),Municipal waste by waste management operations,A,Annual,TRT,Waste treatment,THS_T,Thousand tonnes,AT,Austria,2018,,5041,,,,,
dataflow,ESTAT:ENV_WASMUN(1.0),Municipal waste by waste management operations,A,Annual,TRT,Waste treatment,THS_T,Thousand tonnes,AT,Austria,2019,,5149,,i,value imputed by Eurostat or other receiving agencies,,
dataflow,ESTAT:ENV_WASMUN(1.0),Municipal waste by waste management operations,A,Annual,TRT,Waste treatment,THS_T,Thousand tonnes,AT,Austria,2020,,7438,,b,break in time series,,
dataflow,ESTAT:ENV_WASMUN(1.0),Municipal waste by waste management operations,A,Annual,TRT,Waste treatment,THS_T,Thousand tonnes,AT,Austria,2021,,7476,,,,,
dataflow,ESTAT:ENV_WASMUN(1.0),Municipal waste by waste management operations,A,Annual,TRT,Waste treatment,THS_T,Thousand tonnes,AT,Austria,2022,,7261,,,,,
dataflow,ESTAT:ENV_WASMUN(1.0),Municipal waste by waste management operations,A,Annual,TRT,Waste treatment,THS_T,Thousand tonnes,BA,Bosnia and Herzegovina,2008,,1220,,,,,
dataflow,ESTAT:ENV_WASMUN(1.0),Municipal waste by waste management operations,A,Annual,TRT,Waste treatment,THS_T,Thousand tonnes,BA,Bosnia and Herzegovina,2009,,1002,,,,,
dataflow,ESTAT:ENV_WASMUN(1.0),Municipal waste by waste management operations,A,Annual,TRT,Waste treatment,THS_T,Thousand tonnes,BA,Bosnia and Herzegovina,2010,,1042,,,,,
dataflow,ESTAT:ENV_WASMUN(1.0),Municipal waste by waste management operations,A,Annual,TRT,Waste treatment,THS_T,Thousand tonnes,BA,Bosnia and Herzegovina,2011,,1034,,,,,
dataflow,ESTAT:ENV_WASMUN(1.0),Municipal waste by waste management operations,A,Annual,TRT,Waste treatment,THS_T,Thousand tonnes,BA,Bosnia and Herzegovina,2012,,873,,,,,
dataflow,ESTAT:ENV_WASMUN(1.0),Municipal waste by waste management operations,A,Annual,TRT,Waste treatment,THS_T,Thousand tonnes,BA,Bosnia and Herzegovina,2013,,894,,,,,
dataflow,ESTAT:ENV_WASMUN(1.0),Municipal waste by waste management operations,A,Annual,TRT,Waste treatment,THS_T,Thousand tonnes,BA,Bosnia and Herzegovina,2014,,894,,,,,
dataflow,ESTAT:ENV_WASMUN(1.0),Municipal waste by waste management operations,A,Annual,TRT,Waste treatment,THS_T,Thousand tonnes,BA,Bosnia and Herzegovina,2015,,942,,,,,
dataflow,ESTAT:ENV_WASMUN(1.0),Municipal waste by waste management operations,A,Annual,TRT,Waste treatment,THS_T,Thousand tonnes,BA,Bosnia and Herzegovina,2016,,954,,,,,
dataflow,ESTAT:ENV_WASMUN(1.0),Municipal waste by waste management operations,A,Annual,TRT,Waste treatment,THS_T,Thousand tonnes,BA,Bosnia and Herzegovina,2017,,951,,,,,
dataflow,ESTAT:ENV_WASMUN(1.0),Municipal waste by waste management operations,A,Annual,TRT,Waste treatment,THS_T,Thousand tonnes,BA,Bosnia and Herzegovina,2018,,956,,,,,
dataflow,ESTAT:ENV_WASMUN(1.0),Municipal waste by waste management operations,A,Annual,TRT,Waste treatment,THS_T,Thousand tonnes,BA,Bosnia and Herzegovina,2019,,1114,,i,value imputed by Eurostat or other receiving agencies,,
dataflow,ESTAT:ENV_WASMUN(1.0),Municipal waste by waste management operations,A,Annual,TRT,Waste treatment,THS_T,Thousand tonnes,BA,Bosnia and Herzegovina,2020,,1101,,,,,
dataflow,ESTAT:ENV_WASMUN(1.0),Municipal waste by waste management operations,A,Annual,TRT,Waste treatment,THS_T,Thousand tonnes,BA,Bosnia and Herzegovina,2021,,973,,,,,
dataflow,ESTAT:ENV_WASMUN(1.0),Municipal waste by waste management operations,A,Annual,TRT,Waste treatment,THS_T,Thousand tonnes,BA,Bosnia and Herzegovina,2022,,929,,,,,
dataflow,ESTAT:ENV_WASMUN(1.0),Municipal waste by waste management operations,A,Annual,TRT,Waste treatment,THS_T,Thousand tonnes,BE,Belgium,1995,,4524,,,,,
dataflow,ESTAT:ENV_WASMUN(1.0),Municipal waste by waste management operations,A,Annual,TRT,Waste treatment,THS_T,Thousand tonnes,BE,Belgium,1996,,4422,,,,,
dataflow,ESTAT:ENV_WASMUN(1.0),Municipal waste by waste management operations,A,Annual,TRT,Waste treatment,THS_T,Thousand tonnes,BE,Belgium,1997,,4629,,,,,
dataflow,ESTAT:ENV_WASMUN(1.0),Municipal waste by waste management operations,A,Annual,TRT,Waste treatment,THS_T,Thousand tonnes,BE,Belgium,1998,,4607,,,,,
dataflow,ESTAT:ENV_WASMUN(1.0),Municipal waste by waste management operations,A,Annual,TRT,Waste treatment,THS_T,Thousand tonnes,BE,Belgium,1999,,4609,,,,,
dataflow,ESTAT:ENV_WASMUN(1.0),Municipal waste by waste management operations,A,Annual,TRT,Waste treatment,THS_T,Thousand tonnes,BE,Belgium,2000,,4959,,,,,
dataflow,ESTAT:ENV_WASMUN(1.0),Municipal waste by waste management operations,A,Annual,TRT,Waste treatment,THS_T,Thousand tonnes,BE,Belgium,2001,,4730,,,,,
dataflow,ESTAT:ENV_WASMUN(1.0),Municipal waste by waste management operations,A,Annual,TRT,Waste treatment,THS_T,Thousand tonnes,BE,Belgium,2002,,4900,,,,,
dataflow,ESTAT:ENV_WASMUN(1.0),Municipal waste by waste management operations,A,Annual,TRT,Waste treatment,THS_T,Thousand tonnes,BE,Belgium,2003,,4895,,,,,
dataflow,ESTAT:ENV_WASMUN(1.0),Municipal waste by waste management operations,A,Annual,TRT,Waste treatment,THS_T,Thousand tonnes,BE,Belgium,2004,,5096,,,,,
dataflow,ESTAT:ENV_WASMUN(1.0),Municipal waste by waste management operations,A,Annual,TRT,Waste treatment,THS_T,Thousand tonnes,BE,Belgium,2005,,5279,,,,,
dataflow,ESTAT:ENV_WASMUN(1.0),Municipal waste by waste management operations,A,Annual,TRT,Waste treatment,THS_T,Thousand tonnes,BE,Belgium,2006,,5149,,,,,
dataflow,ESTAT:ENV_WASMUN(1.0),Municipal waste by waste management operations,A,Annual,TRT,Waste treatment,THS_T,Thousand tonnes,BE,Belgium,2007,,5454,,,,,
dataflow,ESTAT:ENV_WASMUN(1.0),Municipal waste by waste management operations,A,Annual,TRT,Waste treatment,THS_T,Thousand tonnes,BE,Belgium,2008,,4882,,,,,
dataflow,ESTAT:ENV_WASMUN(1.0),Municipal waste by waste management operations,A,Annual,TRT,Waste treatment,THS_T,Thousand tonnes,BE,Belgium,2009,,4779,,,,,
dataflow,ESTAT:ENV_WASMUN(1.0),Municipal waste by waste management operations,A,Annual,TRT,Waste treatment,THS_T,Thousand tonnes,BE,Belgium,2010,,4746,,,,,
dataflow,ESTAT:ENV_WASMUN(1.0),Municipal waste by waste management operations,A,Annual,TRT,Waste treatment,THS_T,Thousand tonnes,BE,Belgium,2011,,4778,,,,,
dataflow,ESTAT:ENV_WASMUN(1.0),Municipal waste by waste management operations,A,Annual,TRT,Waste treatment,THS_T,Thousand tonnes,BE,Belgium,2012,,4716,,,,,
dataflow,ESTAT:ENV_WASMUN(1.0),Municipal waste by waste management operations,A,Annual,TRT,Waste treatment,THS_T,Thousand tonnes,BE,Belgium,2013,,4743,,,,,
dataflow,ESTAT:ENV_WASMUN(1.0),Municipal waste by waste management operations,A,Annual,TRT,Waste treatment,THS_T,Thousand tonnes,BE,Belgium,2014,,4684,,,,,
dataflow,ESTAT:ENV_WASMUN(1.0),Municipal waste by waste management operations,A,Annual,TRT,Waste treatment,THS_T,Thousand tonnes,BE,Belgium,2015,,4574,,,,,
dataflow,ESTAT:ENV_WASMUN(1.0),Municipal waste by waste management operations,A,Annual,TRT,Waste treatment,THS_T,Thousand tonnes,BE,Belgium,2016,,4752,,,,,
dataflow,ESTAT:ENV_WASMUN(1.0),Municipal waste by waste management operations,A,Annual,TRT,Waste treatment,THS_T,Thousand tonnes,BE,Belgium,2017,,4632,,,,,
dataflow,ESTAT:ENV_WASMUN(1.0),Municipal waste by waste management operations,A,Annual,TRT,Waste treatment,THS_T,Thousand tonnes,BE,Belgium,2018,,4677,,,,,
dataflow,ESTAT:ENV_WASMUN(1.0),Municipal waste by waste management operations,A,Annual,TRT,Waste treatment,THS_T,Thousand tonnes,BE,Belgium,2019,,4779,,,,,
dataflow,ESTAT:ENV_WASMUN(1.0),Municipal waste by waste management operations,A,Annual,TRT,Waste treatment,THS_T,Thousand tonnes,BE,Belgium,2020,,8408,,,,,
dataflow,ESTAT:ENV_WASMUN(1.0),Municipal waste by waste management operations,A,Annual,TRT,Waste treatment,THS_T,Thousand tonnes,BE,Belgium,2021,,8753,,,,,
dataflow,ESTAT:ENV_WASMUN(1.0),Municipal waste by waste management operations,A,Annual,TRT,Waste treatment,THS_T,Thousand tonnes,BE,Belgium,2022,,8056,,,,,
dataflow,ESTAT:ENV_WASMUN(1.0),Municipal waste by waste management operations,A,Annual,TRT,Waste treatment,THS_T,Thousand tonnes,BE,Belgium,2023,,8117,,,,,
dataflow,ESTAT:ENV_WASMUN(1.0),Municipal waste by waste management operations,A,Annual,TRT,Waste treatment,THS_T,Thousand tonnes,BG,Bulgaria,1995,,4467,,,,,
dataflow,ESTAT:ENV_WASMUN(1.0),Municipal waste by waste management operations,A,Annual,TRT,Waste treatment,THS_T,Thousand tonnes,BG,Bulgaria,1996,,3996,,,,,
dataflow,ESTAT:ENV_WASMUN(1.0),Municipal waste by waste management operations,A,Annual,TRT,Waste treatment,THS_T,Thousand tonnes,BG,Bulgaria,1997,,3614,,,,,
dataflow,ESTAT:ENV_WASMUN(1.0),Municipal waste by waste management operations,A,Annual,TRT,Waste treatment,THS_T,Thousand tonnes,BG,Bulgaria,1998,,3944,,,,,
dataflow,ESTAT:ENV_WASMUN(1.0),Municipal waste by waste management operations,A,Annual,TRT,Waste treatment,THS_T,Thousand tonnes,BG,Bulgaria,1999,,3966,,,,,
dataflow,ESTAT:ENV_WASMUN(1.0),Municipal waste by waste management operations,A,Annual,TRT,Waste treatment,THS_T,Thousand tonnes,BG,Bulgaria,2000,,4046,,,,,
dataflow,ESTAT:ENV_WASMUN(1.0),Municipal waste by waste management operations,A,Annual,TRT,Waste treatment,THS_T,Thousand tonnes,BG,Bulgaria,2001,,3968,,,,,
dataflow,ESTAT:ENV_WASMUN(1.0),Municipal waste by waste management operations,A,Annual,TRT,Waste treatment,THS_T,Thousand tonnes,BG,Bulgaria,2002,,3958,,,,,
dataflow,ESTAT:ENV_WASMUN(1.0),Municipal waste by waste management operations,A,Annual,TRT,Waste treatment,THS_T,Thousand tonnes,BG,Bulgaria,2003,,3968,,,,,
dataflow,ESTAT:ENV_WASMUN(1.0),Municipal waste by waste management operations,A,Annual,TRT,Waste treatment,THS_T,Thousand tonnes,BG,Bulgaria,2004,,3885,,,,,
dataflow,ESTAT:ENV_WASMUN(1.0),Municipal waste by waste management operations,A,Annual,TRT,Waste treatment,THS_T,Thousand tonnes,BG,Bulgaria,2005,,3967,,,,,
dataflow,ESTAT:ENV_WASMUN(1.0),Municipal waste by waste management operations,A,Annual,TRT,Waste treatment,THS_T,Thousand tonnes,BG,Bulgaria,2006,,3590,,,,,
dataflow,ESTAT:ENV_WASMUN(1.0),Municipal waste by waste management operations,A,Annual,TRT,Waste treatment,THS_T,Thousand tonnes,BG,Bulgaria,2007,,3837,,,,,
dataflow,ESTAT:ENV_WASMUN(1.0),Municipal waste by waste management operations,A,Annual,TRT,Waste treatment,THS_T,Thousand tonnes,BG,Bulgaria,2008,,4229,,,,,
dataflow,ESTAT:ENV_WASMUN(1.0),Municipal waste by waste management operations,A,Annual,TRT,Waste treatment,THS_T,Thousand tonnes,BG,Bulgaria,2009,,4309,,,,,
dataflow,ESTAT:ENV_WASMUN(1.0),Municipal waste by waste management operations,A,Annual,TRT,Waste treatment,THS_T,Thousand tonnes,BG,Bulgaria,2010,,4044,,,,,
dataflow,ESTAT:ENV_WASMUN(1.0),Municipal waste by waste management operations,A,Annual,TRT,Waste treatment,THS_T,Thousand tonnes,BG,Bulgaria,2011,,3547,,,,,
dataflow,ESTAT:ENV_WASMUN(1.0),Municipal waste by waste management operations,A,Annual,TRT,Waste treatment,THS_T,Thousand tonnes,BG,Bulgaria,2012,,3164,,,,,
dataflow,ESTAT:ENV_WASMUN(1.0),Municipal waste by waste management operations,A,Annual,TRT,Waste treatment,THS_T,Thousand tonnes,BG,Bulgaria,2013,,3110,,,,,
dataflow,ESTAT:ENV_WASMUN(1.0),Municipal waste by waste management operations,A,Annual,TRT,Waste treatment,THS_T,Thousand tonnes,BG,Bulgaria,2014,,3004,,,,,
dataflow,ESTAT:ENV_WASMUN(1.0),Municipal waste by waste management operations,A,Annual,TRT,Waste treatment,THS_T,Thousand tonnes,BG,Bulgaria,2015,,2960,,,,,
dataflow,ESTAT:ENV_WASMUN(1.0),Municipal waste by waste management operations,A,Annual,TRT,Waste treatment,THS_T,Thousand tonnes,BG,Bulgaria,2016,,2877,,,,,
dataflow,ESTAT:ENV_WASMUN(1.0),Municipal waste by waste management operations,A,Annual,TRT,Waste treatment,THS_T,Thousand tonnes,BG,Bulgaria,2017,,3071,,,,,
dataflow,ESTAT:ENV_WASMUN(1.0),Municipal waste by waste management operations,A,Annual,TRT,Waste treatment,THS_T,Thousand tonnes,BG,Bulgaria,2018,,2859,,,,,
dataflow,ESTAT:ENV_WASMUN(1.0),Municipal waste by waste management operations,A,Annual,TRT,Waste treatment,THS_T,Thousand tonnes,BG,Bulgaria,2019,,3071,,i,value imputed by Eurostat or other receiving agencies,,
dataflow,ESTAT:ENV_WASMUN(1.0),Municipal waste by waste management operations,A,Annual,TRT,Waste treatment,THS_T,Thousand tonnes,BG,Bulgaria,2020,,2673,,,,,
dataflow,ESTAT:ENV_WASMUN(1.0),Municipal waste by waste management operations,A,Annual,TRT,Waste treatment,THS_T,Thousand tonnes,BG,Bulgaria,2021,,3038,,,,,
dataflow,ESTAT:ENV_WASMUN(1.0),Municipal waste by waste management operations,A,Annual,TRT,Waste treatment,THS_T,Thousand tonnes,BG,Bulgaria,2022,,2919,,,,,
dataflow,ESTAT:ENV_WASMUN(1.0),Municipal waste by waste management operations,A,Annual,TRT,Waste treatment,THS_T,Thousand tonnes,CH,Switzerland,1995,,4240,,,,,
dataflow,ESTAT:ENV_WASMUN(1.0),Municipal waste by waste management operations,A,Annual,TRT,Waste treatment,THS_T,Thousand tonnes,CH,Switzerland,1996,,4275,,,,,
dataflow,ESTAT:ENV_WASMUN(1.0),Municipal waste by waste management operations,A,Annual,TRT,Waste treatment,THS_T,Thousand tonnes,CH,Switzerland,1997,,4324,,,,,
dataflow,ESTAT:ENV_WASMUN(1.0),Municipal waste by waste management operations,A,Annual,TRT,Waste treatment,THS_T,Thousand tonnes,CH,Switzerland,1998,,4369,,,,,
dataflow,ESTAT:ENV_WASMUN(1.0),Municipal waste by waste management operations,A,Annual,TRT,Waste treatment,THS_T,Thousand tonnes,CH,Switzerland,1999,,4555,,,,,
dataflow,ESTAT:ENV_WASMUN(1.0),Municipal waste by waste management operations,A,Annual,TRT,Waste treatment,THS_T,Thousand tonnes,CH,Switzerland,2000,,4731,,,,,
dataflow,ESTAT:ENV_WASMUN(1.0),Municipal waste by waste management operations,A,Annual,TRT,Waste treatment,THS_T,Thousand tonnes,CH,Switzerland,2001,,4794,,,,,
dataflow,ESTAT:ENV_WASMUN(1.0),Municipal waste by waste management operations,A,Annual,TRT,Waste treatment,THS_T,Thousand tonnes,CH,Switzerland,2002,,4936,,,,,
dataflow,ESTAT:ENV_WASMUN(1.0),Municipal waste by waste management operations,A,Annual,TRT,Waste treatment,THS_T,Thousand tonnes,CH,Switzerland,2003,,4916,,,,,
dataflow,ESTAT:ENV_WASMUN(1.0),Municipal waste by waste management operations,A,Annual,TRT,Waste treatment,THS_T,Thousand tonnes,CH,Switzerland,2004,,4899,,,,,
dataflow,ESTAT:ENV_WASMUN(1.0),Municipal waste by waste management operations,A,Annual,TRT,Waste treatment,THS_T,Thousand tonnes,CH,Switzerland,2005,,4940,,,,,
dataflow,ESTAT:ENV_WASMUN(1.0),Municipal waste by waste management operations,A,Annual,TRT,Waste treatment,THS_T,Thousand tonnes,CH,Switzerland,2006,,5330,,,,,
dataflow,ESTAT:ENV_WASMUN(1.0),Municipal waste by waste management operations,A,Annual,TRT,Waste treatment,THS_T,Thousand tonnes,CH,Switzerland,2007,,5465,,,,,
dataflow,ESTAT:ENV_WASMUN(1.0),Municipal waste by waste management operations,A,Annual,TRT,Waste treatment,THS_T,Thousand tonnes,CH,Switzerland,2008,,5653,,,,,
dataflow,ESTAT:ENV_WASMUN(1.0),Municipal waste by waste management operations,A,Annual,TRT,Waste treatment,THS_T,Thousand tonnes,CH,Switzerland,2009,,5461,,,,,
dataflow,ESTAT:ENV_WASMUN(1.0),Municipal waste by waste management operations,A,Annual,TRT,Waste treatment,THS_T,Thousand tonnes,CH,Switzerland,2010,,5565,,,,,
dataflow,ESTAT:ENV_WASMUN(1.0),Municipal waste by waste management operations,A,Annual,TRT,Waste treatment,THS_T,Thousand tonnes,CH,Switzerland,2011,,5478,,,,,
dataflow,ESTAT:ENV_WASMUN(1.0),Municipal waste by waste management operations,A,Annual,TRT,Waste treatment,THS_T,Thousand tonnes,CH,Switzerland,2012,,5576,,,,,
dataflow,ESTAT:ENV_WASMUN(1.0),Municipal waste by waste management operations,A,Annual,TRT,Waste treatment,THS_T,Thousand tonnes,CH,Switzerland,2013,,5708,,,,,
dataflow,ESTAT:ENV_WASMUN(1.0),Municipal waste by waste management operations,A,Annual,TRT,Waste treatment,THS_T,Thousand tonnes,CH,Switzerland,2014,,6006,,,,,
dataflow,ESTAT:ENV_WASMUN(1.0),Municipal waste by waste management operations,A,Annual,TRT,Waste treatment,THS_T,Thousand tonnes,CH,Switzerland,2015,,6030,,,,,
dataflow,ESTAT:ENV_WASMUN(1.0),Municipal waste by waste management operations,A,Annual,TRT,Waste treatment,THS_T,Thousand tonnes,CH,Switzerland,2016,,6050,,,,,
dataflow,ESTAT:ENV_WASMUN(1.0),Municipal waste by waste management operations,A,Annual,TRT,Waste treatment,THS_T,Thousand tonnes,CH,Switzerland,2017,,5992,,,,,
dataflow,ESTAT:ENV_WASMUN(1.0),Municipal waste by waste management operations,A,Annual,TRT,Waste treatment,THS_T,Thousand tonnes,CH,Switzerland,2018,,6012,,e,estimated,,
dataflow,ESTAT:ENV_WASMUN(1.0),Municipal waste by waste management operations,A,Annual,TRT,Waste treatment,THS_T,Thousand tonnes,CH,Switzerland,2019,,6079,,e,estimated,,
dataflow,ESTAT:ENV_WASMUN(1.0),Municipal waste by waste management operations,A,Annual,TRT,Waste treatment,THS_T,Thousand tonnes,CH,Switzerland,2020,,6096,,,,,
dataflow,ESTAT:ENV_WASMUN(1.0),Municipal waste by waste management operations,A,Annual,TRT,Waste treatment,THS_T,Thousand tonnes,CH,Switzerland,2021,,6130,,,,,
dataflow,ESTAT:ENV_WASMUN(1.0),Municipal waste by waste management operations,A,Annual,TRT,Waste treatment,THS_T,Thousand tonnes,CH,Switzerland,2022,,5943,,,,,
dataflow,ESTAT:ENV_WASMUN(1.0),Municipal waste by waste management operations,A,Annual,TRT,Waste treatment,THS_T,Thousand tonnes,CY,Cyprus,1995,,387,,,,,
dataflow,ESTAT:ENV_WASMUN(1.0),Municipal waste by waste management operations,A,Annual,TRT,Waste treatment,THS_T,Thousand tonnes,CY,Cyprus,1996,,400,,,,,
dataflow,ESTAT:ENV_WASMUN(1.0),Municipal waste by waste management operations,A,Annual,TRT,Waste treatment,THS_T,Thousand tonnes,CY,Cyprus,1997,,411,,,,,
dataflow,ESTAT:ENV_WASMUN(1.0),Municipal waste by waste management operations,A,Annual,TRT,Waste treatment,THS_T,Thousand tonnes,CY,Cyprus,1998,,418,,,,,
dataflow,ESTAT:ENV_WASMUN(1.0),Municipal waste by waste management operations,A,Annual,TRT,Waste treatment,THS_T,Thousand tonnes,CY,Cyprus,1999,,426,,,,,
dataflow,ESTAT:ENV_WASMUN(1.0),Municipal waste by waste management operations,A,Annual,TRT,Waste treatment,THS_T,Thousand tonnes,CY,Cyprus,2000,,436,,,,,
dataflow,ESTAT:ENV_WASMUN(1.0),Municipal waste by waste management operations,A,Annual,TRT,Waste treatment,THS_T,Thousand tonnes,CY,Cyprus,2001,,456,,,,,
dataflow,ESTAT:ENV_WASMUN(1.0),Municipal waste by waste management operations,A,Annual,TRT,Waste treatment,THS_T,Thousand tonnes,CY,Cyprus,2002,,465,,,,,
dataflow,ESTAT:ENV_WASMUN(1.0),Municipal waste by waste management operations,A,Annual,TRT,Waste treatment,THS_T,Thousand tonnes,CY,Cyprus,2003,,481,,,,,
dataflow,ESTAT:ENV_WASMUN(1.0),Municipal waste by waste management operations,A,Annual,TRT,Waste treatment,THS_T,Thousand tonnes,CY,Cyprus,2004,,498,,,,,
dataflow,ESTAT:ENV_WASMUN(1.0),Municipal waste by waste management operations,A,Annual,TRT,Waste treatment,THS_T,Thousand tonnes,CY,Cyprus,2005,,508,,,,,
dataflow,ESTAT:ENV_WASMUN(1.0),Municipal waste by waste management operations,A,Annual,TRT,Waste treatment,THS_T,Thousand tonnes,CY,Cyprus,2006,,522,,b,break in time series,,
dataflow,ESTAT:ENV_WASMUN(1.0),Municipal waste by waste management operations,A,Annual,TRT,Waste treatment,THS_T,Thousand tonnes,CY,Cyprus,2007,,540,,,,,
dataflow,ESTAT:ENV_WASMUN(1.0),Municipal waste by waste management operations,A,Annual,TRT,Waste treatment,THS_T,Thousand tonnes,CY,Cyprus,2008,,573,,,,,
dataflow,ESTAT:ENV_WASMUN(1.0),Municipal waste by waste management operations,A,Annual,TRT,Waste treatment,THS_T,Thousand tonnes,CY,Cyprus,2009,,589,,,,,
dataflow,ESTAT:ENV_WASMUN(1.0),Municipal waste by waste management operations,A,Annual,TRT,Waste treatment,THS_T,Thousand tonnes,CY,Cyprus,2010,,563,,,,,
dataflow,ESTAT:ENV_WASMUN(1.0),Municipal waste by waste management operations,A,Annual,TRT,Waste treatment,THS_T,Thousand tonnes,CY,Cyprus,2011,,542,,,,,
dataflow,ESTAT:ENV_WASMUN(1.0),Municipal waste by waste management operations,A,Annual,TRT,Waste treatment,THS_T,Thousand tonnes,CY,Cyprus,2012,,542,,,,,
dataflow,ESTAT:ENV_WASMUN(1.0),Municipal waste by waste management operations,A,Annual,TRT,Waste treatment,THS_T,Thousand tonnes,CY,Cyprus,2013,,511,,,,,
dataflow,ESTAT:ENV_WASMUN(1.0),Municipal waste by waste management operations,A,Annual,TRT,Waste treatment,THS_T,Thousand tonnes,CY,Cyprus,2014,,481,,,,,
dataflow,ESTAT:ENV_WASMUN(1.0),Municipal waste by waste management operations,A,Annual,TRT,Waste treatment,THS_T,Thousand tonnes,CY,Cyprus,2015,,500,,,,,
dataflow,ESTAT:ENV_WASMUN(1.0),Municipal waste by waste management operations,A,Annual,TRT,Waste treatment,THS_T,Thousand tonnes,CY,Cyprus,2016,,516,,,,,
dataflow,ESTAT:ENV_WASMUN(1.0),Municipal waste by waste management operations,A,Annual,TRT,Waste treatment,THS_T,Thousand tonnes,CY,Cyprus,2017,,516,,,,,
dataflow,ESTAT:ENV_WASMUN(1.0),Municipal waste by waste management operations,A,Annual,TRT,Waste treatment,THS_T,Thousand tonnes,CY,Cyprus,2018,,494,,,,,
dataflow,ESTAT:ENV_WASMUN(1.0),Municipal waste by waste management operations,A,Annual,TRT,Waste treatment,THS_T,Thousand tonnes,CY,Cyprus,2019,,485,,,,,
dataflow,ESTAT:ENV_WASMUN(1.0),Municipal waste by waste management operations,A,Annual,TRT,Waste treatment,THS_T,Thousand tonnes,CY,Cyprus,2020,,467,,,,,
dataflow,ESTAT:ENV_WASMUN(1.0),Municipal waste by waste management operations,A,Annual,TRT,Waste treatment,THS_T,Thousand tonnes,CY,Cyprus,2021,,450,,,,,
dataflow,ESTAT:ENV_WASMUN(1.0),Municipal waste by waste management operations,A,Annual,TRT,Waste treatment,THS_T,Thousand tonnes,CY,Cyprus,2022,,469,,,,,
dataflow,ESTAT:ENV_WASMUN(1.0),Municipal waste by waste management operations,A,Annual,TRT,Waste treatment,THS_T,Thousand tonnes,CY,Cyprus,2023,,496,,p,provisional,,
dataflow,ESTAT:ENV_WASMUN(1.0),Municipal waste by waste management operations,A,Annual,TRT,Waste treatment,THS_T,Thousand tonnes,CZ,Czechia,1995,,3120,,,,,
dataflow,ESTAT:ENV_WASMUN(1.0),Municipal waste by waste management operations,A,Annual,TRT,Waste treatment,THS_T,Thousand tonnes,CZ,Czechia,1996,,3200,,,,,
dataflow,ESTAT:ENV_WASMUN(1.0),Municipal waste by waste management operations,A,Annual,TRT,Waste treatment,THS_T,Thousand tonnes,CZ,Czechia,1997,,3280,,,,,
dataflow,ESTAT:ENV_WASMUN(1.0),Municipal waste by waste management operations,A,Annual,TRT,Waste treatment,THS_T,Thousand tonnes,CZ,Czechia,1998,,2997,,,,,
dataflow,ESTAT:ENV_WASMUN(1.0),Municipal waste by waste management operations,A,Annual,TRT,Waste treatment,THS_T,Thousand tonnes,CZ,Czechia,1999,,3186,,,,,
dataflow,ESTAT:ENV_WASMUN(1.0),Municipal waste by waste management operations,A,Annual,TRT,Waste treatment,THS_T,Thousand tonnes,CZ,Czechia,2000,,3250,,,,,
dataflow,ESTAT:ENV_WASMUN(1.0),Municipal waste by waste management operations,A,Annual,TRT,Waste treatment,THS_T,Thousand tonnes,CZ,Czechia,2001,,2582,,b,break in time series,,
dataflow,ESTAT:ENV_WASMUN(1.0),Municipal waste by waste management operations,A,Annual,TRT,Waste treatment,THS_T,Thousand tonnes,CZ,Czechia,2002,,2523,,,,,
dataflow,ESTAT:ENV_WASMUN(1.0),Municipal waste by waste management operations,A,Annual,TRT,Waste treatment,THS_T,Thousand tonnes,CZ,Czechia,2003,,2475,,,,,
dataflow,ESTAT:ENV_WASMUN(1.0),Municipal waste by waste management operations,A,Annual,TRT,Waste treatment,THS_T,Thousand tonnes,CZ,Czechia,2004,,2396,,b,break in time series,,
dataflow,ESTAT:ENV_WASMUN(1.0),Municipal waste by waste management operations,A,Annual,TRT,Waste treatment,THS_T,Thousand tonnes,CZ,Czechia,2005,,2495,,,,,
dataflow,ESTAT:ENV_WASMUN(1.0),Municipal waste by waste management operations,A,Annual,TRT,Waste treatment,THS_T,Thousand tonnes,CZ,Czechia,2006,,2659,,,,,
dataflow,ESTAT:ENV_WASMUN(1.0),Municipal waste by waste management operations,A,Annual,TRT,Waste treatment,THS_T,Thousand tonnes,CZ,Czechia,2007,,2817,,,,,
dataflow,ESTAT:ENV_WASMUN(1.0),Municipal waste by waste management operations,A,Annual,TRT,Waste treatment,THS_T,Thousand tonnes,CZ,Czechia,2008,,2757,,,,,
dataflow,ESTAT:ENV_WASMUN(1.0),Municipal waste by waste management operations,A,Annual,TRT,Waste treatment,THS_T,Thousand tonnes,CZ,Czechia,2009,,2894,,,,,
dataflow,ESTAT:ENV_WASMUN(1.0),Municipal waste by waste management operations,A,Annual,TRT,Waste treatment,THS_T,Thousand tonnes,CZ,Czechia,2010,,3186,,,,,
dataflow,ESTAT:ENV_WASMUN(1.0),Municipal waste by waste management operations,A,Annual,TRT,Waste treatment,THS_T,Thousand tonnes,CZ,Czechia,2011,,3346,,,,,
dataflow,ESTAT:ENV_WASMUN(1.0),Municipal waste by waste management operations,A,Annual,TRT,Waste treatment,THS_T,Thousand tonnes,CZ,Czechia,2012,,3233,,,,,
dataflow,ESTAT:ENV_WASMUN(1.0),Municipal waste by waste management operations,A,Annual,TRT,Waste treatment,THS_T,Thousand tonnes,CZ,Czechia,2013,,3228,,,,,
dataflow,ESTAT:ENV_WASMUN(1.0),Municipal waste by waste management operations,A,Annual,TRT,Waste treatment,THS_T,Thousand tonnes,CZ,Czechia,2014,,3261,,,,,
dataflow,ESTAT:ENV_WASMUN(1.0),Municipal waste by waste management operations,A,Annual,TRT,Waste treatment,THS_T,Thousand tonnes,CZ,Czechia,2015,,3337,,,,,
dataflow,ESTAT:ENV_WASMUN(1.0),Municipal waste by waste management operations,A,Annual,TRT,Waste treatment,THS_T,Thousand tonnes,CZ,Czechia,2016,,3580,,,,,
dataflow,ESTAT:ENV_WASMUN(1.0),Municipal waste by waste management operations,A,Annual,TRT,Waste treatment,THS_T,Thousand tonnes,CZ,Czechia,2017,,4950,,b,break in time series,,
dataflow,ESTAT:ENV_WASMUN(1.0),Municipal waste by waste management operations,A,Annual,TRT,Waste treatment,THS_T,Thousand tonnes,CZ,Czechia,2018,,5029,,,,,
dataflow,ESTAT:ENV_WASMUN(1.0),Municipal waste by waste management operations,A,Annual,TRT,Waste treatment,THS_T,Thousand tonnes,CZ,Czechia,2019,,5146,,,,,
dataflow,ESTAT:ENV_WASMUN(1.0),Municipal waste by waste management operations,A,Annual,TRT,Waste treatment,THS_T,Thousand tonnes,CZ,Czechia,2020,,5881,,,,,
dataflow,ESTAT:ENV_WASMUN(1.0),Municipal waste by waste management operations,A,Annual,TRT,Waste treatment,THS_T,Thousand tonnes,CZ,Czechia,2021,,6103,,,,,
dataflow,ESTAT:ENV_WASMUN(1.0),Municipal waste by waste management operations,A,Annual,TRT,Waste treatment,THS_T,Thousand tonnes,DE,Germany,1995,,50893,,i,value imputed by Eurostat or other receiving agencies,,
dataflow,ESTAT:ENV_WASMUN(1.0),Municipal waste by waste management operations,A,Annual,TRT,Waste treatment,THS_T,Thousand tonnes,DE,Germany,1996,,52544,,i,value imputed by Eurostat or other receiving agencies,,
dataflow,ESTAT:ENV_WASMUN(1.0),Municipal waste by waste management operations,A,Annual,TRT,Waste treatment,THS_T,Thousand tonnes,DE,Germany,1997,,53965,,i,value imputed by Eurostat or other receiving agencies,,
dataflow,ESTAT:ENV_WASMUN(1.0),Municipal waste by waste management operations,A,Annual,TRT,Waste treatment,THS_T,Thousand tonnes,DE,Germany,1998,,53058,,i,value imputed by Eurostat or other receiving agencies,,
dataflow,ESTAT:ENV_WASMUN(1.0),Municipal waste by waste management operations,A,Annual,TRT,Waste treatment,THS_T,Thousand tonnes,DE,Germany,1999,,52373,,i,value imputed by Eurostat or other receiving agencies,,
dataflow,ESTAT:ENV_WASMUN(1.0),Municipal waste by waste management operations,A,Annual,TRT,Waste treatment,THS_T,Thousand tonnes,DE,Germany,2000,,52810,,i,value imputed by Eurostat or other receiving agencies,,
dataflow,ESTAT:ENV_WASMUN(1.0),Municipal waste by waste management operations,A,Annual,TRT,Waste treatment,THS_T,Thousand tonnes,DE,Germany,2001,,52075,,i,value imputed by Eurostat or other receiving agencies,,
dataflow,ESTAT:ENV_WASMUN(1.0),Municipal waste by waste management operations,A,Annual,TRT,Waste treatment,THS_T,Thousand tonnes,DE,Germany,2002,,52771,,,,,
dataflow,ESTAT:ENV_WASMUN(1.0),Municipal waste by waste management operations,A,Annual,TRT,Waste treatment,THS_T,Thousand tonnes,DE,Germany,2003,,49622,,,,,
dataflow,ESTAT:ENV_WASMUN(1.0),Municipal waste by waste management operations,A,Annual,TRT,Waste treatment,THS_T,Thousand tonnes,DE,Germany,2004,,48434,,,,,
dataflow,ESTAT:ENV_WASMUN(1.0),Municipal waste by waste management operations,A,Annual,TRT,Waste treatment,THS_T,Thousand tonnes,DE,Germany,2005,,46555,,,,,
dataflow,ESTAT:ENV_WASMUN(1.0),Municipal waste by waste management operations,A,Annual,TRT,Waste treatment,THS_T,Thousand tonnes,DE,Germany,2006,,46426,,,,,
dataflow,ESTAT:ENV_WASMUN(1.0),Municipal waste by waste management operations,A,Annual,TRT,Waste treatment,THS_T,Thousand tonnes,DE,Germany,2007,,47887,,,,,
dataflow,ESTAT:ENV_WASMUN(1.0),Municipal waste by waste management operations,A,Annual,TRT,Waste treatment,THS_T,Thousand tonnes,DE,Germany,2008,,48367,,,,,
dataflow,ESTAT:ENV_WASMUN(1.0),Municipal waste by waste management operations,A,Annual,TRT,Waste treatment,THS_T,Thousand tonnes,DE,Germany,2009,,48466,,,,,
dataflow,ESTAT:ENV_WASMUN(1.0),Municipal waste by waste management operations,A,Annual,TRT,Waste treatment,THS_T,Thousand tonnes,DE,Germany,2010,,49236,,,,,
dataflow,ESTAT:ENV_WASMUN(1.0),Municipal waste by waste management operations,A,Annual,TRT,Waste treatment,THS_T,Thousand tonnes,DE,Germany,2011,,50238,,,,,
dataflow,ESTAT:ENV_WASMUN(1.0),Municipal waste by waste management operations,A,Annual,TRT,Waste treatment,THS_T,Thousand tonnes,DE,Germany,2012,,49759,,,,,
dataflow,ESTAT:ENV_WASMUN(1.0),Municipal waste by waste management operations,A,Annual,TRT,Waste treatment,THS_T,Thousand tonnes,DE,Germany,2013,,49021,,,,,
dataflow,ESTAT:ENV_WASMUN(1.0),Municipal waste by waste management operations,A,Annual,TRT,Waste treatment,THS_T,Thousand tonnes,DE,Germany,2014,,51102,,,,,
dataflow,ESTAT:ENV_WASMUN(1.0),Municipal waste by waste management operations,A,Annual,TRT,Waste treatment,THS_T,Thousand tonnes,DE,Germany,2015,,51626,,,,,
dataflow,ESTAT:ENV_WASMUN(1.0),Municipal waste by waste management operations,A,Annual,TRT,Waste treatment,THS_T,Thousand tonnes,DE,Germany,2016,,52133,,,,,
dataflow,ESTAT:ENV_WASMUN(1.0),Municipal waste by waste management operations,A,Annual,TRT,Waste treatment,THS_T,Thousand tonnes,DE,Germany,2017,,51790,,,,,
dataflow,ESTAT:ENV_WASMUN(1.0),Municipal waste by waste management operations,A,Annual,TRT,Waste treatment,THS_T,Thousand tonnes,DE,Germany,2018,,50272,,i,value imputed by Eurostat or other receiving agencies,,
dataflow,ESTAT:ENV_WASMUN(1.0),Municipal waste by waste management operations,A,Annual,TRT,Waste treatment,THS_T,Thousand tonnes,DE,Germany,2019,,50612,,i,value imputed by Eurostat or other receiving agencies,,
dataflow,ESTAT:ENV_WASMUN(1.0),Municipal waste by waste management operations,A,Annual,TRT,Waste treatment,THS_T,Thousand tonnes,DE,Germany,2020,,53322,,,,,
dataflow,ESTAT:ENV_WASMUN(1.0),Municipal waste by waste management operations,A,Annual,TRT,Waste treatment,THS_T,Thousand tonnes,DE,Germany,2021,,54139,,,,,
dataflow,ESTAT:ENV_WASMUN(1.0),Municipal waste by waste management operations,A,Annual,TRT,Waste treatment,THS_T,Thousand tonnes,DE,Germany,2022,,50807,,,,,
dataflow,ESTAT:ENV_WASMUN(1.0),Municipal waste by waste management operations,A,Annual,TRT,Waste treatment,THS_T,Thousand tonnes,DE,Germany,2023,,50452,,e,estimated,,
dataflow,ESTAT:ENV_WASMUN(1.0),Municipal waste by waste management operations,A,Annual,TRT,Waste treatment,THS_T,Thousand tonnes,DK,Denmark,1995,,2725,,be,"break in time series, estimated",,
dataflow,ESTAT:ENV_WASMUN(1.0),Municipal waste by waste management operations,A,Annual,TRT,Waste treatment,THS_T,Thousand tonnes,DK,Denmark,1996,,3253,,,,,
dataflow,ESTAT:ENV_WASMUN(1.0),Municipal waste by waste management operations,A,Annual,TRT,Waste treatment,THS_T,Thousand tonnes,DK,Denmark,1997,,3104,,,,,
dataflow,ESTAT:ENV_WASMUN(1.0),Municipal waste by waste management operations,A,Annual,TRT,Waste treatment,THS_T,Thousand tonnes,DK,Denmark,1998,,3141,,,,,
dataflow,ESTAT:ENV_WASMUN(1.0),Municipal waste by waste management operations,A,Annual,TRT,Waste treatment,THS_T,Thousand tonnes,DK,Denmark,1999,,3329,,,,,
dataflow,ESTAT:ENV_WASMUN(1.0),Municipal waste by waste management operations,A,Annual,TRT,Waste treatment,THS_T,Thousand tonnes,DK,Denmark,2000,,3546,,,,,
dataflow,ESTAT:ENV_WASMUN(1.0),Municipal waste by waste management operations,A,Annual,TRT,Waste treatment,THS_T,Thousand tonnes,DK,Denmark,2001,,3519,,,,,
dataflow,ESTAT:ENV_WASMUN(1.0),Municipal waste by waste management operations,A,Annual,TRT,Waste treatment,THS_T,Thousand tonnes,DK,Denmark,2002,,3568,,,,,
dataflow,ESTAT:ENV_WASMUN(1.0),Municipal waste by waste management operations,A,Annual,TRT,Waste treatment,THS_T,Thousand tonnes,DK,Denmark,2003,,3618,,,,,
dataflow,ESTAT:ENV_WASMUN(1.0),Municipal waste by waste management operations,A,Annual,TRT,Waste treatment,THS_T,Thousand tonnes,DK,Denmark,2004,,3757,,,,,
dataflow,ESTAT:ENV_WASMUN(1.0),Municipal waste by waste management operations,A,Annual,TRT,Waste treatment,THS_T,Thousand tonnes,DK,Denmark,2005,,3990,,,,,
dataflow,ESTAT:ENV_WASMUN(1.0),Municipal waste by waste management operations,A,Annual,TRT,Waste treatment,THS_T,Thousand tonnes,DK,Denmark,2006,,4021,,,,,
dataflow,ESTAT:ENV_WASMUN(1.0),Municipal waste by waste management operations,A,Annual,TRT,Waste treatment,THS_T,Thousand tonnes,DK,Denmark,2007,,4313,,,,,
dataflow,ESTAT:ENV_WASMUN(1.0),Municipal waste by waste management operations,A,Annual,TRT,Waste treatment,THS_T,Thousand tonnes,DK,Denmark,2008,,4560,,,,,
dataflow,ESTAT:ENV_WASMUN(1.0),Municipal waste by waste management operations,A,Annual,TRT,Waste treatment,THS_T,Thousand tonnes,DK,Denmark,2009,,4206,,e,estimated,,
dataflow,ESTAT:ENV_WASMUN(1.0),Municipal waste by waste management operations,A,Annual,TRT,Waste treatment,THS_T,Thousand tonnes,DK,Denmark,2011,,4803,,b,break in time series,,
dataflow,ESTAT:ENV_WASMUN(1.0),Municipal waste by waste management operations,A,Annual,TRT,Waste treatment,THS_T,Thousand tonnes,DK,Denmark,2012,,4507,,,,,
dataflow,ESTAT:ENV_WASMUN(1.0),Municipal waste by waste management operations,A,Annual,TRT,Waste treatment,THS_T,Thousand tonnes,DK,Denmark,2013,,4563,,,,,
dataflow,ESTAT:ENV_WASMUN(1.0),Municipal waste by waste management operations,A,Annual,TRT,Waste treatment,THS_T,Thousand tonnes,DK,Denmark,2014,,4559,,,,,
dataflow,ESTAT:ENV_WASMUN(1.0),Municipal waste by waste management operations,A,Annual,TRT,Waste treatment,THS_T,Thousand tonnes,DK,Denmark,2015,,4671,,,,,
dataflow,ESTAT:ENV_WASMUN(1.0),Municipal waste by waste management operations,A,Annual,TRT,Waste treatment,THS_T,Thousand tonnes,DK,Denmark,2016,,4757,,,,,
dataflow,ESTAT:ENV_WASMUN(1.0),Municipal waste by waste management operations,A,Annual,TRT,Waste treatment,THS_T,Thousand tonnes,DK,Denmark,2017,,4728,,,,,
dataflow,ESTAT:ENV_WASMUN(1.0),Municipal waste by waste management operations,A,Annual,TRT,Waste treatment,THS_T,Thousand tonnes,DK,Denmark,2018,,4707,,,,,
dataflow,ESTAT:ENV_WASMUN(1.0),Municipal waste by waste management operations,A,Annual,TRT,Waste treatment,THS_T,Thousand tonnes,DK,Denmark,2019,,4907,,,,,
dataflow,ESTAT:ENV_WASMUN(1.0),Municipal waste by waste management operations,A,Annual,TRT,Waste treatment,THS_T,Thousand tonnes,DK,Denmark,2020,,4744,,,,,
dataflow,ESTAT:ENV_WASMUN(1.0),Municipal waste by waste management operations,A,Annual,TRT,Waste treatment,THS_T,Thousand tonnes,DK,Denmark,2021,,4503,,,,,
dataflow,ESTAT:ENV_WASMUN(1.0),Municipal waste by waste management operations,A,Annual,TRT,Waste treatment,THS_T,Thousand tonnes,DK,Denmark,2022,,4356,,,,,
dataflow,ESTAT:ENV_WASMUN(1.0),Municipal waste by waste management operations,A,Annual,TRT,Waste treatment,THS_T,Thousand tonnes,EE,Estonia,1995,,532,,,,,
dataflow,ESTAT:ENV_WASMUN(1.0),Municipal waste by waste management operations,A,Annual,TRT,Waste treatment,THS_T,Thousand tonnes,EE,Estonia,1996,,565,,,,,
dataflow,ESTAT:ENV_WASMUN(1.0),Municipal waste by waste management operations,A,Annual,TRT,Waste treatment,THS_T,Thousand tonnes,EE,Estonia,1997,,593,,,,,
dataflow,ESTAT:ENV_WASMUN(1.0),Municipal waste by waste management operations,A,Annual,TRT,Waste treatment,THS_T,Thousand tonnes,EE,Estonia,1998,,557,,,,,
dataflow,ESTAT:ENV_WASMUN(1.0),Municipal waste by waste management operations,A,Annual,TRT,Waste treatment,THS_T,Thousand tonnes,EE,Estonia,1999,,569,,,,,
dataflow,ESTAT:ENV_WASMUN(1.0),Municipal waste by waste management operations,A,Annual,TRT,Waste treatment,THS_T,Thousand tonnes,EE,Estonia,2000,,616,,,,,
dataflow,ESTAT:ENV_WASMUN(1.0),Municipal waste by waste management operations,A,Annual,TRT,Waste treatment,THS_T,Thousand tonnes,EE,Estonia,2001,,430,,,,,
dataflow,ESTAT:ENV_WASMUN(1.0),Municipal waste by waste management operations,A,Annual,TRT,Waste treatment,THS_T,Thousand tonnes,EE,Estonia,2002,,434,,,,,
dataflow,ESTAT:ENV_WASMUN(1.0),Municipal waste by waste management operations,A,Annual,TRT,Waste treatment,THS_T,Thousand tonnes,EE,Estonia,2003,,456,,,,,
dataflow,ESTAT:ENV_WASMUN(1.0),Municipal waste by waste management operations,A,Annual,TRT,Waste treatment,THS_T,Thousand tonnes,EE,Estonia,2004,,534,,,,,
dataflow,ESTAT:ENV_WASMUN(1.0),Municipal waste by waste management operations,A,Annual,TRT,Waste treatment,THS_T,Thousand tonnes,EE,Estonia,2005,,502,,,,,
dataflow,ESTAT:ENV_WASMUN(1.0),Municipal waste by waste management operations,A,Annual,TRT,Waste treatment,THS_T,Thousand tonnes,EE,Estonia,2006,,467,,,,,
dataflow,ESTAT:ENV_WASMUN(1.0),Municipal waste by waste management operations,A,Annual,TRT,Waste treatment,THS_T,Thousand tonnes,EE,Estonia,2007,,531,,,,,
dataflow,ESTAT:ENV_WASMUN(1.0),Municipal waste by waste management operations,A,Annual,TRT,Waste treatment,THS_T,Thousand tonnes,EE,Estonia,2008,,440,,,,,
dataflow,ESTAT:ENV_WASMUN(1.0),Municipal waste by waste management operations,A,Annual,TRT,Waste treatment,THS_T,Thousand tonnes,EE,Estonia,2009,,383,,,,,
dataflow,ESTAT:ENV_WASMUN(1.0),Municipal waste by waste management operations,A,Annual,TRT,Waste treatment,THS_T,Thousand tonnes,EE,Estonia,2010,,340,,,,,
dataflow,ESTAT:ENV_WASMUN(1.0),Municipal waste by waste management operations,A,Annual,TRT,Waste treatment,THS_T,Thousand tonnes,EE,Estonia,2011,,332,,,,,
dataflow,ESTAT:ENV_WASMUN(1.0),Municipal waste by waste management operations,A,Annual,TRT,Waste treatment,THS_T,Thousand tonnes,EE,Estonia,2012,,247,,,,,
dataflow,ESTAT:ENV_WASMUN(1.0),Municipal waste by waste management operations,A,Annual,TRT,Waste treatment,THS_T,Thousand tonnes,EE,Estonia,2013,,336,,,,,
dataflow,ESTAT:ENV_WASMUN(1.0),Municipal waste by waste management operations,A,Annual,TRT,Waste treatment,THS_T,Thousand tonnes,EE,Estonia,2014,,398,,,,,
dataflow,ESTAT:ENV_WASMUN(1.0),Municipal waste by waste management operations,A,Annual,TRT,Waste treatment,THS_T,Thousand tonnes,EE,Estonia,2015,,411,,,,,
dataflow,ESTAT:ENV_WASMUN(1.0),Municipal waste by waste management operations,A,Annual,TRT,Waste treatment,THS_T,Thousand tonnes,EE,Estonia,2016,,453,,,,,
dataflow,ESTAT:ENV_WASMUN(1.0),Municipal waste by waste management operations,A,Annual,TRT,Waste treatment,THS_T,Thousand tonnes,EE,Estonia,2017,,492,,,,,
dataflow,ESTAT:ENV_WASMUN(1.0),Municipal waste by waste management operations,A,Annual,TRT,Waste treatment,THS_T,Thousand tonnes,EE,Estonia,2018,,505,,,,,
dataflow,ESTAT:ENV_WASMUN(1.0),Municipal waste by waste management operations,A,Annual,TRT,Waste treatment,THS_T,Thousand tonnes,EE,Estonia,2019,,458,,,,,
dataflow,ESTAT:ENV_WASMUN(1.0),Municipal waste by waste management operations,A,Annual,TRT,Waste treatment,THS_T,Thousand tonnes,EE,Estonia,2020,,440,,,,,
dataflow,ESTAT:ENV_WASMUN(1.0),Municipal waste by waste management operations,A,Annual,TRT,Waste treatment,THS_T,Thousand tonnes,EE,Estonia,2021,,518,,,,,
dataflow,ESTAT:ENV_WASMUN(1.0),Municipal waste by waste management operations,A,Annual,TRT,Waste treatment,THS_T,Thousand tonnes,EE,Estonia,2022,,445,,,,,
dataflow,ESTAT:ENV_WASMUN(1.0),Municipal waste by waste management operations,A,Annual,TRT,Waste treatment,THS_T,Thousand tonnes,EE,Estonia,2023,,464,,,,,
dataflow,ESTAT:ENV_WASMUN(1.0),Municipal waste by waste management operations,A,Annual,TRT,Waste treatment,THS_T,Thousand tonnes,EL,Greece,1995,,3490,,,,,
dataflow,ESTAT:ENV_WASMUN(1.0),Municipal waste by waste management operations,A,Annual,TRT,Waste treatment,THS_T,Thousand tonnes,EL,Greece,1996,,3667,,,,,
dataflow,ESTAT:ENV_WASMUN(1.0),Municipal waste by waste management operations,A,Annual,TRT,Waste treatment,THS_T,Thousand tonnes,EL,Greece,1997,,3900,,,,,
dataflow,ESTAT:ENV_WASMUN(1.0),Municipal waste by waste management operations,A,Annual,TRT,Waste treatment,THS_T,Thousand tonnes,EL,Greece,1998,,4082,,,,,
dataflow,ESTAT:ENV_WASMUN(1.0),Municipal waste by waste management operations,A,Annual,TRT,Waste treatment,THS_T,Thousand tonnes,EL,Greece,1999,,4264,,,,,
dataflow,ESTAT:ENV_WASMUN(1.0),Municipal waste by waste management operations,A,Annual,TRT,Waste treatment,THS_T,Thousand tonnes,EL,Greece,2000,,4447,,,,,
dataflow,ESTAT:ENV_WASMUN(1.0),Municipal waste by waste management operations,A,Annual,TRT,Waste treatment,THS_T,Thousand tonnes,EL,Greece,2001,,4559,,,,,
dataflow,ESTAT:ENV_WASMUN(1.0),Municipal waste by waste management operations,A,Annual,TRT,Waste treatment,THS_T,Thousand tonnes,EL,Greece,2002,,4640,,,,,
dataflow,ESTAT:ENV_WASMUN(1.0),Municipal waste by waste management operations,A,Annual,TRT,Waste treatment,THS_T,Thousand tonnes,EL,Greece,2003,,4710,,,,,
dataflow,ESTAT:ENV_WASMUN(1.0),Municipal waste by waste management operations,A,Annual,TRT,Waste treatment,THS_T,Thousand tonnes,EL,Greece,2004,,4781,,,,,
dataflow,ESTAT:ENV_WASMUN(1.0),Municipal waste by waste management operations,A,Annual,TRT,Waste treatment,THS_T,Thousand tonnes,EL,Greece,2005,,4867,,,,,
dataflow,ESTAT:ENV_WASMUN(1.0),Municipal waste by waste management operations,A,Annual,TRT,Waste treatment,THS_T,Thousand tonnes,EL,Greece,2006,,4927,,,,,
dataflow,ESTAT:ENV_WASMUN(1.0),Municipal waste by waste management operations,A,Annual,TRT,Waste treatment,THS_T,Thousand tonnes,EL,Greece,2007,,5002,,,,,
dataflow,ESTAT:ENV_WASMUN(1.0),Municipal waste by waste management operations,A,Annual,TRT,Waste treatment,THS_T,Thousand tonnes,EL,Greece,2008,,5078,,,,,
dataflow,ESTAT:ENV_WASMUN(1.0),Municipal waste by waste management operations,A,Annual,TRT,Waste treatment,THS_T,Thousand tonnes,EL,Greece,2009,,5154,,,,,
dataflow,ESTAT:ENV_WASMUN(1.0),Municipal waste by waste management operations,A,Annual,TRT,Waste treatment,THS_T,Thousand tonnes,EL,Greece,2010,,5917,,,,,
dataflow,ESTAT:ENV_WASMUN(1.0),Municipal waste by waste management operations,A,Annual,TRT,Waste treatment,THS_T,Thousand tonnes,EL,Greece,2011,,5586,,,,,
dataflow,ESTAT:ENV_WASMUN(1.0),Municipal waste by waste management operations,A,Annual,TRT,Waste treatment,THS_T,Thousand tonnes,EL,Greece,2012,,5463,,,,,
dataflow,ESTAT:ENV_WASMUN(1.0),Municipal waste by waste management operations,A,Annual,TRT,Waste treatment,THS_T,Thousand tonnes,EL,Greece,2013,,5284,,,,,
dataflow,ESTAT:ENV_WASMUN(1.0),Municipal waste by waste management operations,A,Annual,TRT,Waste treatment,THS_T,Thousand tonnes,EL,Greece,2014,,5315,,,,,
dataflow,ESTAT:ENV_WASMUN(1.0),Municipal waste by waste management operations,A,Annual,TRT,Waste treatment,THS_T,Thousand tonnes,EL,Greece,2015,,5277,,,,,
dataflow,ESTAT:ENV_WASMUN(1.0),Municipal waste by waste management operations,A,Annual,TRT,Waste treatment,THS_T,Thousand tonnes,EL,Greece,2016,,5367,,,,,
dataflow,ESTAT:ENV_WASMUN(1.0),Municipal waste by waste management operations,A,Annual,TRT,Waste treatment,THS_T,Thousand tonnes,EL,Greece,2017,,5415,,,,,
dataflow,ESTAT:ENV_WASMUN(1.0),Municipal waste by waste management operations,A,Annual,TRT,Waste treatment,THS_T,Thousand tonnes,EL,Greece,2018,,5523,,i,value imputed by Eurostat or other receiving agencies,,
dataflow,ESTAT:ENV_WASMUN(1.0),Municipal waste by waste management operations,A,Annual,TRT,Waste treatment,THS_T,Thousand tonnes,EL,Greece,2019,,5613,,,,,
dataflow,ESTAT:ENV_WASMUN(1.0),Municipal waste by waste management operations,A,Annual,TRT,Waste treatment,THS_T,Thousand tonnes,EL,Greece,2020,,5335,,,,,
dataflow,ESTAT:ENV_WASMUN(1.0),Municipal waste by waste management operations,A,Annual,TRT,Waste treatment,THS_T,Thousand tonnes,EL,Greece,2021,,5381,,,,,
dataflow,ESTAT:ENV_WASMUN(1.0),Municipal waste by waste management operations,A,Annual,TRT,Waste treatment,THS_T,Thousand tonnes,EL,Greece,2022,,5420,,,,,
dataflow,ESTAT:ENV_WASMUN(1.0),Municipal waste by waste management operations,A,Annual,TRT,Waste treatment,THS_T,Thousand tonnes,ES,Spain,1995,,14505,,,,,
dataflow,ESTAT:ENV_WASMUN(1.0),Municipal waste by waste management operations,A,Annual,TRT,Waste treatment,THS_T,Thousand tonnes,ES,Spain,1996,,14370,,,,,
dataflow,ESTAT:ENV_WASMUN(1.0),Municipal waste by waste management operations,A,Annual,TRT,Waste treatment,THS_T,Thousand tonnes,ES,Spain,1997,,15856,,,,,
dataflow,ESTAT:ENV_WASMUN(1.0),Municipal waste by waste management operations,A,Annual,TRT,Waste treatment,THS_T,Thousand tonnes,ES,Spain,1998,,16150,,,,,
dataflow,ESTAT:ENV_WASMUN(1.0),Municipal waste by waste management operations,A,Annual,TRT,Waste treatment,THS_T,Thousand tonnes,ES,Spain,1999,,18062,,,,,
dataflow,ESTAT:ENV_WASMUN(1.0),Municipal waste by waste management operations,A,Annual,TRT,Waste treatment,THS_T,Thousand tonnes,ES,Spain,2000,,19905,,,,,
dataflow,ESTAT:ENV_WASMUN(1.0),Municipal waste by waste management operations,A,Annual,TRT,Waste treatment,THS_T,Thousand tonnes,ES,Spain,2001,,21916,,,,,
dataflow,ESTAT:ENV_WASMUN(1.0),Municipal waste by waste management operations,A,Annual,TRT,Waste treatment,THS_T,Thousand tonnes,ES,Spain,2002,,24015,,,,,
dataflow,ESTAT:ENV_WASMUN(1.0),Municipal waste by waste management operations,A,Annual,TRT,Waste treatment,THS_T,Thousand tonnes,ES,Spain,2003,,24774,,,,,
dataflow,ESTAT:ENV_WASMUN(1.0),Municipal waste by waste management operations,A,Annual,TRT,Waste treatment,THS_T,Thousand tonnes,ES,Spain,2004,,22361,,,,,
dataflow,ESTAT:ENV_WASMUN(1.0),Municipal waste by waste management operations,A,Annual,TRT,Waste treatment,THS_T,Thousand tonnes,ES,Spain,2005,,22554,,,,,
dataflow,ESTAT:ENV_WASMUN(1.0),Municipal waste by waste management operations,A,Annual,TRT,Waste treatment,THS_T,Thousand tonnes,ES,Spain,2006,,26209,,,,,
dataflow,ESTAT:ENV_WASMUN(1.0),Municipal waste by waste management operations,A,Annual,TRT,Waste treatment,THS_T,Thousand tonnes,ES,Spain,2007,,26154,,,,,
dataflow,ESTAT:ENV_WASMUN(1.0),Municipal waste by waste management operations,A,Annual,TRT,Waste treatment,THS_T,Thousand tonnes,ES,Spain,2008,,25317,,,,,
dataflow,ESTAT:ENV_WASMUN(1.0),Municipal waste by waste management operations,A,Annual,TRT,Waste treatment,THS_T,Thousand tonnes,ES,Spain,2009,,25108,,,,,
dataflow,ESTAT:ENV_WASMUN(1.0),Municipal waste by waste management operations,A,Annual,TRT,Waste treatment,THS_T,Thousand tonnes,ES,Spain,2010,,23774,,,,,
dataflow,ESTAT:ENV_WASMUN(1.0),Municipal waste by waste management operations,A,Annual,TRT,Waste treatment,THS_T,Thousand tonnes,ES,Spain,2011,,22672,,,,,
dataflow,ESTAT:ENV_WASMUN(1.0),Municipal waste by waste management operations,A,Annual,TRT,Waste treatment,THS_T,Thousand tonnes,ES,Spain,2012,,21896,,,,,
dataflow,ESTAT:ENV_WASMUN(1.0),Municipal waste by waste management operations,A,Annual,TRT,Waste treatment,THS_T,Thousand tonnes,ES,Spain,2013,,21184,,,,,
dataflow,ESTAT:ENV_WASMUN(1.0),Municipal waste by waste management operations,A,Annual,TRT,Waste treatment,THS_T,Thousand tonnes,ES,Spain,2014,,20836,,,,,
dataflow,ESTAT:ENV_WASMUN(1.0),Municipal waste by waste management operations,A,Annual,TRT,Waste treatment,THS_T,Thousand tonnes,ES,Spain,2015,,21158,,,,,
dataflow,ESTAT:ENV_WASMUN(1.0),Municipal waste by waste management operations,A,Annual,TRT,Waste treatment,THS_T,Thousand tonnes,ES,Spain,2016,,21542,,,,,
dataflow,ESTAT:ENV_WASMUN(1.0),Municipal waste by waste management operations,A,Annual,TRT,Waste treatment,THS_T,Thousand tonnes,ES,Spain,2017,,22018,,,,,
dataflow,ESTAT:ENV_WASMUN(1.0),Municipal waste by waste management operations,A,Annual,TRT,Waste treatment,THS_T,Thousand tonnes,ES,Spain,2018,,22229,,,,,
dataflow,ESTAT:ENV_WASMUN(1.0),Municipal waste by waste management operations,A,Annual,TRT,Waste treatment,THS_T,Thousand tonnes,ES,Spain,2019,,22262,,,,,
dataflow,ESTAT:ENV_WASMUN(1.0),Municipal waste by waste management operations,A,Annual,TRT,Waste treatment,THS_T,Thousand tonnes,ES,Spain,2020,,21928,,,,,
dataflow,ESTAT:ENV_WASMUN(1.0),Municipal waste by waste management operations,A,Annual,TRT,Waste treatment,THS_T,Thousand tonnes,ES,Spain,2021,,22853,,,,,
dataflow,ESTAT:ENV_WASMUN(1.0),Municipal waste by waste management operations,A,Annual,TRT,Waste treatment,THS_T,Thousand tonnes,ES,Spain,2022,,23030,,p,provisional,,
dataflow,ESTAT:ENV_WASMUN(1.0),Municipal waste by waste management operations,A,Annual,TRT,Waste treatment,THS_T,Thousand tonnes,ES,Spain,2023,,22500,,e,estimated,,
dataflow,ESTAT:ENV_WASMUN(1.0),Municipal waste by waste management operations,A,Annual,TRT,Waste treatment,THS_T,Thousand tonnes,EU27_2020,European Union - 27 countries (from 2020),1995,,188058,,i,value imputed by Eurostat or other receiving agencies,,
dataflow,ESTAT:ENV_WASMUN(1.0),Municipal waste by waste management operations,A,Annual,TRT,Waste treatment,THS_T,Thousand tonnes,EU27_2020,European Union - 27 countries (from 2020),1996,,189785,,i,value imputed by Eurostat or other receiving agencies,,
dataflow,ESTAT:ENV_WASMUN(1.0),Municipal waste by waste management operations,A,Annual,TRT,Waste treatment,THS_T,Thousand tonnes,EU27_2020,European Union - 27 countries (from 2020),1997,,197384,,i,value imputed by Eurostat or other receiving agencies,,
dataflow,ESTAT:ENV_WASMUN(1.0),Municipal waste by waste management operations,A,Annual,TRT,Waste treatment,THS_T,Thousand tonnes,EU27_2020,European Union - 27 countries (from 2020),1998,,197172,,i,value imputed by Eurostat or other receiving agencies,,
dataflow,ESTAT:ENV_WASMUN(1.0),Municipal waste by waste management operations,A,Annual,TRT,Waste treatment,THS_T,Thousand tonnes,EU27_2020,European Union - 27 countries (from 2020),1999,,202118,,i,value imputed by Eurostat or other receiving agencies,,
dataflow,ESTAT:ENV_WASMUN(1.0),Municipal waste by waste management operations,A,Annual,TRT,Waste treatment,THS_T,Thousand tonnes,EU27_2020,European Union - 27 countries (from 2020),2000,,208655,,i,value imputed by Eurostat or other receiving agencies,,
dataflow,ESTAT:ENV_WASMUN(1.0),Municipal waste by waste management operations,A,Annual,TRT,Waste treatment,THS_T,Thousand tonnes,EU27_2020,European Union - 27 countries (from 2020),2001,,207300,,i,value imputed by Eurostat or other receiving agencies,,
dataflow,ESTAT:ENV_WASMUN(1.0),Municipal waste by waste management operations,A,Annual,TRT,Waste treatment,THS_T,Thousand tonnes,EU27_2020,European Union - 27 countries (from 2020),2002,,209929,,i,value imputed by Eurostat or other receiving agencies,,
dataflow,ESTAT:ENV_WASMUN(1.0),Municipal waste by waste management operations,A,Annual,TRT,Waste treatment,THS_T,Thousand tonnes,EU27_2020,European Union - 27 countries (from 2020),2003,,205106,,i,value imputed by Eurostat or other receiving agencies,,
dataflow,ESTAT:ENV_WASMUN(1.0),Municipal waste by waste management operations,A,Annual,TRT,Waste treatment,THS_T,Thousand tonnes,EU27_2020,European Union - 27 countries (from 2020),2004,,203368,,i,value imputed by Eurostat or other receiving agencies,,
dataflow,ESTAT:ENV_WASMUN(1.0),Municipal waste by waste management operations,A,Annual,TRT,Waste treatment,THS_T,Thousand tonnes,EU27_2020,European Union - 27 countries (from 2020),2005,,204088,,i,value imputed by Eurostat or other receiving agencies,,
dataflow,ESTAT:ENV_WASMUN(1.0),Municipal waste by waste management operations,A,Annual,TRT,Waste treatment,THS_T,Thousand tonnes,EU27_2020,European Union - 27 countries (from 2020),2006,,210674,,,,,
dataflow,ESTAT:ENV_WASMUN(1.0),Municipal waste by waste management operations,A,Annual,TRT,Waste treatment,THS_T,Thousand tonnes,EU27_2020,European Union - 27 countries (from 2020),2007,,216041,,,,,
dataflow,ESTAT:ENV_WASMUN(1.0),Municipal waste by waste management operations,A,Annual,TRT,Waste treatment,THS_T,Thousand tonnes,EU27_2020,European Union - 27 countries (from 2020),2008,,217522,,,,,
dataflow,ESTAT:ENV_WASMUN(1.0),Municipal waste by waste management operations,A,Annual,TRT,Waste treatment,THS_T,Thousand tonnes,EU27_2020,European Union - 27 countries (from 2020),2009,,217266,,,,,
dataflow,ESTAT:ENV_WASMUN(1.0),Municipal waste by waste management operations,A,Annual,TRT,Waste treatment,THS_T,Thousand tonnes,EU27_2020,European Union - 27 countries (from 2020),2010,,216139,,,,,
dataflow,ESTAT:ENV_WASMUN(1.0),Municipal waste by waste management operations,A,Annual,TRT,Waste treatment,THS_T,Thousand tonnes,EU27_2020,European Union - 27 countries (from 2020),2011,,214305,,,,,
dataflow,ESTAT:ENV_WASMUN(1.0),Municipal waste by waste management operations,A,Annual,TRT,Waste treatment,THS_T,Thousand tonnes,EU27_2020,European Union - 27 countries (from 2020),2012,,209156,,,,,
dataflow,ESTAT:ENV_WASMUN(1.0),Municipal waste by waste management operations,A,Annual,TRT,Waste treatment,THS_T,Thousand tonnes,EU27_2020,European Union - 27 countries (from 2020),2013,,206088,,,,,
dataflow,ESTAT:ENV_WASMUN(1.0),Municipal waste by waste management operations,A,Annual,TRT,Waste treatment,THS_T,Thousand tonnes,EU27_2020,European Union - 27 countries (from 2020),2014,,207704,,,,,
dataflow,ESTAT:ENV_WASMUN(1.0),Municipal waste by waste management operations,A,Annual,TRT,Waste treatment,THS_T,Thousand tonnes,EU27_2020,European Union - 27 countries (from 2020),2015,,209326,,,,,
dataflow,ESTAT:ENV_WASMUN(1.0),Municipal waste by waste management operations,A,Annual,TRT,Waste treatment,THS_T,Thousand tonnes,EU27_2020,European Union - 27 countries (from 2020),2016,,215635,,,,,
dataflow,ESTAT:ENV_WASMUN(1.0),Municipal waste by waste management operations,A,Annual,TRT,Waste treatment,THS_T,Thousand tonnes,EU27_2020,European Union - 27 countries (from 2020),2017,,218547,,,,,
dataflow,ESTAT:ENV_WASMUN(1.0),Municipal waste by waste management operations,A,Annual,TRT,Waste treatment,THS_T,Thousand tonnes,EU27_2020,European Union - 27 countries (from 2020),2018,,218035,,i,value imputed by Eurostat or other receiving agencies,,
dataflow,ESTAT:ENV_WASMUN(1.0),Municipal waste by waste management operations,A,Annual,TRT,Waste treatment,THS_T,Thousand tonnes,EU27_2020,European Union - 27 countries (from 2020),2019,,220447,,i,value imputed by Eurostat or other receiving agencies,,
dataflow,ESTAT:ENV_WASMUN(1.0),Municipal waste by waste management operations,A,Annual,TRT,Waste treatment,THS_T,Thousand tonnes,EU27_2020,European Union - 27 countries (from 2020),2020,,228851,,,,,
dataflow,ESTAT:ENV_WASMUN(1.0),Municipal waste by waste management operations,A,Annual,TRT,Waste treatment,THS_T,Thousand tonnes,EU27_2020,European Union - 27 countries (from 2020),2021,,234836,,i,value imputed by Eurostat or other receiving agencies,,
dataflow,ESTAT:ENV_WASMUN(1.0),Municipal waste by waste management operations,A,Annual,TRT,Waste treatment,THS_T,Thousand tonnes,EU27_2020,European Union - 27 countries (from 2020),2022,,224546,,i,value imputed by Eurostat or other receiving agencies,,
dataflow,ESTAT:ENV_WASMUN(1.0),Municipal waste by waste management operations,A,Annual,TRT,Waste treatment,THS_T,Thousand tonnes,EU27_2020,European Union - 27 countries (from 2020),2023,,220517,,i,value imputed by Eurostat or other receiving agencies,,
dataflow,ESTAT:ENV_WASMUN(1.0),Municipal waste by waste management operations,A,Annual,TRT,Waste treatment,THS_T,Thousand tonnes,FI,Finland,1995,,2075,,,,,
dataflow,ESTAT:ENV_WASMUN(1.0),Municipal waste by waste management operations,A,Annual,TRT,Waste treatment,THS_T,Thousand tonnes,FI,Finland,1996,,2111,,,,,
dataflow,ESTAT:ENV_WASMUN(1.0),Municipal waste by waste management operations,A,Annual,TRT,Waste treatment,THS_T,Thousand tonnes,FI,Finland,1997,,2330,,,,,
dataflow,ESTAT:ENV_WASMUN(1.0),Municipal waste by waste management operations,A,Annual,TRT,Waste treatment,THS_T,Thousand tonnes,FI,Finland,1998,,2464,,,,,
dataflow,ESTAT:ENV_WASMUN(1.0),Municipal waste by waste management operations,A,Annual,TRT,Waste treatment,THS_T,Thousand tonnes,FI,Finland,1999,,2482,,,,,
dataflow,ESTAT:ENV_WASMUN(1.0),Municipal waste by waste management operations,A,Annual,TRT,Waste treatment,THS_T,Thousand tonnes,FI,Finland,2000,,2724,,,,,
dataflow,ESTAT:ENV_WASMUN(1.0),Municipal waste by waste management operations,A,Annual,TRT,Waste treatment,THS_T,Thousand tonnes,FI,Finland,2001,,2499,,,,,
dataflow,ESTAT:ENV_WASMUN(1.0),Municipal waste by waste management operations,A,Annual,TRT,Waste treatment,THS_T,Thousand tonnes,FI,Finland,2002,,2503,,,,,
dataflow,ESTAT:ENV_WASMUN(1.0),Municipal waste by waste management operations,A,Annual,TRT,Waste treatment,THS_T,Thousand tonnes,FI,Finland,2003,,2517,,,,,
dataflow,ESTAT:ENV_WASMUN(1.0),Municipal waste by waste management operations,A,Annual,TRT,Waste treatment,THS_T,Thousand tonnes,FI,Finland,2004,,2532,,,,,
dataflow,ESTAT:ENV_WASMUN(1.0),Municipal waste by waste management operations,A,Annual,TRT,Waste treatment,THS_T,Thousand tonnes,FI,Finland,2005,,2547,,,,,
dataflow,ESTAT:ENV_WASMUN(1.0),Municipal waste by waste management operations,A,Annual,TRT,Waste treatment,THS_T,Thousand tonnes,FI,Finland,2006,,2600,,,,,
dataflow,ESTAT:ENV_WASMUN(1.0),Municipal waste by waste management operations,A,Annual,TRT,Waste treatment,THS_T,Thousand tonnes,FI,Finland,2007,,2675,,,,,
dataflow,ESTAT:ENV_WASMUN(1.0),Municipal waste by waste management operations,A,Annual,TRT,Waste treatment,THS_T,Thousand tonnes,FI,Finland,2008,,2832,,,,,
dataflow,ESTAT:ENV_WASMUN(1.0),Municipal waste by waste management operations,A,Annual,TRT,Waste treatment,THS_T,Thousand tonnes,FI,Finland,2009,,2562,,,,,
dataflow,ESTAT:ENV_WASMUN(1.0),Municipal waste by waste management operations,A,Annual,TRT,Waste treatment,THS_T,Thousand tonnes,FI,Finland,2010,,2519,,,,,
dataflow,ESTAT:ENV_WASMUN(1.0),Municipal waste by waste management operations,A,Annual,TRT,Waste treatment,THS_T,Thousand tonnes,FI,Finland,2011,,2718,,,,,
dataflow,ESTAT:ENV_WASMUN(1.0),Municipal waste by waste management operations,A,Annual,TRT,Waste treatment,THS_T,Thousand tonnes,FI,Finland,2012,,2738,,,,,
dataflow,ESTAT:ENV_WASMUN(1.0),Municipal waste by waste management operations,A,Annual,TRT,Waste treatment,THS_T,Thousand tonnes,FI,Finland,2013,,2682,,,,,
dataflow,ESTAT:ENV_WASMUN(1.0),Municipal waste by waste management operations,A,Annual,TRT,Waste treatment,THS_T,Thousand tonnes,FI,Finland,2014,,2630,,,,,
dataflow,ESTAT:ENV_WASMUN(1.0),Municipal waste by waste management operations,A,Annual,TRT,Waste treatment,THS_T,Thousand tonnes,FI,Finland,2015,,2738,,,,,
dataflow,ESTAT:ENV_WASMUN(1.0),Municipal waste by waste management operations,A,Annual,TRT,Waste treatment,THS_T,Thousand tonnes,FI,Finland,2016,,2768,,,,,
dataflow,ESTAT:ENV_WASMUN(1.0),Municipal waste by waste management operations,A,Annual,TRT,Waste treatment,THS_T,Thousand tonnes,FI,Finland,2017,,2812,,,,,
dataflow,ESTAT:ENV_WASMUN(1.0),Municipal waste by waste management operations,A,Annual,TRT,Waste treatment,THS_T,Thousand tonnes,FI,Finland,2018,,3041,,,,,
dataflow,ESTAT:ENV_WASMUN(1.0),Municipal waste by waste management operations,A,Annual,TRT,Waste treatment,THS_T,Thousand tonnes,FI,Finland,2019,,3123,,,,,
dataflow,ESTAT:ENV_WASMUN(1.0),Municipal waste by waste management operations,A,Annual,TRT,Waste treatment,THS_T,Thousand tonnes,FI,Finland,2020,,3370,,,,,
dataflow,ESTAT:ENV_WASMUN(1.0),Municipal waste by waste management operations,A,Annual,TRT,Waste treatment,THS_T,Thousand tonnes,FI,Finland,2021,,3491,,,,,
dataflow,ESTAT:ENV_WASMUN(1.0),Municipal waste by waste management operations,A,Annual,TRT,Waste treatment,THS_T,Thousand tonnes,FI,Finland,2022,,2898,,,,,
dataflow,ESTAT:ENV_WASMUN(1.0),Municipal waste by waste management operations,A,Annual,TRT,Waste treatment,THS_T,Thousand tonnes,FI,Finland,2023,,2612,,,,,
dataflow,ESTAT:ENV_WASMUN(1.0),Municipal waste by waste management operations,A,Annual,TRT,Waste treatment,THS_T,Thousand tonnes,FR,France,1995,,28253,,,,,
dataflow,ESTAT:ENV_WASMUN(1.0),Municipal waste by waste management operations,A,Annual,TRT,Waste treatment,THS_T,Thousand tonnes,FR,France,1996,,28950,,,,,
dataflow,ESTAT:ENV_WASMUN(1.0),Municipal waste by waste management operations,A,Annual,TRT,Waste treatment,THS_T,Thousand tonnes,FR,France,1997,,29677,,,,,
dataflow,ESTAT:ENV_WASMUN(1.0),Municipal waste by waste management operations,A,Annual,TRT,Waste treatment,THS_T,Thousand tonnes,FR,France,1998,,30449,,,,,
dataflow,ESTAT:ENV_WASMUN(1.0),Municipal waste by waste management operations,A,Annual,TRT,Waste treatment,THS_T,Thousand tonnes,FR,France,1999,,30612,,,,,
dataflow,ESTAT:ENV_WASMUN(1.0),Municipal waste by waste management operations,A,Annual,TRT,Waste treatment,THS_T,Thousand tonnes,FR,France,2000,,31232,,,,,
dataflow,ESTAT:ENV_WASMUN(1.0),Municipal waste by waste management operations,A,Annual,TRT,Waste treatment,THS_T,Thousand tonnes,FR,France,2001,,32198,,,,,
dataflow,ESTAT:ENV_WASMUN(1.0),Municipal waste by waste management operations,A,Annual,TRT,Waste treatment,THS_T,Thousand tonnes,FR,France,2002,,32684,,,,,
dataflow,ESTAT:ENV_WASMUN(1.0),Municipal waste by waste management operations,A,Annual,TRT,Waste treatment,THS_T,Thousand tonnes,FR,France,2003,,31400,,,,,
dataflow,ESTAT:ENV_WASMUN(1.0),Municipal waste by waste management operations,A,Annual,TRT,Waste treatment,THS_T,Thousand tonnes,FR,France,2004,,32444,,,,,
dataflow,ESTAT:ENV_WASMUN(1.0),Municipal waste by waste management operations,A,Annual,TRT,Waste treatment,THS_T,Thousand tonnes,FR,France,2005,,33347,,,,,
dataflow,ESTAT:ENV_WASMUN(1.0),Municipal waste by waste management operations,A,Annual,TRT,Waste treatment,THS_T,Thousand tonnes,FR,France,2006,,33962,,e,estimated,,
dataflow,ESTAT:ENV_WASMUN(1.0),Municipal waste by waste management operations,A,Annual,TRT,Waste treatment,THS_T,Thousand tonnes,FR,France,2007,,34577,,,,,
dataflow,ESTAT:ENV_WASMUN(1.0),Municipal waste by waste management operations,A,Annual,TRT,Waste treatment,THS_T,Thousand tonnes,FR,France,2008,,34501,,e,estimated,,
dataflow,ESTAT:ENV_WASMUN(1.0),Municipal waste by waste management operations,A,Annual,TRT,Waste treatment,THS_T,Thousand tonnes,FR,France,2009,,34426,,,,,
dataflow,ESTAT:ENV_WASMUN(1.0),Municipal waste by waste management operations,A,Annual,TRT,Waste treatment,THS_T,Thousand tonnes,FR,France,2010,,34609,,e,estimated,,
dataflow,ESTAT:ENV_WASMUN(1.0),Municipal waste by waste management operations,A,Annual,TRT,Waste treatment,THS_T,Thousand tonnes,FR,France,2011,,34790,,,,,
dataflow,ESTAT:ENV_WASMUN(1.0),Municipal waste by waste management operations,A,Annual,TRT,Waste treatment,THS_T,Thousand tonnes,FR,France,2012,,34484,,e,estimated,,
dataflow,ESTAT:ENV_WASMUN(1.0),Municipal waste by waste management operations,A,Annual,TRT,Waste treatment,THS_T,Thousand tonnes,FR,France,2013,,34176,,,,,
dataflow,ESTAT:ENV_WASMUN(1.0),Municipal waste by waste management operations,A,Annual,TRT,Waste treatment,THS_T,Thousand tonnes,FR,France,2014,,34260,,e,estimated,,
dataflow,ESTAT:ENV_WASMUN(1.0),Municipal waste by waste management operations,A,Annual,TRT,Waste treatment,THS_T,Thousand tonnes,FR,France,2015,,34344,,,,,
dataflow,ESTAT:ENV_WASMUN(1.0),Municipal waste by waste management operations,A,Annual,TRT,Waste treatment,THS_T,Thousand tonnes,FR,France,2016,,36930,,e,estimated,,
dataflow,ESTAT:ENV_WASMUN(1.0),Municipal waste by waste management operations,A,Annual,TRT,Waste treatment,THS_T,Thousand tonnes,FR,France,2017,,37339,,e,estimated,,
dataflow,ESTAT:ENV_WASMUN(1.0),Municipal waste by waste management operations,A,Annual,TRT,Waste treatment,THS_T,Thousand tonnes,FR,France,2018,,36603,,e,estimated,,
dataflow,ESTAT:ENV_WASMUN(1.0),Municipal waste by waste management operations,A,Annual,TRT,Waste treatment,THS_T,Thousand tonnes,FR,France,2019,,36566,,e,estimated,,
dataflow,ESTAT:ENV_WASMUN(1.0),Municipal waste by waste management operations,A,Annual,TRT,Waste treatment,THS_T,Thousand tonnes,FR,France,2020,,36176,,e,estimated,,
dataflow,ESTAT:ENV_WASMUN(1.0),Municipal waste by waste management operations,A,Annual,TRT,Waste treatment,THS_T,Thousand tonnes,FR,France,2021,,38012,,,,,
dataflow,ESTAT:ENV_WASMUN(1.0),Municipal waste by waste management operations,A,Annual,TRT,Waste treatment,THS_T,Thousand tonnes,FR,France,2022,,34804,,ep,"estimated, provisional",,
dataflow,ESTAT:ENV_WASMUN(1.0),Municipal waste by waste management operations,A,Annual,TRT,Waste treatment,THS_T,Thousand tonnes,FR,France,2023,,34556,,ep,"estimated, provisional",,
dataflow,ESTAT:ENV_WASMUN(1.0),Municipal waste by waste management operations,A,Annual,TRT,Waste treatment,THS_T,Thousand tonnes,HR,Croatia,2006,,1221,,,,,
dataflow,ESTAT:ENV_WASMUN(1.0),Municipal waste by waste management operations,A,Annual,TRT,Waste treatment,THS_T,Thousand tonnes,HR,Croatia,2007,,1704,,,,,
dataflow,ESTAT:ENV_WASMUN(1.0),Municipal waste by waste management operations,A,Annual,TRT,Waste treatment,THS_T,Thousand tonnes,HR,Croatia,2008,,1780,,,,,
dataflow,ESTAT:ENV_WASMUN(1.0),Municipal waste by waste management operations,A,Annual,TRT,Waste treatment,THS_T,Thousand tonnes,HR,Croatia,2009,,1732,,,,,
dataflow,ESTAT:ENV_WASMUN(1.0),Municipal waste by waste management operations,A,Annual,TRT,Waste treatment,THS_T,Thousand tonnes,HR,Croatia,2010,,1604,,,,,
dataflow,ESTAT:ENV_WASMUN(1.0),Municipal waste by waste management operations,A,Annual,TRT,Waste treatment,THS_T,Thousand tonnes,HR,Croatia,2011,,1633,,,,,
dataflow,ESTAT:ENV_WASMUN(1.0),Municipal waste by waste management operations,A,Annual,TRT,Waste treatment,THS_T,Thousand tonnes,HR,Croatia,2012,,1627,,,,,
dataflow,ESTAT:ENV_WASMUN(1.0),Municipal waste by waste management operations,A,Annual,TRT,Waste treatment,THS_T,Thousand tonnes,HR,Croatia,2013,,1671,,,,,
dataflow,ESTAT:ENV_WASMUN(1.0),Municipal waste by waste management operations,A,Annual,TRT,Waste treatment,THS_T,Thousand tonnes,HR,Croatia,2014,,1582,,,,,
dataflow,ESTAT:ENV_WASMUN(1.0),Municipal waste by waste management operations,A,Annual,TRT,Waste treatment,THS_T,Thousand tonnes,HR,Croatia,2015,,1617,,,,,
dataflow,ESTAT:ENV_WASMUN(1.0),Municipal waste by waste management operations,A,Annual,TRT,Waste treatment,THS_T,Thousand tonnes,HR,Croatia,2016,,1642,,,,,
dataflow,ESTAT:ENV_WASMUN(1.0),Municipal waste by waste management operations,A,Annual,TRT,Waste treatment,THS_T,Thousand tonnes,HR,Croatia,2017,,1649,,,,,
dataflow,ESTAT:ENV_WASMUN(1.0),Municipal waste by waste management operations,A,Annual,TRT,Waste treatment,THS_T,Thousand tonnes,HR,Croatia,2018,,1619,,,,,
dataflow,ESTAT:ENV_WASMUN(1.0),Municipal waste by waste management operations,A,Annual,TRT,Waste treatment,THS_T,Thousand tonnes,HR,Croatia,2019,,1621,,,,,
dataflow,ESTAT:ENV_WASMUN(1.0),Municipal waste by waste management operations,A,Annual,TRT,Waste treatment,THS_T,Thousand tonnes,HR,Croatia,2020,,1525,,,,,
dataflow,ESTAT:ENV_WASMUN(1.0),Municipal waste by waste management operations,A,Annual,TRT,Waste treatment,THS_T,Thousand tonnes,HR,Croatia,2021,,1590,,,,,
dataflow,ESTAT:ENV_WASMUN(1.0),Municipal waste by waste management operations,A,Annual,TRT,Waste treatment,THS_T,Thousand tonnes,HR,Croatia,2022,,1659,,,,,
dataflow,ESTAT:ENV_WASMUN(1.0),Municipal waste by waste management operations,A,Annual,TRT,Waste treatment,THS_T,Thousand tonnes,HR,Croatia,2023,,1641,,,,,
dataflow,ESTAT:ENV_WASMUN(1.0),Municipal waste by waste management operations,A,Annual,TRT,Waste treatment,THS_T,Thousand tonnes,HU,Hungary,1995,,3887,,,,,
dataflow,ESTAT:ENV_WASMUN(1.0),Municipal waste by waste management operations,A,Annual,TRT,Waste treatment,THS_T,Thousand tonnes,HU,Hungary,1996,,4101,,,,,
dataflow,ESTAT:ENV_WASMUN(1.0),Municipal waste by waste management operations,A,Annual,TRT,Waste treatment,THS_T,Thousand tonnes,HU,Hungary,1997,,4339,,,,,
dataflow,ESTAT:ENV_WASMUN(1.0),Municipal waste by waste management operations,A,Annual,TRT,Waste treatment,THS_T,Thousand tonnes,HU,Hungary,1998,,4372,,,,,
dataflow,ESTAT:ENV_WASMUN(1.0),Municipal waste by waste management operations,A,Annual,TRT,Waste treatment,THS_T,Thousand tonnes,HU,Hungary,1999,,4455,,,,,
dataflow,ESTAT:ENV_WASMUN(1.0),Municipal waste by waste management operations,A,Annual,TRT,Waste treatment,THS_T,Thousand tonnes,HU,Hungary,2000,,4157,,,,,
dataflow,ESTAT:ENV_WASMUN(1.0),Municipal waste by waste management operations,A,Annual,TRT,Waste treatment,THS_T,Thousand tonnes,HU,Hungary,2001,,4123,,,,,
dataflow,ESTAT:ENV_WASMUN(1.0),Municipal waste by waste management operations,A,Annual,TRT,Waste treatment,THS_T,Thousand tonnes,HU,Hungary,2002,,4243,,,,,
dataflow,ESTAT:ENV_WASMUN(1.0),Municipal waste by waste management operations,A,Annual,TRT,Waste treatment,THS_T,Thousand tonnes,HU,Hungary,2003,,4376,,,,,
dataflow,ESTAT:ENV_WASMUN(1.0),Municipal waste by waste management operations,A,Annual,TRT,Waste treatment,THS_T,Thousand tonnes,HU,Hungary,2004,,4552,,b,break in time series,,
dataflow,ESTAT:ENV_WASMUN(1.0),Municipal waste by waste management operations,A,Annual,TRT,Waste treatment,THS_T,Thousand tonnes,HU,Hungary,2005,,4606,,,,,
dataflow,ESTAT:ENV_WASMUN(1.0),Municipal waste by waste management operations,A,Annual,TRT,Waste treatment,THS_T,Thousand tonnes,HU,Hungary,2006,,4671,,,,,
dataflow,ESTAT:ENV_WASMUN(1.0),Municipal waste by waste management operations,A,Annual,TRT,Waste treatment,THS_T,Thousand tonnes,HU,Hungary,2007,,4365,,,,,
dataflow,ESTAT:ENV_WASMUN(1.0),Municipal waste by waste management operations,A,Annual,TRT,Waste treatment,THS_T,Thousand tonnes,HU,Hungary,2008,,4426,,,,,
dataflow,ESTAT:ENV_WASMUN(1.0),Municipal waste by waste management operations,A,Annual,TRT,Waste treatment,THS_T,Thousand tonnes,HU,Hungary,2009,,4284,,,,,
dataflow,ESTAT:ENV_WASMUN(1.0),Municipal waste by waste management operations,A,Annual,TRT,Waste treatment,THS_T,Thousand tonnes,HU,Hungary,2010,,4033,,,,,
dataflow,ESTAT:ENV_WASMUN(1.0),Municipal waste by waste management operations,A,Annual,TRT,Waste treatment,THS_T,Thousand tonnes,HU,Hungary,2011,,3809,,,,,
dataflow,ESTAT:ENV_WASMUN(1.0),Municipal waste by waste management operations,A,Annual,TRT,Waste treatment,THS_T,Thousand tonnes,HU,Hungary,2012,,3988,,,,,
dataflow,ESTAT:ENV_WASMUN(1.0),Municipal waste by waste management operations,A,Annual,TRT,Waste treatment,THS_T,Thousand tonnes,HU,Hungary,2013,,3738,,,,,
dataflow,ESTAT:ENV_WASMUN(1.0),Municipal waste by waste management operations,A,Annual,TRT,Waste treatment,THS_T,Thousand tonnes,HU,Hungary,2014,,3713,,,,,
dataflow,ESTAT:ENV_WASMUN(1.0),Municipal waste by waste management operations,A,Annual,TRT,Waste treatment,THS_T,Thousand tonnes,HU,Hungary,2015,,3710,,,,,
dataflow,ESTAT:ENV_WASMUN(1.0),Municipal waste by waste management operations,A,Annual,TRT,Waste treatment,THS_T,Thousand tonnes,HU,Hungary,2016,,3734,,,,,
dataflow,ESTAT:ENV_WASMUN(1.0),Municipal waste by waste management operations,A,Annual,TRT,Waste treatment,THS_T,Thousand tonnes,HU,Hungary,2017,,3752,,,,,
dataflow,ESTAT:ENV_WASMUN(1.0),Municipal waste by waste management operations,A,Annual,TRT,Waste treatment,THS_T,Thousand tonnes,HU,Hungary,2018,,3746,,,,,
dataflow,ESTAT:ENV_WASMUN(1.0),Municipal waste by waste management operations,A,Annual,TRT,Waste treatment,THS_T,Thousand tonnes,HU,Hungary,2019,,3791,,,,,
dataflow,ESTAT:ENV_WASMUN(1.0),Municipal waste by waste management operations,A,Annual,TRT,Waste treatment,THS_T,Thousand tonnes,HU,Hungary,2020,,3931,,,,,
dataflow,ESTAT:ENV_WASMUN(1.0),Municipal waste by waste management operations,A,Annual,TRT,Waste treatment,THS_T,Thousand tonnes,HU,Hungary,2021,,4042,,,,,
dataflow,ESTAT:ENV_WASMUN(1.0),Municipal waste by waste management operations,A,Annual,TRT,Waste treatment,THS_T,Thousand tonnes,HU,Hungary,2022,,3911,,,,,
dataflow,ESTAT:ENV_WASMUN(1.0),Municipal waste by waste management operations,A,Annual,TRT,Waste treatment,THS_T,Thousand tonnes,HU,Hungary,2023,,4115,,,,,
dataflow,ESTAT:ENV_WASMUN(1.0),Municipal waste by waste management operations,A,Annual,TRT,Waste treatment,THS_T,Thousand tonnes,IE,Ireland,1995,,1550,,,,,
dataflow,ESTAT:ENV_WASMUN(1.0),Municipal waste by waste management operations,A,Annual,TRT,Waste treatment,THS_T,Thousand tonnes,IE,Ireland,1996,,1648,,,,,
dataflow,ESTAT:ENV_WASMUN(1.0),Municipal waste by waste management operations,A,Annual,TRT,Waste treatment,THS_T,Thousand tonnes,IE,Ireland,1997,,1754,,,,,
dataflow,ESTAT:ENV_WASMUN(1.0),Municipal waste by waste management operations,A,Annual,TRT,Waste treatment,THS_T,Thousand tonnes,IE,Ireland,1998,,1934,,,,,
dataflow,ESTAT:ENV_WASMUN(1.0),Municipal waste by waste management operations,A,Annual,TRT,Waste treatment,THS_T,Thousand tonnes,IE,Ireland,1999,,2135,,,,,
dataflow,ESTAT:ENV_WASMUN(1.0),Municipal waste by waste management operations,A,Annual,TRT,Waste treatment,THS_T,Thousand tonnes,IE,Ireland,2000,,2364,,,,,
dataflow,ESTAT:ENV_WASMUN(1.0),Municipal waste by waste management operations,A,Annual,TRT,Waste treatment,THS_T,Thousand tonnes,IE,Ireland,2001,,2377,,,,,
dataflow,ESTAT:ENV_WASMUN(1.0),Municipal waste by waste management operations,A,Annual,TRT,Waste treatment,THS_T,Thousand tonnes,IE,Ireland,2002,,2464,,,,,
dataflow,ESTAT:ENV_WASMUN(1.0),Municipal waste by waste management operations,A,Annual,TRT,Waste treatment,THS_T,Thousand tonnes,IE,Ireland,2003,,2594,,,,,
dataflow,ESTAT:ENV_WASMUN(1.0),Municipal waste by waste management operations,A,Annual,TRT,Waste treatment,THS_T,Thousand tonnes,IE,Ireland,2004,,2704,,,,,
dataflow,ESTAT:ENV_WASMUN(1.0),Municipal waste by waste management operations,A,Annual,TRT,Waste treatment,THS_T,Thousand tonnes,IE,Ireland,2005,,2779,,,,,
dataflow,ESTAT:ENV_WASMUN(1.0),Municipal waste by waste management operations,A,Annual,TRT,Waste treatment,THS_T,Thousand tonnes,IE,Ireland,2006,,3100,,,,,
dataflow,ESTAT:ENV_WASMUN(1.0),Municipal waste by waste management operations,A,Annual,TRT,Waste treatment,THS_T,Thousand tonnes,IE,Ireland,2007,,3175,,,,,
dataflow,ESTAT:ENV_WASMUN(1.0),Municipal waste by waste management operations,A,Annual,TRT,Waste treatment,THS_T,Thousand tonnes,IE,Ireland,2008,,3104,,,,,
dataflow,ESTAT:ENV_WASMUN(1.0),Municipal waste by waste management operations,A,Annual,TRT,Waste treatment,THS_T,Thousand tonnes,IE,Ireland,2009,,2825,,,,,
dataflow,ESTAT:ENV_WASMUN(1.0),Municipal waste by waste management operations,A,Annual,TRT,Waste treatment,THS_T,Thousand tonnes,IE,Ireland,2010,,2622,,,,,
dataflow,ESTAT:ENV_WASMUN(1.0),Municipal waste by waste management operations,A,Annual,TRT,Waste treatment,THS_T,Thousand tonnes,IE,Ireland,2011,,2558,,,,,
dataflow,ESTAT:ENV_WASMUN(1.0),Municipal waste by waste management operations,A,Annual,TRT,Waste treatment,THS_T,Thousand tonnes,IE,Ireland,2012,,2439,,,,,
dataflow,ESTAT:ENV_WASMUN(1.0),Municipal waste by waste management operations,A,Annual,TRT,Waste treatment,THS_T,Thousand tonnes,IE,Ireland,2014,,2473,,,,,
dataflow,ESTAT:ENV_WASMUN(1.0),Municipal waste by waste management operations,A,Annual,TRT,Waste treatment,THS_T,Thousand tonnes,IE,Ireland,2016,,2718,,,,,
dataflow,ESTAT:ENV_WASMUN(1.0),Municipal waste by waste management operations,A,Annual,TRT,Waste treatment,THS_T,Thousand tonnes,IE,Ireland,2017,,2724,,,,,
dataflow,ESTAT:ENV_WASMUN(1.0),Municipal waste by waste management operations,A,Annual,TRT,Waste treatment,THS_T,Thousand tonnes,IE,Ireland,2018,,2865,,,,,
dataflow,ESTAT:ENV_WASMUN(1.0),Municipal waste by waste management operations,A,Annual,TRT,Waste treatment,THS_T,Thousand tonnes,IE,Ireland,2019,,3037,,b,break in time series,,
dataflow,ESTAT:ENV_WASMUN(1.0),Municipal waste by waste management operations,A,Annual,TRT,Waste treatment,THS_T,Thousand tonnes,IE,Ireland,2020,,3181,,b,break in time series,,
dataflow,ESTAT:ENV_WASMUN(1.0),Municipal waste by waste management operations,A,Annual,TRT,Waste treatment,THS_T,Thousand tonnes,IS,Iceland,1995,,120,,,,,
dataflow,ESTAT:ENV_WASMUN(1.0),Municipal waste by waste management operations,A,Annual,TRT,Waste treatment,THS_T,Thousand tonnes,IS,Iceland,1996,,119,,,,,
dataflow,ESTAT:ENV_WASMUN(1.0),Municipal waste by waste management operations,A,Annual,TRT,Waste treatment,THS_T,Thousand tonnes,IS,Iceland,1997,,118,,,,,
dataflow,ESTAT:ENV_WASMUN(1.0),Municipal waste by waste management operations,A,Annual,TRT,Waste treatment,THS_T,Thousand tonnes,IS,Iceland,1998,,122,,,,,
dataflow,ESTAT:ENV_WASMUN(1.0),Municipal waste by waste management operations,A,Annual,TRT,Waste treatment,THS_T,Thousand tonnes,IS,Iceland,1999,,127,,,,,
dataflow,ESTAT:ENV_WASMUN(1.0),Municipal waste by waste management operations,A,Annual,TRT,Waste treatment,THS_T,Thousand tonnes,IS,Iceland,2000,,135,,,,,
dataflow,ESTAT:ENV_WASMUN(1.0),Municipal waste by waste management operations,A,Annual,TRT,Waste treatment,THS_T,Thousand tonnes,IS,Iceland,2001,,132,,,,,
dataflow,ESTAT:ENV_WASMUN(1.0),Municipal waste by waste management operations,A,Annual,TRT,Waste treatment,THS_T,Thousand tonnes,IS,Iceland,2002,,135,,,,,
dataflow,ESTAT:ENV_WASMUN(1.0),Municipal waste by waste management operations,A,Annual,TRT,Waste treatment,THS_T,Thousand tonnes,IS,Iceland,2003,,141,,,,,
dataflow,ESTAT:ENV_WASMUN(1.0),Municipal waste by waste management operations,A,Annual,TRT,Waste treatment,THS_T,Thousand tonnes,IS,Iceland,2004,,144,,,,,
dataflow,ESTAT:ENV_WASMUN(1.0),Municipal waste by waste management operations,A,Annual,TRT,Waste treatment,THS_T,Thousand tonnes,IS,Iceland,2005,,121,,,,,
dataflow,ESTAT:ENV_WASMUN(1.0),Municipal waste by waste management operations,A,Annual,TRT,Waste treatment,THS_T,Thousand tonnes,IS,Iceland,2006,,130,,,,,
dataflow,ESTAT:ENV_WASMUN(1.0),Municipal waste by waste management operations,A,Annual,TRT,Waste treatment,THS_T,Thousand tonnes,IS,Iceland,2007,,134,,,,,
dataflow,ESTAT:ENV_WASMUN(1.0),Municipal waste by waste management operations,A,Annual,TRT,Waste treatment,THS_T,Thousand tonnes,IS,Iceland,2008,,208,,,,,
dataflow,ESTAT:ENV_WASMUN(1.0),Municipal waste by waste management operations,A,Annual,TRT,Waste treatment,THS_T,Thousand tonnes,IS,Iceland,2009,,132,,,,,
dataflow,ESTAT:ENV_WASMUN(1.0),Municipal waste by waste management operations,A,Annual,TRT,Waste treatment,THS_T,Thousand tonnes,IS,Iceland,2010,,154,,,,,
dataflow,ESTAT:ENV_WASMUN(1.0),Municipal waste by waste management operations,A,Annual,TRT,Waste treatment,THS_T,Thousand tonnes,IS,Iceland,2011,,158,,,,,
dataflow,ESTAT:ENV_WASMUN(1.0),Municipal waste by waste management operations,A,Annual,TRT,Waste treatment,THS_T,Thousand tonnes,IS,Iceland,2012,,165,,,,,
dataflow,ESTAT:ENV_WASMUN(1.0),Municipal waste by waste management operations,A,Annual,TRT,Waste treatment,THS_T,Thousand tonnes,IS,Iceland,2013,,166,,,,,
dataflow,ESTAT:ENV_WASMUN(1.0),Municipal waste by waste management operations,A,Annual,TRT,Waste treatment,THS_T,Thousand tonnes,IS,Iceland,2014,,175,,,,,
dataflow,ESTAT:ENV_WASMUN(1.0),Municipal waste by waste management operations,A,Annual,TRT,Waste treatment,THS_T,Thousand tonnes,IS,Iceland,2015,,175,,,,,
dataflow,ESTAT:ENV_WASMUN(1.0),Municipal waste by waste management operations,A,Annual,TRT,Waste treatment,THS_T,Thousand tonnes,IS,Iceland,2016,,220,,,,,
dataflow,ESTAT:ENV_WASMUN(1.0),Municipal waste by waste management operations,A,Annual,TRT,Waste treatment,THS_T,Thousand tonnes,IS,Iceland,2017,,225,,,,,
dataflow,ESTAT:ENV_WASMUN(1.0),Municipal waste by waste management operations,A,Annual,TRT,Waste treatment,THS_T,Thousand tonnes,IS,Iceland,2018,,247,,,,,
dataflow,ESTAT:ENV_WASMUN(1.0),Municipal waste by waste management operations,A,Annual,TRT,Waste treatment,THS_T,Thousand tonnes,IS,Iceland,2020,,225,,,,,
dataflow,ESTAT:ENV_WASMUN(1.0),Municipal waste by waste management operations,A,Annual,TRT,Waste treatment,THS_T,Thousand tonnes,IS,Iceland,2021,,246,,,,,
dataflow,ESTAT:ENV_WASMUN(1.0),Municipal waste by waste management operations,A,Annual,TRT,Waste treatment,THS_T,Thousand tonnes,IS,Iceland,2022,,227,,,,,
dataflow,ESTAT:ENV_WASMUN(1.0),Municipal waste by waste management operations,A,Annual,TRT,Waste treatment,THS_T,Thousand tonnes,IT,Italy,1995,,26607,,,,,
dataflow,ESTAT:ENV_WASMUN(1.0),Municipal waste by waste management operations,A,Annual,TRT,Waste treatment,THS_T,Thousand tonnes,IT,Italy,1996,,24483,,,,,
dataflow,ESTAT:ENV_WASMUN(1.0),Municipal waste by waste management operations,A,Annual,TRT,Waste treatment,THS_T,Thousand tonnes,IT,Italy,1997,,25499,,,,,
dataflow,ESTAT:ENV_WASMUN(1.0),Municipal waste by waste management operations,A,Annual,TRT,Waste treatment,THS_T,Thousand tonnes,IT,Italy,1998,,25675,,,,,
dataflow,ESTAT:ENV_WASMUN(1.0),Municipal waste by waste management operations,A,Annual,TRT,Waste treatment,THS_T,Thousand tonnes,IT,Italy,1999,,27302,,,,,
dataflow,ESTAT:ENV_WASMUN(1.0),Municipal waste by waste management operations,A,Annual,TRT,Waste treatment,THS_T,Thousand tonnes,IT,Italy,2000,,28279,,,,,
dataflow,ESTAT:ENV_WASMUN(1.0),Municipal waste by waste management operations,A,Annual,TRT,Waste treatment,THS_T,Thousand tonnes,IT,Italy,2001,,27668,,,,,
dataflow,ESTAT:ENV_WASMUN(1.0),Municipal waste by waste management operations,A,Annual,TRT,Waste treatment,THS_T,Thousand tonnes,IT,Italy,2002,,25840,,,,,
dataflow,ESTAT:ENV_WASMUN(1.0),Municipal waste by waste management operations,A,Annual,TRT,Waste treatment,THS_T,Thousand tonnes,IT,Italy,2003,,25956,,,,,
dataflow,ESTAT:ENV_WASMUN(1.0),Municipal waste by waste management operations,A,Annual,TRT,Waste treatment,THS_T,Thousand tonnes,IT,Italy,2004,,26626,,,,,
dataflow,ESTAT:ENV_WASMUN(1.0),Municipal waste by waste management operations,A,Annual,TRT,Waste treatment,THS_T,Thousand tonnes,IT,Italy,2005,,26810,,,,,
dataflow,ESTAT:ENV_WASMUN(1.0),Municipal waste by waste management operations,A,Annual,TRT,Waste treatment,THS_T,Thousand tonnes,IT,Italy,2006,,27829,,,,,
dataflow,ESTAT:ENV_WASMUN(1.0),Municipal waste by waste management operations,A,Annual,TRT,Waste treatment,THS_T,Thousand tonnes,IT,Italy,2007,,29076,,,,,
dataflow,ESTAT:ENV_WASMUN(1.0),Municipal waste by waste management operations,A,Annual,TRT,Waste treatment,THS_T,Thousand tonnes,IT,Italy,2008,,28178,,,,,
dataflow,ESTAT:ENV_WASMUN(1.0),Municipal waste by waste management operations,A,Annual,TRT,Waste treatment,THS_T,Thousand tonnes,IT,Italy,2009,,29840,,,,,
dataflow,ESTAT:ENV_WASMUN(1.0),Municipal waste by waste management operations,A,Annual,TRT,Waste treatment,THS_T,Thousand tonnes,IT,Italy,2010,,30505,,,,,
dataflow,ESTAT:ENV_WASMUN(1.0),Municipal waste by waste management operations,A,Annual,TRT,Waste treatment,THS_T,Thousand tonnes,IT,Italy,2011,,29928,,,,,
dataflow,ESTAT:ENV_WASMUN(1.0),Municipal waste by waste management operations,A,Annual,TRT,Waste treatment,THS_T,Thousand tonnes,IT,Italy,2012,,28765,,,,,
dataflow,ESTAT:ENV_WASMUN(1.0),Municipal waste by waste management operations,A,Annual,TRT,Waste treatment,THS_T,Thousand tonnes,IT,Italy,2013,,28538,,,,,
dataflow,ESTAT:ENV_WASMUN(1.0),Municipal waste by waste management operations,A,Annual,TRT,Waste treatment,THS_T,Thousand tonnes,IT,Italy,2014,,27537,,,,,
dataflow,ESTAT:ENV_WASMUN(1.0),Municipal waste by waste management operations,A,Annual,TRT,Waste treatment,THS_T,Thousand tonnes,IT,Italy,2015,,26926,,,,,
dataflow,ESTAT:ENV_WASMUN(1.0),Municipal waste by waste management operations,A,Annual,TRT,Waste treatment,THS_T,Thousand tonnes,IT,Italy,2016,,27374,,,,,
dataflow,ESTAT:ENV_WASMUN(1.0),Municipal waste by waste management operations,A,Annual,TRT,Waste treatment,THS_T,Thousand tonnes,IT,Italy,2017,,26948,,,,,
dataflow,ESTAT:ENV_WASMUN(1.0),Municipal waste by waste management operations,A,Annual,TRT,Waste treatment,THS_T,Thousand tonnes,IT,Italy,2018,,27488,,,,,
dataflow,ESTAT:ENV_WASMUN(1.0),Municipal waste by waste management operations,A,Annual,TRT,Waste treatment,THS_T,Thousand tonnes,IT,Italy,2019,,27607,,,,,
dataflow,ESTAT:ENV_WASMUN(1.0),Municipal waste by waste management operations,A,Annual,TRT,Waste treatment,THS_T,Thousand tonnes,IT,Italy,2020,,26304,,,,,
dataflow,ESTAT:ENV_WASMUN(1.0),Municipal waste by waste management operations,A,Annual,TRT,Waste treatment,THS_T,Thousand tonnes,IT,Italy,2021,,26751,,,,,
dataflow,ESTAT:ENV_WASMUN(1.0),Municipal waste by waste management operations,A,Annual,TRT,Waste treatment,THS_T,Thousand tonnes,IT,Italy,2022,,25936,,,,,
dataflow,ESTAT:ENV_WASMUN(1.0),Municipal waste by waste management operations,A,Annual,TRT,Waste treatment,THS_T,Thousand tonnes,LT,Lithuania,1995,,1546,,,,,
dataflow,ESTAT:ENV_WASMUN(1.0),Municipal waste by waste management operations,A,Annual,TRT,Waste treatment,THS_T,Thousand tonnes,LT,Lithuania,1996,,1445,,,,,
dataflow,ESTAT:ENV_WASMUN(1.0),Municipal waste by waste management operations,A,Annual,TRT,Waste treatment,THS_T,Thousand tonnes,LT,Lithuania,1997,,1510,,,,,
dataflow,ESTAT:ENV_WASMUN(1.0),Municipal waste by waste management operations,A,Annual,TRT,Waste treatment,THS_T,Thousand tonnes,LT,Lithuania,1998,,1578,,,,,
dataflow,ESTAT:ENV_WASMUN(1.0),Municipal waste by waste management operations,A,Annual,TRT,Waste treatment,THS_T,Thousand tonnes,LT,Lithuania,1999,,1236,,,,,
dataflow,ESTAT:ENV_WASMUN(1.0),Municipal waste by waste management operations,A,Annual,TRT,Waste treatment,THS_T,Thousand tonnes,LT,Lithuania,2000,,1209,,,,,
dataflow,ESTAT:ENV_WASMUN(1.0),Municipal waste by waste management operations,A,Annual,TRT,Waste treatment,THS_T,Thousand tonnes,LT,Lithuania,2001,,1169,,,,,
dataflow,ESTAT:ENV_WASMUN(1.0),Municipal waste by waste management operations,A,Annual,TRT,Waste treatment,THS_T,Thousand tonnes,LT,Lithuania,2002,,1119,,,,,
dataflow,ESTAT:ENV_WASMUN(1.0),Municipal waste by waste management operations,A,Annual,TRT,Waste treatment,THS_T,Thousand tonnes,LT,Lithuania,2003,,1136,,,,,
dataflow,ESTAT:ENV_WASMUN(1.0),Municipal waste by waste management operations,A,Annual,TRT,Waste treatment,THS_T,Thousand tonnes,LT,Lithuania,2004,,1177,,,,,
dataflow,ESTAT:ENV_WASMUN(1.0),Municipal waste by waste management operations,A,Annual,TRT,Waste treatment,THS_T,Thousand tonnes,LT,Lithuania,2005,,1198,,,,,
dataflow,ESTAT:ENV_WASMUN(1.0),Municipal waste by waste management operations,A,Annual,TRT,Waste treatment,THS_T,Thousand tonnes,LT,Lithuania,2006,,1237,,,,,
dataflow,ESTAT:ENV_WASMUN(1.0),Municipal waste by waste management operations,A,Annual,TRT,Waste treatment,THS_T,Thousand tonnes,LT,Lithuania,2007,,1347,,,,,
dataflow,ESTAT:ENV_WASMUN(1.0),Municipal waste by waste management operations,A,Annual,TRT,Waste treatment,THS_T,Thousand tonnes,LT,Lithuania,2008,,1353,,,,,
dataflow,ESTAT:ENV_WASMUN(1.0),Municipal waste by waste management operations,A,Annual,TRT,Waste treatment,THS_T,Thousand tonnes,LT,Lithuania,2009,,1196,,,,,
dataflow,ESTAT:ENV_WASMUN(1.0),Municipal waste by waste management operations,A,Annual,TRT,Waste treatment,THS_T,Thousand tonnes,LT,Lithuania,2010,,1143,,,,,
dataflow,ESTAT:ENV_WASMUN(1.0),Municipal waste by waste management operations,A,Annual,TRT,Waste treatment,THS_T,Thousand tonnes,LT,Lithuania,2011,,1309,,,,,
dataflow,ESTAT:ENV_WASMUN(1.0),Municipal waste by waste management operations,A,Annual,TRT,Waste treatment,THS_T,Thousand tonnes,LT,Lithuania,2012,,1283,,,,,
dataflow,ESTAT:ENV_WASMUN(1.0),Municipal waste by waste management operations,A,Annual,TRT,Waste treatment,THS_T,Thousand tonnes,LT,Lithuania,2013,,1246,,,,,
dataflow,ESTAT:ENV_WASMUN(1.0),Municipal waste by waste management operations,A,Annual,TRT,Waste treatment,THS_T,Thousand tonnes,LT,Lithuania,2014,,1247,,,,,
dataflow,ESTAT:ENV_WASMUN(1.0),Municipal waste by waste management operations,A,Annual,TRT,Waste treatment,THS_T,Thousand tonnes,LT,Lithuania,2015,,1283,,,,,
dataflow,ESTAT:ENV_WASMUN(1.0),Municipal waste by waste management operations,A,Annual,TRT,Waste treatment,THS_T,Thousand tonnes,LT,Lithuania,2016,,1211,,,,,
dataflow,ESTAT:ENV_WASMUN(1.0),Municipal waste by waste management operations,A,Annual,TRT,Waste treatment,THS_T,Thousand tonnes,LT,Lithuania,2017,,1275,,,,,
dataflow,ESTAT:ENV_WASMUN(1.0),Municipal waste by waste management operations,A,Annual,TRT,Waste treatment,THS_T,Thousand tonnes,LT,Lithuania,2018,,1167,,,,,
dataflow,ESTAT:ENV_WASMUN(1.0),Municipal waste by waste management operations,A,Annual,TRT,Waste treatment,THS_T,Thousand tonnes,LT,Lithuania,2019,,1159,,,,,
dataflow,ESTAT:ENV_WASMUN(1.0),Municipal waste by waste management operations,A,Annual,TRT,Waste treatment,THS_T,Thousand tonnes,LT,Lithuania,2020,,1197,,,,,
dataflow,ESTAT:ENV_WASMUN(1.0),Municipal waste by waste management operations,A,Annual,TRT,Waste treatment,THS_T,Thousand tonnes,LT,Lithuania,2021,,1290,,,,,
dataflow,ESTAT:ENV_WASMUN(1.0),Municipal waste by waste management operations,A,Annual,TRT,Waste treatment,THS_T,Thousand tonnes,LT,Lithuania,2022,,1324,,,,,
dataflow,ESTAT:ENV_WASMUN(1.0),Municipal waste by waste management operations,A,Annual,TRT,Waste treatment,THS_T,Thousand tonnes,LT,Lithuania,2023,,1266,,,,,
dataflow,ESTAT:ENV_WASMUN(1.0),Municipal waste by waste management operations,A,Annual,TRT,Waste treatment,THS_T,Thousand tonnes,LU,Luxembourg,1995,,240,,,,,
dataflow,ESTAT:ENV_WASMUN(1.0),Municipal waste by waste management operations,A,Annual,TRT,Waste treatment,THS_T,Thousand tonnes,LU,Luxembourg,1996,,242,,,,,
dataflow,ESTAT:ENV_WASMUN(1.0),Municipal waste by waste management operations,A,Annual,TRT,Waste treatment,THS_T,Thousand tonnes,LU,Luxembourg,1997,,253,,,,,
dataflow,ESTAT:ENV_WASMUN(1.0),Municipal waste by waste management operations,A,Annual,TRT,Waste treatment,THS_T,Thousand tonnes,LU,Luxembourg,1998,,266,,,,,
dataflow,ESTAT:ENV_WASMUN(1.0),Municipal waste by waste management operations,A,Annual,TRT,Waste treatment,THS_T,Thousand tonnes,LU,Luxembourg,1999,,278,,,,,
dataflow,ESTAT:ENV_WASMUN(1.0),Municipal waste by waste management operations,A,Annual,TRT,Waste treatment,THS_T,Thousand tonnes,LU,Luxembourg,2000,,285,,,,,
dataflow,ESTAT:ENV_WASMUN(1.0),Municipal waste by waste management operations,A,Annual,TRT,Waste treatment,THS_T,Thousand tonnes,LU,Luxembourg,2001,,285,,,,,
dataflow,ESTAT:ENV_WASMUN(1.0),Municipal waste by waste management operations,A,Annual,TRT,Waste treatment,THS_T,Thousand tonnes,LU,Luxembourg,2002,,291,,,,,
dataflow,ESTAT:ENV_WASMUN(1.0),Municipal waste by waste management operations,A,Annual,TRT,Waste treatment,THS_T,Thousand tonnes,LU,Luxembourg,2003,,306,,,,,
dataflow,ESTAT:ENV_WASMUN(1.0),Municipal waste by waste management operations,A,Annual,TRT,Waste treatment,THS_T,Thousand tonnes,LU,Luxembourg,2004,,311,,,,,
dataflow,ESTAT:ENV_WASMUN(1.0),Municipal waste by waste management operations,A,Annual,TRT,Waste treatment,THS_T,Thousand tonnes,LU,Luxembourg,2005,,313,,,,,
dataflow,ESTAT:ENV_WASMUN(1.0),Municipal waste by waste management operations,A,Annual,TRT,Waste treatment,THS_T,Thousand tonnes,LU,Luxembourg,2006,,323,,,,,
dataflow,ESTAT:ENV_WASMUN(1.0),Municipal waste by waste management operations,A,Annual,TRT,Waste treatment,THS_T,Thousand tonnes,LU,Luxembourg,2007,,333,,,,,
dataflow,ESTAT:ENV_WASMUN(1.0),Municipal waste by waste management operations,A,Annual,TRT,Waste treatment,THS_T,Thousand tonnes,LU,Luxembourg,2008,,341,,,,,
dataflow,ESTAT:ENV_WASMUN(1.0),Municipal waste by waste management operations,A,Annual,TRT,Waste treatment,THS_T,Thousand tonnes,LU,Luxembourg,2009,,338,,,,,
dataflow,ESTAT:ENV_WASMUN(1.0),Municipal waste by waste management operations,A,Annual,TRT,Waste treatment,THS_T,Thousand tonnes,LU,Luxembourg,2010,,344,,,,,
dataflow,ESTAT:ENV_WASMUN(1.0),Municipal waste by waste management operations,A,Annual,TRT,Waste treatment,THS_T,Thousand tonnes,LU,Luxembourg,2011,,345,,,,,
dataflow,ESTAT:ENV_WASMUN(1.0),Municipal waste by waste management operations,A,Annual,TRT,Waste treatment,THS_T,Thousand tonnes,LU,Luxembourg,2012,,346,,,,,
dataflow,ESTAT:ENV_WASMUN(1.0),Municipal waste by waste management operations,A,Annual,TRT,Waste treatment,THS_T,Thousand tonnes,LU,Luxembourg,2013,,335,,,,,
dataflow,ESTAT:ENV_WASMUN(1.0),Municipal waste by waste management operations,A,Annual,TRT,Waste treatment,THS_T,Thousand tonnes,LU,Luxembourg,2014,,348,,,,,
dataflow,ESTAT:ENV_WASMUN(1.0),Municipal waste by waste management operations,A,Annual,TRT,Waste treatment,THS_T,Thousand tonnes,LU,Luxembourg,2015,,346,,,,,
dataflow,ESTAT:ENV_WASMUN(1.0),Municipal waste by waste management operations,A,Annual,TRT,Waste treatment,THS_T,Thousand tonnes,LU,Luxembourg,2016,,474,,b,break in time series,,
dataflow,ESTAT:ENV_WASMUN(1.0),Municipal waste by waste management operations,A,Annual,TRT,Waste treatment,THS_T,Thousand tonnes,LU,Luxembourg,2017,,476,,,,,
dataflow,ESTAT:ENV_WASMUN(1.0),Municipal waste by waste management operations,A,Annual,TRT,Waste treatment,THS_T,Thousand tonnes,LU,Luxembourg,2018,,488,,,,,
dataflow,ESTAT:ENV_WASMUN(1.0),Municipal waste by waste management operations,A,Annual,TRT,Waste treatment,THS_T,Thousand tonnes,LU,Luxembourg,2019,,491,,e,estimated,,
dataflow,ESTAT:ENV_WASMUN(1.0),Municipal waste by waste management operations,A,Annual,TRT,Waste treatment,THS_T,Thousand tonnes,LU,Luxembourg,2020,,498,,,,,
dataflow,ESTAT:ENV_WASMUN(1.0),Municipal waste by waste management operations,A,Annual,TRT,Waste treatment,THS_T,Thousand tonnes,LU,Luxembourg,2021,,508,,,,,
dataflow,ESTAT:ENV_WASMUN(1.0),Municipal waste by waste management operations,A,Annual,TRT,Waste treatment,THS_T,Thousand tonnes,LU,Luxembourg,2022,,471,,,,,
dataflow,ESTAT:ENV_WASMUN(1.0),Municipal waste by waste management operations,A,Annual,TRT,Waste treatment,THS_T,Thousand tonnes,LU,Luxembourg,2023,,475,,,,,
dataflow,ESTAT:ENV_WASMUN(1.0),Municipal waste by waste management operations,A,Annual,TRT,Waste treatment,THS_T,Thousand tonnes,LV,Latvia,1995,,457,,,,,
dataflow,ESTAT:ENV_WASMUN(1.0),Municipal waste by waste management operations,A,Annual,TRT,Waste treatment,THS_T,Thousand tonnes,LV,Latvia,1996,,476,,,,,
dataflow,ESTAT:ENV_WASMUN(1.0),Municipal waste by waste management operations,A,Annual,TRT,Waste treatment,THS_T,Thousand tonnes,LV,Latvia,1997,,506,,,,,
dataflow,ESTAT:ENV_WASMUN(1.0),Municipal waste by waste management operations,A,Annual,TRT,Waste treatment,THS_T,Thousand tonnes,LV,Latvia,1998,,537,,,,,
dataflow,ESTAT:ENV_WASMUN(1.0),Municipal waste by waste management operations,A,Annual,TRT,Waste treatment,THS_T,Thousand tonnes,LV,Latvia,1999,,567,,,,,
dataflow,ESTAT:ENV_WASMUN(1.0),Municipal waste by waste management operations,A,Annual,TRT,Waste treatment,THS_T,Thousand tonnes,LV,Latvia,2000,,597,,,,,
dataflow,ESTAT:ENV_WASMUN(1.0),Municipal waste by waste management operations,A,Annual,TRT,Waste treatment,THS_T,Thousand tonnes,LV,Latvia,2001,,640,,,,,
dataflow,ESTAT:ENV_WASMUN(1.0),Municipal waste by waste management operations,A,Annual,TRT,Waste treatment,THS_T,Thousand tonnes,LV,Latvia,2002,,673,,,,,
dataflow,ESTAT:ENV_WASMUN(1.0),Municipal waste by waste management operations,A,Annual,TRT,Waste treatment,THS_T,Thousand tonnes,LV,Latvia,2003,,606,,,,,
dataflow,ESTAT:ENV_WASMUN(1.0),Municipal waste by waste management operations,A,Annual,TRT,Waste treatment,THS_T,Thousand tonnes,LV,Latvia,2004,,647,,,,,
dataflow,ESTAT:ENV_WASMUN(1.0),Municipal waste by waste management operations,A,Annual,TRT,Waste treatment,THS_T,Thousand tonnes,LV,Latvia,2005,,596,,,,,
dataflow,ESTAT:ENV_WASMUN(1.0),Municipal waste by waste management operations,A,Annual,TRT,Waste treatment,THS_T,Thousand tonnes,LV,Latvia,2006,,709,,,,,
dataflow,ESTAT:ENV_WASMUN(1.0),Municipal waste by waste management operations,A,Annual,TRT,Waste treatment,THS_T,Thousand tonnes,LV,Latvia,2007,,782,,,,,
dataflow,ESTAT:ENV_WASMUN(1.0),Municipal waste by waste management operations,A,Annual,TRT,Waste treatment,THS_T,Thousand tonnes,LV,Latvia,2008,,756,,,,,
dataflow,ESTAT:ENV_WASMUN(1.0),Municipal waste by waste management operations,A,Annual,TRT,Waste treatment,THS_T,Thousand tonnes,LV,Latvia,2009,,753,,,,,
dataflow,ESTAT:ENV_WASMUN(1.0),Municipal waste by waste management operations,A,Annual,TRT,Waste treatment,THS_T,Thousand tonnes,LV,Latvia,2010,,680,,,,,
dataflow,ESTAT:ENV_WASMUN(1.0),Municipal waste by waste management operations,A,Annual,TRT,Waste treatment,THS_T,Thousand tonnes,LV,Latvia,2011,,601,,,,,
dataflow,ESTAT:ENV_WASMUN(1.0),Municipal waste by waste management operations,A,Annual,TRT,Waste treatment,THS_T,Thousand tonnes,LV,Latvia,2012,,615,,,,,
dataflow,ESTAT:ENV_WASMUN(1.0),Municipal waste by waste management operations,A,Annual,TRT,Waste treatment,THS_T,Thousand tonnes,LV,Latvia,2013,,715,,,,,
dataflow,ESTAT:ENV_WASMUN(1.0),Municipal waste by waste management operations,A,Annual,TRT,Waste treatment,THS_T,Thousand tonnes,LV,Latvia,2014,,722,,,,,
dataflow,ESTAT:ENV_WASMUN(1.0),Municipal waste by waste management operations,A,Annual,TRT,Waste treatment,THS_T,Thousand tonnes,LV,Latvia,2015,,738,,,,,
dataflow,ESTAT:ENV_WASMUN(1.0),Municipal waste by waste management operations,A,Annual,TRT,Waste treatment,THS_T,Thousand tonnes,LV,Latvia,2016,,737,,,,,
dataflow,ESTAT:ENV_WASMUN(1.0),Municipal waste by waste management operations,A,Annual,TRT,Waste treatment,THS_T,Thousand tonnes,LV,Latvia,2017,,737,,,,,
dataflow,ESTAT:ENV_WASMUN(1.0),Municipal waste by waste management operations,A,Annual,TRT,Waste treatment,THS_T,Thousand tonnes,LV,Latvia,2018,,676,,,,,
dataflow,ESTAT:ENV_WASMUN(1.0),Municipal waste by waste management operations,A,Annual,TRT,Waste treatment,THS_T,Thousand tonnes,LV,Latvia,2019,,854,,i,value imputed by Eurostat or other receiving agencies,,
dataflow,ESTAT:ENV_WASMUN(1.0),Municipal waste by waste management operations,A,Annual,TRT,Waste treatment,THS_T,Thousand tonnes,LV,Latvia,2020,,865,,,,,
dataflow,ESTAT:ENV_WASMUN(1.0),Municipal waste by waste management operations,A,Annual,TRT,Waste treatment,THS_T,Thousand tonnes,LV,Latvia,2021,,868,,,,,
dataflow,ESTAT:ENV_WASMUN(1.0),Municipal waste by waste management operations,A,Annual,TRT,Waste treatment,THS_T,Thousand tonnes,LV,Latvia,2022,,848,,,,,
dataflow,ESTAT:ENV_WASMUN(1.0),Municipal waste by waste management operations,A,Annual,TRT,Waste treatment,THS_T,Thousand tonnes,ME,Montenegro,2011,,272,,e,estimated,,
dataflow,ESTAT:ENV_WASMUN(1.0),Municipal waste by waste management operations,A,Annual,TRT,Waste treatment,THS_T,Thousand tonnes,ME,Montenegro,2012,,278,,e,estimated,,
dataflow,ESTAT:ENV_WASMUN(1.0),Municipal waste by waste management operations,A,Annual,TRT,Waste treatment,THS_T,Thousand tonnes,ME,Montenegro,2013,,296,,e,estimated,,
dataflow,ESTAT:ENV_WASMUN(1.0),Municipal waste by waste management operations,A,Annual,TRT,Waste treatment,THS_T,Thousand tonnes,ME,Montenegro,2014,,293,,e,estimated,,
dataflow,ESTAT:ENV_WASMUN(1.0),Municipal waste by waste management operations,A,Annual,TRT,Waste treatment,THS_T,Thousand tonnes,ME,Montenegro,2015,,304,,e,estimated,,
dataflow,ESTAT:ENV_WASMUN(1.0),Municipal waste by waste management operations,A,Annual,TRT,Waste treatment,THS_T,Thousand tonnes,ME,Montenegro,2016,,313,,e,estimated,,
dataflow,ESTAT:ENV_WASMUN(1.0),Municipal waste by waste management operations,A,Annual,TRT,Waste treatment,THS_T,Thousand tonnes,ME,Montenegro,2017,,294,,e,estimated,,
dataflow,ESTAT:ENV_WASMUN(1.0),Municipal waste by waste management operations,A,Annual,TRT,Waste treatment,THS_T,Thousand tonnes,ME,Montenegro,2018,,298,,e,estimated,,
dataflow,ESTAT:ENV_WASMUN(1.0),Municipal waste by waste management operations,A,Annual,TRT,Waste treatment,THS_T,Thousand tonnes,ME,Montenegro,2019,,322,,e,estimated,,
dataflow,ESTAT:ENV_WASMUN(1.0),Municipal waste by waste management operations,A,Annual,TRT,Waste treatment,THS_T,Thousand tonnes,ME,Montenegro,2020,,284,,e,estimated,,
dataflow,ESTAT:ENV_WASMUN(1.0),Municipal waste by waste management operations,A,Annual,TRT,Waste treatment,THS_T,Thousand tonnes,ME,Montenegro,2021,,311,,e,estimated,,
dataflow,ESTAT:ENV_WASMUN(1.0),Municipal waste by waste management operations,A,Annual,TRT,Waste treatment,THS_T,Thousand tonnes,ME,Montenegro,2022,,327,,e,estimated,,
dataflow,ESTAT:ENV_WASMUN(1.0),Municipal waste by waste management operations,A,Annual,TRT,Waste treatment,THS_T,Thousand tonnes,ME,Montenegro,2023,,345,,e,estimated,,
dataflow,ESTAT:ENV_WASMUN(1.0),Municipal waste by waste management operations,A,Annual,TRT,Waste treatment,THS_T,Thousand tonnes,MK,North Macedonia,2008,,531,,,,,
dataflow,ESTAT:ENV_WASMUN(1.0),Municipal waste by waste management operations,A,Annual,TRT,Waste treatment,THS_T,Thousand tonnes,MK,North Macedonia,2009,,726,,,,,
dataflow,ESTAT:ENV_WASMUN(1.0),Municipal waste by waste management operations,A,Annual,TRT,Waste treatment,THS_T,Thousand tonnes,MK,North Macedonia,2010,,721,,,,,
dataflow,ESTAT:ENV_WASMUN(1.0),Municipal waste by waste management operations,A,Annual,TRT,Waste treatment,THS_T,Thousand tonnes,MK,North Macedonia,2011,,735,,,,,
dataflow,ESTAT:ENV_WASMUN(1.0),Municipal waste by waste management operations,A,Annual,TRT,Waste treatment,THS_T,Thousand tonnes,MK,North Macedonia,2012,,786,,,,,
dataflow,ESTAT:ENV_WASMUN(1.0),Municipal waste by waste management operations,A,Annual,TRT,Waste treatment,THS_T,Thousand tonnes,MK,North Macedonia,2013,,793,,,,,
dataflow,ESTAT:ENV_WASMUN(1.0),Municipal waste by waste management operations,A,Annual,TRT,Waste treatment,THS_T,Thousand tonnes,MK,North Macedonia,2014,,765,,,,,
dataflow,ESTAT:ENV_WASMUN(1.0),Municipal waste by waste management operations,A,Annual,TRT,Waste treatment,THS_T,Thousand tonnes,MK,North Macedonia,2015,,786,,,,,
dataflow,ESTAT:ENV_WASMUN(1.0),Municipal waste by waste management operations,A,Annual,TRT,Waste treatment,THS_T,Thousand tonnes,MK,North Macedonia,2016,,797,,,,,
dataflow,ESTAT:ENV_WASMUN(1.0),Municipal waste by waste management operations,A,Annual,TRT,Waste treatment,THS_T,Thousand tonnes,MK,North Macedonia,2017,,714,,,,,
dataflow,ESTAT:ENV_WASMUN(1.0),Municipal waste by waste management operations,A,Annual,TRT,Waste treatment,THS_T,Thousand tonnes,MK,North Macedonia,2018,,625,,,,,
dataflow,ESTAT:ENV_WASMUN(1.0),Municipal waste by waste management operations,A,Annual,TRT,Waste treatment,THS_T,Thousand tonnes,MK,North Macedonia,2019,,632,,i,value imputed by Eurostat or other receiving agencies,,
dataflow,ESTAT:ENV_WASMUN(1.0),Municipal waste by waste management operations,A,Annual,TRT,Waste treatment,THS_T,Thousand tonnes,MK,North Macedonia,2020,,630,,,,,
dataflow,ESTAT:ENV_WASMUN(1.0),Municipal waste by waste management operations,A,Annual,TRT,Waste treatment,THS_T,Thousand tonnes,MK,North Macedonia,2021,,632,,,,,
dataflow,ESTAT:ENV_WASMUN(1.0),Municipal waste by waste management operations,A,Annual,TRT,Waste treatment,THS_T,Thousand tonnes,MK,North Macedonia,2022,,606,,,,,
dataflow,ESTAT:ENV_WASMUN(1.0),Municipal waste by waste management operations,A,Annual,TRT,Waste treatment,THS_T,Thousand tonnes,MT,Malta,1995,,146,,e,estimated,,
dataflow,ESTAT:ENV_WASMUN(1.0),Municipal waste by waste management operations,A,Annual,TRT,Waste treatment,THS_T,Thousand tonnes,MT,Malta,1996,,156,,e,estimated,,
dataflow,ESTAT:ENV_WASMUN(1.0),Municipal waste by waste management operations,A,Annual,TRT,Waste treatment,THS_T,Thousand tonnes,MT,Malta,1997,,167,,e,estimated,,
dataflow,ESTAT:ENV_WASMUN(1.0),Municipal waste by waste management operations,A,Annual,TRT,Waste treatment,THS_T,Thousand tonnes,MT,Malta,1998,,177,,e,estimated,,
dataflow,ESTAT:ENV_WASMUN(1.0),Municipal waste by waste management operations,A,Annual,TRT,Waste treatment,THS_T,Thousand tonnes,MT,Malta,1999,,181,,,,,
dataflow,ESTAT:ENV_WASMUN(1.0),Municipal waste by waste management operations,A,Annual,TRT,Waste treatment,THS_T,Thousand tonnes,MT,Malta,2000,,208,,,,,
dataflow,ESTAT:ENV_WASMUN(1.0),Municipal waste by waste management operations,A,Annual,TRT,Waste treatment,THS_T,Thousand tonnes,MT,Malta,2001,,212,,,,,
dataflow,ESTAT:ENV_WASMUN(1.0),Municipal waste by waste management operations,A,Annual,TRT,Waste treatment,THS_T,Thousand tonnes,MT,Malta,2002,,214,,,,,
dataflow,ESTAT:ENV_WASMUN(1.0),Municipal waste by waste management operations,A,Annual,TRT,Waste treatment,THS_T,Thousand tonnes,MT,Malta,2003,,231,,,,,
dataflow,ESTAT:ENV_WASMUN(1.0),Municipal waste by waste management operations,A,Annual,TRT,Waste treatment,THS_T,Thousand tonnes,MT,Malta,2004,,254,,,,,
dataflow,ESTAT:ENV_WASMUN(1.0),Municipal waste by waste management operations,A,Annual,TRT,Waste treatment,THS_T,Thousand tonnes,MT,Malta,2005,,253,,,,,
dataflow,ESTAT:ENV_WASMUN(1.0),Municipal waste by waste management operations,A,Annual,TRT,Waste treatment,THS_T,Thousand tonnes,MT,Malta,2006,,270,,,,,
dataflow,ESTAT:ENV_WASMUN(1.0),Municipal waste by waste management operations,A,Annual,TRT,Waste treatment,THS_T,Thousand tonnes,MT,Malta,2007,,275,,,,,
dataflow,ESTAT:ENV_WASMUN(1.0),Municipal waste by waste management operations,A,Annual,TRT,Waste treatment,THS_T,Thousand tonnes,MT,Malta,2008,,282,,,,,
dataflow,ESTAT:ENV_WASMUN(1.0),Municipal waste by waste management operations,A,Annual,TRT,Waste treatment,THS_T,Thousand tonnes,MT,Malta,2009,,277,,,,,
dataflow,ESTAT:ENV_WASMUN(1.0),Municipal waste by waste management operations,A,Annual,TRT,Waste treatment,THS_T,Thousand tonnes,MT,Malta,2010,,249,,,,,
dataflow,ESTAT:ENV_WASMUN(1.0),Municipal waste by waste management operations,A,Annual,TRT,Waste treatment,THS_T,Thousand tonnes,MT,Malta,2011,,256,,,,,
dataflow,ESTAT:ENV_WASMUN(1.0),Municipal waste by waste management operations,A,Annual,TRT,Waste treatment,THS_T,Thousand tonnes,MT,Malta,2012,,250,,,,,
dataflow,ESTAT:ENV_WASMUN(1.0),Municipal waste by waste management operations,A,Annual,TRT,Waste treatment,THS_T,Thousand tonnes,MT,Malta,2013,,243,,,,,
dataflow,ESTAT:ENV_WASMUN(1.0),Municipal waste by waste management operations,A,Annual,TRT,Waste treatment,THS_T,Thousand tonnes,MT,Malta,2014,,252,,,,,
dataflow,ESTAT:ENV_WASMUN(1.0),Municipal waste by waste management operations,A,Annual,TRT,Waste treatment,THS_T,Thousand tonnes,MT,Malta,2015,,332,,,,,
dataflow,ESTAT:ENV_WASMUN(1.0),Municipal waste by waste management operations,A,Annual,TRT,Waste treatment,THS_T,Thousand tonnes,MT,Malta,2016,,259,,,,,
dataflow,ESTAT:ENV_WASMUN(1.0),Municipal waste by waste management operations,A,Annual,TRT,Waste treatment,THS_T,Thousand tonnes,MT,Malta,2017,,284,,,,,
dataflow,ESTAT:ENV_WASMUN(1.0),Municipal waste by waste management operations,A,Annual,TRT,Waste treatment,THS_T,Thousand tonnes,MT,Malta,2018,,306,,,,,
dataflow,ESTAT:ENV_WASMUN(1.0),Municipal waste by waste management operations,A,Annual,TRT,Waste treatment,THS_T,Thousand tonnes,MT,Malta,2019,,353,,,,,
dataflow,ESTAT:ENV_WASMUN(1.0),Municipal waste by waste management operations,A,Annual,TRT,Waste treatment,THS_T,Thousand tonnes,MT,Malta,2020,,310,,,,,
dataflow,ESTAT:ENV_WASMUN(1.0),Municipal waste by waste management operations,A,Annual,TRT,Waste treatment,THS_T,Thousand tonnes,MT,Malta,2021,,325,,,,,
dataflow,ESTAT:ENV_WASMUN(1.0),Municipal waste by waste management operations,A,Annual,TRT,Waste treatment,THS_T,Thousand tonnes,MT,Malta,2022,,319,,,,,
dataflow,ESTAT:ENV_WASMUN(1.0),Municipal waste by waste management operations,A,Annual,TRT,Waste treatment,THS_T,Thousand tonnes,MT,Malta,2023,,314,,,,,
dataflow,ESTAT:ENV_WASMUN(1.0),Municipal waste by waste management operations,A,Annual,TRT,Waste treatment,THS_T,Thousand tonnes,NL,Netherlands,1995,,7870,,,,,
dataflow,ESTAT:ENV_WASMUN(1.0),Municipal waste by waste management operations,A,Annual,TRT,Waste treatment,THS_T,Thousand tonnes,NL,Netherlands,1996,,7986,,,,,
dataflow,ESTAT:ENV_WASMUN(1.0),Municipal waste by waste management operations,A,Annual,TRT,Waste treatment,THS_T,Thousand tonnes,NL,Netherlands,1997,,8404,,,,,
dataflow,ESTAT:ENV_WASMUN(1.0),Municipal waste by waste management operations,A,Annual,TRT,Waste treatment,THS_T,Thousand tonnes,NL,Netherlands,1998,,7923,,,,,
dataflow,ESTAT:ENV_WASMUN(1.0),Municipal waste by waste management operations,A,Annual,TRT,Waste treatment,THS_T,Thousand tonnes,NL,Netherlands,1999,,7846,,,,,
dataflow,ESTAT:ENV_WASMUN(1.0),Municipal waste by waste management operations,A,Annual,TRT,Waste treatment,THS_T,Thousand tonnes,NL,Netherlands,2000,,8121,,,,,
dataflow,ESTAT:ENV_WASMUN(1.0),Municipal waste by waste management operations,A,Annual,TRT,Waste treatment,THS_T,Thousand tonnes,NL,Netherlands,2001,,8141,,,,,
dataflow,ESTAT:ENV_WASMUN(1.0),Municipal waste by waste management operations,A,Annual,TRT,Waste treatment,THS_T,Thousand tonnes,NL,Netherlands,2002,,8313,,,,,
dataflow,ESTAT:ENV_WASMUN(1.0),Municipal waste by waste management operations,A,Annual,TRT,Waste treatment,THS_T,Thousand tonnes,NL,Netherlands,2003,,7778,,,,,
dataflow,ESTAT:ENV_WASMUN(1.0),Municipal waste by waste management operations,A,Annual,TRT,Waste treatment,THS_T,Thousand tonnes,NL,Netherlands,2004,,8009,,,,,
dataflow,ESTAT:ENV_WASMUN(1.0),Municipal waste by waste management operations,A,Annual,TRT,Waste treatment,THS_T,Thousand tonnes,NL,Netherlands,2005,,8034,,,,,
dataflow,ESTAT:ENV_WASMUN(1.0),Municipal waste by waste management operations,A,Annual,TRT,Waste treatment,THS_T,Thousand tonnes,NL,Netherlands,2006,,8049,,,,,
dataflow,ESTAT:ENV_WASMUN(1.0),Municipal waste by waste management operations,A,Annual,TRT,Waste treatment,THS_T,Thousand tonnes,NL,Netherlands,2007,,8255,,,,,
dataflow,ESTAT:ENV_WASMUN(1.0),Municipal waste by waste management operations,A,Annual,TRT,Waste treatment,THS_T,Thousand tonnes,NL,Netherlands,2008,,9869,,b,break in time series,,
dataflow,ESTAT:ENV_WASMUN(1.0),Municipal waste by waste management operations,A,Annual,TRT,Waste treatment,THS_T,Thousand tonnes,NL,Netherlands,2009,,9737,,,,,
dataflow,ESTAT:ENV_WASMUN(1.0),Municipal waste by waste management operations,A,Annual,TRT,Waste treatment,THS_T,Thousand tonnes,NL,Netherlands,2010,,9483,,,,,
dataflow,ESTAT:ENV_WASMUN(1.0),Municipal waste by waste management operations,A,Annual,TRT,Waste treatment,THS_T,Thousand tonnes,NL,Netherlands,2011,,9480,,,,,
dataflow,ESTAT:ENV_WASMUN(1.0),Municipal waste by waste management operations,A,Annual,TRT,Waste treatment,THS_T,Thousand tonnes,NL,Netherlands,2012,,9202,,,,,
dataflow,ESTAT:ENV_WASMUN(1.0),Municipal waste by waste management operations,A,Annual,TRT,Waste treatment,THS_T,Thousand tonnes,NL,Netherlands,2013,,8841,,,,,
dataflow,ESTAT:ENV_WASMUN(1.0),Municipal waste by waste management operations,A,Annual,TRT,Waste treatment,THS_T,Thousand tonnes,NL,Netherlands,2014,,8893,,,,,
dataflow,ESTAT:ENV_WASMUN(1.0),Municipal waste by waste management operations,A,Annual,TRT,Waste treatment,THS_T,Thousand tonnes,NL,Netherlands,2015,,8866,,,,,
dataflow,ESTAT:ENV_WASMUN(1.0),Municipal waste by waste management operations,A,Annual,TRT,Waste treatment,THS_T,Thousand tonnes,NL,Netherlands,2016,,8861,,,,,
dataflow,ESTAT:ENV_WASMUN(1.0),Municipal waste by waste management operations,A,Annual,TRT,Waste treatment,THS_T,Thousand tonnes,NL,Netherlands,2017,,8792,,,,,
dataflow,ESTAT:ENV_WASMUN(1.0),Municipal waste by waste management operations,A,Annual,TRT,Waste treatment,THS_T,Thousand tonnes,NL,Netherlands,2018,,8806,,,,,
dataflow,ESTAT:ENV_WASMUN(1.0),Municipal waste by waste management operations,A,Annual,TRT,Waste treatment,THS_T,Thousand tonnes,NL,Netherlands,2019,,8806,,,,,
dataflow,ESTAT:ENV_WASMUN(1.0),Municipal waste by waste management operations,A,Annual,TRT,Waste treatment,THS_T,Thousand tonnes,NL,Netherlands,2020,,9300,,,,,
dataflow,ESTAT:ENV_WASMUN(1.0),Municipal waste by waste management operations,A,Annual,TRT,Waste treatment,THS_T,Thousand tonnes,NL,Netherlands,2021,,9005,,,,,
dataflow,ESTAT:ENV_WASMUN(1.0),Municipal waste by waste management operations,A,Annual,TRT,Waste treatment,THS_T,Thousand tonnes,NL,Netherlands,2022,,8365,,p,provisional,,
dataflow,ESTAT:ENV_WASMUN(1.0),Municipal waste by waste management operations,A,Annual,TRT,Waste treatment,THS_T,Thousand tonnes,NL,Netherlands,2023,,8364,,,,,
dataflow,ESTAT:ENV_WASMUN(1.0),Municipal waste by waste management operations,A,Annual,TRT,Waste treatment,THS_T,Thousand tonnes,NO,Norway,1995,,2722,,,,,
dataflow,ESTAT:ENV_WASMUN(1.0),Municipal waste by waste management operations,A,Annual,TRT,Waste treatment,THS_T,Thousand tonnes,NO,Norway,1996,,2761,,,,,
dataflow,ESTAT:ENV_WASMUN(1.0),Municipal waste by waste management operations,A,Annual,TRT,Waste treatment,THS_T,Thousand tonnes,NO,Norway,1997,,2721,,,,,
dataflow,ESTAT:ENV_WASMUN(1.0),Municipal waste by waste management operations,A,Annual,TRT,Waste treatment,THS_T,Thousand tonnes,NO,Norway,1998,,2857,,,,,
dataflow,ESTAT:ENV_WASMUN(1.0),Municipal waste by waste management operations,A,Annual,TRT,Waste treatment,THS_T,Thousand tonnes,NO,Norway,1999,,2650,,,,,
dataflow,ESTAT:ENV_WASMUN(1.0),Municipal waste by waste management operations,A,Annual,TRT,Waste treatment,THS_T,Thousand tonnes,NO,Norway,2000,,2755,,,,,
dataflow,ESTAT:ENV_WASMUN(1.0),Municipal waste by waste management operations,A,Annual,TRT,Waste treatment,THS_T,Thousand tonnes,NO,Norway,2001,,1629,,b,break in time series,,
dataflow,ESTAT:ENV_WASMUN(1.0),Municipal waste by waste management operations,A,Annual,TRT,Waste treatment,THS_T,Thousand tonnes,NO,Norway,2002,,1780,,,,,
dataflow,ESTAT:ENV_WASMUN(1.0),Municipal waste by waste management operations,A,Annual,TRT,Waste treatment,THS_T,Thousand tonnes,NO,Norway,2003,,1836,,,,,
dataflow,ESTAT:ENV_WASMUN(1.0),Municipal waste by waste management operations,A,Annual,TRT,Waste treatment,THS_T,Thousand tonnes,NO,Norway,2004,,1902,,,,,
dataflow,ESTAT:ENV_WASMUN(1.0),Municipal waste by waste management operations,A,Annual,TRT,Waste treatment,THS_T,Thousand tonnes,NO,Norway,2005,,1968,,,,,
dataflow,ESTAT:ENV_WASMUN(1.0),Municipal waste by waste management operations,A,Annual,TRT,Waste treatment,THS_T,Thousand tonnes,NO,Norway,2006,,2139,,,,,
dataflow,ESTAT:ENV_WASMUN(1.0),Municipal waste by waste management operations,A,Annual,TRT,Waste treatment,THS_T,Thousand tonnes,NO,Norway,2007,,2284,,,,,
dataflow,ESTAT:ENV_WASMUN(1.0),Municipal waste by waste management operations,A,Annual,TRT,Waste treatment,THS_T,Thousand tonnes,NO,Norway,2008,,2300,,,,,
dataflow,ESTAT:ENV_WASMUN(1.0),Municipal waste by waste management operations,A,Annual,TRT,Waste treatment,THS_T,Thousand tonnes,NO,Norway,2009,,2240,,,,,
dataflow,ESTAT:ENV_WASMUN(1.0),Municipal waste by waste management operations,A,Annual,TRT,Waste treatment,THS_T,Thousand tonnes,NO,Norway,2010,,2258,,,,,
dataflow,ESTAT:ENV_WASMUN(1.0),Municipal waste by waste management operations,A,Annual,TRT,Waste treatment,THS_T,Thousand tonnes,NO,Norway,2011,,2356,,,,,
dataflow,ESTAT:ENV_WASMUN(1.0),Municipal waste by waste management operations,A,Annual,TRT,Waste treatment,THS_T,Thousand tonnes,NO,Norway,2012,,2343,,,,,
dataflow,ESTAT:ENV_WASMUN(1.0),Municipal waste by waste management operations,A,Annual,TRT,Waste treatment,THS_T,Thousand tonnes,NO,Norway,2013,,2485,,,,,
dataflow,ESTAT:ENV_WASMUN(1.0),Municipal waste by waste management operations,A,Annual,TRT,Waste treatment,THS_T,Thousand tonnes,NO,Norway,2014,,2127,,b,break in time series,,
dataflow,ESTAT:ENV_WASMUN(1.0),Municipal waste by waste management operations,A,Annual,TRT,Waste treatment,THS_T,Thousand tonnes,NO,Norway,2015,,2155,,,,,
dataflow,ESTAT:ENV_WASMUN(1.0),Municipal waste by waste management operations,A,Annual,TRT,Waste treatment,THS_T,Thousand tonnes,NO,Norway,2016,,3946,,b,break in time series,,
dataflow,ESTAT:ENV_WASMUN(1.0),Municipal waste by waste management operations,A,Annual,TRT,Waste treatment,THS_T,Thousand tonnes,NO,Norway,2017,,3949,,,,,
dataflow,ESTAT:ENV_WASMUN(1.0),Municipal waste by waste management operations,A,Annual,TRT,Waste treatment,THS_T,Thousand tonnes,NO,Norway,2018,,3927,,,,,
dataflow,ESTAT:ENV_WASMUN(1.0),Municipal waste by waste management operations,A,Annual,TRT,Waste treatment,THS_T,Thousand tonnes,NO,Norway,2019,,4151,,,,,
dataflow,ESTAT:ENV_WASMUN(1.0),Municipal waste by waste management operations,A,Annual,TRT,Waste treatment,THS_T,Thousand tonnes,NO,Norway,2020,,3905,,b,break in time series,,
dataflow,ESTAT:ENV_WASMUN(1.0),Municipal waste by waste management operations,A,Annual,TRT,Waste treatment,THS_T,Thousand tonnes,NO,Norway,2021,,4320,,,,,
dataflow,ESTAT:ENV_WASMUN(1.0),Municipal waste by waste management operations,A,Annual,TRT,Waste treatment,THS_T,Thousand tonnes,NO,Norway,2022,,4189,,,,,
dataflow,ESTAT:ENV_WASMUN(1.0),Municipal waste by waste management operations,A,Annual,TRT,Waste treatment,THS_T,Thousand tonnes,NO,Norway,2023,,3989,,,,,
dataflow,ESTAT:ENV_WASMUN(1.0),Municipal waste by waste management operations,A,Annual,TRT,Waste treatment,THS_T,Thousand tonnes,PL,Poland,1995,,10985,,,,,
dataflow,ESTAT:ENV_WASMUN(1.0),Municipal waste by waste management operations,A,Annual,TRT,Waste treatment,THS_T,Thousand tonnes,PL,Poland,1996,,11621,,,,,
dataflow,ESTAT:ENV_WASMUN(1.0),Municipal waste by waste management operations,A,Annual,TRT,Waste treatment,THS_T,Thousand tonnes,PL,Poland,1997,,12183,,,,,
dataflow,ESTAT:ENV_WASMUN(1.0),Municipal waste by waste management operations,A,Annual,TRT,Waste treatment,THS_T,Thousand tonnes,PL,Poland,1998,,11827,,,,,
dataflow,ESTAT:ENV_WASMUN(1.0),Municipal waste by waste management operations,A,Annual,TRT,Waste treatment,THS_T,Thousand tonnes,PL,Poland,1999,,12317,,,,,
dataflow,ESTAT:ENV_WASMUN(1.0),Municipal waste by waste management operations,A,Annual,TRT,Waste treatment,THS_T,Thousand tonnes,PL,Poland,2000,,12226,,,,,
dataflow,ESTAT:ENV_WASMUN(1.0),Municipal waste by waste management operations,A,Annual,TRT,Waste treatment,THS_T,Thousand tonnes,PL,Poland,2001,,11108,,,,,
dataflow,ESTAT:ENV_WASMUN(1.0),Municipal waste by waste management operations,A,Annual,TRT,Waste treatment,THS_T,Thousand tonnes,PL,Poland,2002,,10509,,,,,
dataflow,ESTAT:ENV_WASMUN(1.0),Municipal waste by waste management operations,A,Annual,TRT,Waste treatment,THS_T,Thousand tonnes,PL,Poland,2003,,9925,,,,,
dataflow,ESTAT:ENV_WASMUN(1.0),Municipal waste by waste management operations,A,Annual,TRT,Waste treatment,THS_T,Thousand tonnes,PL,Poland,2004,,9715,,,,,
dataflow,ESTAT:ENV_WASMUN(1.0),Municipal waste by waste management operations,A,Annual,TRT,Waste treatment,THS_T,Thousand tonnes,PL,Poland,2005,,9352,,,,,
dataflow,ESTAT:ENV_WASMUN(1.0),Municipal waste by waste management operations,A,Annual,TRT,Waste treatment,THS_T,Thousand tonnes,PL,Poland,2006,,9877,,,,,
dataflow,ESTAT:ENV_WASMUN(1.0),Municipal waste by waste management operations,A,Annual,TRT,Waste treatment,THS_T,Thousand tonnes,PL,Poland,2007,,10082,,,,,
dataflow,ESTAT:ENV_WASMUN(1.0),Municipal waste by waste management operations,A,Annual,TRT,Waste treatment,THS_T,Thousand tonnes,PL,Poland,2008,,10037,,,,,
dataflow,ESTAT:ENV_WASMUN(1.0),Municipal waste by waste management operations,A,Annual,TRT,Waste treatment,THS_T,Thousand tonnes,PL,Poland,2009,,10054,,,,,
dataflow,ESTAT:ENV_WASMUN(1.0),Municipal waste by waste management operations,A,Annual,TRT,Waste treatment,THS_T,Thousand tonnes,PL,Poland,2010,,10040,,,,,
dataflow,ESTAT:ENV_WASMUN(1.0),Municipal waste by waste management operations,A,Annual,TRT,Waste treatment,THS_T,Thousand tonnes,PL,Poland,2011,,9828,,,,,
dataflow,ESTAT:ENV_WASMUN(1.0),Municipal waste by waste management operations,A,Annual,TRT,Waste treatment,THS_T,Thousand tonnes,PL,Poland,2012,,9582,,,,,
dataflow,ESTAT:ENV_WASMUN(1.0),Municipal waste by waste management operations,A,Annual,TRT,Waste treatment,THS_T,Thousand tonnes,PL,Poland,2013,,9474,,,,,
dataflow,ESTAT:ENV_WASMUN(1.0),Municipal waste by waste management operations,A,Annual,TRT,Waste treatment,THS_T,Thousand tonnes,PL,Poland,2014,,10331,,,,,
dataflow,ESTAT:ENV_WASMUN(1.0),Municipal waste by waste management operations,A,Annual,TRT,Waste treatment,THS_T,Thousand tonnes,PL,Poland,2015,,10864,,,,,
dataflow,ESTAT:ENV_WASMUN(1.0),Municipal waste by waste management operations,A,Annual,TRT,Waste treatment,THS_T,Thousand tonnes,PL,Poland,2016,,11654,,,,,
dataflow,ESTAT:ENV_WASMUN(1.0),Municipal waste by waste management operations,A,Annual,TRT,Waste treatment,THS_T,Thousand tonnes,PL,Poland,2017,,11969,,,,,
dataflow,ESTAT:ENV_WASMUN(1.0),Municipal waste by waste management operations,A,Annual,TRT,Waste treatment,THS_T,Thousand tonnes,PL,Poland,2018,,12485,,e,estimated,,
dataflow,ESTAT:ENV_WASMUN(1.0),Municipal waste by waste management operations,A,Annual,TRT,Waste treatment,THS_T,Thousand tonnes,PL,Poland,2019,,12753,,e,estimated,,
dataflow,ESTAT:ENV_WASMUN(1.0),Municipal waste by waste management operations,A,Annual,TRT,Waste treatment,THS_T,Thousand tonnes,PL,Poland,2020,,13117,,,,,
dataflow,ESTAT:ENV_WASMUN(1.0),Municipal waste by waste management operations,A,Annual,TRT,Waste treatment,THS_T,Thousand tonnes,PL,Poland,2021,,13674,,,,,
dataflow,ESTAT:ENV_WASMUN(1.0),Municipal waste by waste management operations,A,Annual,TRT,Waste treatment,THS_T,Thousand tonnes,PL,Poland,2022,,13420,,,,,
dataflow,ESTAT:ENV_WASMUN(1.0),Municipal waste by waste management operations,A,Annual,TRT,Waste treatment,THS_T,Thousand tonnes,PL,Poland,2023,,10551,,b,break in time series,,
dataflow,ESTAT:ENV_WASMUN(1.0),Municipal waste by waste management operations,A,Annual,TRT,Waste treatment,THS_T,Thousand tonnes,PT,Portugal,1995,,3529,,,,,
dataflow,ESTAT:ENV_WASMUN(1.0),Municipal waste by waste management operations,A,Annual,TRT,Waste treatment,THS_T,Thousand tonnes,PT,Portugal,1996,,3740,,,,,
dataflow,ESTAT:ENV_WASMUN(1.0),Municipal waste by waste management operations,A,Annual,TRT,Waste treatment,THS_T,Thousand tonnes,PT,Portugal,1997,,4013,,,,,
dataflow,ESTAT:ENV_WASMUN(1.0),Municipal waste by waste management operations,A,Annual,TRT,Waste treatment,THS_T,Thousand tonnes,PT,Portugal,1998,,4198,,,,,
dataflow,ESTAT:ENV_WASMUN(1.0),Municipal waste by waste management operations,A,Annual,TRT,Waste treatment,THS_T,Thousand tonnes,PT,Portugal,1999,,4427,,,,,
dataflow,ESTAT:ENV_WASMUN(1.0),Municipal waste by waste management operations,A,Annual,TRT,Waste treatment,THS_T,Thousand tonnes,PT,Portugal,2000,,4705,,,,,
dataflow,ESTAT:ENV_WASMUN(1.0),Municipal waste by waste management operations,A,Annual,TRT,Waste treatment,THS_T,Thousand tonnes,PT,Portugal,2001,,4709,,,,,
dataflow,ESTAT:ENV_WASMUN(1.0),Municipal waste by waste management operations,A,Annual,TRT,Waste treatment,THS_T,Thousand tonnes,PT,Portugal,2002,,4595,,b,break in time series,,
dataflow,ESTAT:ENV_WASMUN(1.0),Municipal waste by waste management operations,A,Annual,TRT,Waste treatment,THS_T,Thousand tonnes,PT,Portugal,2003,,4693,,,,,
dataflow,ESTAT:ENV_WASMUN(1.0),Municipal waste by waste management operations,A,Annual,TRT,Waste treatment,THS_T,Thousand tonnes,PT,Portugal,2004,,4665,,,,,
dataflow,ESTAT:ENV_WASMUN(1.0),Municipal waste by waste management operations,A,Annual,TRT,Waste treatment,THS_T,Thousand tonnes,PT,Portugal,2005,,4745,,,,,
dataflow,ESTAT:ENV_WASMUN(1.0),Municipal waste by waste management operations,A,Annual,TRT,Waste treatment,THS_T,Thousand tonnes,PT,Portugal,2006,,4898,,,,,
dataflow,ESTAT:ENV_WASMUN(1.0),Municipal waste by waste management operations,A,Annual,TRT,Waste treatment,THS_T,Thousand tonnes,PT,Portugal,2007,,4967,,b,break in time series,,
dataflow,ESTAT:ENV_WASMUN(1.0),Municipal waste by waste management operations,A,Annual,TRT,Waste treatment,THS_T,Thousand tonnes,PT,Portugal,2008,,5472,,,,,
dataflow,ESTAT:ENV_WASMUN(1.0),Municipal waste by waste management operations,A,Annual,TRT,Waste treatment,THS_T,Thousand tonnes,PT,Portugal,2009,,5496,,,,,
dataflow,ESTAT:ENV_WASMUN(1.0),Municipal waste by waste management operations,A,Annual,TRT,Waste treatment,THS_T,Thousand tonnes,PT,Portugal,2010,,5457,,,,,
dataflow,ESTAT:ENV_WASMUN(1.0),Municipal waste by waste management operations,A,Annual,TRT,Waste treatment,THS_T,Thousand tonnes,PT,Portugal,2011,,5178,,,,,
dataflow,ESTAT:ENV_WASMUN(1.0),Municipal waste by waste management operations,A,Annual,TRT,Waste treatment,THS_T,Thousand tonnes,PT,Portugal,2012,,4766,,,,,
dataflow,ESTAT:ENV_WASMUN(1.0),Municipal waste by waste management operations,A,Annual,TRT,Waste treatment,THS_T,Thousand tonnes,PT,Portugal,2013,,4598,,,,,
dataflow,ESTAT:ENV_WASMUN(1.0),Municipal waste by waste management operations,A,Annual,TRT,Waste treatment,THS_T,Thousand tonnes,PT,Portugal,2014,,4710,,,,,
dataflow,ESTAT:ENV_WASMUN(1.0),Municipal waste by waste management operations,A,Annual,TRT,Waste treatment,THS_T,Thousand tonnes,PT,Portugal,2015,,4586,,,,,
dataflow,ESTAT:ENV_WASMUN(1.0),Municipal waste by waste management operations,A,Annual,TRT,Waste treatment,THS_T,Thousand tonnes,PT,Portugal,2016,,4607,,,,,
dataflow,ESTAT:ENV_WASMUN(1.0),Municipal waste by waste management operations,A,Annual,TRT,Waste treatment,THS_T,Thousand tonnes,PT,Portugal,2017,,4783,,,,,
dataflow,ESTAT:ENV_WASMUN(1.0),Municipal waste by waste management operations,A,Annual,TRT,Waste treatment,THS_T,Thousand tonnes,PT,Portugal,2018,,4984,,,,,
dataflow,ESTAT:ENV_WASMUN(1.0),Municipal waste by waste management operations,A,Annual,TRT,Waste treatment,THS_T,Thousand tonnes,PT,Portugal,2019,,5027,,,,,
dataflow,ESTAT:ENV_WASMUN(1.0),Municipal waste by waste management operations,A,Annual,TRT,Waste treatment,THS_T,Thousand tonnes,PT,Portugal,2020,,5551,,,,,
dataflow,ESTAT:ENV_WASMUN(1.0),Municipal waste by waste management operations,A,Annual,TRT,Waste treatment,THS_T,Thousand tonnes,PT,Portugal,2021,,5674,,,,,
dataflow,ESTAT:ENV_WASMUN(1.0),Municipal waste by waste management operations,A,Annual,TRT,Waste treatment,THS_T,Thousand tonnes,PT,Portugal,2022,,5614,,,,,
dataflow,ESTAT:ENV_WASMUN(1.0),Municipal waste by waste management operations,A,Annual,TRT,Waste treatment,THS_T,Thousand tonnes,PT,Portugal,2023,,5626,,,,,
dataflow,ESTAT:ENV_WASMUN(1.0),Municipal waste by waste management operations,A,Annual,TRT,Waste treatment,THS_T,Thousand tonnes,RO,Romania,1995,,5758,,,,,
dataflow,ESTAT:ENV_WASMUN(1.0),Municipal waste by waste management operations,A,Annual,TRT,Waste treatment,THS_T,Thousand tonnes,RO,Romania,1996,,5202,,,,,
dataflow,ESTAT:ENV_WASMUN(1.0),Municipal waste by waste management operations,A,Annual,TRT,Waste treatment,THS_T,Thousand tonnes,RO,Romania,1997,,5790,,,,,
dataflow,ESTAT:ENV_WASMUN(1.0),Municipal waste by waste management operations,A,Annual,TRT,Waste treatment,THS_T,Thousand tonnes,RO,Romania,1998,,5050,,,,,
dataflow,ESTAT:ENV_WASMUN(1.0),Municipal waste by waste management operations,A,Annual,TRT,Waste treatment,THS_T,Thousand tonnes,RO,Romania,1999,,5727,,,,,
dataflow,ESTAT:ENV_WASMUN(1.0),Municipal waste by waste management operations,A,Annual,TRT,Waste treatment,THS_T,Thousand tonnes,RO,Romania,2000,,6611,,,,,
dataflow,ESTAT:ENV_WASMUN(1.0),Municipal waste by waste management operations,A,Annual,TRT,Waste treatment,THS_T,Thousand tonnes,RO,Romania,2001,,6079,,,,,
dataflow,ESTAT:ENV_WASMUN(1.0),Municipal waste by waste management operations,A,Annual,TRT,Waste treatment,THS_T,Thousand tonnes,RO,Romania,2002,,6865,,,,,
dataflow,ESTAT:ENV_WASMUN(1.0),Municipal waste by waste management operations,A,Annual,TRT,Waste treatment,THS_T,Thousand tonnes,RO,Romania,2003,,6040,,,,,
dataflow,ESTAT:ENV_WASMUN(1.0),Municipal waste by waste management operations,A,Annual,TRT,Waste treatment,THS_T,Thousand tonnes,RO,Romania,2004,,6001,,,,,
dataflow,ESTAT:ENV_WASMUN(1.0),Municipal waste by waste management operations,A,Annual,TRT,Waste treatment,THS_T,Thousand tonnes,RO,Romania,2005,,6558,,,,,
dataflow,ESTAT:ENV_WASMUN(1.0),Municipal waste by waste management operations,A,Annual,TRT,Waste treatment,THS_T,Thousand tonnes,RO,Romania,2006,,6335,,,,,
dataflow,ESTAT:ENV_WASMUN(1.0),Municipal waste by waste management operations,A,Annual,TRT,Waste treatment,THS_T,Thousand tonnes,RO,Romania,2007,,6159,,,,,
dataflow,ESTAT:ENV_WASMUN(1.0),Municipal waste by waste management operations,A,Annual,TRT,Waste treatment,THS_T,Thousand tonnes,RO,Romania,2008,,6561,,,,,
dataflow,ESTAT:ENV_WASMUN(1.0),Municipal waste by waste management operations,A,Annual,TRT,Waste treatment,THS_T,Thousand tonnes,RO,Romania,2009,,6246,,,,,
dataflow,ESTAT:ENV_WASMUN(1.0),Municipal waste by waste management operations,A,Annual,TRT,Waste treatment,THS_T,Thousand tonnes,RO,Romania,2010,,5645,,b,break in time series,,
dataflow,ESTAT:ENV_WASMUN(1.0),Municipal waste by waste management operations,A,Annual,TRT,Waste treatment,THS_T,Thousand tonnes,RO,Romania,2011,,4713,,,,,
dataflow,ESTAT:ENV_WASMUN(1.0),Municipal waste by waste management operations,A,Annual,TRT,Waste treatment,THS_T,Thousand tonnes,RO,Romania,2012,,4261,,,,,
dataflow,ESTAT:ENV_WASMUN(1.0),Municipal waste by waste management operations,A,Annual,TRT,Waste treatment,THS_T,Thousand tonnes,RO,Romania,2013,,4270,,,,,
dataflow,ESTAT:ENV_WASMUN(1.0),Municipal waste by waste management operations,A,Annual,TRT,Waste treatment,THS_T,Thousand tonnes,RO,Romania,2014,,4338,,,,,
dataflow,ESTAT:ENV_WASMUN(1.0),Municipal waste by waste management operations,A,Annual,TRT,Waste treatment,THS_T,Thousand tonnes,RO,Romania,2015,,4288,,,,,
dataflow,ESTAT:ENV_WASMUN(1.0),Municipal waste by waste management operations,A,Annual,TRT,Waste treatment,THS_T,Thousand tonnes,RO,Romania,2016,,4760,,,,,
dataflow,ESTAT:ENV_WASMUN(1.0),Municipal waste by waste management operations,A,Annual,TRT,Waste treatment,THS_T,Thousand tonnes,RO,Romania,2017,,5072,,,,,
dataflow,ESTAT:ENV_WASMUN(1.0),Municipal waste by waste management operations,A,Annual,TRT,Waste treatment,THS_T,Thousand tonnes,RO,Romania,2018,,4960,,,,,
dataflow,ESTAT:ENV_WASMUN(1.0),Municipal waste by waste management operations,A,Annual,TRT,Waste treatment,THS_T,Thousand tonnes,RO,Romania,2019,,5007,,,,,
dataflow,ESTAT:ENV_WASMUN(1.0),Municipal waste by waste management operations,A,Annual,TRT,Waste treatment,THS_T,Thousand tonnes,RO,Romania,2020,,5093,,,,,
dataflow,ESTAT:ENV_WASMUN(1.0),Municipal waste by waste management operations,A,Annual,TRT,Waste treatment,THS_T,Thousand tonnes,RO,Romania,2021,,5345,,,,,
dataflow,ESTAT:ENV_WASMUN(1.0),Municipal waste by waste management operations,A,Annual,TRT,Waste treatment,THS_T,Thousand tonnes,RO,Romania,2022,,5415,,,,,
dataflow,ESTAT:ENV_WASMUN(1.0),Municipal waste by waste management operations,A,Annual,TRT,Waste treatment,THS_T,Thousand tonnes,RS,Serbia,2006,,1040,,,,,
dataflow,ESTAT:ENV_WASMUN(1.0),Municipal waste by waste management operations,A,Annual,TRT,Waste treatment,THS_T,Thousand tonnes,RS,Serbia,2007,,1241,,,,,
dataflow,ESTAT:ENV_WASMUN(1.0),Municipal waste by waste management operations,A,Annual,TRT,Waste treatment,THS_T,Thousand tonnes,RS,Serbia,2008,,1520,,,,,
dataflow,ESTAT:ENV_WASMUN(1.0),Municipal waste by waste management operations,A,Annual,TRT,Waste treatment,THS_T,Thousand tonnes,RS,Serbia,2009,,1581,,,,,
dataflow,ESTAT:ENV_WASMUN(1.0),Municipal waste by waste management operations,A,Annual,TRT,Waste treatment,THS_T,Thousand tonnes,RS,Serbia,2010,,1889,,,,,
dataflow,ESTAT:ENV_WASMUN(1.0),Municipal waste by waste management operations,A,Annual,TRT,Waste treatment,THS_T,Thousand tonnes,RS,Serbia,2011,,2090,,,,,
dataflow,ESTAT:ENV_WASMUN(1.0),Municipal waste by waste management operations,A,Annual,TRT,Waste treatment,THS_T,Thousand tonnes,RS,Serbia,2012,,1830,,,,,
dataflow,ESTAT:ENV_WASMUN(1.0),Municipal waste by waste management operations,A,Annual,TRT,Waste treatment,THS_T,Thousand tonnes,RS,Serbia,2013,,1945,,,,,
dataflow,ESTAT:ENV_WASMUN(1.0),Municipal waste by waste management operations,A,Annual,TRT,Waste treatment,THS_T,Thousand tonnes,RS,Serbia,2014,,1685,,,,,
dataflow,ESTAT:ENV_WASMUN(1.0),Municipal waste by waste management operations,A,Annual,TRT,Waste treatment,THS_T,Thousand tonnes,RS,Serbia,2015,,1374,,,,,
dataflow,ESTAT:ENV_WASMUN(1.0),Municipal waste by waste management operations,A,Annual,TRT,Waste treatment,THS_T,Thousand tonnes,RS,Serbia,2016,,1495,,,,,
dataflow,ESTAT:ENV_WASMUN(1.0),Municipal waste by waste management operations,A,Annual,TRT,Waste treatment,THS_T,Thousand tonnes,RS,Serbia,2017,,1806,,,,,
dataflow,ESTAT:ENV_WASMUN(1.0),Municipal waste by waste management operations,A,Annual,TRT,Waste treatment,THS_T,Thousand tonnes,RS,Serbia,2018,,1956,,,,,
dataflow,ESTAT:ENV_WASMUN(1.0),Municipal waste by waste management operations,A,Annual,TRT,Waste treatment,THS_T,Thousand tonnes,RS,Serbia,2019,,2024,,i,value imputed by Eurostat or other receiving agencies,,
dataflow,ESTAT:ENV_WASMUN(1.0),Municipal waste by waste management operations,A,Annual,TRT,Waste treatment,THS_T,Thousand tonnes,RS,Serbia,2020,,2820,,,,,
dataflow,ESTAT:ENV_WASMUN(1.0),Municipal waste by waste management operations,A,Annual,TRT,Waste treatment,THS_T,Thousand tonnes,RS,Serbia,2021,,2898,,,,,
dataflow,ESTAT:ENV_WASMUN(1.0),Municipal waste by waste management operations,A,Annual,TRT,Waste treatment,THS_T,Thousand tonnes,RS,Serbia,2022,,3049,,,,,
dataflow,ESTAT:ENV_WASMUN(1.0),Municipal waste by waste management operations,A,Annual,TRT,Waste treatment,THS_T,Thousand tonnes,RS,Serbia,2023,,2966,,,,,
dataflow,ESTAT:ENV_WASMUN(1.0),Municipal waste by waste management operations,A,Annual,TRT,Waste treatment,THS_T,Thousand tonnes,SE,Sweden,1995,,3405,,,,,
dataflow,ESTAT:ENV_WASMUN(1.0),Municipal waste by waste management operations,A,Annual,TRT,Waste treatment,THS_T,Thousand tonnes,SE,Sweden,1996,,3458,,,,,
dataflow,ESTAT:ENV_WASMUN(1.0),Municipal waste by waste management operations,A,Annual,TRT,Waste treatment,THS_T,Thousand tonnes,SE,Sweden,1997,,3678,,,,,
dataflow,ESTAT:ENV_WASMUN(1.0),Municipal waste by waste management operations,A,Annual,TRT,Waste treatment,THS_T,Thousand tonnes,SE,Sweden,1998,,3839,,,,,
dataflow,ESTAT:ENV_WASMUN(1.0),Municipal waste by waste management operations,A,Annual,TRT,Waste treatment,THS_T,Thousand tonnes,SE,Sweden,1999,,3774,,,,,
dataflow,ESTAT:ENV_WASMUN(1.0),Municipal waste by waste management operations,A,Annual,TRT,Waste treatment,THS_T,Thousand tonnes,SE,Sweden,2000,,3773,,,,,
dataflow,ESTAT:ENV_WASMUN(1.0),Municipal waste by waste management operations,A,Annual,TRT,Waste treatment,THS_T,Thousand tonnes,SE,Sweden,2001,,3907,,,,,
dataflow,ESTAT:ENV_WASMUN(1.0),Municipal waste by waste management operations,A,Annual,TRT,Waste treatment,THS_T,Thousand tonnes,SE,Sweden,2002,,4149,,,,,
dataflow,ESTAT:ENV_WASMUN(1.0),Municipal waste by waste management operations,A,Annual,TRT,Waste treatment,THS_T,Thousand tonnes,SE,Sweden,2003,,4159,,,,,
dataflow,ESTAT:ENV_WASMUN(1.0),Municipal waste by waste management operations,A,Annual,TRT,Waste treatment,THS_T,Thousand tonnes,SE,Sweden,2004,,4143,,,,,
dataflow,ESTAT:ENV_WASMUN(1.0),Municipal waste by waste management operations,A,Annual,TRT,Waste treatment,THS_T,Thousand tonnes,SE,Sweden,2005,,4321,,,,,
dataflow,ESTAT:ENV_WASMUN(1.0),Municipal waste by waste management operations,A,Annual,TRT,Waste treatment,THS_T,Thousand tonnes,SE,Sweden,2006,,4461,,,,,
dataflow,ESTAT:ENV_WASMUN(1.0),Municipal waste by waste management operations,A,Annual,TRT,Waste treatment,THS_T,Thousand tonnes,SE,Sweden,2007,,4460,,,,,
dataflow,ESTAT:ENV_WASMUN(1.0),Municipal waste by waste management operations,A,Annual,TRT,Waste treatment,THS_T,Thousand tonnes,SE,Sweden,2008,,4476,,,,,
dataflow,ESTAT:ENV_WASMUN(1.0),Municipal waste by waste management operations,A,Annual,TRT,Waste treatment,THS_T,Thousand tonnes,SE,Sweden,2009,,4390,,,,,
dataflow,ESTAT:ENV_WASMUN(1.0),Municipal waste by waste management operations,A,Annual,TRT,Waste treatment,THS_T,Thousand tonnes,SE,Sweden,2010,,4140,,,,,
dataflow,ESTAT:ENV_WASMUN(1.0),Municipal waste by waste management operations,A,Annual,TRT,Waste treatment,THS_T,Thousand tonnes,SE,Sweden,2011,,4278,,,,,
dataflow,ESTAT:ENV_WASMUN(1.0),Municipal waste by waste management operations,A,Annual,TRT,Waste treatment,THS_T,Thousand tonnes,SE,Sweden,2012,,4324,,,,,
dataflow,ESTAT:ENV_WASMUN(1.0),Municipal waste by waste management operations,A,Annual,TRT,Waste treatment,THS_T,Thousand tonnes,SE,Sweden,2013,,4371,,,,,
dataflow,ESTAT:ENV_WASMUN(1.0),Municipal waste by waste management operations,A,Annual,TRT,Waste treatment,THS_T,Thousand tonnes,SE,Sweden,2014,,4295,,,,,
dataflow,ESTAT:ENV_WASMUN(1.0),Municipal waste by waste management operations,A,Annual,TRT,Waste treatment,THS_T,Thousand tonnes,SE,Sweden,2015,,4422,,,,,
dataflow,ESTAT:ENV_WASMUN(1.0),Municipal waste by waste management operations,A,Annual,TRT,Waste treatment,THS_T,Thousand tonnes,SE,Sweden,2016,,4439,,,,,
dataflow,ESTAT:ENV_WASMUN(1.0),Municipal waste by waste management operations,A,Annual,TRT,Waste treatment,THS_T,Thousand tonnes,SE,Sweden,2017,,4551,,,,,
dataflow,ESTAT:ENV_WASMUN(1.0),Municipal waste by waste management operations,A,Annual,TRT,Waste treatment,THS_T,Thousand tonnes,SE,Sweden,2018,,4416,,,,,
dataflow,ESTAT:ENV_WASMUN(1.0),Municipal waste by waste management operations,A,Annual,TRT,Waste treatment,THS_T,Thousand tonnes,SE,Sweden,2019,,4611,,,,,
dataflow,ESTAT:ENV_WASMUN(1.0),Municipal waste by waste management operations,A,Annual,TRT,Waste treatment,THS_T,Thousand tonnes,SE,Sweden,2020,,4422,,b,break in time series,,
dataflow,ESTAT:ENV_WASMUN(1.0),Municipal waste by waste management operations,A,Annual,TRT,Waste treatment,THS_T,Thousand tonnes,SE,Sweden,2021,,4356,,,,,
dataflow,ESTAT:ENV_WASMUN(1.0),Municipal waste by waste management operations,A,Annual,TRT,Waste treatment,THS_T,Thousand tonnes,SE,Sweden,2022,,4121,,,,,
dataflow,ESTAT:ENV_WASMUN(1.0),Municipal waste by waste management operations,A,Annual,TRT,Waste treatment,THS_T,Thousand tonnes,SE,Sweden,2023,,4113,,,,,
dataflow,ESTAT:ENV_WASMUN(1.0),Municipal waste by waste management operations,A,Annual,TRT,Waste treatment,THS_T,Thousand tonnes,SI,Slovenia,1995,,933,,,,,
dataflow,ESTAT:ENV_WASMUN(1.0),Municipal waste by waste management operations,A,Annual,TRT,Waste treatment,THS_T,Thousand tonnes,SI,Slovenia,1996,,987,,,,,
dataflow,ESTAT:ENV_WASMUN(1.0),Municipal waste by waste management operations,A,Annual,TRT,Waste treatment,THS_T,Thousand tonnes,SI,Slovenia,1997,,1045,,,,,
dataflow,ESTAT:ENV_WASMUN(1.0),Municipal waste by waste management operations,A,Annual,TRT,Waste treatment,THS_T,Thousand tonnes,SI,Slovenia,1998,,1127,,,,,
dataflow,ESTAT:ENV_WASMUN(1.0),Municipal waste by waste management operations,A,Annual,TRT,Waste treatment,THS_T,Thousand tonnes,SI,Slovenia,1999,,969,,,,,
dataflow,ESTAT:ENV_WASMUN(1.0),Municipal waste by waste management operations,A,Annual,TRT,Waste treatment,THS_T,Thousand tonnes,SI,Slovenia,2000,,861,,,,,
dataflow,ESTAT:ENV_WASMUN(1.0),Municipal waste by waste management operations,A,Annual,TRT,Waste treatment,THS_T,Thousand tonnes,SI,Slovenia,2001,,738,,,,,
dataflow,ESTAT:ENV_WASMUN(1.0),Municipal waste by waste management operations,A,Annual,TRT,Waste treatment,THS_T,Thousand tonnes,SI,Slovenia,2002,,791,,,,,
dataflow,ESTAT:ENV_WASMUN(1.0),Municipal waste by waste management operations,A,Annual,TRT,Waste treatment,THS_T,Thousand tonnes,SI,Slovenia,2003,,804,,,,,
dataflow,ESTAT:ENV_WASMUN(1.0),Municipal waste by waste management operations,A,Annual,TRT,Waste treatment,THS_T,Thousand tonnes,SI,Slovenia,2004,,838,,,,,
dataflow,ESTAT:ENV_WASMUN(1.0),Municipal waste by waste management operations,A,Annual,TRT,Waste treatment,THS_T,Thousand tonnes,SI,Slovenia,2005,,844,,,,,
dataflow,ESTAT:ENV_WASMUN(1.0),Municipal waste by waste management operations,A,Annual,TRT,Waste treatment,THS_T,Thousand tonnes,SI,Slovenia,2006,,886,,,,,
dataflow,ESTAT:ENV_WASMUN(1.0),Municipal waste by waste management operations,A,Annual,TRT,Waste treatment,THS_T,Thousand tonnes,SI,Slovenia,2007,,920,,,,,
dataflow,ESTAT:ENV_WASMUN(1.0),Municipal waste by waste management operations,A,Annual,TRT,Waste treatment,THS_T,Thousand tonnes,SI,Slovenia,2008,,905,,,,,
dataflow,ESTAT:ENV_WASMUN(1.0),Municipal waste by waste management operations,A,Annual,TRT,Waste treatment,THS_T,Thousand tonnes,SI,Slovenia,2009,,851,,,,,
dataflow,ESTAT:ENV_WASMUN(1.0),Municipal waste by waste management operations,A,Annual,TRT,Waste treatment,THS_T,Thousand tonnes,SI,Slovenia,2010,,805,,,,,
dataflow,ESTAT:ENV_WASMUN(1.0),Municipal waste by waste management operations,A,Annual,TRT,Waste treatment,THS_T,Thousand tonnes,SI,Slovenia,2011,,796,,,,,
dataflow,ESTAT:ENV_WASMUN(1.0),Municipal waste by waste management operations,A,Annual,TRT,Waste treatment,THS_T,Thousand tonnes,SI,Slovenia,2012,,639,,,,,
dataflow,ESTAT:ENV_WASMUN(1.0),Municipal waste by waste management operations,A,Annual,TRT,Waste treatment,THS_T,Thousand tonnes,SI,Slovenia,2013,,526,,,,,
dataflow,ESTAT:ENV_WASMUN(1.0),Municipal waste by waste management operations,A,Annual,TRT,Waste treatment,THS_T,Thousand tonnes,SI,Slovenia,2014,,530,,,,,
dataflow,ESTAT:ENV_WASMUN(1.0),Municipal waste by waste management operations,A,Annual,TRT,Waste treatment,THS_T,Thousand tonnes,SI,Slovenia,2015,,869,,,,,
dataflow,ESTAT:ENV_WASMUN(1.0),Municipal waste by waste management operations,A,Annual,TRT,Waste treatment,THS_T,Thousand tonnes,SI,Slovenia,2016,,790,,,,,
dataflow,ESTAT:ENV_WASMUN(1.0),Municipal waste by waste management operations,A,Annual,TRT,Waste treatment,THS_T,Thousand tonnes,SI,Slovenia,2017,,773,,,,,
dataflow,ESTAT:ENV_WASMUN(1.0),Municipal waste by waste management operations,A,Annual,TRT,Waste treatment,THS_T,Thousand tonnes,SI,Slovenia,2018,,796,,e,estimated,,
dataflow,ESTAT:ENV_WASMUN(1.0),Municipal waste by waste management operations,A,Annual,TRT,Waste treatment,THS_T,Thousand tonnes,SI,Slovenia,2019,,868,,e,estimated,,
dataflow,ESTAT:ENV_WASMUN(1.0),Municipal waste by waste management operations,A,Annual,TRT,Waste treatment,THS_T,Thousand tonnes,SI,Slovenia,2020,,809,,,,,
dataflow,ESTAT:ENV_WASMUN(1.0),Municipal waste by waste management operations,A,Annual,TRT,Waste treatment,THS_T,Thousand tonnes,SI,Slovenia,2021,,853,,,,,
dataflow,ESTAT:ENV_WASMUN(1.0),Municipal waste by waste management operations,A,Annual,TRT,Waste treatment,THS_T,Thousand tonnes,SI,Slovenia,2022,,864,,,,,
dataflow,ESTAT:ENV_WASMUN(1.0),Municipal waste by waste management operations,A,Annual,TRT,Waste treatment,THS_T,Thousand tonnes,SI,Slovenia,2023,,909,,,,,
dataflow,ESTAT:ENV_WASMUN(1.0),Municipal waste by waste management operations,A,Annual,TRT,Waste treatment,THS_T,Thousand tonnes,SK,Slovakia,1995,,1578,,,,,
dataflow,ESTAT:ENV_WASMUN(1.0),Municipal waste by waste management operations,A,Annual,TRT,Waste treatment,THS_T,Thousand tonnes,SK,Slovakia,1996,,1517,,,,,
dataflow,ESTAT:ENV_WASMUN(1.0),Municipal waste by waste management operations,A,Annual,TRT,Waste treatment,THS_T,Thousand tonnes,SK,Slovakia,1997,,1451,,,,,
dataflow,ESTAT:ENV_WASMUN(1.0),Municipal waste by waste management operations,A,Annual,TRT,Waste treatment,THS_T,Thousand tonnes,SK,Slovakia,1998,,1366,,,,,
dataflow,ESTAT:ENV_WASMUN(1.0),Municipal waste by waste management operations,A,Annual,TRT,Waste treatment,THS_T,Thousand tonnes,SK,Slovakia,1999,,1380,,,,,
dataflow,ESTAT:ENV_WASMUN(1.0),Municipal waste by waste management operations,A,Annual,TRT,Waste treatment,THS_T,Thousand tonnes,SK,Slovakia,2000,,1340,,,,,
dataflow,ESTAT:ENV_WASMUN(1.0),Municipal waste by waste management operations,A,Annual,TRT,Waste treatment,THS_T,Thousand tonnes,SK,Slovakia,2001,,1258,,,,,
dataflow,ESTAT:ENV_WASMUN(1.0),Municipal waste by waste management operations,A,Annual,TRT,Waste treatment,THS_T,Thousand tonnes,SK,Slovakia,2002,,1376,,,,,
dataflow,ESTAT:ENV_WASMUN(1.0),Municipal waste by waste management operations,A,Annual,TRT,Waste treatment,THS_T,Thousand tonnes,SK,Slovakia,2003,,1427,,,,,
dataflow,ESTAT:ENV_WASMUN(1.0),Municipal waste by waste management operations,A,Annual,TRT,Waste treatment,THS_T,Thousand tonnes,SK,Slovakia,2004,,1400,,,,,
dataflow,ESTAT:ENV_WASMUN(1.0),Municipal waste by waste management operations,A,Annual,TRT,Waste treatment,THS_T,Thousand tonnes,SK,Slovakia,2005,,1381,,,,,
dataflow,ESTAT:ENV_WASMUN(1.0),Municipal waste by waste management operations,A,Annual,TRT,Waste treatment,THS_T,Thousand tonnes,SK,Slovakia,2006,,1441,,,,,
dataflow,ESTAT:ENV_WASMUN(1.0),Municipal waste by waste management operations,A,Annual,TRT,Waste treatment,THS_T,Thousand tonnes,SK,Slovakia,2007,,1494,,,,,
dataflow,ESTAT:ENV_WASMUN(1.0),Municipal waste by waste management operations,A,Annual,TRT,Waste treatment,THS_T,Thousand tonnes,SK,Slovakia,2008,,1557,,,,,
dataflow,ESTAT:ENV_WASMUN(1.0),Municipal waste by waste management operations,A,Annual,TRT,Waste treatment,THS_T,Thousand tonnes,SK,Slovakia,2009,,1583,,,,,
dataflow,ESTAT:ENV_WASMUN(1.0),Municipal waste by waste management operations,A,Annual,TRT,Waste treatment,THS_T,Thousand tonnes,SK,Slovakia,2010,,1666,,,,,
dataflow,ESTAT:ENV_WASMUN(1.0),Municipal waste by waste management operations,A,Annual,TRT,Waste treatment,THS_T,Thousand tonnes,SK,Slovakia,2011,,1609,,,,,
dataflow,ESTAT:ENV_WASMUN(1.0),Municipal waste by waste management operations,A,Annual,TRT,Waste treatment,THS_T,Thousand tonnes,SK,Slovakia,2012,,1601,,,,,
dataflow,ESTAT:ENV_WASMUN(1.0),Municipal waste by waste management operations,A,Annual,TRT,Waste treatment,THS_T,Thousand tonnes,SK,Slovakia,2013,,1502,,,,,
dataflow,ESTAT:ENV_WASMUN(1.0),Municipal waste by waste management operations,A,Annual,TRT,Waste treatment,THS_T,Thousand tonnes,SK,Slovakia,2014,,1528,,,,,
dataflow,ESTAT:ENV_WASMUN(1.0),Municipal waste by waste management operations,A,Annual,TRT,Waste treatment,THS_T,Thousand tonnes,SK,Slovakia,2015,,1683,,,,,
dataflow,ESTAT:ENV_WASMUN(1.0),Municipal waste by waste management operations,A,Annual,TRT,Waste treatment,THS_T,Thousand tonnes,SK,Slovakia,2016,,1875,,,,,
dataflow,ESTAT:ENV_WASMUN(1.0),Municipal waste by waste management operations,A,Annual,TRT,Waste treatment,THS_T,Thousand tonnes,SK,Slovakia,2017,,2057,,,,,
dataflow,ESTAT:ENV_WASMUN(1.0),Municipal waste by waste management operations,A,Annual,TRT,Waste treatment,THS_T,Thousand tonnes,SK,Slovakia,2018,,2253,,,,,
dataflow,ESTAT:ENV_WASMUN(1.0),Municipal waste by waste management operations,A,Annual,TRT,Waste treatment,THS_T,Thousand tonnes,SK,Slovakia,2019,,2293,,,,,
dataflow,ESTAT:ENV_WASMUN(1.0),Municipal waste by waste management operations,A,Annual,TRT,Waste treatment,THS_T,Thousand tonnes,SK,Slovakia,2020,,2568,,,,,
dataflow,ESTAT:ENV_WASMUN(1.0),Municipal waste by waste management operations,A,Annual,TRT,Waste treatment,THS_T,Thousand tonnes,SK,Slovakia,2021,,2660,,,,,
dataflow,ESTAT:ENV_WASMUN(1.0),Municipal waste by waste management operations,A,Annual,TRT,Waste treatment,THS_T,Thousand tonnes,SK,Slovakia,2022,,2531,,,,,
dataflow,ESTAT:ENV_WASMUN(1.0),Municipal waste by waste management operations,A,Annual,TRT,Waste treatment,THS_T,Thousand tonnes,SK,Slovakia,2023,,2506,,,,,
dataflow,ESTAT:ENV_WASMUN(1.0),Municipal waste by waste management operations,A,Annual,TRT,Waste treatment,THS_T,Thousand tonnes,TR,Türkiye,1995,,20909,,,,,
dataflow,ESTAT:ENV_WASMUN(1.0),Municipal waste by waste management operations,A,Annual,TRT,Waste treatment,THS_T,Thousand tonnes,TR,Türkiye,1996,,22480,,,,,
dataflow,ESTAT:ENV_WASMUN(1.0),Municipal waste by waste management operations,A,Annual,TRT,Waste treatment,THS_T,Thousand tonnes,TR,Türkiye,1997,,24171,,,,,
dataflow,ESTAT:ENV_WASMUN(1.0),Municipal waste by waste management operations,A,Annual,TRT,Waste treatment,THS_T,Thousand tonnes,TR,Türkiye,1998,,24930,,,,,
dataflow,ESTAT:ENV_WASMUN(1.0),Municipal waste by waste management operations,A,Annual,TRT,Waste treatment,THS_T,Thousand tonnes,TR,Türkiye,1999,,24088,,,,,
dataflow,ESTAT:ENV_WASMUN(1.0),Municipal waste by waste management operations,A,Annual,TRT,Waste treatment,THS_T,Thousand tonnes,TR,Türkiye,2000,,24696,,,,,
dataflow,ESTAT:ENV_WASMUN(1.0),Municipal waste by waste management operations,A,Annual,TRT,Waste treatment,THS_T,Thousand tonnes,TR,Türkiye,2001,,25134,,,,,
dataflow,ESTAT:ENV_WASMUN(1.0),Municipal waste by waste management operations,A,Annual,TRT,Waste treatment,THS_T,Thousand tonnes,TR,Türkiye,2002,,25374,,,,,
dataflow,ESTAT:ENV_WASMUN(1.0),Municipal waste by waste management operations,A,Annual,TRT,Waste treatment,THS_T,Thousand tonnes,TR,Türkiye,2003,,26118,,,,,
dataflow,ESTAT:ENV_WASMUN(1.0),Municipal waste by waste management operations,A,Annual,TRT,Waste treatment,THS_T,Thousand tonnes,TR,Türkiye,2004,,25015,,b,break in time series,,
dataflow,ESTAT:ENV_WASMUN(1.0),Municipal waste by waste management operations,A,Annual,TRT,Waste treatment,THS_T,Thousand tonnes,TR,Türkiye,2005,,26617,,,,,
dataflow,ESTAT:ENV_WASMUN(1.0),Municipal waste by waste management operations,A,Annual,TRT,Waste treatment,THS_T,Thousand tonnes,TR,Türkiye,2006,,25281,,,,,
dataflow,ESTAT:ENV_WASMUN(1.0),Municipal waste by waste management operations,A,Annual,TRT,Waste treatment,THS_T,Thousand tonnes,TR,Türkiye,2007,,25818,,,,,
dataflow,ESTAT:ENV_WASMUN(1.0),Municipal waste by waste management operations,A,Annual,TRT,Waste treatment,THS_T,Thousand tonnes,TR,Türkiye,2008,,24074,,,,,
dataflow,ESTAT:ENV_WASMUN(1.0),Municipal waste by waste management operations,A,Annual,TRT,Waste treatment,THS_T,Thousand tonnes,TR,Türkiye,2009,,26015,,,,,
dataflow,ESTAT:ENV_WASMUN(1.0),Municipal waste by waste management operations,A,Annual,TRT,Waste treatment,THS_T,Thousand tonnes,TR,Türkiye,2010,,25098,,,,,
dataflow,ESTAT:ENV_WASMUN(1.0),Municipal waste by waste management operations,A,Annual,TRT,Waste treatment,THS_T,Thousand tonnes,TR,Türkiye,2011,,26610,,,,,
dataflow,ESTAT:ENV_WASMUN(1.0),Municipal waste by waste management operations,A,Annual,TRT,Waste treatment,THS_T,Thousand tonnes,TR,Türkiye,2012,,25707,,,,,
dataflow,ESTAT:ENV_WASMUN(1.0),Municipal waste by waste management operations,A,Annual,TRT,Waste treatment,THS_T,Thousand tonnes,TR,Türkiye,2013,,25427,,,,,
dataflow,ESTAT:ENV_WASMUN(1.0),Municipal waste by waste management operations,A,Annual,TRT,Waste treatment,THS_T,Thousand tonnes,TR,Türkiye,2014,,27990,,,,,
dataflow,ESTAT:ENV_WASMUN(1.0),Municipal waste by waste management operations,A,Annual,TRT,Waste treatment,THS_T,Thousand tonnes,TR,Türkiye,2015,,27569,,e,estimated,,
dataflow,ESTAT:ENV_WASMUN(1.0),Municipal waste by waste management operations,A,Annual,TRT,Waste treatment,THS_T,Thousand tonnes,TR,Türkiye,2016,,31584,,b,break in time series,,
dataflow,ESTAT:ENV_WASMUN(1.0),Municipal waste by waste management operations,A,Annual,TRT,Waste treatment,THS_T,Thousand tonnes,TR,Türkiye,2017,,31968,,e,estimated,,
dataflow,ESTAT:ENV_WASMUN(1.0),Municipal waste by waste management operations,A,Annual,TRT,Waste treatment,THS_T,Thousand tonnes,TR,Türkiye,2018,,32209,,,,,
dataflow,ESTAT:ENV_WASMUN(1.0),Municipal waste by waste management operations,A,Annual,TRT,Waste treatment,THS_T,Thousand tonnes,TR,Türkiye,2019,,32661,,e,estimated,,
dataflow,ESTAT:ENV_WASMUN(1.0),Municipal waste by waste management operations,A,Annual,TRT,Waste treatment,THS_T,Thousand tonnes,TR,Türkiye,2020,,32324,,,,,
dataflow,ESTAT:ENV_WASMUN(1.0),Municipal waste by waste management operations,A,Annual,TRT,Waste treatment,THS_T,Thousand tonnes,TR,Türkiye,2021,,32737,,e,estimated,,
dataflow,ESTAT:ENV_WASMUN(1.0),Municipal waste by waste management operations,A,Annual,TRT,Waste treatment,THS_T,Thousand tonnes,XK,Kosovo*,2017,,410,,,,,
dataflow,ESTAT:ENV_WASMUN(1.0),Municipal waste by waste management operations,A,Annual,TRT,Waste treatment,THS_T,Thousand tonnes,XK,Kosovo*,2018,,407,,,,,
dataflow,ESTAT:ENV_WASMUN(1.0),Municipal waste by waste management operations,A,Annual,TRT,Waste treatment,THS_T,Thousand tonnes,XK,Kosovo*,2019,,451,,i,value imputed by Eurostat or other receiving agencies,,
dataflow,ESTAT:ENV_WASMUN(1.0),Municipal waste by waste management operations,A,Annual,TRT,Waste treatment,THS_T,Thousand tonnes,XK,Kosovo*,2020,,456,,,,,
dataflow,ESTAT:ENV_WASMUN(1.0),Municipal waste by waste management operations,A,Annual,TRT,Waste treatment,THS_T,Thousand tonnes,XK,Kosovo*,2021,,485,,,,,
dataflow,ESTAT:ENV_WASMUN(1.0),Municipal waste by waste management operations,A,Annual,TRT,Waste treatment,THS_T,Thousand tonnes,XK,Kosovo*,2022,,501,,,,,
